0.05
0.0378389263203653
0.0365416412689125
0.0349518334879403
0.0358600360398778
0.0333456882198911
0.030734321562935
0.0376524859477143
0.0352203205070742
0.0313664256058292
0.0292205016498477
0.0280451428545959
0.0275238918994486
0.0273344945543459
0.0278250506885126
0.037861346556314
0.0355954914005263
0.0343299600526728
0.0344098476262962
0.0359081691580047
0.0376403353920451
0.0380508022365119
0.0382387502309411
0.0383537720042727
0.0383259970398507
0.0377564071646914
0.0362063867672212
0.0336278155743746
0.030111312457331
0.0260193095105537
0.0217964350177744
0.0175436180001853
0.0375774876472489
0.0359613552278593
0.0338939320284768
0.0322863073162814
0.0310183199341353
0.0300780668798426
0.0293586289480896
0.0286589789995875
0.0330698555880787
0.0319380808612175
0.0312623046687837
0.0311238060830007
0.0314676910848033
0.0348811375528025
0.0351645260542325
0.0357181486520173
0.0328357839192128
0.0344862485536983
0.0361855544149358
0.0376372214733291
0.038934893277573
0.0399275334632885
0.0404135605925579
0.0403678574149144
0.0396033615959586
0.0380705041130341
0.0356895061591937
0.0326164209138769
0.0290302229786436
0.0254584882114094
0.0221913691602261
0.0191451684015722
0.0164909922677167
0.0141022004646846
0.011881894106657
0.00986755648157091
0.00814456680690332
0.00670234121010293
0.00553211749157453
0.00460755034617071
0.00366104711527136
0.00271214419938925
0.00189715006958904
0.00119521290755182
0.000633159536969931
0.000174087990183634
-0.00018369220912921
-0.000442902914621769
-0.000611783556568083
-0.000697760284487885
0.0304651682063954
0.0298477187667708
0.0293400814583588
0.0289584917543143
0.0287265414807555
0.0286010102900942
0.0285447528062991
0.0285372869796282
0.0285503647732838
0.0285705081288916
0.0285845987215702
0.0362882974836326
0.0371319382343015
0.0383243176052246
0.0362251894933245
0.037018522978047
0.0375164309940279
0.0386470053135017
0.0390024186729619
0.0393941013994859
0.0391829728953589
0.0405011772795456
0.0419041406277554
0.0426841274058357
0.0431047766000097
0.0431667702252118
0.0426510137754796
0.0416345373243423
0.0401558039012269
0.0380098257330884
0.0355169982790442
0.032833732299705
0.0303923566374893
0.028515960571512
0.0272799279040249
0.026576961701768
0.0392424129758138
0.0384864288888815
0.0365236144063
0.0328642525002977
0.0280254054361084
0.0221634268138214
0.0400358590828928
0.0406266667994259
0.0412240147668571
0.0193558552955032
0.0165893953099949
0.0142495023614495
0.0123117912183995
0.0106524153944028
0.00930345247364133
0.00824790083545476
0.00737256427512899
0.00661470935030781
0.00597010042606142
0.00544283337283733
0.00502721345483988
0.00470574059979352
0.00445918367446382
0.0042792494757423
0.00416348282168016
0.00411156059754696
0.00412368568310433
0.00420487851780478
0.0043570123714794
0.00460376600075396
0.00495068296480466
0.00541607924165048
0.00606330148446241
0.00668434542134976
0.00765572087395521
0.0087339853844295
0.010000165329825
0.0113669266185369
0.0126862200200065
0.013971959866421
0.0151131518109032
0.0158101139505752
0.016330769748377
0.0191188858030321
0.0163791558866411
0.0140493343230253
0.0117361573240467
0.00966939446931795
0.00788536212407081
0.00641516535284476
0.00504830169580092
0.00386056345649752
0.00279035118574449
0.00183297519371647
0.000958057777261394
0.000151308008762218
-0.000576343946701631
-0.00122370736496143
-0.00183307865132692
-0.00237232182854193
-0.00282727941320599
-0.00321305921570621
-0.00353960456774485
-0.00380022579057375
-0.00398193347155317
-0.00407783479625713
0.0424577856697145
0.043513783790986
0.0443783265625214
0.0450580922659056
0.0455813522502067
0.0459776507347688
0.0462663864969626
0.0464544220157225
0.0465607184385285
0.0466095789669202
0.0466221885004987
0.0466175615363173
0.0466106278040811
0.0416576723308937
0.0418669440975096
0.0417548164044107
0.0412461836661659
0.0402620398194397
0.0387517067067884
0.0367916275588911
0.0343549949422698
0.0311091868490916
0.0272715748669486
0.0233800331767438
0.0199228418025836
0.016991140880038
0.0144358249538053
0.0123236089685087
0.0105952747914231
0.00925475111056532
0.00822796776371769
0.00732909688767489
0.00621869146277715
0.00497678765295163
0.0039442405847942
0.00288402802309263
0.00200082733182959
0.0011907301347806
0.000410421070005763
-0.000322428899753156
-0.000976387138912496
-0.00152812291641637
-0.00198062593332729
-0.00236565497253886
-0.00270162261014345
-0.00296441725914124
-0.00318890777938459
-0.00338327771586953
-0.00351191328349774
-0.00357958949848252
0.0373965195967522
0.0368299427126351
0.0358557283742263
0.0343675110934187
0.0326209299971347
0.0302781223886439
0.0278676480367192
0.025619953408519
0.0231528555809025
0.02087784365208
0.0193035234646822
0.0170692317385402
0.0156761026683311
0.0140581379435658
0.0124935434472329
0.0113825861895951
0.0107003870310682
0.0100325118176305
0.0094828359668721
0.00908765186914339
0.00881948177067683
0.0086919485020977
0.0375904307695974
0.0372741771976062
0.0365372891457463
0.0353529562333348
0.033797568458088
0.0319630089858123
0.0299362914012865
0.0276651483129717
0.0256445574928925
0.0235663762991387
0.0215163163869487
0.0196261607307659
0.0171399587144454
0.0148442307231021
0.01291529251805
0.0112758681625207
0.00992382433752569
0.00877413794828725
0.00787106367917139
0.00699372230201444
0.00624529554795371
0.00565236578722889
0.00519553300027036
0.0048520263902959
0.00463123627859462
0.00451456192938237
0.0301519876202575
0.0295177758338755
0.0287654444811072
0.0292566960831058
0.027966241979499
0.026781307889522
0.0285460698067851
0.0282966261951202
0.0279948078286841
0.0277652890027172
0.0266412925183405
0.0256939088611156
0.0253249838129626
0.0254349515304552
0.025960111854613
0.0269183422775192
0.028209917334103
0.0296470937642636
0.0312751195013027
0.0329198501421517
0.0345089035243129
0.0360904913495241
0.037882268657662
0.0395120039909059
0.0401418887471045
0.0395739815125162
0.0376216536799927
0.0339775386336493
0.0295166051463329
0.0242700996995786
0.019483676245392
0.0155698009777063
0.0122445428672541
0.00947688859141263
0.00722316246945289
0.00536758149563068
0.00395956599282296
0.00284164059224337
0.00184264231195223
0.00112852702654887
0.000637054524641393
0.000320452006720126
0.000158466440529111
0.0252199467129071
0.0219250992369725
0.0188174974731225
0.0162580265277745
0.0143248347975762
0.012844544124856
0.0117390502407756
0.0109189531773016
0.0103580445276734
0.00997826016027335
0.00973522549475587
0.00959455754208152
0.00952755503930803
0.0289933919938363
0.0299661069906363
0.0308837851726546
0.0312043627052866
0.0313345892880524
0.031245775665104
0.0308792230211675
0.030218219414323
0.0286848522328208
0.0266217657207991
0.0241656371423323
0.0214744427236063
0.0188411584252237
0.0163994709570503
0.0141465630816994
0.0121591647319921
0.0103810168725439
0.00877666984475323
0.0073565326690473
0.00606359884838023
0.00491397185649285
0.0038908131930655
0.00299523489616239
0.00219323258497586
0.00150988830535954
0.000930365524869273
0.000428869982760506
-4.90626557306161e-05
-0.000469933588241956
-0.000808591779145382
-0.00106061716933257
-0.0012134510416996
-0.00130191791599038
0.0299809634436113
0.0279144486134179
0.0250941788874229
0.021963263256723
0.0192116641822725
0.0166546681404152
0.0141837134836175
0.012146310914725
0.010528528923214
0.00888724252263646
0.00732083908907273
0.0059153878777354
0.00476391745431543
0.0038660527517612
0.00295717484731397
0.00215561465054016
0.00143980283984795
0.000832927775610066
0.000332798281909679
-1.71562018614496e-05
-0.000291736707496237
-0.000540696524824141
-0.000726048571848804
-0.000812367185848963
0.0317930502949907
0.0318053911955467
0.0313598693958794
0.0304879197155814
0.0294405439795131
0.0281077785284963
0.0266999904638493
0.0255433038449946
0.0245031027626951
0.023549353912168
0.0228715428113466
0.022466057779244
0.0258971947685361
0.0251120671771882
0.0244779776043275
0.0240621911992953
0.0240012332590105
0.0242283065119699
0.0247287641964673
0.0254862852631825
0.0264080921200585
0.0275155975114593
0.0288014813176617
0.0301572790914897
0.0314961106757638
0.0330203766398448
0.0347116388750209
0.0363307696663974
0.037763970146889
0.0390408757134751
0.0401518150648978
0.0410559171105725
0.0417188795254322
0.042156617832091
0.042411717881032
0.0265341680343192
0.0265877293197006
0.0269900703964268
0.0278305733850048
0.0290710446192885
0.0305304849434852
0.0321003308817281
0.0337448308809254
0.0353944425761056
0.036979687160414
0.0384308105491293
0.039624441873315
0.040553817063388
0.0410778176367085
0.0410301788894282
0.0403343264549987
0.0389144744510454
0.0367120841445889
0.0337983295960766
0.0304695665489973
0.0270155543310874
0.0237144290248783
0.0208127581527304
0.0182369484332777
0.0156400092613069
0.0132244606954281
0.0111686724662377
0.00943968287731653
0.00804851716130759
0.00692951897166108
0.00602604000731685
0.00535325534064534
0.00483982431218344
0.0045305976098776
0.00436268787735506
0.0290962748795163
0.0308229670073838
0.0331106527145429
0.0266897340848667
0.0257530916493709
0.0252569351006023
0.0340361270822829
0.0350388810277685
0.036075738506604
0.0371102981631479
0.0379792085347652
0.0387687945517397
0.0394027471655041
0.0398376880102324
0.0400607248649318
0.0356192599739674
0.0375592408003094
0.0388006414937301
0.0390946630630212
0.03678331531151
0.033871958570096
0.0301467952175633
0.0261142704721457
0.0223458004784569
0.0188639361470173
0.0158126086768791
0.0131785863751956
0.0109000601186191
0.00893324525886799
0.00721418206869251
0.00571930715563425
0.00443671940275679
0.00336370554371157
0.00246419344178545
0.001624957043378
0.000822144406745432
0.000125787621005526
-0.000482184393581819
-0.0010023210480644
-0.0014289638994988
-0.00177275363595277
-0.00204814120173599
-0.00225118283447917
-0.00238352007882823
-0.0024516290692323
0.0408076801465756
0.041733160427119
0.0421787441633861
0.0423776094125031
0.0423969469266644
0.0423698137456513
0.0155855179105478
0.013648318543307
0.0117488516838798
0.00999363742797982
0.00847064655510231
0.0071677146911805
0.00605082531428438
0.00507737010398868
0.0041963606385722
0.00338984495165011
0.00267409437850018
0.00204266736719989
0.00143787653289609
0.000844756288786327
0.000289955195777835
-0.000238784850378208
-0.00074573144237819
-0.00122992937824767
-0.00168914328025664
-0.00212044251265636
-0.00252137568994932
-0.00289088162302918
-0.00322549728314065
-0.00352004286847153
-0.00377092370474652
-0.00397522868509855
-0.0041300183752909
-0.00423316305087211
-0.00428633012345453
0.0151301409138675
0.0132007291687589
0.0114440418236729
0.00990746259406062
0.00858223789470266
0.00752097854602322
0.00662228895515173
0.00575307586093074
0.0049503646290609
0.00427649494118701
0.00370563942955001
0.00316303521187384
0.0026103073099431
0.00200448575934368
0.00141805248761541
0.000881281278968203
0.000373143421436757
-0.000109972938576911
-0.000574372584563197
-0.00103400383717888
-0.00145344951102654
-0.0019011771299883
-0.00220154319250892
-0.00250752026398589
-0.00287000154608474
-0.00319172939856329
-0.00348800532814394
-0.00375776107366759
-0.00396968116610621
-0.00413480292962154
-0.00424655871406275
-0.00430581765072207
0.0272982107902289
0.0253976869667517
0.0232979143188016
0.021241622145068
0.0190988985038169
0.0290451464266988
0.0303282618522009
0.0324173949817005
0.0341743579275535
0.0359050116941627
0.0375573916696642
0.0388148022205296
0.0399334566667848
0.0410516831052432
0.0421613658537917
0.0430176099567272
0.0437350079511358
0.0443042211950882
0.0447142207648285
0.0449469181563127
0.0449915835785204
0.0448357376767693
0.044497202892058
0.0437842909372767
0.0427823217455564
0.0416768608452502
0.0404349632342085
0.0391520219906742
0.0380523812616876
0.0372865460124874
0.0368237873111392
0.0173207243252981
0.0144447283210262
0.0108236067618196
0.0179406689469045
0.0162737838712288
0.0143162356477822
0.0122391103665753
0.00899708906478689
0.00772328077033425
0.00679562009705456
0.00949829799013523
0.008358739974423
0.00724142359098678
0.00639739893043617
0.00533813688208386
0.00655670441175637
0.00616557490643535
0.00574339695388211
0.00542548630943364
0.0057664726231998
0.00486111773532686
0.00398037332931975
0.00571134969503411
0.0062127885317352
0.00694593547862879
0.00778493730982241
0.00886706099722518
0.0102153745381454
0.0117548980205425
0.0136925505462043
0.0160241026175159
0.0187155577627678
0.0216944088708484
0.0252931506060584
0.004979965878148
0.004613756406921
0.00433422162015823
0.00420730585681714
0.00415509007235928
0.00420782621068327
0.00439011449385847
0.0047158058265841
0.00512946410890695
0.00566871797962684
0.00636522643842452
0.00723701076572837
0.00821001001905466
0.00933356733674934
0.0108404427070535
0.0124200752827233
0.0143056940988745
0.01614753525187
0.0180915560671558
0.0200118335664687
0.0216832970551731
0.0231679634775034
0.0243738941085098
0.0251322117570312
0.0255197941048271
0.0260258804670984
0.0269049922604999
0.027830045721769
0.0285973064690406
0.0293566638716376
0.0298489204333383
0.0301317704436641
0.0280795719620529
0.030930067666073
0.0338515143124575
0.0365493186717413
0.0391006186706876
0.0414570990010107
0.043452048492417
0.044995787036186
0.0459888295230908
0.046378962753423
0.0460829063750135
0.0448622749319456
0.042454318107761
0.0389739042604529
0.0350912048226693
0.0313449334921644
0.0284576113938581
0.0269287889401959
0.00379210407105058
0.0036024823153407
0.00341201800777919
0.00322910665186126
0.00307210349973732
0.00294907301911271
0.00285659589859858
0.00279271717263952
0.0027568878705985
0.00274985979837058
0.00277347762689062
0.00283038321514908
0.00292360897224779
0.00306291265928421
0.00337787174156134
0.00275878757808791
0.00213793906530218
0.00152767303303202
0.000995961411699413
0.000483948063000745
-2.74500699778311e-06
-0.000448238314397715
-0.000862095623774965
-0.00128023799896858
-0.00170676234630347
-0.00210058785145042
-0.00242847520839876
-0.00269760374003216
-0.00290212618409108
-0.00306375203172327
-0.00316754346812891
-0.00322565987475176
0.00366657593673802
0.0043229986067136
0.0050282076946513
0.00592219441544915
0.00688041242068659
0.00787024912070011
0.00925624326675279
0.0111584570207519
0.0132410074617029
0.0152734147348008
0.017198844422917
0.0190456453247494
0.0208613988915974
0.02254574794887
0.0239527379245748
0.0249727189398737
0.0256615908640399
0.0260505694495208
0.00276637901171133
0.00252085176350082
0.00231964716802463
0.00215475443766979
0.00201832166856511
0.00190495551514171
0.00181475971109892
0.00174879863114823
0.00170405233089088
0.00167662049154984
0.00166325936830069
0.00515647097435215
0.0050288399499634
0.00496658325382167
0.00497812612819841
0.00505124474754589
0.00518653658649895
0.00538065894000907
0.00566418098280337
0.00603541857861924
0.00651229378943738
0.00714638119486862
0.00434579288607848
0.00325612831336225
0.00232669470713587
0.00136086402184325
0.00060425111935473
-0.000214554602403931
-0.00087820782989901
-0.00143039821885216
-0.0019374485431806
-0.00222410090308417
-0.00249906484692261
-0.0026716204722897
-0.00275811007888948
0.00647924217018577
0.00600159133693952
0.00566292018670365
0.00540244321692459
0.00524508270011863
0.00514902604273579
0.00510149262407895
0.00507783607577708
0.00506908609741048
0.00849244308213068
0.0100047212736109
0.0117048316435124
0.0136164785285362
0.0157561009943469
0.0180967866836166
0.020600427634915
0.0232630056197761
0.025963724801917
0.0286169712890662
0.0312912200672643
0.033806645889943
0.0361335547228582
0.0383022097150843
0.0402856575810439
0.042127997698034
0.0437664959124653
0.0450911046188534
0.0460427398044922
0.0467331129120238
0.0471820517284646
0.0473985100908354
0.01131661811837
0.0102875978391262
0.00924582199700109
0.00827462293141259
0.00737475192602879
0.00651579838377959
0.00562835343769215
0.00481523024986743
0.00425287816651628
0.0035653941759654
0.00280787195630165
0.00217567802169705
0.00154915993385583
0.000911881824666202
0.000327299832976762
-0.000263779993914011
0.0113273968323857
0.0104087906253267
0.00954300102815626
0.00874827197751937
0.00800177910466947
0.00728554188168802
0.00658146224396621
0.00588790471666308
0.00524168167765369
0.0046755626935908
0.00420616800245097
0.00382746389517518
0.00349739326663797
0.0031327738391116
-0.000547593567235376
-0.000874707652663452
-0.00118408813989894
-0.00146252319487564
-0.00174690676044627
-0.0020004670617676
-0.00223569944546842
-0.00249422248112753
-0.00270014404167394
-0.0028880943730914
-0.00304735173258933
-0.00318596254773132
-0.00329722714798916
-0.00338056000582339
-0.00343725805132999
-0.00346697602858797
-0.000684467877516854
-0.00109694955417036
-0.00152312716525438
-0.00190588552251466
-0.00223894103093001
-0.00258278367083428
-0.00288847391430413
-0.00314280121004856
-0.00335430803967832
-0.00353819270858038
-0.00370129701070425
-0.00384000175809666
-0.00394456498433756
-0.00400274313951657
0.00288379686835619
0.00269068603285225
0.00253370793427016
0.00240335462401825
0.00230778239113708
0.00224767545416175
0.0022263284562849
0.0022430264101479
0.00230585417547116
0.00242210445224355
0.00258920052505676
0.0028069467443082
0.00309067137313631
0.00346975047953601
0.00303301224522747
0.00295825334687061
0.00292171571857967
0.00291845230351824
0.00295871548094231
0.00304590870088615
0.00316938167473134
0.00335846880135515
0.00361286625568725
0.00393182780486188
0.00432851911836795
0.00476686202785798
0.00532509719285095
0.0060017145624433
0.0068160971710913
0.00773729526832977
0.00881332816747432
0.0101372884394162
0.0116713421790565
0.0134338312973213
0.0154722791856503
0.0178133054168341
0.0204500378877176
0.0233093974585653
0.0263107375309578
0.0294399914114565
0.0324797748887256
0.0351380912076089
0.0372815984630401
0.0384981610658708
0.0383347828949682
0.00418702320483121
0.00506103401039943
0.00612504300077553
0.00741578709127389
0.00895834900806032
0.0106220718206388
0.0122484728107489
0.0140799054850456
0.0162184067896394
0.0184644599773119
0.0208854754327291
0.0233502590316393
0.0259560293519605
0.0288048025209077
0.031493283955906
0.0339291969284457
0.0364418448943351
0.0388197955205607
0.0408404420690731
0.0424061230778093
0.0435513006024897
0.0442543630692593
0.0443426386451673
0.0436896142181518
0.0421311092721785
0.0393524858929813
0.00313174117896943
0.00288647368471838
0.00272426345370227
0.0356541478583364
0.0300339177678
0.0235088433286556
0.0175082215674721
0.0125078824420506
0.00813912316716055
0.0375942770189102
0.0341252322500315
0.0314262338869388
0.029507221144774
0.00574765064579779
0.00416625447005055
0.00322267010250225
0.00275832664248343
0.00633673615662842
0.00526136818631895
0.00477386358839384
0.0366400245015869
0.0330494554251834
0.0284538816487263
0.0233755889064305
0.0181250155013478
0.0131927974801541
0.0379998995926279
0.0360003768126116
0.0325948534915234
0.0283494589254812
0.0238897083969875
0.0200124702890443
0.0163023735206475
0.013271323156979
0.0106549392128584
0.00842728689956859
0.00657865673965216
0.00497570882817217
0.00362914427471186
0.00244727779926377
0.00143641202524628
0.000591772053653767
-0.000188968957866129
0.0106119455375879
0.00868459292027854
0.00694466017782404
0.00550477498739941
0.00419275745719837
0.00307156509899069
0.00210808831798154
0.00128229855431773
0.000571881253855815
-2.64459138487714e-05
-0.000545206173734838
-0.000994577056792715
-0.00137403427044589
-0.00168303303612266
-0.00192689622246968
-0.00211358278551344
-0.00224887475466927
-0.00233650987106325
-0.00238092064435243
0.0111781367767628
0.00971556776522011
0.00852623305600651
0.00769827817565017
0.00717862650092042
0.00691553173663969
-0.000707959538491468
-0.00118595277492638
-0.00157636573274577
-0.00186401516606486
-0.00208165875028768
-0.00222047747997422
-0.00229130665273261
-0.000632271269199338
-0.000994451284644423
-0.00123635284409815
-0.00135361298076101
