0.05
0.036937395519395
0.0353506605961308
0.0331723264165381
0.0348651224072169
0.0321469550520575
0.0290403975573892
0.0367592874728989
0.0339316031823194
0.0289666202653796
0.0256320809497623
0.0232360981758567
0.0216760849626591
0.019989343779683
0.0185982920823352
0.0369071588139581
0.0302699260182989
0.0242132938682137
0.0233554045596805
0.0200485563868422
0.016880148413226
0.0161923732220752
0.0158960201767052
0.01571170124199
0.015665784215521
0.0160069095160842
0.0168396052988257
0.0179202558339076
0.0190561857541154
0.0200509196819003
0.020721039554919
0.0209562655358379
0.0366260259664673
0.0346581819869019
0.0319903620849544
0.0297729020512553
0.0279010947333063
0.0264299460192298
0.0252533347033433
0.0240913579652355
0.0300327570582292
0.0273243193648806
0.0246228394471055
0.0224639042640191
0.0204671770787327
0.033054850355209
0.0333016416400297
0.0338423176413328
0.0215068262431271
0.0230298354928707
0.0248942840141807
0.026797801675729
0.0289109410750043
0.0311622691492233
0.0332373652158912
0.03527718616789
0.0372673264991775
0.0389528804866506
0.0403634951896896
0.0413902265538307
0.0419650159808937
0.0419656363783047
0.0413447989913455
0.0399516257254253
0.0377297378223475
0.0346163882780013
0.0306875305047288
0.0263974029727827
0.0223683398949395
0.018872864953995
0.0160292438659777
0.0138158041139679
0.0116035364718465
0.00944840677719662
0.00764962278864587
0.00614319375833846
0.00496794643596003
0.00403008242925384
0.003313625916666
0.0028027803703721
0.00247381458749211
0.00230756708476983
0.0178064105583166
0.0160241981405156
0.0143841694718173
0.0129155554712498
0.0117625284433941
0.0108623488601074
0.0101007734382499
0.00959011477417666
0.00921750610404856
0.00895601182604023
0.00882287348776662
0.0340538293700947
0.0344924145719282
0.0352263645797228
0.03527829777534
0.0375160462580782
0.0398937299104897
0.0354628790958695
0.0357346011887455
0.0360460752068768
0.0356985015227254
0.0367214705319806
0.0382334514404009
0.0395152634262569
0.0407600275532052
0.0421825919174511
0.0436263834554611
0.0447437590308997
0.0456481591080238
0.0464513838792513
0.0470622605116841
0.0475240152415401
0.0478379611206774
0.0480293247477783
0.0481350406445585
0.0481881722939864
0.0364077927546051
0.0370688807462233
0.0376340128361288
0.0372499057308456
0.0352772067947287
0.0310746104319233
0.0365085251978707
0.0369634504857948
0.0374549423719672
0.0284391217846512
0.0249023059691361
0.0213971046524066
0.0182734609260907
0.01552226457521
0.0132769657932151
0.0115319151249062
0.0100993257785167
0.00887121828526987
0.00783300183113466
0.00698166152884043
0.00629913678280194
0.00575043912682831
0.00529796581738368
0.0049211956579327
0.0046090501431284
0.00435490972980999
0.00415188766868207
0.00399306169934196
0.00388388970796323
0.00381967104643251
0.00381206655978314
0.00386810704407616
0.00400843002272842
0.00418164367486266
0.00449590951979159
0.00488281086748399
0.00536825774170489
0.00591650619950336
0.0064624458708159
0.00700732343222153
0.00750081185952391
0.00780653869465255
0.00803784408872764
0.028151805153939
0.0246590222071419
0.0212323403156053
0.0176147052390045
0.014354869139676
0.0115867024563908
0.00936731450355517
0.0073716233734458
0.00570011206673801
0.00424958811663731
0.00299920152071476
0.00189627936092397
0.000912568788346007
5.16682029876463e-05
-0.000694353329098706
-0.0013804702711947
-0.00197562249499247
-0.00246972277850106
-0.00288337846721855
-0.00322997510209429
-0.00350441881675473
-0.00369467421572548
-0.00379473032769842
0.038096588233449
0.0388341965294645
0.0396224637584595
0.0404159461939532
0.0411910717993677
0.0419409046894942
0.0426581002616126
0.0433028871851167
0.0438501087508182
0.044297732189183
0.0446407779564426
0.0448721987584836
0.0449921895208047
0.0383849981250917
0.0394164511841698
0.04046549035328
0.04140735375503
0.0422168538006479
0.0428169630122156
0.0431183737905859
0.0430696139502557
0.0424902673971351
0.0410908028344489
0.0386748173145087
0.0352967370217402
0.0312568511496776
0.0268630487223878
0.0227761308615115
0.0192566747272094
0.0165046009715688
0.0144409541171298
0.0127064349026398
0.0106743296879446
0.00852267292390399
0.00682881161447092
0.00518831809812402
0.00389658448609061
0.00276987686975683
0.00173496698460602
0.00080544492308025
8.31584195297801e-06
-0.000642298595487321
-0.0011620688096904
-0.00159515541215311
-0.00196645254613491
-0.00225272637010943
-0.00249441169522628
-0.00270169903028173
-0.00283800790374928
-0.00290944008833848
0.0407956780852717
0.0414675587598191
0.0419070681212807
0.0421015718634251
0.0419747553732344
0.0414029342573079
0.0403661441533665
0.038932537983123
0.0367313388912399
0.0340480492508026
0.0318405772518731
0.0282077957639592
0.025720577897974
0.0226603688096231
0.0196130208268237
0.0174449219683856
0.0161240629284923
0.0148451289578227
0.0138066181576269
0.0130692587132439
0.0125739665306726
0.0123399213218033
0.0407899607934278
0.0415577047203103
0.0421693877129923
0.0425778157626849
0.0427234941066471
0.0425822592061387
0.0421263174460849
0.0412503177227977
0.0400854071860226
0.03839411828819
0.0361105580991414
0.0334553458905106
0.0293389343317002
0.025145379277779
0.021469796805937
0.0183331376418387
0.0157913948893489
0.0136878928606886
0.0120843252039739
0.0105776631095825
0.00933752159378025
0.00838582368553991
0.00767034502346351
0.00714257318715947
0.00680797094072076
0.00663270413748573
0.0283886483412338
0.0276415660982922
0.0267045050409958
0.0269952902417758
0.024981634231506
0.0228545935030905
0.0264809868027907
0.026223472055081
0.0259087019460089
0.0250122822674666
0.0224621477653502
0.0194609028515811
0.0172479213225525
0.0158759514711771
0.0149898152013693
0.0145824042341038
0.0146776261576247
0.015199540085377
0.0161497671516458
0.0174463418080847
0.0190567004775485
0.0211065362922701
0.0241186376132173
0.0279849413025561
0.0312534157904764
0.0348819011005041
0.0374593837965478
0.0395509927886887
0.0407113072141357
0.0408516743341183
0.0394922696181524
0.0365749272294757
0.0321578659160191
0.0270007089827881
0.0220666719627854
0.0177485126254087
0.0144246261543001
0.0117903250144732
0.00945400165793383
0.00779854599785335
0.00666763025742411
0.00594316043502017
0.00557384178324021
0.0228284540756327
0.0190989007328592
0.0154780525171165
0.0123335051792122
0.00976677484168601
0.00760114562109838
0.00578898050936885
0.00425940702920142
0.00305896808613246
0.00212487993767306
0.00144266674197909
0.00100119902614362
0.000773449965645627
0.0270669554830898
0.0282854440062789
0.0296903981756493
0.0306838126790072
0.0316005016983871
0.0324221969560966
0.0292137455080744
0.0282695278752809
0.0266782447846255
0.0247921855663537
0.0226660654655887
0.0203776306650473
0.0181325205923347
0.0160249031222995
0.014048432929728
0.0122750116805881
0.010662053131488
0.00918378824049739
0.00785592525540361
0.00663028551295641
0.00552651127191249
0.00453264928232
0.00365357806664046
0.00285896847658715
0.00217621819193788
0.00159274430175776
0.00108431142468144
0.000596823729664289
0.00016545144097396
-0.000183020283664206
-0.000443133145257377
-0.000601184497605458
-0.000692793000958096
0.0311604207749038
0.0291661122064208
0.0264311740479145
0.023340951266275
0.0205803755478265
0.0179865473264472
0.0154642763729929
0.0133799077923956
0.0117241359479841
0.0100442598918512
0.00844058343867947
0.00700031437805605
0.00581839702217068
0.0048949971532258
0.00395813912706332
0.00312972938165043
0.00238790442071811
0.0017572710566629
0.00123626676688522
0.000870971488311276
0.000583875040713062
0.000323166474157481
0.000128833568419049
3.82689342162565e-05
0.0345524102170376
0.0362869416568276
0.0374389886668892
0.0382282252016846
0.0386074291940724
0.0387103497379933
0.0385443818267817
0.0382416300936741
0.0378411420608972
0.0373721872040869
0.0369876940102597
0.0367352965459308
0.0212245176863438
0.0194033153616463
0.0174421145450056
0.015381879027403
0.0137249838732499
0.0125716354570666
0.0116735871995209
0.0110314309959278
0.0106416616266137
0.0104442262361807
0.0104342607423781
0.0105997717249147
0.0109013575683383
0.0113771479576317
0.0120303427460848
0.0127658349787915
0.0135069182226137
0.0142420041437224
0.0149429799509335
0.0155589776396137
0.0160385262176044
0.016368988933986
0.0165674413118582
0.0221030361513756
0.0214953287959954
0.0210758803179101
0.0209116592716783
0.0211167621790458
0.0216886108036553
0.022578776838053
0.0237680409034122
0.025214567098903
0.0268707867999103
0.0286933316594807
0.0305640248920102
0.0325645643877705
0.0346546345099761
0.0366451776289557
0.0384642440849946
0.0400927642736643
0.0414937985859058
0.0426006634187619
0.0433349125176758
0.0436504802594598
0.0434838899363477
0.0427733077013862
0.0413778975311777
0.0388549336281287
0.0352904023940613
0.0311754760569544
0.0269699672979485
0.023212737895991
0.0200425385445972
0.0174385983695374
0.0154961416398986
0.0140202425953948
0.0131361823936542
0.0126582537842684
0.0188789523376086
0.0194844355312666
0.0205234382493048
0.0173570264716671
0.0163799807755027
0.0158769847536109
0.0189168754814778
0.0175190378206291
0.0164478518516424
0.0156818461652222
0.0152146008463242
0.0149037543079057
0.0147197775773238
0.0146235257605402
0.0145830777169532
0.0240704824163016
0.0275685273643167
0.0310441040752371
0.0344659350597358
0.0366053273690341
0.0382680307494535
0.0396061938026052
0.0403620164836384
0.0403499528689141
0.0394101079170522
0.0373841320386427
0.034279683633411
0.0303634384608747
0.0261425183553187
0.0220275072030016
0.018309573740654
0.0151209402455285
0.0125056299496534
0.0103754017659474
0.00845243862908061
0.00667503568607427
0.00518455442480087
0.00392493968450226
0.00287992974819343
0.00204610330910812
0.00139001070028247
0.000874952398799424
0.000501272292032366
0.000260535750440743
0.000137543457769481
0.0353225263111933
0.0359844884551929
0.0364989761843425
0.0370484633302633
0.0373147025385213
0.0375120581646706
0.0209915288764102
0.0204882500348445
0.0194167714022728
0.0179181315186901
0.016225897617728
0.0144998293862381
0.012833200909334
0.0112585303078484
0.00975449172667168
0.00833177097837757
0.00705074019596044
0.00592042255169403
0.00484874161517692
0.00381728229809498
0.00287619666462778
0.00200416185223779
0.00119233325884108
0.00043927423697355
-0.000255334815512659
-0.000891195183046237
-0.00146874856235112
-0.00199012508086871
-0.0024536905681821
-0.00285526118446201
-0.00319264883381278
-0.00346430097332792
-0.00366829092264556
-0.00380335487080412
-0.00387269984571085
0.0206631872060093
0.0199771547602443
0.0189178539061561
0.0176070708835115
0.0161723074013049
0.014822268525406
0.0135432504956627
0.0121932962368946
0.0108596955191553
0.00968863680265182
0.00866982226514895
0.00768774918131147
0.00668501215087878
0.00559447112679056
0.00455552362491385
0.00362572084659065
0.00276960259348417
0.00198027307326746
0.001244967216362
0.000539655143579417
-8.51632407250754e-05
-0.000733134927352722
-0.00115790616844133
-0.00158228890579569
-0.0020737037344201
-0.00250049782048768
-0.00288728857989856
-0.00323482519104585
-0.00350492785540463
-0.00371361438341973
-0.00385398879834936
-0.00392813128768262
0.022804435599193
0.0212206288779521
0.0197084272117129
0.0184564868963065
0.0173782661130349
0.02355308534657
0.0225461176202677
0.0213459655699549
0.0205855915070847
0.0200828550750874
0.0198821314779
0.0199866376296824
0.0203392933336931
0.0209633157487732
0.0219040203233256
0.0229413618771837
0.0241363185260276
0.0254510588135782
0.0268537784678199
0.0282945101730923
0.0297284811049868
0.031154303366708
0.0324446913858496
0.0340725793894609
0.0356118520343458
0.0368636724609786
0.0379659984641205
0.0388974674513457
0.0395838351877212
0.0400167040033964
0.0402620331945387
0.0174451238622937
0.0178583004539493
0.018681913054647
0.0160225468905051
0.014372883898306
0.0127117816223469
0.0112284568594802
0.0195914848919547
0.0203634407603069
0.0210434752773489
0.0184017974987749
0.0185103826106454
0.0189953899579246
0.0196636348339114
0.0209411654554322
0.0216887096866745
0.0236028581306953
0.0266767676930736
0.0302653747466543
0.0217195564781241
0.0225789554865047
0.023684483416456
0.0322443289231003
0.0346653208598912
0.0373096900200158
0.0395290230694708
0.0414928692855075
0.0428593086637121
0.0432698881821425
0.0423955515434647
0.0395343527413041
0.0341658635352445
0.0270933146232938
0.0189165233037426
0.0322349115612207
0.0344118996601291
0.0368111188374604
0.0385841829679036
0.0407692865144729
0.0422977828857438
0.0438580612854871
0.0449749851783852
0.0454677907607155
0.0453991507715173
0.0445957059082473
0.04275926167043
0.0398616217328474
0.0358876047212626
0.0304473676637075
0.0253938178119863
0.0204889689936234
0.0167449671450411
0.0136424731429915
0.011196895497178
0.00943087415345094
0.00808175250209645
0.00710830217462071
0.00654190618372348
0.00626517479851465
0.0155518803936134
0.0127949678396183
0.0106725452413042
0.00925758979116928
0.00807820978652339
0.00739538348878979
0.00702959330574543
0.0150978250654164
0.0119222796514847
0.00926121852429918
0.00719042001799659
0.00547816415685641
0.00403539521902312
0.00284940406542749
0.00187021571135395
0.00107419828260929
0.00043154374413225
-0.000111314507575092
-0.00056218711577701
-0.000921734034338729
-0.00119302543248603
-0.00139050774119045
-0.0015373524078369
-0.00163526173368585
-0.00168371544813172
0.0245186748460789
0.0256787770809283
0.0272393149850602
0.0291885829810468
0.0313225902418418
0.033464348220331
0.0355739710940765
0.0376085965694684
0.0395208779538056
0.0412580869315567
0.0427624792217373
0.0439743246279448
0.0448350700189362
0.0453189191804517
0.0240090630904391
0.0244871104361527
0.0250978371009103
0.0258216338646715
0.0265580706573958
0.0273723786253579
0.0282544748432459
0.0291630764418138
0.0300951978105339
0.0311154842267337
0.0322254186257497
0.0333041094865507
0.0342392151978944
0.0350318292720983
0.0356493922990473
0.0361468189582277
0.0364702902451545
0.0366528900467808
0.0451212735934771
0.044366182620727
0.043085450308341
0.0408800909082516
0.0379824370030982
0.0347562564242256
0.0303473305350019
0.0249955604189802
0.0202144143073366
0.0165123803214209
0.0136958074105333
0.0114754430323426
0.00964482517077266
0.00818792055085294
0.00711107603906467
0.00639528091081127
0.00593913530899915
0.00569111586928
0.045520572837324
0.0453051380598932
0.044682030638194
0.0436257540883632
0.0420800493547562
0.0400095048251723
0.0375741210168842
0.0351483141481576
0.0330690716530173
0.0315667864458561
0.0307573154234082
0.0226065677578736
0.0247826672913129
0.0274649599931117
0.0302157308276025
0.0329166053548818
0.0355880868686824
0.0379951957480793
0.0401994928399115
0.041812037284129
0.0426419303051424
0.0424361630430515
0.0211849386831172
0.0217882104776214
0.0225709306031594
0.0236697299862156
0.0247431142439891
0.0261351634886808
0.0274420980548019
0.0286562056499783
0.0298774234262843
0.0306084720951245
0.0313415523545713
0.0318162834703044
0.0320585977197039
0.042258161565537
0.0408386173659448
0.0384695722821176
0.034960224778733
0.0313603457414674
0.0278863052603027
0.0252925781594263
0.0233198497428256
0.0221605232098855
0.0411126898847969
0.0384857425207002
0.0346331476710554
0.0300070292092163
0.0252530857014754
0.0209070206707125
0.0171739660993124
0.0140042585785295
0.0114018855239637
0.00928354714293811
0.0074793528891766
0.00601746460415904
0.00483142041613123
0.00384847959088809
0.00303492804960556
0.00233389718591889
0.00173846454285545
0.00126585156345922
0.000924611915454858
0.000672437013587396
0.000504515650444256
0.000421971657396174
0.0107566942952389
0.0104418027090943
0.010347673695861
0.0104954825671676
0.0108756563676894
0.0114993036157012
0.0124629236871138
0.0136835259269103
0.0147451816144093
0.0163150474365314
0.0184243405480954
0.0205037925279403
0.0228515578190039
0.0255126945213823
0.0281592760196851
0.0309903389164154
0.0105952647816886
0.0101402473512232
0.00989375395448468
0.00985280705338078
0.0100124559437285
0.0103898656044853
0.011031796777721
0.0120042355520993
0.0133117149271573
0.0148797677594899
0.0165700356475541
0.018257322320902
0.0200132955161158
0.0223134486107535
0.0328613655042649
0.0351706798117996
0.0374467600263896
0.0395167204109416
0.0415878610613327
0.0433318065017807
0.0448084098707164
0.0462139907199386
0.0471292433627719
0.047777027386676
0.0481672760216732
0.048372033436105
0.0484323293464614
0.0484065006929331
0.0483478264123878
0.0483015076896423
0.0327149104517315
0.0345098883294195
0.0364581945401863
0.0382725015402953
0.0398852262898073
0.0415640062564107
0.0430437153882992
0.0442451282171137
0.0452087699498054
0.0460093648904971
0.046682434272934
0.0472221169511738
0.0476065520031034
0.0478114983272596
0.0241370936982534
0.025923117153002
0.0277584112240811
0.0297398065099072
0.0317571870920265
0.0338029589728297
0.0357415761339143
0.037636184028867
0.0395538228775506
0.0413644319947006
0.04292671507074
0.0442219615366028
0.0452867524095178
0.046121567279175
0.0230708785229348
0.0240736068139445
0.0251679479711274
0.026550006836096
0.0284772611058277
0.03056071428511
0.0324847867844312
0.0346020025792751
0.0367320482967625
0.0387364867189992
0.0405716764855944
0.0420220112307618
0.0432622407908469
0.0441166742330735
0.0444728626870556
0.0442228774469583
0.0432543611233288
0.0412649530505725
0.0381465883906352
0.0340445219602331
0.0293770344189211
0.0246963767764443
0.0204087948430723
0.016712833379107
0.0135903274363348
0.0108882938418766
0.0085960982749104
0.00669332038735074
0.00501675307119731
0.00353846674896681
0.00212196080308858
0.0460244986833767
0.0455478076437915
0.0445047935865067
0.0426000205920102
0.0394826490772454
0.0354165927700722
0.0312854251883002
0.0269503015228979
0.0226259899284143
0.0189395555190824
0.015755713841468
0.0131464539058623
0.0109036140707043
0.00888638463691016
0.00726702393874506
0.00597697866278569
0.00478335754378709
0.00374270949285323
0.0028871186097176
0.00219775138103846
0.00161332651524096
0.00108258818357899
0.00061642659815249
0.000219804963975867
-0.000130343446630071
-0.0004612785795404
0.0469286905398304
0.0474520680903784
0.0477698458845227
-0.000742354325078974
-0.00105233256504205
-0.00137738271586142
-0.0016852759066369
-0.00196206458069811
-0.00222230948718381
-0.000606144916090909
-0.000744962926038464
-0.000823553781346838
-0.00087056274134386
-0.0023833598593186
-0.00249880045992498
-0.00257182076733706
-0.0026090931394771
-0.0023237816300241
-0.00238723714908453
-0.00241680874294391
0.00140565327066325
0.000800135840490978
0.000305565126103822
-0.000140125358200295
-0.00057113324811413
-0.000979146907754115
0.00144627274286312
0.000895638253632166
0.000416724146344844
-5.67520421206481e-06
-0.000387151264352027
-0.000710570320141217
-0.00103294271370541
-0.00131777598436642
-0.0015877376882569
-0.00184207392953162
-0.00207576920508035
-0.00229985129867525
-0.0025073000736652
-0.00270708411931047
-0.00289347754615922
-0.00306166361822602
-0.00322778751998994
-0.00129573297665636
-0.00155398124831
-0.00180923670049605
-0.00204077128277645
-0.00227215987425228
-0.00248906730633841
-0.00269289350830488
-0.00288319185626954
-0.00306074634926569
-0.00322202370448611
-0.00337204168113562
-0.00351083927340936
-0.00363533647546664
-0.00374225793159805
-0.00383052589742641
-0.00390062347459836
-0.00395289197064516
-0.00398744726813535
-0.00400518249999196
-0.00104998562087796
-0.00109736362141441
-0.00113308391023088
-0.00115640766732142
-0.00117036454798229
-0.00117721521504507
-0.00336302134961598
-0.0034983201115727
-0.00361706831026538
-0.0037099000330415
-0.00378358168418633
-0.00383224838210468
-0.00385763236705523
-0.00330648857640029
-0.00337374035702001
-0.00342018209803768
-0.00344316095037325
