0.05
0.0373283378543712
0.0343974489199516
0.0294956361859892
0.0356120153272521
0.0332092679455903
0.030614756329173
0.0373189859898202
0.0350222777759479
0.0313135645852628
0.0288863668922293
0.0269677413006471
0.0254700175032332
0.0233420404726979
0.0205381032165117
0.0375142061809585
0.0352158128650817
0.0338639107648231
0.0339101108243916
0.035182034801794
0.0366886304595167
0.0370640764011759
0.0372595194433223
0.0374331794039264
0.0376225855367525
0.037765106721669
0.0376250110867812
0.0370426653631496
0.0359442052357003
0.0342866174020049
0.0320870039170495
0.0293231091044966
0.0372298948876878
0.0356139865465757
0.0335186643350923
0.0318524791263033
0.0304927092578891
0.0294358967539118
0.0285727462011088
0.0276689755284922
0.0271675975668963
0.0249058103333881
0.0222861235060036
0.0197402563155433
0.0167140649056842
0.0264345997719462
0.0237157634103892
0.0210022506977302
0.0153423789834484
0.0139098790181575
0.0125505704640716
0.0114091758997704
0.0103298706672482
0.00932784622057227
0.00849885633108169
0.00774866383334897
0.00705971126761462
0.00649123511226622
0.00600378980189993
0.00560419363627699
0.00528053634241199
0.00504693693825384
0.00489760848109235
0.00482320595160539
0.00483117066156295
0.00492466814534199
0.00511594725450811
0.00541184362139196
0.00580196023095217
0.00628302218456158
0.0068443447627269
0.00745896619362696
0.00830451189340844
0.00940921633282908
0.0106005990230861
0.0118601860863984
0.0130672527426043
0.0142152022947091
0.0152286037999331
0.0160358907066379
0.0165979930898762
0.0168960293381155
0.0155029331439988
0.0146334938519331
0.0137771001523638
0.0129508800167165
0.012253106457995
0.011671237383173
0.0111475616429872
0.0107782599519269
0.0104980035569151
0.0102950709756946
0.0101895949006086
0.019541927525706
0.017769130824941
0.0155109124193558
0.0179057760919734
0.0143291550855974
0.0109115504134129
0.0149168935610907
0.0142689853396941
0.0135575596729011
0.0139450397227775
0.0116592148626505
0.00912988916883672
0.00741137826991325
0.00597033606150291
0.00448514084290827
0.00306702448024933
0.00198197246543212
0.0010820523282663
0.000235745464874997
-0.000469034486243501
-0.00106797133309046
-0.00153415895027685
-0.0018602094460563
-0.00206380843315355
-0.00217629422268447
0.0126425055853468
0.0115454692507709
0.0104488291672395
0.00966950462775422
0.00929708289616685
0.00930200198469977
0.0126211432702872
0.0117534314420644
0.0108639625902525
0.00935348015973987
0.0098386710291311
0.0107636558954956
0.0121359732530483
0.0140551612381733
0.0164541627722537
0.0191530110588204
0.0221880920028796
0.0256031350898493
0.0292268495558287
0.0327609357633076
0.0359183394992415
0.0385079341990043
0.0403741147381741
0.0412466840947658
0.0407511470306183
0.0384805255926821
0.0342820364662029
0.0286859172859771
0.0231392196104812
0.0179952387556746
0.0137698031821494
0.0103380462857229
0.00740436484768131
0.00554925344293637
0.00359577120739902
0.00214036994690017
0.000946263051921137
1.33207564044293e-05
-0.000674444427224627
-0.00121107394994356
-0.00160904555556881
-0.00182647131346222
-0.0019754989396423
0.00965276661161286
0.0104328288527882
0.0116571799268514
0.0136483362340963
0.0162946797299873
0.019493886277496
0.022931626255386
0.0268267095605703
0.0306701755133519
0.0343456361301088
0.0376045540072442
0.0403044968567276
0.0422282192013472
0.0430924419310704
0.0426720876856159
0.0405512162069928
0.0364877125953028
0.031249051969361
0.0259368563969989
0.021275680053382
0.0176664479071091
0.0152655629421298
0.0140451539924508
0.00934038282973233
0.00794730874951946
0.00670997817534478
0.00563386612214233
0.00469560392656954
0.00386460711904127
0.00312225205215441
0.00248776234980777
0.00196785794836195
0.00155235250955893
0.00123853441399614
0.00102861312562818
0.000920245535020273
0.00979787108268568
0.00880832628211302
0.00792773762990022
0.00720393875103997
0.0065991037176528
0.00611480547351555
0.00576275983918594
0.00551491066006027
0.0053438507452849
0.00527835853714573
0.00534221649851746
0.00554523434629578
0.00589068514548578
0.00640239982859534
0.00706574655047703
0.0078898596830715
0.0088567738257458
0.00995705908675652
0.0113254003510827
0.013602347420541
0.0168164306472306
0.0200496825077824
0.0239549022835394
0.0275994918156585
0.031174800370983
0.034744122455772
0.0381202927227313
0.0410491731309415
0.0433426895718868
0.0449998707981687
0.046170720016553
0.046945321019735
0.0473398879214412
0.0474875849428949
0.0474452618020304
0.0473182766958561
0.0472125278381172
0.00944266224151477
0.00819451777936765
0.00710694079050614
0.00606386423289098
0.00519761736603828
0.00431278223090261
0.00357091552162064
0.0029679700979849
0.00236922164463771
0.00185128750333312
0.00150396812194532
0.0010233447598686
0.000729093458405265
0.000393212181331884
7.58501483662079e-05
-0.000143353509705718
-0.000274595887610296
-0.00039975369244721
-0.000499796336758183
-0.000569810784731048
-0.000616264556203407
-0.000638039896325321
0.00974783202315458
0.00869855198696948
0.0077489273325189
0.00689922201684079
0.0061802773875116
0.00557921787523276
0.00507745350075425
0.00463872662243423
0.00432667499758979
0.00407457782478497
0.00389340031883036
0.00378349002289254
0.00371252663982717
0.00372266554661465
0.00380849767529836
0.00396236293056063
0.00416590562097731
0.00441171011881732
0.00466660757024287
0.00498592302553376
0.00533172456941435
0.0056641136214595
0.00595861130416134
0.00620463383236055
0.00637487944084585
0.00646916128284676
0.0298676099287399
0.0289661262939624
0.0277711559931438
0.0293761317785613
0.0282120903157606
0.0269587198947496
0.0272218794648759
0.0265300055495216
0.0256137678204628
0.0269006282897945
0.0256561567310068
0.024039265136345
0.0225250993374316
0.0211921255546173
0.0197957309252665
0.0183123291602513
0.0168696055821572
0.0155915298328108
0.0143757800923592
0.0133024235721195
0.0123636680134356
0.0114762221652337
0.0104365407314244
0.00928550587485761
0.00839162357064352
0.00743708583085847
0.00673744752695849
0.00609463192485993
0.00558438039885127
0.0051248947685822
0.00477651810442328
0.00454506026755399
0.00441112422574776
0.00437906582049213
0.0044466697204835
0.00460800773392163
0.00482975808586569
0.00509602878197034
0.00543125558092977
0.00574425666261517
0.00600457713917743
0.00619562229313413
0.00630160501469367
0.0262004124985436
0.027381098652657
0.0288103753564826
0.0301497122946007
0.0311720225663306
0.0318483763836647
0.0321611664856008
0.032143664917967
0.031881153046361
0.0314836528318798
0.0310661961388072
0.0307314432582517
0.030536489004207
0.0213080099893528
0.0178763688533525
0.0143202097353668
0.0127882489895184
0.0113221170225659
0.0098886293291642
0.0133325883836131
0.0126064081759283
0.0121739575033983
0.0121877423844423
0.0126274308929198
0.0135187644943563
0.0148323925628891
0.0165354668959288
0.0186379792389112
0.021016516471129
0.0236307835831783
0.0264206789473231
0.029241082306436
0.0320911049428664
0.0348368204053939
0.0374258411699721
0.0397701984267016
0.0418854613044684
0.0436473045081964
0.0450594968857316
0.0461711412555055
0.0470943099049563
0.0477736645774294
0.0482105189131945
0.0484620426146525
0.048581958898315
0.048638052414364
0.00958542111642699
0.00954832268586429
0.00985581278763504
0.0105456462522277
0.0114959193013914
0.0127741566541257
0.0145231658679271
0.0164868239437947
0.0184779032205696
0.0209780324318991
0.0238839975041347
0.0269608820182541
0.0298198710719985
0.0322595655289152
0.0349208803032442
0.0374190687752596
0.0397548996502887
0.0417864880154694
0.0434657284479279
0.0446220392661033
0.0455055841775557
0.0462781813804431
0.0468310614831016
0.0470811520465154
0.00807501297307607
0.00643048903458453
0.00511626498168055
0.00390923304119872
0.0029621146123939
0.0020616095034191
0.00129300910785004
0.000744764615016553
0.000299294743877074
-8.11975450347936e-05
-0.000340970888797372
-0.000492637977432411
0.0262238115576292
0.0252229841980118
0.0238836847755832
0.022128842271875
0.0203557570390717
0.0188048329971795
0.0172519776214241
0.0157415112081902
0.0143743045082717
0.0130588579152905
0.0117901325530843
0.0106478729875982
0.00965928123077341
0.0086513081662066
0.00762514831513917
0.00670650945348999
0.00593343290070159
0.00526993215346834
0.00470793061826592
0.00425850733889841
0.00393220525246943
0.00371781764439357
0.00359319893825165
0.0261664254109977
0.0251606517780026
0.0238688669727071
0.0221761812952446
0.0202445256950658
0.0183367424115239
0.0165409341230048
0.0148485347911395
0.0132775498559891
0.0118299563027587
0.010496223339787
0.00930965593019534
0.00818010429318933
0.00710550438480019
0.00614628077145024
0.00529611204330208
0.00452809412010424
0.00382519061011665
0.0031834818687051
0.00260896900168653
0.00209023717096413
0.00162354258058526
0.00121619311820482
0.000844815954969492
0.000452866186099321
7.01751293731076e-05
-0.000271482744537216
-0.000571502420990187
-0.000821545125257381
-0.00102810337743712
-0.00119813664001456
-0.00132638518400911
-0.00142506964060076
-0.00148478039106292
-0.00151728241141066
0.0189900094731909
0.0170989081232276
0.014731813341779
0.020332613915235
0.0201636942101395
0.0200739898899209
0.0133558175451329
0.0120187624828744
0.010828158254607
0.00980233741008159
0.009035197396582
0.00839777977541989
0.00791910402353742
0.00760513848685706
0.00744826415894237
0.0126242808875762
0.0108446192985285
0.00924256321009263
0.00774936989004952
0.00733057056463032
0.00705476931859439
0.00686959198911187
0.00679178208869954
0.0068214038927466
0.00695979114852485
0.00721238685652105
0.00758663086984373
0.00809622680595964
0.00875382768409064
0.0095820360562845
0.0105914944981017
0.0117802730907843
0.01311835820451
0.0145864868346852
0.016327267297814
0.0183769411505897
0.0204959113772858
0.0226367235834528
0.0246994049835248
0.02655438864899
0.02815549833428
0.0295050406293343
0.030536431914919
0.0312245654093802
0.0315836214521432
0.00688106589282913
0.00621031496217071
0.00571135642044682
0.0052121821760808
0.00498100629012126
0.00481578366656286
0.0277472226888667
0.0257943868263841
0.0235503131150496
0.0212453106076309
0.0191021964527522
0.0171866701005951
0.0154991602516197
0.0140026666332426
0.0126329649282945
0.0113705612805097
0.010247526126155
0.0092587089929202
0.00831745985961016
0.00740453097742493
0.0065640424851519
0.00577874763315271
0.00504297369099452
0.00435777431648939
0.00372486831015135
0.00314591903381305
0.00262123319032855
0.00214901348880097
0.0017304849721985
0.00136895225432728
0.00106587891918598
0.000822248594331014
0.000639506527421019
0.000518603934327627
0.000456559096727184
0.0275957824610534
0.0259065063378112
0.0241103340191724
0.0223300011614263
0.0206349177111008
0.0191716092203846
0.0178585827754543
0.016523489784021
0.0152351126296223
0.0141151087378125
0.0131411209429749
0.0121962699317991
0.0112206071200853
0.0101456077195782
0.0091079202177753
0.00816738091202543
0.00729128670210938
0.00647604008149913
0.00571199203671028
0.00497719342422071
0.00432689940345966
0.00365542607880723
0.00321814822403966
0.00278450375024451
0.00228781339561469
0.00186176999509613
0.00147953146941248
0.00113902319863995
0.000876200468355723
0.000674207257632072
0.000538850975959157
0.000467531318483125
0.0265598093492772
0.0249686522496937
0.0231621278273007
0.0213431946435283
0.0193977082423737
0.0272166989984891
0.0260500012902923
0.0242087472609961
0.0225658527284223
0.0207790468349679
0.0188700507225829
0.0172650060740251
0.0157158630768756
0.0140619395592178
0.0123081917571699
0.0108429294023419
0.00948159727482008
0.00822462074344786
0.0070671900281526
0.00601952694878954
0.00508418945097777
0.00423922416571136
0.00353428835810685
0.00270625694838184
0.00196724550619297
0.00139099501843752
0.000899350815245706
0.000493752150658368
0.000199715548615066
1.60727569565808e-05
-8.73831223551975e-05
0.0177274535239063
0.0149732241915295
0.0114626904314695
0.0183459910646172
0.0167627434179809
0.0148499810566991
0.0127787760735468
0.00966924965029121
0.00840608613261974
0.00747616404869108
0.010181568323058
0.00904511168110039
0.00789687989913152
0.00700415421782009
0.00584795876515038
0.00720970991737339
0.00670840450552745
0.00608229703253697
0.0054857865258583
0.00644303818837213
0.00551327245508142
0.00458817274393866
0.00550420227121831
0.00560285782659012
0.00578162689031118
0.00599834731345716
0.00627863216978869
0.00662110026262173
0.00700540181351355
0.00749036137070393
0.00809599607503995
0.00885052247141945
0.00978248695969204
0.0110750756032924
0.00493706607796558
0.00440722548510654
0.0038886520298133
0.00353662497154717
0.00312985969606628
0.00285196703395295
0.00256154570679418
0.00232218943822478
0.0021568421288494
0.00203397679215362
0.00195055418559065
0.00191048759231448
0.00191518257664961
0.00195897846742936
0.00205348272620277
0.00217837009792702
0.00235187262708989
0.00254186088284647
0.00276191233484526
0.00299850146706816
0.00322063441398221
0.00343180162590379
0.00361395902483922
0.00373366882974953
0.00379656259310835
0.0103415313094294
0.00984624621951976
0.00955324968319139
0.00941240474944686
0.00933992184034106
0.00931860560222482
0.00931495258600799
0.0132485885959168
0.015681244523006
0.0184493844004846
0.0213015418165461
0.0243209514576608
0.0274937630271693
0.0306600868928938
0.0337539369831598
0.0366574144729082
0.0392899425912597
0.0417164987810814
0.0438391580979304
0.0455464856010429
0.046792214862707
0.0476437818467393
0.0482293879835911
0.0485902245984347
0.0487585846790875
0.00426429380400624
0.0038946720366873
0.00346921332975056
0.00299718167381951
0.00252403765034322
0.00207949840169139
0.00166083137737792
0.0012662352166778
0.000894643023649247
0.000545541211291637
0.000218817190150356
-8.55874267503884e-05
-0.00036754402290128
-0.000640028212290335
0.00407402312610862
0.0035415926142135
0.00300400915307014
0.00247222885876545
0.00200604134087705
0.00155428329819324
0.00112193098225902
0.000723402146856648
0.000350717778042862
-2.80731520048205e-05
-0.000416517029662646
-0.000776871058284885
-0.00107812107091396
-0.00132626408199498
-0.00151539782544672
-0.00166522241198004
-0.00176159732968916
-0.00181562162542157
-0.000531646999008685
-0.000398891295882634
-0.000248332766786617
-5.23589020076538e-05
0.000158450931792912
0.000373419027656367
0.000667957880282182
0.0010606699556447
0.00147736193209624
0.00187390248311703
0.0022445257794833
0.00259962594567329
0.00295254305653599
0.0032871086057059
0.00357464033404595
0.00378900202554174
0.00393717417166328
0.00402230110888756
-0.000986121396560493
-0.00129737610026231
-0.00157733099949363
-0.00183186646784053
-0.0020679219739619
-0.00228930653030703
-0.00248803152257802
-0.00265100076307557
-0.00277352266726414
-0.00285514740924319
-0.00289721688454768
0.00536854341783286
0.00487632439714098
0.00438028937499179
0.00394797023579889
0.00357067428384644
0.00322669841788782
0.00293025478527141
0.00265866096835312
0.00244107985031162
0.00228011839155469
0.00217565676076007
0.00500775692063191
0.0040747009981082
0.00327098768393965
0.00242773359119381
0.00176128214369898
0.00103375700958252
0.000439207366519933
-5.89839744054087e-05
-0.000519444820967576
-0.000780946293980768
-0.00103273431175402
-0.0011911986927875
-0.00127076327976243
0.00141113898191791
0.000768884071483502
0.000226619316701812
-0.000290923419942868
-0.000695745264136567
-0.00103166405578441
-0.00126568264393039
-0.0014384918853078
-0.00153906872021083
0.00278086751525503
0.00345716771313846
0.00421192519313072
0.00505822013653879
0.00601273738568553
0.00708197326661919
0.00827666494022216
0.00963340226836821
0.0111340466193845
0.0127647598340397
0.0145984663444649
0.0165259977123782
0.0185080095566908
0.020550252043375
0.0226034894467485
0.0246880374753199
0.0267083578120888
0.0284904298975666
0.0298808788212173
0.0309679149479768
0.0317209160723219
0.0320997207201595
0.0118416573327669
0.0107784274666925
0.00968714029262085
0.0086579221192956
0.00769507934363823
0.00676869202273716
0.0058051334311582
0.00491775237462021
0.00430223293242192
0.00354827021312836
0.00271652808954317
0.00202238676776513
0.00133498768467736
0.000636749287626539
-2.5699640956903e-06
-0.00064763087708282
0.0118655674991147
0.0109291049979174
0.0100329002793717
0.00919875202627203
0.00840491218737421
0.00763337735336108
0.00686479789766451
0.00609679036373955
0.00536995775957918
0.00472249454465635
0.00417619875240443
0.00372756164590092
0.00332925527647974
0.00287933251451109
-0.00102278459252301
-0.0014569457049396
-0.00186727941981323
-0.00223487999460188
-0.00260760247858514
-0.0029370195542856
-0.00324002123229477
-0.00357025784972999
-0.00383168419139947
-0.00406943752073834
-0.0042706224678139
-0.00444579505433835
-0.00458662344670468
-0.00469230022417559
-0.00476432773078988
-0.00480212914865071
-0.00105188984586907
-0.00144492556154356
-0.00184812203434406
-0.00220808514698786
-0.0025198305683724
-0.00284038368448925
-0.00312445220233036
-0.00336025225827525
-0.00355605063514511
-0.00372610556546963
-0.00387684507075
-0.00400498634323651
-0.00410156796694538
-0.00415530093802126
0.00256641707115319
0.00231152206818726
0.00209055866687701
0.00188907574386469
0.00171707635626043
0.00157306276167225
0.00146340571175416
0.00138184635019189
0.00132748882098422
0.00130750153747496
0.00132359087058724
0.00137368406467914
0.00146121220328905
0.00159729384734603
0.00275002384749256
0.00263819231415737
0.00256179093122176
0.00250740902246576
0.00247353304083057
0.00247502305611169
0.00251135621009773
0.00259230784886769
0.00272070166766604
0.00289749534295602
0.00313100459172496
0.00339953592813074
0.0037514698082495
0.00418782964711132
0.0047226847938531
0.00533691178738522
0.00606409825350439
0.00697126068454898
0.0080392392564643
0.0092906194091927
0.0107764445224284
0.0125467170933919
0.0146458811336667
0.0170848511426131
0.0198757564490643
0.0231016271589747
0.0266399431441206
0.0302352999303646
0.0338847615182743
0.0373506579778602
0.0406652076368036
0.00191847077383766
0.00231627237133484
0.00280572124427306
0.00340361139657313
0.0041220014884237
0.00490185418019729
0.00567208920439124
0.00655377967197245
0.00761233068467673
0.00877383838129548
0.0101042887832663
0.0115713158803822
0.0132821383493085
0.0153827366195168
0.0176213910448701
0.019904731914491
0.0225678801636241
0.025457989724815
0.0283297399629529
0.0310280784786468
0.0336171365987298
0.0362183997046183
0.0386762543314286
0.0408381017630887
0.0427163936419623
0.0443558892939179
0.00141194111881519
0.00127728974612476
0.00118811708558448
0.0449422238833578
0.0449400162997185
0.0438433784257343
0.0409491402061181
0.0354568670181294
0.0274921993884615
0.0457189080705341
0.0469489639472382
0.0476062068203762
0.0479799622709856
0.02206385663424
0.0180258007894052
0.0155066184997204
0.0142444218241756
0.0238787749276625
0.0213729826540156
0.0201642191934851
0.0418346942568015
0.0422598807113005
0.0417072238411134
0.0398091503671929
0.0357264590242183
0.0294431428754155
0.0424913740082072
0.0437763484865642
0.0445798984746745
0.0448093710577034
0.044303522350883
0.0429428161797732
0.0402006121967227
0.0362048508845047
0.0311390663625077
0.0258221766682527
0.0210411800597543
0.016849216214168
0.0134003140651032
0.0104711120758174
0.00805452493178621
0.006102386888003
0.00435012135472128
0.0251996166758258
0.0215489384631093
0.0180528696947845
0.0151130190158029
0.0124428872259998
0.0101888528891712
0.00828165985040471
0.00667341603457117
0.0053117790285641
0.00418198947237727
0.00321586569011516
0.00238953872668945
0.00169967392754099
0.00114337120447619
0.000707855270225898
0.000376576834500281
0.000137661908478378
-1.65674466100128e-05
-9.456279231811e-05
0.0266338412797326
0.0240201740790436
0.0215882774086981
0.0197744001488544
0.0185969528770854
0.0179912152627747
0.00323131970217341
0.00223177844663473
0.00143612548993902
0.000861803132157644
0.000434181879019359
0.000164525121111823
2.79026488963838e-05
0.00335404499091752
0.00256252569077278
0.00204466748554942
0.00179679509269558
