0.05
0.037299000780726
0.0349585664203707
0.0312209524805624
0.0357640601902351
0.033719599665392
0.0318234969971172
0.0372457841997348
0.0351996027849716
0.0321693547344932
0.0304718647718339
0.0293052075120225
0.0284251568716949
0.0271064644757681
0.0250800348583742
0.0373471837612631
0.030908120218929
0.0249636717306812
0.0240499601146394
0.0201439617319496
0.0162283851366719
0.0152925633024805
0.0147909790103891
0.0142836915087546
0.0135204660184572
0.012183057753082
0.0105833253119565
0.00918604033887785
0.00799606283458797
0.00697745578927069
0.00609761268863077
0.00529182729729119
0.0370853234101458
0.035221659958473
0.0327228981155529
0.0306697417638515
0.0289536551757623
0.0276128558647953
0.0265411218339944
0.025475620103238
0.0294990892524985
0.0279188901830844
0.026046754146965
0.0240568582605573
0.0214125731629166
0.028952670814723
0.026944551499374
0.0248977977760214
0.0199066365232159
0.0182131867467074
0.0165160929985313
0.0150317490155527
0.013577520959812
0.012178005142069
0.0109755375716123
0.00984021450824542
0.00874058199860548
0.00777032564945811
0.00686488627228992
0.00603510357597781
0.00525188873997543
0.00454820160677584
0.00392053037439577
0.00332124598745556
0.00276865786768787
0.00223308933061025
0.00169326024379893
0.0011615284665168
0.000668040300150653
0.000219547601363794
-0.000176226767500963
-0.000515285782923101
-0.00089074775274188
-0.00129542176727765
-0.00166481799891598
-0.00200007247585914
-0.00228035807038488
-0.00251734883565021
-0.00270711170229113
-0.00284736569179486
-0.00294000872237388
-0.00298756780701166
0.0205355138220466
0.0198242932896911
0.0190580003921064
0.0182606296762688
0.0175474047959717
0.016927601192952
0.0163519515583449
0.0159373042602501
0.0156181354827892
0.0153846971021173
0.0152626303121024
0.0237969757830643
0.0223817310252534
0.0204875719505546
0.0223525950430014
0.0190838240757686
0.0156917892095665
0.0199490346417084
0.0193533504679673
0.0186912653911534
0.0192930060413729
0.0173847526591745
0.0151208637486293
0.0135064524402368
0.0121082113127641
0.0106296538515177
0.00918643383570714
0.00806259484150434
0.00711706977917736
0.00621596992033214
0.00545649233967388
0.0048043401460766
0.0042923344524868
0.00393182273114671
0.00370560346316258
0.00358021289937281
0.0175142460312809
0.015754423858469
0.0136077982151876
0.0115584884222887
0.00982862955480157
0.00817470411349715
0.0178565297704007
0.0170691572367906
0.0162496671261622
0.00741043379783689
0.0067400548084261
0.00624875733091937
0.00593212822941551
0.00578296094590831
0.00581851172033661
0.00602786121664021
0.00641957389490329
0.00704538059833891
0.00796119174979783
0.00920479482563778
0.0107919270386726
0.0127474242999883
0.0151394571161686
0.0180048227673175
0.0212984712698078
0.0248695992981167
0.0285442734925475
0.0322287736879861
0.0356154992478053
0.0388111278476389
0.0414539847992072
0.0433872627773768
0.0444483332795343
0.0443598135392534
0.0427653935921387
0.0392386441925206
0.0335499766651526
0.0271743641645845
0.0218181547432424
0.0175146340330276
0.014350382016048
0.012646730947338
0.0114957538422218
0.00742076158975376
0.00682512829641643
0.00639465735847116
0.00606888160116235
0.00590037498059981
0.00590579833288921
0.00608089250262408
0.00646046965582672
0.00704784316382508
0.00788067356311812
0.00897607920456663
0.0103817734109365
0.0121433011674605
0.0142335353700583
0.0165891643741778
0.0193042547245849
0.0221380253759459
0.0248399421907796
0.0273394263201457
0.0295889412353829
0.0314598005516834
0.0327970854532202
0.0335121557583926
0.0149891112375778
0.0137930868425528
0.0127024688629893
0.0117358575796427
0.0108812881342894
0.0101163604729703
0.00942726921481318
0.00883436993376592
0.00834601924479238
0.0079541636201548
0.00765730822362929
0.00745830649590535
0.007355439336082
0.0150614377534155
0.0138727449226684
0.0127328014376371
0.0117151637755917
0.0107789193852705
0.0099321216960646
0.00920416495797573
0.00854603416958703
0.00785270407365298
0.00714496616269064
0.00647858429302767
0.00590495840581048
0.00542636976587622
0.00501895708668726
0.00469868900749681
0.00446207294334037
0.00431319648181909
0.00424006488217356
0.00422334160901678
0.00427171434185542
0.00440613905481572
0.00459372785575618
0.00488716805200338
0.00523953869641065
0.00568251174511387
0.0062615472987651
0.0070001878918428
0.00788763457640516
0.00887049382451823
0.00989043848971423
0.0109533071466716
0.0120665151786975
0.0130874069793991
0.0140850416519783
0.0150491687831066
0.0157366849168705
0.0161152928130623
0.0141990421986482
0.012848880401827
0.0116079493283362
0.0103550877149641
0.00926096942823866
0.00808267705677031
0.00703754410540734
0.00613913320560272
0.00519026977011979
0.00431479455244864
0.00369626808425586
0.0027880440567114
0.00219620094816034
0.00147659253954436
0.000742193698336926
0.00019522676529271
-0.000151969094862369
-0.000501550427853157
-0.000796731531772428
-0.00101323469424095
-0.00116232909473784
-0.0012338504244038
0.0144582209110724
0.0132613226454832
0.0120980280314517
0.0109757492457918
0.00994428015768317
0.008999056326824
0.00812256074475626
0.00724957633890772
0.00651927018256424
0.00578373951317875
0.00504600061699817
0.004337082376538
0.00335415980039326
0.00238903437325105
0.00152402411096837
0.000740960917855393
5.80410619415093e-05
-0.000551329064879161
-0.00104973730560666
-0.00155282851143439
-0.00199771297851857
-0.00236056364290871
-0.00264604131919659
-0.00286407505462089
-0.00300573893656036
-0.00308110920203055
0.0312710976766223
0.0306377844396594
0.0298276726796971
0.0310959145147065
0.0305556985445465
0.0300915695870603
0.0294278288459661
0.0289218355320902
0.0282444878222267
0.0294220915216277
0.0289181945996818
0.0281642692038394
0.0271989745768302
0.0260629541293552
0.0245928198861334
0.0227900226292862
0.0208753475592832
0.0190941018255518
0.0173543089036853
0.0157984205793142
0.0144290300416814
0.0131289835285548
0.0115984482602015
0.00989008572072504
0.00854226005909395
0.00706353971828835
0.00593157100524867
0.00482785955754291
0.00387474060321236
0.00290598971265311
0.00202187835998069
0.00124486414379831
0.000517145793006338
-0.000155920109181555
-0.000763643709308635
-0.00131499320138223
-0.0017702964414046
-0.00215860825808681
-0.00252929597249421
-0.00280904144484443
-0.00300938932251026
-0.00314211466101484
-0.00321122453749424
0.0287930315906736
0.0294759455576028
0.0299347075551821
0.0299510897836415
0.0295126687195037
0.0286873029326435
0.0275881852570081
0.0263222867522777
0.0250973053143915
0.0240000236182345
0.0231203330014501
0.0225169477650763
0.022195117529894
0.0248321141973441
0.0217847422138431
0.0182364011289624
0.0167585798120916
0.0152472776085913
0.0136770455789779
0.0168052358439223
0.0152097329857106
0.0133841637326851
0.0117740846716341
0.0103070499149669
0.00893614726173026
0.00769724895274371
0.00658258087343404
0.00555730364516028
0.00464331818651878
0.00381234389454449
0.0030490201255458
0.00236113599119667
0.0017240745747114
0.00114865378272952
0.000629436997507741
0.000169823505387511
-0.0002452284033135
-0.000600651908943418
-0.000902423890608587
-0.00116276215915192
-0.00140916915057147
-0.00162412721419972
-0.00179516409681461
-0.00192100670420471
-0.00199664906192196
-0.00204013919892167
0.0124495670617193
0.0111065859024154
0.00966948553884361
0.00827025092146138
0.00710063715864218
0.00602111663511659
0.00495852446074276
0.00405449111808569
0.00331305735586001
0.00253523114700283
0.0017654797824463
0.00104941157256006
0.000443369106249508
-4.19257878767037e-05
-0.000545184157207494
-0.00099886124991276
-0.00141146744391394
-0.00176619981212419
-0.00206134571066962
-0.00226897623130383
-0.00243234512138365
-0.0025806675538505
-0.00269113851596771
-0.00274258945458959
0.0123400075580146
0.0110547768381746
0.00997622671519362
0.00894248562500772
0.00810159167036773
0.00727598775342653
0.00655030723433391
0.00602000603401523
0.0055799164622362
0.00519730382945473
0.00493298872860002
0.00477741262447064
0.02990339232354
0.0295928268205439
0.0290234123013144
0.0280228262725461
0.026717206263892
0.0253315621292856
0.0237305307081366
0.0220066285602562
0.0203460124621987
0.0186909777380928
0.0170675287543822
0.015601223620907
0.0143393206211555
0.0130662584955973
0.0117867681951908
0.0106567400491258
0.00971778653178895
0.00892103359890551
0.00825285458421704
0.00772293597221879
0.00734061714852079
0.00709053260983825
0.00694560703837702
0.0297537230062445
0.0292804390369102
0.0285521542234027
0.0273899327839984
0.0257870377145241
0.0239354717075233
0.0219771118293039
0.0199736217806974
0.0180098193739659
0.016136781070818
0.0143729914392302
0.0127811353324342
0.0112490040707965
0.009776582763024
0.00844867517139395
0.00725895057392956
0.00617161303553463
0.00516373806537244
0.00423073991791263
0.00338288084624181
0.00260514894737558
0.00189364589624019
0.00126134624155836
0.000673183327263456
3.90730612806171e-05
-0.000592537889469326
-0.00116857511769477
-0.0016864329906899
-0.00212900166055295
-0.00250415131950793
-0.00282103305124795
-0.00306578077508796
-0.00325811198015284
-0.00337629853719341
-0.00344131373160443
0.0234125213505471
0.0212648784364363
0.0184859420690503
0.0255595049373887
0.0259485589081
0.0261525927564511
0.0170284927230765
0.0155809577968135
0.0142770076895472
0.01314830444713
0.0123037953867541
0.0116029509768317
0.0110776456199403
0.0107337157554319
0.010562084170467
0.015774673291942
0.0134233979261479
0.0112554405309541
0.00917908522082052
0.00816984547338351
0.00734960641706677
0.0065772883306827
0.00588743639317538
0.00529992845099525
0.00477502569776791
0.00431682183429917
0.00391933055152327
0.0035752788074016
0.00328208365403766
0.00303453728039719
0.00283331015266007
0.00268008928686661
0.00257603638851273
0.00251626737537071
0.00249322385823589
0.00250937631178614
0.00256292013850073
0.00265004950356774
0.00276390446022681
0.0028915967200483
0.00302198612584023
0.00314739490127602
0.00325338678724165
0.00332927551619919
0.00337064240436892
0.00835611051403005
0.00772581502687815
0.00726014328890466
0.00679735309640534
0.00658387683239377
0.00643175705801907
0.0049641012492645
0.00467723956946713
0.00443591384396975
0.00425650788098429
0.00414962019629302
0.00411300762952914
0.00414254432674826
0.00423620997656152
0.00440004176905808
0.00464378866428389
0.00496490027603706
0.00535946432745787
0.0058671227772898
0.00652647673336812
0.00733157405465256
0.00831651859287325
0.00951387499027668
0.010946855270195
0.0126264613076233
0.0145428005453462
0.0166611708245276
0.0189260941776582
0.0212422832632183
0.0234819042119689
0.0255240979547484
0.0272658205495364
0.0286240342865019
0.029543954381701
0.0300220683346929
0.00483136990036891
0.00448697884018955
0.00419800645576095
0.00397420837190312
0.00381544376673489
0.00372379809012927
0.00368316818618454
0.00369107480627488
0.0037577634709589
0.00387561984865054
0.00403631342136646
0.00425992631983109
0.00457456203970912
0.00502431497969573
0.00557581500234806
0.00621155510227007
0.00697101118511289
0.00787905569698296
0.00896636839242393
0.0102983904212525
0.0117865171875651
0.0137179277231391
0.015237718048477
0.0170001180254269
0.0194126709646829
0.0218390612913957
0.0242559343464283
0.0265741033739099
0.0284529686411529
0.0299420679039515
0.0309579525501692
0.0314983672403125
0.0241691357492916
0.022502903970669
0.0208501554872517
0.0194180862860868
0.0181117735190567
0.0251114207988293
0.024459648007554
0.0236182263181659
0.0229164600216312
0.022126401052175
0.021187146998192
0.0202874980992227
0.0193110110637689
0.0181669513361762
0.0168530885809802
0.0156809415031688
0.0145357788704461
0.0134361789391652
0.0123916603408261
0.0114219438847647
0.0105378950227831
0.00972475123259497
0.00903597245488674
0.00821576322168259
0.00747512679629333
0.00689229260842002
0.00639129848473044
0.00597538523378089
0.0056724156270748
0.00548258012563888
0.00537540547286537
0.0178298029481503
0.0176261961063517
0.0176292446191342
0.0167571215109253
0.0150523654158611
0.0132701060419746
0.0115927132238926
0.0181083654760123
0.0185717439337658
0.0190217353574468
0.0170460269331691
0.0168623963354005
0.0170311379947553
0.0174410629430565
0.018373013330479
0.019633230983589
0.0214920314806308
0.0245188886004392
0.0281044511254446
0.0194168899099304
0.0200218335298745
0.0208772756230328
0.0301364692680791
0.0326729020047752
0.0355071918139715
0.0379689253905992
0.040276770003228
0.0421068059556579
0.0430824146201769
0.0429840933025435
0.0411819230269323
0.036934867580079
0.0302118144408475
0.0214993080806382
0.0300698451633525
0.0322827595595525
0.034770969503002
0.036653542916302
0.0390459657048096
0.0407970247060641
0.0427075198335937
0.0442728407683498
0.0452493558570358
0.0457715761082164
0.0457464127042341
0.044971732068942
0.0433152656923352
0.0405449483917467
0.0359195075332159
0.0308191558484905
0.0252432401888665
0.0207136346958314
0.0168524011748584
0.0137745184568352
0.0115446608357271
0.00984082776108327
0.00861264797969157
0.00789885574685338
0.00755040097258662
0.0178188498501078
0.0147171756070151
0.0122956775663971
0.0106696713559724
0.00930766984152164
0.00851671502059966
0.00809221832330878
0.0173119416479808
0.0137546006912753
0.0107456778516745
0.00839421136786252
0.00644587302201931
0.00480295999455892
0.00345292778070524
0.00233978091507051
0.00143682498450529
0.000709889772442012
9.79056634109436e-05
-0.00040844488206155
-0.000810632969643178
-0.00111296636666357
-0.00133233787383186
-0.00149501893820866
-0.00160325756911555
-0.00165675072591768
0.0217111498402078
0.0228892658643654
0.0244959340448752
0.0265289444501508
0.0287838253092593
0.0310794458867498
0.0333782084645033
0.0356413957506435
0.0378279179249366
0.039892444849431
0.0417844039883093
0.0434510478826232
0.044842540850649
0.0459796236937974
0.0209769389295386
0.0212224560825705
0.0215997051566172
0.0220951168961459
0.0226349143140985
0.0232635060229828
0.0239741222306339
0.0247316587495159
0.0255295696972852
0.0264207063234492
0.0274056662184842
0.0283752085395418
0.0292243780931074
0.0299501701307
0.0305194153203888
0.0309803041467645
0.0312810882422724
0.0314512819350587
0.0462752727656488
0.0461862893466323
0.0457420885098826
0.0447179438473147
0.0430502822481624
0.0407789914631807
0.037003301021621
0.0314788457781434
0.0258488669425371
0.0211815944332466
0.0175249909429259
0.0146110272159976
0.0122031675735408
0.0102909893765467
0.00888332941603158
0.00795145800653398
0.00735960300478826
0.00703858468333096
0.0465898810185105
0.0469105779391397
0.0469787915401223
0.0468095858993601
0.0463917405445433
0.0456982110554048
0.0447543048790768
0.043686167521309
0.0426603977739564
0.0418486567492231
0.0413838763420496
0.0200227532820441
0.0222166083659692
0.0249765808753147
0.0278739273883863
0.0307904310975561
0.0337624155181944
0.0365534283720123
0.0392865863355473
0.0415695157301344
0.0432529601746991
0.0442144932893301
0.0182387698128031
0.0184121068327315
0.0188173956863135
0.0195155110945102
0.0202726069414834
0.021324431460918
0.0223621006805978
0.0233600285086916
0.0243918580457526
0.0250204357889788
0.0256592119814713
0.026076858994399
0.0262912305816855
0.044830527915549
0.0445254159646204
0.0434594241261229
0.0413899731832927
0.0387372967056579
0.0356438603856962
0.0329833425616943
0.0307471154661603
0.0293435822676652
0.0437396535355988
0.0422382113313643
0.0395071329621383
0.0355143510285658
0.0306636502212192
0.0257037587495246
0.021184523205332
0.0172544246942818
0.0140115173036163
0.0113804253643192
0.00915421463656016
0.00736413643661883
0.00592290322626325
0.00473731286053141
0.00376280815792927
0.00292819481574113
0.00222292657626667
0.00166551703808423
0.00126436410538211
0.000968642020820944
0.000772073359453556
0.000675550715077547
0.0109657806394415
0.0104164870925529
0.0100177208744152
0.00980972931483513
0.0097858525566992
0.00994471279417821
0.0103332746466545
0.0109310732500303
0.0115050467021436
0.0124141763499693
0.0137231520857664
0.0151008619058961
0.0167541397068785
0.0187530792172684
0.0208728961227746
0.0232759005481808
0.0108877087290644
0.0103101866408638
0.00989667330718538
0.00964925831804899
0.00955810054714283
0.00963120040162149
0.00989883788339094
0.010411976202586
0.0111915460702096
0.0122027156945997
0.0133576969363828
0.0145660103466541
0.0158766385391076
0.0176684744066503
0.0250742769658219
0.0274370217471189
0.0299016073864246
0.0322734859231611
0.0348064536064771
0.0371173809404156
0.0392697837157032
0.0415993494491046
0.04338185917885
0.0449155162451941
0.0461171802619138
0.0470692047564874
0.0477582730859751
0.0482250137841596
0.0485162793043514
0.0486598623457415
0.024703042628661
0.026303235126749
0.0281469544511969
0.0299567034007215
0.0316454417932797
0.0334972257881384
0.0352289272340317
0.0367258888207762
0.0380060033384034
0.039141290863101
0.0401616795672993
0.0410355320437019
0.0416954803959606
0.0420622902952488
0.0192591967323599
0.020897365093461
0.0226548158326494
0.0246263440977932
0.0267034658075364
0.0288744438336796
0.0309889844657335
0.0331126344388546
0.0353311954263641
0.0375126552080302
0.0394961308593618
0.0412557973381471
0.0428453443436544
0.0442922121689445
0.0181734680090856
0.0189553718931381
0.0199017244733091
0.0211887192335423
0.0230812244252765
0.0252180118894874
0.0272692305930237
0.0296083556370111
0.0320458217206579
0.0344335485994769
0.0367373345162203
0.0386934401674474
0.0405577464214685
0.0421364096223743
0.0433245716419362
0.0439884556433917
0.0440934921883307
0.0434704606688499
0.0419155428123446
0.0392531892148957
0.0354224159637589
0.030747965986889
0.0258514208689016
0.021299161440078
0.0173082680121496
0.0137942029570724
0.0107890291768954
0.00828600607415834
0.00607921506378609
0.0041364539700229
0.00228122618994537
0.0448590769804812
0.0451759062806297
0.0451258191431729
0.0445214914298548
0.0430767243135878
0.0406653802116931
0.0375908734339817
0.0336511533923024
0.0290170314668107
0.0246138888300938
0.0205676697856309
0.0171406356247765
0.0141402910498692
0.0114117563158155
0.00920795905682172
0.00744691483745999
0.00581586966869044
0.0043958195073249
0.0032328908052996
0.00230164679791835
0.00151847892743851
0.000814396194172182
0.000203410719077573
-0.000309605283981534
-0.000756330693519298
-0.00117270805926865
0.0450870378131319
0.0456226253827066
0.0459591863523895
-0.00150585755707219
-0.00186415516796044
-0.00223176348244751
-0.00257368789281247
-0.00287650729406557
-0.00315807708212635
-0.0013727098758663
-0.00156339087796651
-0.00167094087954539
-0.00173508803981656
-0.00332956966539086
-0.00345131328409614
-0.00352781643797685
-0.00356671286060483
-0.0032687023656228
-0.00333741190660471
-0.00336930815486394
0.00134319328654118
0.000560134404469955
-6.96715776980143e-05
-0.000627593195599106
-0.0011569897647353
-0.00164869731549322
0.00140495992791704
0.000701403973252867
0.000101068145395472
-0.000416365119690261
-0.000871445842485173
-0.00124661387285952
-0.00160961361898503
-0.00192075657559238
-0.00220716669317794
-0.00246958963395057
-0.00270469724556202
-0.0029250902259482
-0.00312512803861773
-0.00331451262940419
-0.00348866996865177
-0.00364400782664372
-0.00379605257759624
-0.00198569951896333
-0.00225341864090107
-0.00251170456250098
-0.00274087993836097
-0.00296536651125357
-0.00317203118549877
-0.00336319922678025
-0.00353927131691195
-0.00370164887292618
-0.00384769649845586
-0.00398241880533392
-0.00410617626107791
-0.0042165154343125
-0.00431081210907487
-0.00438835511233016
-0.00444975086254225
-0.00449542877881387
-0.00452558031771874
-0.0045410408265285
-0.00177313910850279
-0.00185904954770426
-0.00192586537516263
-0.00197070835488248
-0.00199811416581003
-0.00201175544553762
-0.0039173210983032
-0.00403769317549283
-0.00414268963286327
-0.00422439047876052
-0.00428901224830116
-0.00433159290165002
-0.00435377035900682
-0.0038694751459066
-0.00393175635012769
-0.00397454397924512
-0.00399565033107304
