0.05
0.0366503370087303
0.0338164993033269
0.0291236060537208
0.0345144524059659
0.0314937523544426
0.0278048674456028
0.0366042243724762
0.0337013229060796
0.0284402692454509
0.0248911059773094
0.0224011333238879
0.0208448903400635
0.0192768999286486
0.0181918162180734
0.0367406375483672
0.029628704431263
0.0230358764016121
0.0221269283367714
0.018783394284876
0.0156435348771536
0.0149874780665015
0.0147336197125456
0.0146338282225207
0.0148031010074734
0.0157045341451805
0.0174635452540846
0.0197268162684615
0.0223952581098042
0.0253955116928901
0.028637707078751
0.0321852203328181
0.036468635778478
0.0345185057738121
0.0318449608171419
0.0296180834142435
0.0277568257911337
0.0263288772064048
0.0252366318631286
0.024226459578457
0.0261108531592167
0.0235781736632732
0.0211876313966723
0.019449639411446
0.0180789775992287
0.026673237592279
0.0246906422600254
0.0229146615028888
0.0182476474853402
0.0188347320619383
0.0198104653478913
0.0210001436546438
0.0225079419731803
0.0243130754177711
0.0261597584655626
0.0281656821759487
0.0303553226525462
0.0324833254447779
0.0346243417230819
0.0366985827404057
0.0387259032317787
0.04056554973614
0.04217710139985
0.0436385857839655
0.0448607031068038
0.0458711470649197
0.0466609005459869
0.0471533996030526
0.0472668507469231
0.0469324712551338
0.0460469899560484
0.0445318037690529
0.0416563545023748
0.0369198497003115
0.0313501010802335
0.0257655818872395
0.0211109499897341
0.0173617650902644
0.0145372168264597
0.0125625809997917
0.0113131513880653
0.0106893540801492
0.0170865643484489
0.0166102762813313
0.01634925906428
0.016306842338767
0.0164405947283177
0.0166789229444255
0.0169999970971815
0.0172875283277477
0.0175415646276995
0.0177460324198943
0.0178592898492811
0.0220402811080878
0.0211700005469681
0.020275410429477
0.0212472177013366
0.0200123341878094
0.0194809803507585
0.0201160737838828
0.0199642111503965
0.019819984236597
0.019526539578666
0.0189507145856605
0.0189657532651438
0.0194874864206758
0.0203405635500783
0.0216733514589892
0.0234209838898078
0.0251026041231901
0.0267515059942907
0.0285337935964821
0.0301929374633646
0.0317274119537144
0.0329973852917611
0.0339237432083856
0.0345183778895823
0.0348526386242828
0.0198851422493291
0.0208683994470632
0.0229545550874351
0.025923894983176
0.0293002842697339
0.0333303430782969
0.0196643520662272
0.019571037313252
0.0195265141545662
0.0355737759972432
0.0381446179580404
0.0406266115107203
0.0428496990656895
0.0447373805186403
0.0460341098878971
0.0466137295170762
0.046414184742347
0.0450579964139458
0.0417183456691852
0.0357461525851661
0.0284697142745423
0.0218659450589863
0.016542375957087
0.012436822242193
0.00933538856858052
0.00702664669342998
0.00530958455374245
0.0040076987605331
0.0030588161188684
0.00231530172185607
0.00176528117761234
0.00135382076930989
0.00102877997707446
0.000836724564477646
0.000648447427477988
0.000518247763850168
0.000418883387207251
0.000346492734690525
0.000296361397047898
0.000259367156074468
0.000233233770297409
0.000219410090509418
0.000210179792506447
0.0353925393484387
0.0375738834024625
0.0397188980434639
0.0420595837493242
0.0441423623213173
0.0456874195409744
0.0464998726114134
0.0465053965863313
0.0453308325768688
0.0423103559660038
0.0368280960907104
0.0296432674591898
0.0226783961147024
0.0170908480080242
0.0129088955366713
0.00964775613864851
0.00725251372526263
0.00554702600369244
0.00430255775843595
0.00338011529677982
0.00272280686662162
0.00230325435036836
0.00209430881291477
0.0194863278696764
0.0198034682011207
0.0204005161880538
0.0211898186640868
0.0221049916438264
0.0231076664549558
0.0241664215913429
0.0251981015711884
0.0261319257748661
0.0269355249599239
0.0275757089169039
0.0280196335050239
0.0282537554730077
0.0197448380459737
0.0203196363287938
0.0212228640243355
0.0223649801644191
0.0237399160690885
0.0252953748107108
0.0269204600229867
0.0286677415699662
0.0308142245136822
0.0333060900807562
0.0359150784523886
0.0383837298777779
0.0406237374398539
0.0426694373184909
0.0443686494969233
0.0456860619617473
0.0465661642076003
0.0470478743243774
0.0472131449411743
0.0469571705284907
0.0459044870906339
0.0439006211141837
0.0398045878710847
0.0342788050051261
0.0280133764598181
0.0218401313627438
0.0165622511357821
0.0124844954783998
0.00953194822674009
0.00743240469405731
0.0058638257565509
0.00465345451310333
0.00380684637358242
0.00315275494658426
0.00263398550388495
0.002311727812944
0.00214892687773053
0.0195748114338223
0.0199888547953359
0.0206453370482548
0.0215866948137021
0.0226508903854912
0.0240675653411809
0.0255708259528358
0.0270624868717099
0.0288528977144229
0.0306928575784572
0.0320886438399923
0.0342818183834895
0.035794363169205
0.0377201468754238
0.0397657862949964
0.0413220272226364
0.0423148546273239
0.0433123231966812
0.0441464655331384
0.0447498232912588
0.0451594717642344
0.0453539825067559
0.0193656310765026
0.0195414300216617
0.0199817271509679
0.0206693590606017
0.0215459722560887
0.0225697398688112
0.0237191224979546
0.0250667024402268
0.0263588816274361
0.0278288668793007
0.0294760003622292
0.0311924194389095
0.0337121421550315
0.0362796181508571
0.038630244567464
0.0407702558257873
0.042613040366893
0.0442058870987372
0.045444787427366
0.0466061040038526
0.0475292332280202
0.0481923944309822
0.0486517442223136
0.0489620625563489
0.0491439529849078
0.0492339220383984
0.0268997643692109
0.0258192963766261
0.0244179346237106
0.0255871493056504
0.0234224490477298
0.0211745993901622
0.0239057749031211
0.0232815519798258
0.0224805086445487
0.022801299528951
0.0206445198118596
0.0183866384426289
0.0169415488702106
0.0162456079408038
0.016049982079193
0.0163558364619803
0.0171240189126778
0.0182137404102878
0.0196549455365008
0.021307320386074
0.0231183013325607
0.0252088948156083
0.0280760814176368
0.0316137181920071
0.0345777352305481
0.0379343364924413
0.0404682477234612
0.0427875955694579
0.0445299471679948
0.0458871195577805
0.0465621706873068
0.046468751411255
0.0454091696507989
0.0428844844579239
0.0383985505368216
0.0321917750397162
0.0261923743396582
0.0210499543732746
0.0164487433474599
0.0132581738667342
0.0111331183208023
0.00980028241436286
0.00913054337791305
0.020230915808706
0.0179639267903525
0.0161507339266163
0.0149406833633438
0.0142856656093675
0.0140428523210055
0.0141232464627447
0.0144480523148494
0.0149053966559952
0.0154090451744043
0.0158708018336419
0.0162164090990313
0.0164106717541684
0.0210128544822852
0.0203022324680175
0.0200784264579922
0.0203184268727226
0.0207461760752331
0.0213688235135157
0.0198708473038197
0.0201817168639782
0.0211009917428066
0.0224320377214681
0.0241496160313363
0.0262460015541597
0.0285729225822136
0.0310259127645074
0.0335764259113098
0.0360631127285945
0.0384575157814936
0.0407080860052309
0.0426978082623945
0.0444115772837119
0.0457459672976713
0.0466631136111872
0.0471249237050541
0.0470985978580592
0.0464883367651218
0.0451225966026427
0.0427089882961246
0.0387163710051344
0.0336365584914206
0.0286353721228885
0.0245934880417471
0.0220926573859715
0.0206447857553997
0.022175321718726
0.0235198438958348
0.025450863744293
0.0277949784803635
0.0301011705609104
0.032513011377002
0.0351363599506084
0.037518939293933
0.0395284487068079
0.0416290898515567
0.0436011459988589
0.045213142780157
0.0462864947107372
0.0468542727511328
0.0470380774876822
0.0466335465537035
0.045403676933102
0.0430534347633507
0.0394672661062035
0.0357481023491112
0.0320583843184951
0.0281944057866157
0.025122239540598
0.0236621691303298
0.0219504231834251
0.0228828618633321
0.0239721902451742
0.025303699752686
0.0266032737155309
0.0280789825119078
0.029541863399551
0.0307115751223721
0.0317550055682551
0.0327133139772665
0.0333969326531652
0.0338075155035884
0.01991523552389
0.0186863142585543
0.0175487739298609
0.0165680515921612
0.0160062861307618
0.015837035205123
0.015974803968299
0.0164145733417865
0.0170873285375402
0.0180030839827251
0.0191662513160464
0.0204837119042816
0.0218627224079151
0.0235109940923555
0.0254138902224134
0.0272967225567479
0.0290084546396167
0.0305673849872233
0.0319491838291514
0.0330913282087802
0.033939046707621
0.0345036694627293
0.0348347809885902
0.0200113899136225
0.0189356559323292
0.0179790282816871
0.0171739883564585
0.0166939183634874
0.0166117107030565
0.0168962430994854
0.017524866226519
0.0184716234887372
0.0197056937544701
0.0211989036217507
0.0228535369992513
0.0247471060912831
0.0268619305576522
0.0290221425640567
0.0311587534895443
0.0332700054691257
0.0353494546112618
0.0373609812970029
0.0392362196079291
0.0409649304274697
0.0425178903119916
0.0438372088977938
0.0449704737499198
0.0460486096138287
0.0469474571167858
0.0475654071655948
0.0478982194975572
0.0479515475415296
0.0477525702725126
0.0473147234603956
0.0467151772792642
0.04600400946895
0.0454300709689756
0.0450550434224096
0.0187454763763397
0.0197360410268138
0.0213259340340054
0.0168925676923684
0.0158864637434089
0.015373340501801
0.0213124653683319
0.0216912062177505
0.0224039444782507
0.0233447802936867
0.0242626933738963
0.0251779610646873
0.025958711578369
0.0265146585785456
0.026805566685036
0.0242117065556078
0.0273029956034579
0.0306756307302026
0.034307188367877
0.0365562578153845
0.0385537147490466
0.0405607333318559
0.0424101621524394
0.0439563093609188
0.0452240926199819
0.0461298950909423
0.046623491444249
0.0466389888234824
0.0460540961433244
0.0446362873080119
0.0420517906909428
0.0381116423325034
0.0332736534484134
0.0283492982560083
0.0234657643513453
0.0188994772186349
0.0151881288424366
0.0121979527288857
0.00984445244332166
0.00805972261432202
0.00671842047129795
0.00570696605381046
0.00499696551472647
0.00455055445297688
0.0043260022496714
0.0354600326350725
0.0364726514194594
0.0373063761873816
0.0382217707293894
0.038666929372773
0.0389964793761444
0.0338165374176207
0.03578788776079
0.0380837050232358
0.0404750407036279
0.0426656269602524
0.0444742613614053
0.0457795044187136
0.0465010288780818
0.0465258505662199
0.0455764714331614
0.0432367624558812
0.0391711077907432
0.0332802387731132
0.0265988408240588
0.0207311971380777
0.015986168106236
0.0122750933377112
0.0094184491837032
0.00723541238033995
0.00557349337891616
0.004309077497949
0.00334400102420724
0.00261009843590063
0.00205844055958089
0.00164934934200976
0.00135300976592772
0.00114853880042181
0.00102127821834751
0.000958435366881424
0.0345218275362943
0.0366883259420941
0.0389308144757445
0.0410930009543585
0.0430487880805609
0.0445846181911801
0.0457647243203641
0.0466739798306728
0.047139142030148
0.0470459494946424
0.0463610708978644
0.0447780351109456
0.0416486478954263
0.0361626480734323
0.0294873125814565
0.0233304792669687
0.0181802096011418
0.014110915149983
0.0109286855555115
0.00839248102589296
0.00652568598868935
0.00493042850756438
0.00404236717982348
0.00327664273502698
0.00254064230945491
0.00201315524891797
0.00160312979850403
0.00128072660855351
0.00105658276128962
0.000898207489566285
0.000798513314617623
0.000748068375671925
0.0234976449446252
0.0228367560551303
0.0224610195341012
0.0224236070701548
0.0227175926153564
0.023422039315923
0.0218413822061675
0.019871329405492
0.0185306564881356
0.0174925909217551
0.0167955614554802
0.0165261748874398
0.0165499783206952
0.0168529997841953
0.0174914110710829
0.0183191205546233
0.0193686281074813
0.0206043622579546
0.0219935894356404
0.023481545032004
0.0250130243221086
0.0265779412333821
0.0280249764371959
0.0298831857154733
0.0316644484080676
0.0331267337958658
0.0344230001581679
0.0355235801332569
0.0363370028981884
0.0368508494939993
0.0371423655027226
0.0239319518583632
0.02633712851142
0.0297547890154899
0.0222506922944599
0.022107755765086
0.0224499295249254
0.0233454816881408
0.0319636181349605
0.0336324080053424
0.0349525958712111
0.0304562316627595
0.0314763644570579
0.0329155001540183
0.0343214812949237
0.0364987466193601
0.0355330189000836
0.0371430033290141
0.0396161153042342
0.0423117443080476
0.0364624188942042
0.0379999438876241
0.0396714955435673
0.0436546326661897
0.0449782615285761
0.0460428870973201
0.0465160367537953
0.0463275315395544
0.0450683286719394
0.0422918104894887
0.0370719207013396
0.0299519879490671
0.0228363473893365
0.0167255612563702
0.0109710841473984
0.0436695003826709
0.0449227578370047
0.0459925322239725
0.046527869300944
0.0467894433501737
0.0465318426333753
0.0454725126262346
0.0431317684091862
0.0395881917486639
0.0347104494656353
0.0290262271089934
0.0235036115164597
0.0191447666835656
0.0156638798956828
0.0124338469786448
0.0100094114873441
0.0079081804749283
0.00638305121149556
0.00514802848762205
0.00418514617924102
0.00349346130168563
0.00296654673686372
0.00258696620598505
0.00236629554062377
0.00225852566425553
0.00862495819884252
0.00682751608931952
0.0055091953446087
0.00465915367874051
0.00396961343965191
0.00357773594869685
0.00337028060912846
0.0085401283154656
0.00666658007763462
0.00519469580748572
0.00411309538796097
0.00326539924674501
0.00258790031039242
0.0020593868512073
0.00164502944438946
0.0013248364420701
0.00107867224131644
0.000880499181852273
0.000723527783640854
0.000603840865750157
0.000517041886933584
0.000455896163511044
0.000411633525347241
0.00038272673423879
0.000368607409194259
0.0403257216948069
0.0411296260122667
0.042089430614125
0.0431416239111855
0.044119342956607
0.0448903070398592
0.0453929968666993
0.0455544164791105
0.0452758663778818
0.0444074616266473
0.0427115121824811
0.0398562787334859
0.0356236621642151
0.0300631114932353
0.0405996309528646
0.0416111667367984
0.0426609661577973
0.0437071582081566
0.044613776319229
0.0454668474835446
0.0462423599977478
0.0469056444495269
0.0474694333771952
0.0479803725879565
0.0484367920259129
0.0487963193460571
0.0490462364956419
0.0492147962133449
0.0493194916732318
0.0493872847587302
0.0494240981342952
0.0494422261320793
0.0266217959517864
0.0233046066515559
0.0203035596024195
0.0172604914410934
0.0147996298368424
0.012899520793014
0.0109040866894394
0.00884748695787124
0.00713520303317988
0.00583541910688853
0.00484693552396604
0.00406344699475591
0.00341317638852327
0.0028925396917705
0.00250600863014277
0.00224836911892782
0.00208393005753559
0.0019944442330003
0.0267366955693188
0.0235582233848226
0.0207046628394952
0.018201603886502
0.01599896140952
0.0140488555252823
0.012390854884265
0.0110935133438533
0.0101544904688897
0.00954613736304307
0.00923807297889736
0.0378715726855717
0.0395067636062934
0.0413028103033026
0.0428662411567249
0.0440737363621193
0.0448472010629076
0.0449925324366299
0.0442320620439868
0.0420763544762386
0.0377915409434207
0.0308184442420003
0.0379151595286172
0.039696376907662
0.0413457502852566
0.0431407079992067
0.0445525841460046
0.0460317936643503
0.0471398062820028
0.0479641765174825
0.048615999436918
0.0489354651220745
0.0492016204610832
0.0493488903128837
0.0494167306657947
0.026463588578468
0.0223616586146849
0.0188744235145258
0.0156605776080588
0.0132676411987469
0.0113752386291185
0.0101073147478208
0.00919927651690979
0.00868254743707922
0.0265893034460561
0.022341281507385
0.0185165054827585
0.0152364354211152
0.0124806826562411
0.0102098557033734
0.00835187994741345
0.0068119694183253
0.00556753441076743
0.00456935833875624
0.00373325608193462
0.00306873203878137
0.00254117790802707
0.00211452545885687
0.00177065854351321
0.00148225691516219
0.00124358254698633
0.0010587294772352
0.00092802721282557
0.000833089108792111
0.00077071096579916
0.000740305944275492
0.0238428475923356
0.0247597693404433
0.0260408837397045
0.02755818662085
0.029243880578574
0.0310948077501193
0.0332330927628402
0.0353543926812549
0.0368806009374329
0.038780152551404
0.0408460226910177
0.0424645895532692
0.043889659254663
0.0450488314426658
0.0457326166177753
0.0459229592933191
0.0240176906141211
0.0250538624973624
0.0263688372737846
0.0278891047316812
0.029612414588426
0.0315506634528044
0.0337367895930066
0.0361591016214302
0.0386291192578758
0.0409036686446607
0.0427853865983201
0.0442132279585701
0.0453055633849874
0.0462315755679622
0.0456007364366704
0.0442285291769313
0.0415630060913
0.0376584883815387
0.0323097809751345
0.0270378993402041
0.0222789393966058
0.0175597167967298
0.0142645071202971
0.0116121197564908
0.00960650462303025
0.00802645291949711
0.00685943448185631
0.00604028217119019
0.00550877713520004
0.00523849650406608
0.0456942020695567
0.0446857170304563
0.0425681294922393
0.0393913178862306
0.0355097103919146
0.0305856724254999
0.025854410718479
0.021959198926316
0.0188779898981316
0.016366032166687
0.0142842666102612
0.0126244195455189
0.0114386316829743
0.0108022905728198
0.0462558927901856
0.0457729612105623
0.04471526630224
0.04282474397207
0.0399606177146083
0.036093499956558
0.0317932017719325
0.0273480651091107
0.0229045558257957
0.018903736829137
0.0155929739593658
0.012862822287315
0.0104901042990863
0.00830851839121094
0.0467256622542663
0.0468298906612707
0.046481656709264
0.0455022211307022
0.0433432366124221
0.0399499621872055
0.0358417623410827
0.0306455377742182
0.0253291233921623
0.0206055895290464
0.0166043858196184
0.0135907970414794
0.0109716488285517
0.00883592621961089
0.00711054599730037
0.00578667842229926
0.00472341148364605
0.00382701847115462
0.00311540215650761
0.00254804902177226
0.0020869800613247
0.00171007073191909
0.0014023461587478
0.00115377104121037
0.000952412490704696
0.000784029909192273
0.00064582150778362
0.000534902416198915
0.000440599052030041
0.000360509211778132
0.000286585945966717
0.00713611770692365
0.00607430692351669
0.00511026983278567
0.00423991521974253
0.00347216859537467
0.00286133811608528
0.00241163541772083
0.00202606130735184
0.0016864081222844
0.00141523840481449
0.00118900444505296
0.00100733777036556
0.000853597159439107
0.000717456729632842
0.000609978638955362
0.000525951980288201
0.00045001736164166
0.000385833005617632
0.000335031949724068
0.000295845215287428
0.000264208333985057
0.000237060493853711
0.00021471588631984
0.000196987863201079
0.000182435079530885
0.000169666937555916
0.00735497126189629
0.00669869782031146
0.00628153603152728
0.000161734791063076
0.000154352173671077
0.000147796649182449
0.000142485349232531
0.000138350517732614
0.00013489734559778
0.00016171849260802
0.000154371709039223
0.000150318719556866
0.000147941430397611
0.000133111379917671
0.000131985665431114
0.000131338487488395
0.000131027723787368
0.000133457585757031
0.000132622303489077
0.000132250052891024
0.000250625589854446
0.00022245234832475
0.000201292307132338
0.000183838248139695
0.000168491199179769
0.000155247697034117
0.000252265299480603
0.000226337242137034
0.000205718233064572
0.000189332826135039
0.000176208374558424
0.000166440229130381
0.000158024806303554
0.000151686524751101
0.000146608611081533
0.000142604050914061
0.000139534835023794
0.000137086987065141
0.000135201431022084
0.000133687947555257
0.000132504841984278
0.000131596736001923
0.00013081936461183
0.000149216979002708
0.000145066269424107
0.000141613113082991
0.000138983369006699
0.00013678540947746
0.000135068393572727
0.000133720853225011
0.000132666432654129
0.000131838186723847
0.00013120011108252
0.000130693250965167
0.000130290573213113
0.000129977849875046
0.000129742251242343
0.000129568734980945
0.000129443497294199
0.000129356945291976
0.000129302810171509
0.000129275978425684
0.00014941406121739
0.000145387068691173
0.000142253439041577
0.000140148466935914
0.000138860877818073
0.000138219551083924
0.000130365579509016
0.000129986800738215
0.000129704510880853
0.000129512560160233
0.000129376937424163
0.000129294836657922
0.000129254346587577
0.000130368110730021
0.000130024997600861
0.000129808347221731
0.000129707017185794
