0.05
0.037593841175401
0.0351506690744402
0.0312022835712583
0.035948780985663
0.0337205102128074
0.0314348957482547
0.0375367035210246
0.0352581476381356
0.0316037261268371
0.0292371455909834
0.027383098243413
0.0259368741953251
0.0238652825807453
0.0210723266594383
0.0377171448117953
0.0346896301488004
0.0325209119434665
0.0323843681360297
0.0326156197094451
0.0329564935323938
0.0329735141512284
0.0328869386891482
0.0326270137784644
0.0318615406279483
0.0297868952988155
0.0265366956912321
0.0230843644365485
0.0197385032051236
0.016624046353016
0.013771868393711
0.0110368979006942
0.0374349973906183
0.0357672343465984
0.0335860596056301
0.0318339095956819
0.0303892193056481
0.0292581065608432
0.0283324734201492
0.0273686836697752
0.0291005043920418
0.0270313803244883
0.0245456519399507
0.0219932825104168
0.0187850311747078
0.0288794531900324
0.0268146461464114
0.0247097201449472
0.0172741635749075
0.0156361569929334
0.0140311304686075
0.0126438873901768
0.0112927719412473
0.00999521003980546
0.00888008175482358
0.00782594755082961
0.00680329745086243
0.00589953121440039
0.00505501009105666
0.00428025327846374
0.00354843275744797
0.00289060093780487
0.00230364268878888
0.00174307043564778
0.00122598298811429
0.000724526300537404
0.000218616582253284
-0.000280397185429239
-0.000744475133816006
-0.0011675002444834
-0.00154235346028757
-0.00186512985948383
-0.0022246572097021
-0.0026146403528928
-0.00297295958505221
-0.00330040433941485
-0.00357606815766122
-0.00381070938272341
-0.00399973903009887
-0.00414016567171626
-0.00423328178077275
-0.00428120362229371
0.0174738607460513
0.016492364319431
0.015497674715444
0.0145167147940571
0.0136755495910821
0.0129669999282509
0.0123247267800747
0.0118697408107163
0.0115234641171986
0.0112722351607504
0.0111415069112603
0.0235322901110074
0.0220254505943541
0.0200176887446734
0.0222117005049668
0.0190181709548788
0.0157034233679042
0.0194453559347462
0.0188130433307082
0.0181109426554973
0.0187750416798268
0.0168112257010415
0.0145007251989676
0.0128617133322392
0.011446373176424
0.00995254294070852
0.0084961330856253
0.00736279062055113
0.00640969674171033
0.00550172672811142
0.0047367151689695
0.00408000582037654
0.00356455346187502
0.00320168870216336
0.0029740271530585
0.00284785000122898
0.016889082102905
0.0150696941022501
0.012838940057939
0.0106782439527633
0.00881245325629496
0.00697368682263769
0.0172228222434878
0.0163863015523888
0.0155166940212154
0.00611768725537626
0.0053033682020089
0.00462483434205633
0.00407528354440207
0.00362896181196858
0.00330596266099264
0.00310564415846959
0.00300661957478979
0.00301181092819212
0.00313945429719577
0.00340350020159595
0.00380873067283311
0.0043626341716478
0.005093533585896
0.00603788340768439
0.00723207705485873
0.00870392774630338
0.0104876040596048
0.0126612959287397
0.0151445482219108
0.0181251206322176
0.0213991203769839
0.0248773706104191
0.0286635588881638
0.0315393029649637
0.0351153508184489
0.0382022396430779
0.0410376562511466
0.0434166273187237
0.0452091243585236
0.0465787073501535
0.0475384017205238
0.048030398331528
0.0483474637934788
0.00608338373490858
0.00530844485317486
0.00465628863122215
0.00401468151232618
0.00345359300288214
0.00299083656952275
0.00263810540597824
0.00234813540675267
0.00214036791037943
0.00200242832043823
0.00193202874138193
0.00192501220011659
0.00198157738669931
0.00210004989303684
0.0022754408321828
0.00251914745516191
0.0028175406518652
0.00314698646788685
0.0034966038755825
0.00385462610848335
0.00418919644696405
0.00445208224008638
0.00460190145781054
0.0141684824809522
0.0128937675921216
0.0117343490816631
0.010708493056387
0.00980248266544718
0.00899198070435855
0.00826203453244941
0.00763402666769514
0.00711673099041796
0.00670160416502116
0.00638708008276408
0.00617621053344076
0.00606720027283619
0.0142712061852904
0.0130278727821103
0.011835042582974
0.0107673396500898
0.00978043203794887
0.00888174597284821
0.00810206698009509
0.00738879960695708
0.00662626231678974
0.00583417033831738
0.00507266535508849
0.0043990733279184
0.00381630932728052
0.00329551201027643
0.00285762516438593
0.00249892101924097
0.00222727779838091
0.0020308521255204
0.00187423682908071
0.00170403199641768
0.00154025305137673
0.00142734928791364
0.00133944722337348
0.00129271276937201
0.00127640183518595
0.00129203709260309
0.00134503535197992
0.00143649669753221
0.00155913510148277
0.00170186517990914
0.00186250883352573
0.00204094047643387
0.00221235463633464
0.00238620079420868
0.00255923569423327
0.00268511393640048
0.00275531225858434
0.0142469297957647
0.0129267860685912
0.0117113665723084
0.0104824441303853
0.00940787824937856
0.00824930411902109
0.00722055706939236
0.00633538524496802
0.00539960639576774
0.0045354058365552
0.00392441979046221
0.00302660153529771
0.00244111582468222
0.0017287547466334
0.00100120506357715
0.000458981031830329
0.000114634783465038
-0.000232217517662756
-0.000525206232689449
-0.000740168017063102
-0.000888235922741173
-0.000959274998485425
0.0144924153514597
0.0133144761154074
0.0121670406438037
0.0110578015394041
0.0100364359910967
0.00909893080850759
0.00822828907535891
0.00735986713504569
0.00663236320851009
0.0058986118658745
0.00516155935671731
0.00445239517999726
0.0034680649076226
0.00250061521957618
0.00163271388027771
0.000846318689159123
0.000159912467579522
-0.000453049750169691
-0.000954758119429718
-0.00146155842843254
-0.00191007055200527
-0.00227613132040113
-0.00256428838734315
-0.00278446232092851
-0.00292756162091717
-0.00300371127170825
0.0307782898292049
0.0299886733858359
0.0289332983977691
0.030376991628457
0.0294094335487463
0.0283834705864576
0.0284291435038628
0.0277839917120558
0.0269142798258907
0.0281922098661851
0.0269767148483085
0.0252146431301805
0.0234386472532694
0.021809905250505
0.0200740135862895
0.0182263983860387
0.0164401504225561
0.0148703158898207
0.0133876901228902
0.0120851226186288
0.0109481607619409
0.00987154690974816
0.0086029420767051
0.00718389246015306
0.00606264875414468
0.00483229610238097
0.00389186230533231
0.00297706109124635
0.00218914421622437
0.00139010024893146
0.000661643020493457
2.09609215450631e-05
-0.000580621591647715
-0.00113948710568381
-0.00164705761351158
-0.00211063040010581
-0.00249596348587355
-0.00282650810406211
-0.00314372370700966
-0.00338411044745252
-0.00355677006802265
-0.00367138095044096
-0.00373113353025051
0.0260701608417728
0.0248288464620405
0.0232813154820223
0.0215716030132082
0.0198894730232956
0.0182665794944323
0.0167733333999235
0.015424453626933
0.0143143597465113
0.0134211914812328
0.012753369157901
0.0123144205434276
0.0120858298247861
0.0236204694271702
0.0206980097101381
0.017301509616901
0.0158710526806259
0.0144032498726239
0.0128731011205518
0.0159510602126364
0.0144275618389527
0.0126612712088598
0.0110802022723879
0.00961633375727216
0.00822498703676543
0.00694571136389481
0.00577462039915416
0.00467844125792818
0.0036840783755608
0.0027643459755583
0.0019048001601965
0.00111670903184391
0.000373905183048251
-0.000309317096216275
-0.000937572031894819
-0.00150482805217753
-0.00202800027373998
-0.00248647078127473
-0.00288595640762725
-0.00324061079404639
-0.00358645272530774
-0.00389678154439602
-0.00415037143935832
-0.00434137279809709
-0.00445813207629709
-0.00452608323899543
0.0116565739863883
0.0103109398956305
0.00885490713215389
0.00742154616328668
0.00621109555137521
0.00508315124472563
0.00396235883778962
0.00300068644960899
0.0022065641689102
0.0013682539649692
0.0005334532790498
-0.000247924410799072
-0.000913236171813865
-0.00144910120102772
-0.00200842726500739
-0.00251666939008746
-0.00298324463718954
-0.00338869437125177
-0.00372993548456207
-0.00397257423614113
-0.00416539865508928
-0.00434223025162056
-0.00447503968820137
-0.00453720544884825
0.0115794029789888
0.0103284488591832
0.00927387319031989
0.00825940397986494
0.00743183779574425
0.00661741715134948
0.00590015977629816
0.00537523561997926
0.00493908402555466
0.00455953535310588
0.00429717837627804
0.00414269247349896
0.0276847167056611
0.0267017967853097
0.0253495969659606
0.023533107809494
0.0216566899080219
0.0199893785556689
0.0183033320263299
0.016655328383613
0.0151623562804515
0.0137280639833235
0.0123489021943337
0.0111121153354907
0.0100462915627044
0.00896427095525752
0.00786712287124198
0.00688849654879506
0.00606754023307952
0.00536486353770658
0.00477107087918819
0.00429714053021997
0.00395354926831185
0.00372803283931221
0.00359703776892157
0.0278133395704511
0.027057811620549
0.0260232881670863
0.02456633241979
0.0227758258245597
0.0208877275894404
0.0190154169075046
0.0171792713068648
0.0154233297355984
0.0137682954476024
0.0122152935522823
0.0108116767714729
0.00945526509946985
0.00814450738718452
0.00695528014890572
0.00588360997990057
0.00489883690561194
0.00398137034398919
0.00312797389781594
0.00234894611497382
0.00163131337206926
0.000972137941806491
0.000384039354756582
-0.00016517896982465
-0.000759557797652823
-0.00135347541863408
-0.00189670453813479
-0.00238635423986382
-0.00280577443277051
-0.00316198831671499
-0.00346336274028146
-0.00369643337224002
-0.00387977652808366
-0.00399251986670146
-0.00405456931911557
0.0194132979590127
0.0173609382205167
0.0147661032749768
0.021000035588782
0.0209389295149802
0.0209057401931894
0.0133685124692305
0.0119958411627681
0.0107635347428428
0.00969530363504896
0.00889307034647592
0.00822442139242113
0.00772113829018234
0.0073905159683321
0.00722516691317169
0.0123090233050725
0.0101808228138265
0.00820648487711396
0.00630100752631975
0.00537636621887017
0.00461976551465833
0.00390242694904105
0.00325652187813056
0.00270094906178172
0.0021979054642894
0.00175031229889666
0.00135120900331012
0.000991836132752164
0.000667808795375183
0.000371488532953952
0.000101617910693825
-0.000141079239598084
-0.000353909163438158
-0.000540530284188592
-0.000721993316930994
-0.000901774934282216
-0.00106174325317874
-0.00120331722317341
-0.00132441126406618
-0.00142235536656309
-0.00149933812250923
-0.00155907066309972
-0.00160167249803063
-0.00162866131286188
-0.00164227686998493
0.00553564764582196
0.00494385687364432
0.00450353600015757
0.00406309769949082
0.00385918958402698
0.0037135022513364
0.00982220208038445
0.00863562148283695
0.0074825447787527
0.00643202501595431
0.00554598818963033
0.004825923962925
0.00425828313002079
0.00382362938298196
0.00350221880993216
0.00329234546462776
0.00319637909643744
0.00320170305918906
0.00330439981182963
0.00351743929953357
0.00383783342649971
0.0042741085135757
0.0048371641536846
0.0055359987416171
0.0063774198816368
0.00736377693324305
0.00849231121568459
0.00975623295078103
0.0111283415747413
0.012551688501144
0.0139500649022266
0.0152309800467004
0.016292988566862
0.0170462846712695
0.0174494080973814
0.00947233716021101
0.0082253197722206
0.00709133544941668
0.00610617386801881
0.00527250919881887
0.00462843632549349
0.00411248187742438
0.00365530924539494
0.00328952900236708
0.00304333528450467
0.00289511610576687
0.00282374144637194
0.00283390452247754
0.00294057902114214
0.00314228510194956
0.0034290072701047
0.00381414190164938
0.00430604746726183
0.00491728757974132
0.00568332174697738
0.0065541528653891
0.00770669466110381
0.00863755430618038
0.00974984754711576
0.0113478887659975
0.0130661032499705
0.014892163457052
0.0167644422204929
0.0183794224263996
0.019726910471197
0.0206815222366968
0.0212014527158093
0.0261287577844779
0.0243860037867689
0.0224544422693887
0.0205548121286536
0.0185619665656173
0.0269853263252749
0.0260623870681585
0.0246403092713458
0.0233621805808226
0.0219328694759056
0.0203442896932541
0.0189552272779446
0.0175706460499975
0.0160572656562052
0.0144229912476973
0.0130391966513639
0.0117414589500715
0.010535019073798
0.00941832084850763
0.00840323102895227
0.00749368062385403
0.00666928387958369
0.00597944193451506
0.00516680067342064
0.00443960054852226
0.00387129854890837
0.00338550673661014
0.00298406153311552
0.00269264531479132
0.00251047026628675
0.00240777684360175
0.0168759798321655
0.0141196563138528
0.0106162110590855
0.0174960655419749
0.0159340901843929
0.0140767819582938
0.0120871433833506
0.00883658629995691
0.00758351696174562
0.00666117863779977
0.00932004205676955
0.00817017872511773
0.00700791647395353
0.00610393199734416
0.00493294998350062
0.00637076899709756
0.00581469427706587
0.0051106664933429
0.0044302238161343
0.00565453290915845
0.00474968515335154
0.00385046672123459
0.00430061260633907
0.00422615921750288
0.00421634633585926
0.00426451823223477
0.00436932649699566
0.00453099211653285
0.00473605479914347
0.00501309858036555
0.00537210390747839
0.00582855299989205
0.00640200928434937
0.00721484121865978
0.00392975866211953
0.00345323395372984
0.00299459356759716
0.00268904877282514
0.00234433463462667
0.00211622924819939
0.00188804769313893
0.00171339408433656
0.00160649453078871
0.00154333761778901
0.0015229259200321
0.00154880527795237
0.00161631779009251
0.00172353879132933
0.00189390364000589
0.00209127353779458
0.00234483363126885
0.00260854522711286
0.00290357251041491
0.00321308452561725
0.00349899202908326
0.00376783314243698
0.00399803949190112
0.00414867632646115
0.00422763504722464
0.00654644709596906
0.00605699856818019
0.0057289914917999
0.00554109585225698
0.00541032956395427
0.00534665898118215
0.00531711737809064
0.00881090346202702
0.010613983411838
0.0127118496340733
0.0149534811269786
0.0174411350340523
0.0202025973742924
0.0231169801679952
0.0261142716661756
0.0290596583171024
0.03185564015742
0.0345781883091817
0.0371393442811738
0.0393998085481719
0.041233463770623
0.0426284144713686
0.0436903817987863
0.0444050187547653
0.0447591866377145
0.00356007376283384
0.00323192998241404
0.00285772454274463
0.00244602964768111
0.00203644267667507
0.00165430511680344
0.00129678457136599
0.000961997209817338
0.000648853997684204
0.000356920255351172
8.62868381404631e-05
-0.000162742593252656
-0.000389596212586625
-0.000603968325482354
0.00332562489726307
0.00278130077835617
0.00223104062238884
0.00168615230371901
0.00120803113036905
0.000744306176956065
0.000300125608769737
-0.000109618972937795
-0.00049302832383764
-0.000882898023923891
-0.00128282776613722
-0.00165390495361292
-0.00196414392665789
-0.00221969352067477
-0.00241446637096909
-0.00256875087138608
-0.00266799076666394
-0.00272361940651072
-0.000430946762462828
-0.000232118053320849
-1.33483602492276e-05
0.000266443841174681
0.000564934126912929
0.000869058213993922
0.00128723646950642
0.00184885742852759
0.00245077964368262
0.0030299339776096
0.0035769714178556
0.00410621804758557
0.00463705092647901
0.00514461712271414
0.00558412134986841
0.00591371127006484
0.00614249862383079
0.00627431995644758
-0.000941046477757322
-0.00124293916919613
-0.00151327784010413
-0.00175794410988722
-0.00198379230373166
-0.00219464965469325
-0.00238315551991636
-0.00253720696658099
-0.00265269874235056
-0.00272948066847639
-0.00276900231374934
0.00446092004044463
0.00397871550254253
0.00349585822189195
0.00307817264780317
0.00271627801563272
0.0023882583871587
0.00210629915345674
0.00184727394926825
0.00163723875882808
0.00147739210784516
0.00136610671020781
0.00406892526391513
0.00310937102016551
0.00228317166190378
0.00141697455465809
0.000733081633868053
-1.25582809249407e-05
-0.000621035636392428
-0.00113017517815793
-0.00160007030859259
-0.00186663904427802
-0.00212306496414843
-0.00228433135986064
-0.00236526707741781
0.000693399694265717
0.000128162369108205
-0.000348961887954339
-0.000804020399366642
-0.00115957433653103
-0.00145422342021791
-0.00165923767137659
-0.00181046596412052
-0.00189840705708046
0.00187882733605665
0.00245365719541764
0.00309658571694412
0.00381827789179822
0.00463235975981865
0.00554376605649963
0.00656130830847748
0.00771647356658989
0.00899549427086848
0.010390221846282
0.0119696002427962
0.0136491518670189
0.0154042253912061
0.0172495404128098
0.0191474039465211
0.0211183707556248
0.0230687311906519
0.024820298253373
0.0262054627756241
0.0272986311032593
0.0280605823932788
0.0284451836485412
0.0112114222275431
0.0102275001268104
0.00922564398044564
0.00828740051462333
0.00741515124487696
0.00658068180586888
0.00571740382340985
0.00492621327729554
0.00437931881816201
0.00371137351860833
0.00297666017226408
0.00236490278228511
0.00176019275556553
0.001146989395497
0.000586446905077898
2.17767222710388e-05
0.0111965302983412
0.0102911230373836
0.00943162216830072
0.00863809650664931
0.00788936854961369
0.0071686562995685
0.00645892713756739
0.00576000093911203
0.0051109057408865
0.00454629942453237
0.00408336778097244
0.00371535489354832
0.00340042303535698
0.00306122496664395
-0.000203626810253768
-0.000457454135267927
-0.000692378961036873
-0.000899755541858869
-0.00110772779933154
-0.00128991233325217
-0.00145600744493057
-0.00163482601857351
-0.00177393298036006
-0.00189770592082214
-0.00199968999089097
-0.00208586283010855
-0.00215303807349329
-0.00220206238647639
-0.00223473398344162
-0.00225162045474645
-0.000414922693925005
-0.000842178352843288
-0.00128247531258327
-0.00167673641655579
-0.00201871588759385
-0.00237050962352745
-0.00268201360942258
-0.00294012298906831
-0.00315392517672747
-0.00333909168792812
-0.00350272298173128
-0.00364139917545075
-0.00374564592283768
-0.00380353947152704
0.00286658995340345
0.00273124512084726
0.00263838252093027
0.00258295867269701
0.00257052917625355
0.00260308226946315
0.00267919943769292
0.00280294149308529
0.00299044702636949
0.00324694538935697
0.00356367927475106
0.0039411152935007
0.00440428624889059
0.00499638691295349
0.00294131413050176
0.00285447419819518
0.0028174837315318
0.00282697982192617
0.00290042569332355
0.00304023345566298
0.00323027641183125
0.00351616127815486
0.00389738861943184
0.00437283854452258
0.0049616693857259
0.00560943203627429
0.00642978552302126
0.00741620806344602
0.00859041729565337
0.00989926990340124
0.0113998949239548
0.0132016773832679
0.0152230507138287
0.0174538287794837
0.0199116089192373
0.0225805251933337
0.0254123868979451
0.0283140427750082
0.0312224490478132
0.0341669388999578
0.0370137769676223
0.039585415651495
0.0418814487901701
0.0436823409642634
0.0448334828007302
0.00600847185865014
0.00723083950846812
0.00870672305614291
0.0104799359256121
0.0125696546656685
0.0147749179493387
0.0168666678474504
0.0191336880511308
0.0216525663659111
0.0241498613090482
0.0266872792455364
0.0291295522149293
0.0315846863868346
0.0341538566774924
0.0364957978358965
0.038555886831616
0.040615147074186
0.0424893286173749
0.0440051416251422
0.0451062551473911
0.0458326736435848
0.0461628069876513
0.0459608869078213
0.0451049019218274
0.0433808100772019
0.0403852302472053
0.00457984431022348
0.00427949464712419
0.00408194486034285
0.0366863293307317
0.0309722217010762
0.024331079401688
0.0182943960355375
0.0133611951280622
0.00913692378996997
0.0381011489262689
0.0338508040962416
0.0306256971273656
0.0283781402798974
0.00689030946069003
0.005440028966285
0.00459032037840607
0.00417707937582953
0.00738425428656815
0.00635367320483552
0.00589056651336536
0.0444794519571753
0.0427501028190294
0.0394095560098123
0.0341232075800115
0.027100969958241
0.0197983508250916
0.0453636977033251
0.0448711237053743
0.0432317393042422
0.040187650987693
0.0356551534696492
0.0306397718518005
0.0251594423178969
0.020502719582366
0.0165397294173195
0.0133012842759619
0.0107501087295887
0.00865913351113028
0.00699978800512919
0.00562273115248601
0.00450621825517265
0.0036168117734408
0.00282779737486529
0.016145919218272
0.0134705271016885
0.0111331209747432
0.00927420706541424
0.00765312991576967
0.00633076846001585
0.0052463335909807
0.00435881283154051
0.0036289132630234
0.00304003177225441
0.00254996517986861
0.00214181819832054
0.00180966566847174
0.00154805411710282
0.0013474569073056
0.00119753050184284
0.00109091788521072
0.00102280310699307
0.000988581114862057
0.0165480426602366
0.0141740660703396
0.0122561078751713
0.0109349760918196
0.0101136866144011
0.00970065463123652
0.00233861914312061
0.00190898722889822
0.00157252578646851
0.00133320684070972
0.00115729866163281
0.0010474791009568
0.000992206006478752
0.00237232597188783
0.00201309907074611
0.00177939978707414
0.00166793666135223
