0.05
0.0377347454711684
0.0352209757279431
0.0311523876601759
0.0361586326171945
0.0340361717502148
0.0320205704100276
0.0376965678606168
0.0356514349230315
0.0326589896380701
0.0310230445089757
0.0299261602590925
0.0291031727924687
0.0278554716342823
0.0258856903549425
0.0378439661316413
0.0337573799916459
0.0304060124679373
0.0299635432839287
0.0282854241215057
0.0265281575709919
0.0260317650072691
0.0256848758635705
0.0252082523006988
0.0242515851871265
0.0221826321703096
0.0193937007575393
0.0167627127903805
0.0144127056783228
0.0123465139581425
0.0105443192612318
0.0089053987860713
0.0376285040749449
0.0361673392751873
0.0343538303016908
0.0330102550012566
0.0320267250237464
0.0313725329696346
0.0309504748420679
0.0306262021951765
0.029349938435016
0.0276684764737816
0.0256713804874101
0.0235733747611114
0.0208372272151436
0.0286199569061053
0.0263639657551413
0.0240692360396281
0.0193320235829433
0.0176612542400928
0.0160025219399375
0.0145611166124196
0.0131559230063001
0.011809237015831
0.0106563150297098
0.00957145723935898
0.00852451700330801
0.00760437584446518
0.00674935087985384
0.00596946333257927
0.00523722936674982
0.00458318186544036
0.00400344359914557
0.00345382531301664
0.00295106433201955
0.00246793695494111
0.00198525609114719
0.00151412807482985
0.0010810844624119
0.000691726012175953
0.000352327578291562
6.53882959864655e-05
-0.000247922646462977
-0.000580750062981689
-0.000880240433060788
-0.00114799133044836
-0.00136839534338695
-0.00155191086422573
-0.00169673550984107
-0.00180244676680817
-0.00187160434044225
-0.00190688393790912
0.0199048975158026
0.0191707056215535
0.018396171770795
0.0176042940621589
0.0169053693755798
0.0163037933595195
0.0157491678173896
0.0153516575348135
0.0150467131483446
0.0148242157380871
0.0147080403656948
0.0228433915023341
0.0212924455111935
0.0192475180702253
0.0212534808198822
0.0177476041124553
0.0141988994803459
0.0186798691001706
0.0180547689288573
0.0173626784577797
0.0179194504002383
0.0158671591430144
0.0134940326163727
0.0118294370285298
0.0104015289613061
0.00890117490801899
0.00744290873564656
0.00631031376397311
0.00535909548056568
0.0044538741467396
0.00369183697351064
0.00303813791972655
0.00252533579297343
0.00216449225870097
0.00193816947583525
0.00181276043834023
0.0161956817053131
0.0145287094153501
0.0125557541850558
0.0107285478980182
0.00924005484681939
0.00788169944108894
0.016486838450509
0.0156656673848846
0.0148153630113244
0.00722250073179596
0.00671043533158477
0.00642153213045843
0.00635499601632685
0.00652427602696834
0.0069439279276155
0.00759154487245362
0.00850597728480264
0.00978623360436532
0.0115159766195557
0.0137305882517343
0.0164032342819565
0.019483304466694
0.0229345276148387
0.0266307216785874
0.030364531727923
0.033901284878395
0.0370578411689856
0.0397015604298719
0.041511618672469
0.0423438572067889
0.0417500770201101
0.0393093865551748
0.0343986191903558
0.0295966288082593
0.0232181701597148
0.0180863614811597
0.0138350401408174
0.0105564299437852
0.00818222012751729
0.00636211485517763
0.00503357896941468
0.00431545686772263
0.0038274886762977
0.00735911887146522
0.00704073257635931
0.00693393192400957
0.00705372648484367
0.00742946623956465
0.00807923805744667
0.00897978232523935
0.0102789247717729
0.0119506423102646
0.0140773800222541
0.0166465857047794
0.0196661634712395
0.0230654466222106
0.026608162448667
0.030078619583949
0.03356211833045
0.0367709620842158
0.0395263013299897
0.0418510067245972
0.0437638021602459
0.0452167841106812
0.0461713016128329
0.0466501727181157
0.0134788183168306
0.0122284289039155
0.0110992189546446
0.010104947631566
0.00922981695380162
0.00844887150185461
0.00774685276986602
0.00714372029400496
0.00664743352205295
0.00624947550752863
0.00594813138869219
0.00574617803522067
0.00564180218536015
0.0136329496724154
0.0124716758967224
0.0113752931378377
0.0104107134077507
0.009536132307753
0.00875768574211521
0.0081010796923049
0.00752115324649307
0.00692771862517059
0.00634319514177149
0.00581721174749574
0.00539296021515151
0.00507246677505358
0.00484038417287789
0.00470606515757749
0.00466755297262827
0.00472399546480614
0.00486361404943178
0.00509516626329081
0.00554074761366795
0.00622747289750055
0.00698015131279898
0.00799813489908154
0.00910973787316844
0.010418922487537
0.012038564881846
0.0139951327712763
0.0162086601412059
0.0184971035028242
0.0206991155087083
0.0228178959546984
0.0248565662663366
0.0265748081940145
0.0281275914918987
0.0295276303778111
0.0304760979261436
0.030981428800768
0.0126386750152354
0.0112460656090993
0.00997799891797097
0.00870721988659972
0.00760416709690086
0.0064227663936722
0.00538021133801948
0.00448808919157373
0.00355015993141579
0.00268854713410314
0.00208180191046905
0.0011939648128699
0.00061734823381374
-8.15451145317075e-05
-0.000792311826937925
-0.0013200468417995
-0.00165430348707435
-0.00199022219100091
-0.00227336478788348
-0.00248074396252216
-0.00262340311261956
-0.0026917939051961
0.0129366184380169
0.0117309652985905
0.0105735957772683
0.00946858241481338
0.00846205266864466
0.00754686602636533
0.00670416308124708
0.00587047610083912
0.00517740786570753
0.00448369235239672
0.00379220047614039
0.00313104985500717
0.00221800070879234
0.00132433390537408
0.000525492556036968
-0.000196032752119836
-0.00082410544375419
-0.00138364032450696
-0.0018406480117766
-0.00230128928446381
-0.00270801764117704
-0.00303929050651119
-0.00329964280937628
-0.00349831687645029
-0.00362732231741608
-0.00369593020499451
0.0314283414010925
0.0307424963424185
0.029859052903437
0.0312300528420345
0.0306180525671831
0.0300646938179715
0.0294296192277146
0.0288870378541603
0.028162878684154
0.0293754325178274
0.0287526770778609
0.0278601567285003
0.0268051148352603
0.0256364252364974
0.0241782964129512
0.0224273700291936
0.0205873363258238
0.0188825754977764
0.0172184374561017
0.0157277108676273
0.0144114681539796
0.0131564080105631
0.0116717638920436
0.0100070985344279
0.00868785501940204
0.00723358929145486
0.00611517772858967
0.00502012883554632
0.0040709907504393
0.00310321020979923
0.00221780977399464
0.00143851900958199
0.000708257303581151
3.30395875787296e-05
-0.000575975828307957
-0.00112756512814121
-0.00158213238316515
-0.00196897495629694
-0.00233738233177876
-0.00261477614135768
-0.00281307124239749
-0.00294425135395134
-0.00301249266983248
0.0290961517338963
0.0304284137918801
0.0317359045409476
0.0327336620080362
0.033315765360739
0.0335243341296467
0.0334003881370169
0.0330035932220262
0.0324531946734206
0.031848283140986
0.0312942274586949
0.0308800076661903
0.0306474395794865
0.0243051583832067
0.0209589518911779
0.0171797300401121
0.0156269515704737
0.0140629917243209
0.0124574156007269
0.0156999053200983
0.0141297908353343
0.0124064207136801
0.0109487335298155
0.00968106688174027
0.00855999585976907
0.00761151651807419
0.00682412086071567
0.00617026801927031
0.00566009007381806
0.00527253935484303
0.00499899720987426
0.00483992114823369
0.00478858524080453
0.00484558026293821
0.00500730445207156
0.00526459783226525
0.00561737654229874
0.00604172272161315
0.00652659158103132
0.00707093348106334
0.00771777329684423
0.00839731447196036
0.00902960812006333
0.00955700002626734
0.00990207188660234
0.0101123835404759
0.0113434107303378
0.0101727435940935
0.00897063472037916
0.00785132169199623
0.00696020496449457
0.00618225009035404
0.00546825831706191
0.00491002159097504
0.00449280245036666
0.0041025942438317
0.00377490306477934
0.00353526919250703
0.00339396345961579
0.00333106358779931
0.00332433852528109
0.00338102956794801
0.00349720277701689
0.00365827768453202
0.00384544381777487
0.00401142524396535
0.0041669797567159
0.00433107463580278
0.00446767234707579
0.00453539363843117
0.0109906423841219
0.00959869954384094
0.00844162216346456
0.0073408271896683
0.00645049129296693
0.0055804840274382
0.00481890082515228
0.00426416061642712
0.00380505392744084
0.00340680926337545
0.00313210283556582
0.0029705741940183
0.0298540529786129
0.029512877337972
0.0289082738088821
0.0278751524463324
0.0265556688284991
0.025175026256494
0.0235944915079295
0.0219026732260332
0.0202783853219815
0.0186625559792681
0.0170792355559033
0.0156500587823029
0.0144206399934682
0.013180834164928
0.011935254723578
0.0108356332976692
0.00992232720775873
0.00914764802781497
0.00849822220707197
0.00798334305654547
0.00761196946305546
0.00736908868677377
0.00722835566054171
0.0296362012397069
0.0290451334840196
0.0281730848686952
0.0268445423603584
0.025092095893021
0.0231429626868535
0.0211413853798216
0.0191381820137563
0.0172045638718554
0.0153787117893163
0.0136700041339395
0.012133382967332
0.0106574079236474
0.00924042500381958
0.0079629518570394
0.00681828564818824
0.00577168464380775
0.00480090579212282
0.00390141297852512
0.00308305494357892
0.00233135932352639
0.00164260722413494
0.00102946369799913
0.000458015184231816
-0.000159301653236716
-0.000775258208184987
-0.00133793562872985
-0.00184453915019268
-0.00227804876199517
-0.002645913627089
-0.00295691666856796
-0.00319728941712046
-0.00338628395411256
-0.00350246222382822
-0.0035663873894237
0.0241869110830281
0.0219859935950723
0.0191285421606127
0.0264368870122078
0.0268820768377456
0.0271148875602398
0.0175979402194936
0.0160757273715128
0.0147052097874289
0.0135206923340478
0.0126360068969369
0.0119030896400282
0.0113545825248082
0.010995878363174
0.0108170039277576
0.0163684594223916
0.0139798463227079
0.0117856778774599
0.00969290314998216
0.00869693600604785
0.00789338997154862
0.00714279931039777
0.0064787194764098
0.00591969516104905
0.00542770007483696
0.00500707538275711
0.00465287511830992
0.00435951491192382
0.00412595362040182
0.00394946146101749
0.0038321971022349
0.00377648010662273
0.00378205764684285
0.0038436956283013
0.00396724321736329
0.00416090138273655
0.00440549932679021
0.00469602372004058
0.00501852030916396
0.00534698184578175
0.00566265570707383
0.00595435903229279
0.00619454100851928
0.00636375966768861
0.00645516337722435
0.00884737610702785
0.00820143391926465
0.00772509818870449
0.00725253155520758
0.00703475969623569
0.00687969007898927
0.00827138385462487
0.00778233788669462
0.00747596937528401
0.00740378326364129
0.00759551118804041
0.0080607601923914
0.0088067293754508
0.00985250143884431
0.0112613348256003
0.0130875945955181
0.0152711140389599
0.0177257674063212
0.020581040835576
0.0238363571032707
0.0272040590089566
0.0305950585175773
0.0339052922550178
0.0370220203938631
0.0398371637496012
0.0422462183397901
0.0441647221111713
0.0455441339060263
0.0463611639573665
0.0466245906572817
0.046373185902337
0.0456809156511829
0.0447141565740589
0.0437698189036339
0.0431614832825589
0.00797708066352109
0.0073311760629683
0.0068585034151703
0.0065905933194846
0.00653665529046257
0.00668004094866761
0.00699850544803477
0.00756171249784581
0.00840827958402921
0.0094644167211132
0.0107015914342424
0.0122742733758437
0.0143480958556641
0.0171456444068268
0.0203279444472565
0.0236104734046526
0.0269743879288681
0.0303039601102007
0.0335272378530057
0.0366497253796455
0.0393548388011822
0.0419839448378456
0.0435220713791442
0.0448366125785385
0.0459422267199944
0.0463891537704703
0.0462665107842403
0.0455149681813979
0.0442332508270609
0.0425705894772199
0.0409853914840456
0.039953991561257
0.0305969106380716
0.0306816404150593
0.0307909496526927
0.0308013044916711
0.0306042632999666
0.030188411679071
0.0292150669813835
0.0277320048798598
0.0263606780372033
0.0247674565883744
0.022937809580154
0.0213056984567269
0.019663149677414
0.0178634717175488
0.0159247073615447
0.0142927361682234
0.0127731328807562
0.0113709918364504
0.0100827120063744
0.00891988807478814
0.00788475046511338
0.00695222364718921
0.00617612500574519
0.00526648848606199
0.00445608713965201
0.00382498206899459
0.00328705153772585
0.00284358815118437
0.00252226298906588
0.00232163920118873
0.00220863876876879
0.0291320856917415
0.0262250307744914
0.0220691201489632
0.0315241581887831
0.0323144398513798
0.0326316555849411
0.0322253199518537
0.0197278808536911
0.0180151893865923
0.0167209900218871
0.0206643845263804
0.0192111151518192
0.0176030127731747
0.0162886815235051
0.0145308560918649
0.0160740796757474
0.0146704118271108
0.0127561115759034
0.0107774358577908
0.0154276238979856
0.0142407591688621
0.013048379314414
0.00975604894340253
0.00864695475727568
0.00750883668029632
0.00654298252637608
0.00559003743237862
0.00467763029315264
0.00386758108472889
0.00306905392676738
0.00231444317375858
0.00161511345536459
0.000968321325226075
0.000284398035275193
0.00978019667481425
0.00878703007303421
0.00777418597349885
0.00705215459361806
0.0061650687481275
0.005509808207666
0.00475558117471569
0.00404166735167697
0.0034535041046984
0.00290405338821535
0.00237592748641326
0.00187598681179223
0.00144734016465874
0.00105754194126353
0.00063740901447638
0.000273640125005347
-8.95093388396284e-05
-0.000390728712049959
-0.000666637771028778
-0.000907878790705179
-0.00109899371310977
-0.00125715961796977
-0.00137920091939918
-0.00145360339319334
-0.00149099531478326
0.000140218899881191
1.81324234458974e-05
-8.01822871556935e-05
-0.0001484658615514
-0.000207587072643357
-0.000242801930011582
-0.000262027866890784
-0.00018986724433376
-0.00063546814490747
-0.00106522391665599
-0.00145075304283358
-0.00181710247388835
-0.00217179052478562
-0.00250589303965539
-0.00282026421290624
-0.00310922332497847
-0.00337024740488762
-0.00361485978387385
-0.00383842184398796
-0.00403239211142269
-0.00418931110915213
-0.00430991197454112
-0.00440346274714902
-0.00446782750523496
-0.00450030100359914
0.0124518759477462
0.0117524285534487
0.0109298278626284
0.0100025348639114
0.00906237566542066
0.00817139414795732
0.00732643880655647
0.00652494481323259
0.00576467151770366
0.00504348200672507
0.00435925021375292
0.00370943676735761
0.00309171019547995
0.00247414842214742
0.0125728088006457
0.0120907241733524
0.0116137047874027
0.0111511359691884
0.0107536072699923
0.0103762342194926
0.0100229880706662
0.00970462129818413
0.00941308443086023
0.00912223509208316
0.00882880740114329
0.00856041632665459
0.00833871786966815
0.0081579397453424
0.00802128114319679
0.00791373211810867
0.00784486217138329
0.00780637082957578
0.00205717271323016
0.00167765109139411
0.00132731550956055
0.000948893138503289
0.000610471443191864
0.000317233769936637
-3.09311227203783e-05
-0.000438312668908441
-0.000821359866142802
-0.0011465048118045
-0.00141961365246544
-0.00165625480561566
-0.00186960773537462
-0.00205393254711173
-0.00219997411146662
-0.00230225077479489
-0.00236986223448227
-0.0024075416190212
0.00219919601397206
0.00195937827521497
0.00174936539818473
0.00156284302709506
0.00139335500557923
0.00123712122546678
0.00109881153942568
0.000986606768577259
0.000902934900299982
0.000847510321791842
0.000819044441352877
0.0132893119340126
0.0119489103584678
0.0105400014795152
0.00926605629715738
0.00811582200477937
0.00702603631221361
0.00603626527331534
0.00505217039540629
0.00414721741873235
0.00330333906932058
0.0024653489058657
0.0137429434246243
0.0128888780379465
0.0121721573347474
0.0114411634543139
0.0108790950898379
0.0102821648223055
0.00980685737787979
0.00941719139378263
0.00906409091382208
0.00886623800238271
0.00867780639375245
0.00856017586840816
0.00850140017647906
0.00216720586662356
0.00192252740755476
0.00171911329643642
0.00152718038747638
0.00137817249085504
0.00125510108722916
0.00116958124364728
0.00110651676157211
0.00106983690626586
0.0019108948881862
0.00139062839105792
0.000902447732245717
0.000442596303313133
8.06846001960931e-06
-0.000398575597896993
-0.000777579131933606
-0.00113598129347656
-0.00146630614045468
-0.0017674463439299
-0.00205364320457341
-0.00231083378274729
-0.0025405928871636
-0.00274932718219339
-0.00293768561269214
-0.00311311608083568
-0.00327251095171338
-0.00340663674959244
-0.00350809642350971
-0.00358584991085529
-0.00363904903153285
-0.0036656390209608
0.0315828808959888
0.0302882019943823
0.0284434623235869
0.02630412260759
0.024049388698578
0.0217539631996364
0.0193395548749173
0.0171702924021573
0.0157220552538425
0.0140245462768456
0.0122577251596135
0.01086684367475
0.00956104927549371
0.0083016206826321
0.00720087224196257
0.00613351085997726
0.0319220544728844
0.0310871129021998
0.0298101934484595
0.0282148876600304
0.0263680639528506
0.0243265426336582
0.0221287657032199
0.0198521639536182
0.017690326129915
0.0157938468302886
0.0142256226396912
0.0129588199251977
0.0118457783977895
0.0105932759061848
0.00545515382183302
0.00470411452714773
0.00402498999705892
0.00344214163058487
0.00287610935620612
0.00239643848040149
0.00197203897557063
0.00152760516378484
0.0011882291110918
0.000888835304667015
0.000641982799052686
0.000431700216347741
0.00026563257363046
0.000142705445479254
5.97430725933246e-05
1.64741173002412e-05
0.00554838894249745
0.00501162635648301
0.00448902242126035
0.00404387410408081
0.00367367067555544
0.00330728786341598
0.0029938779771249
0.00274138932452333
0.00253689001490198
0.00236300563927493
0.00221168742632767
0.00208505256882505
0.0019907653553339
0.00193872175555918
0.00979544179606628
0.0091353588259484
0.00854622654984305
0.00798327796744657
0.00746705433354711
0.00698693457925704
0.00656135065204217
0.00616465227173821
0.00577392244936258
0.00540460369234839
0.00507314116035556
0.00477373632783546
0.00448810534855226
0.00420026016611515
0.0101470916096903
0.00972173619240152
0.00937553505704656
0.00903735438581842
0.00865115834032126
0.00829389768455861
0.00800312179460052
0.00771354844664254
0.00744040534438962
0.00718938540605616
0.00695319562364775
0.00674836012252568
0.00653829409406685
0.00633060946442399
0.00612304133047628
0.00592396065415211
0.00572294826931791
0.00550692241307717
0.00528616226599439
0.00505952262752828
0.00482232871934958
0.00457245335657785
0.00430978602534027
0.00403791863630805
0.0037581139402794
0.00346287114105365
0.00315999649700099
0.00286192724756568
0.00255731778526734
0.0022531845213397
0.00193211029842524
0.00398187379320071
0.00375553643396442
0.00351940477180921
0.00327314483315022
0.00302036866976124
0.00278561773841735
0.00258522881780831
0.00238588246876921
0.0021792126381298
0.00198336040946302
0.00178838734701658
0.00160030627890078
0.0014069939540668
0.00119591198940282
0.000991378359897518
0.000796970596384855
0.00058155814039429
0.00035447907623537
0.000129456469567402
-8.62061589476044e-05
-0.00030094231143728
-0.000528865006547399
-0.000761671271192251
-0.00098928305746051
-0.00121726629144472
-0.00145912130716432
0.00413076352861402
0.00408102823287061
0.00404844293611554
-0.00178033232034923
-0.0021822326446421
-0.00264754384345881
-0.00312317740918099
-0.00357642160993565
-0.00402044145155921
-0.00145704501725381
-0.00145318759820202
-0.00145026241922168
-0.00144818536686136
-0.0043173915936369
-0.00453777286785275
-0.00468037153643667
-0.00475413516037874
-0.00418307907107773
-0.0042866706028985
-0.00433541045641286
0.0016529207091267
0.00139066379424926
0.00116192871497067
0.000950329602362384
0.000749016364287418
0.000571066321281233
0.00187378031629929
0.0018221204866036
0.0017719495298583
0.00172098015438674
0.00166647165480682
0.00161112363031949
0.00154469690184838
0.00147433834884053
0.00139596760303585
0.00131123753154855
0.00122486516103768
0.00113649516848002
0.00105330852710386
0.000976587269075906
0.000913548698205225
0.000869071290777446
0.000841319030626261
0.000713587460050351
0.000858341642529277
0.00102890968281697
0.0012090672813376
0.00141617277227907
0.00163881937413234
0.00187824283546168
0.00213417267660743
0.00240787902158225
0.00269258056481399
0.00299524641572062
0.00331469861867895
0.00363978960259227
0.00395306125164668
0.00423878136052271
0.00448513909807866
0.00468102484012032
0.00481663330657584
0.00488825578909939
0.000265227638532518
2.26169006564391e-05
-0.000190023178292275
-0.000346912845718993
-0.000449416592357033
-0.000502611601241599
0.000976440876970267
0.00114764309816182
0.00132856130957963
0.00149189703109024
0.00163676735844807
0.00174024606318618
0.00179688501830625
0.00068106324233187
0.000539136778671652
0.0004394092505112
0.000389682740385889
