0.05
0.0375215206440252
0.0358831226156296
0.0336253040243361
0.0354997975714387
0.0328650286655591
0.0299898123459319
0.0373519366841334
0.034630391916412
0.0300051285377475
0.02707140433123
0.0251119481943495
0.0239403749633191
0.0228434242647855
0.0222614599461281
0.0375580019113181
0.0342272403048454
0.0318424226199945
0.031739383836485
0.0324516112510972
0.0334699066104694
0.0337849769125225
0.0340102793053737
0.034312620432635
0.0348828580283268
0.0359847304328431
0.0371574748513454
0.0376365026401852
0.0370394911499777
0.0350587592901334
0.0316037132393956
0.0268290463263887
0.037298896157365
0.0357033140726935
0.033668091651948
0.032093645643508
0.0308613207455027
0.0299558792895494
0.0292696860333193
0.02860617867974
0.0307907016702083
0.0284961409972626
0.0263477140255796
0.0247559467710748
0.023433116240469
0.0333366981914584
0.0334333802475906
0.0338300262620258
0.0246901046546
0.0263984661800699
0.0283784762633839
0.0303121631063662
0.0323741122985264
0.0344807919823115
0.0363345422485198
0.0380548550137069
0.0395944379628814
0.0407223827384682
0.0414272428014462
0.0415932491591639
0.0410998691061285
0.0398647150186833
0.0379023087999405
0.0351082459017285
0.031752278841731
0.0280063552896263
0.0240610507706459
0.0202657155743834
0.0169603997747751
0.0142029780685486
0.0119984011242671
0.0102916105473345
0.00858511584504764
0.00691641250545975
0.00551642576563633
0.00433731732320005
0.00341229832186177
0.00267032033166761
0.00210094081370186
0.00169347502332746
0.00143037250495715
0.00129718168221099
0.0211190523473391
0.0195775298533896
0.0181705635904662
0.0169266584422869
0.0159662826486393
0.0152305887984785
0.0146212958812221
0.0142209160573245
0.0139338637743481
0.0137354641351811
0.0136355270508102
0.0339543214865448
0.034296946374111
0.0349211755005455
0.0351519966647217
0.0373316740595274
0.0397719246614198
0.0351354935383442
0.0353843784349204
0.0356721635147387
0.0352966311477788
0.0362076208990961
0.0376324606358271
0.0388847170697373
0.0401304075137287
0.0415845203862994
0.0430939527819082
0.0442898279375725
0.0452814661392055
0.0461877253740784
0.0469009773794436
0.0474622885888129
0.0478622074744928
0.0481186663507767
0.0482674956400546
0.0483454382224086
0.0360532898118073
0.0367993949655644
0.0375232287969886
0.0373535836889723
0.0356093495614787
0.0316075201685232
0.0360985638544408
0.0365228375062238
0.0369855293038321
0.0289850817327441
0.0253593508420046
0.0217146620545208
0.0184460417852649
0.0155584245121295
0.0131966471724561
0.011356451444073
0.00984069669091136
0.00853521960909935
0.00742430381534822
0.00650498416156119
0.00575876125720729
0.0051487778350995
0.00463420761386297
0.00419187464059563
0.00380837500946697
0.00347495991350161
0.00318168676742249
0.00291565864290864
0.00268271612759775
0.002462808273272
0.00226819812319154
0.0020981172916575
0.00194703322197488
0.00185529870306762
0.00177271008692159
0.00173647482273087
0.00174132966128484
0.00178492305457258
0.00185329148932192
0.0019384691079212
0.00202616139683644
0.00208402613174907
0.00212975057402786
0.0287553633211417
0.0252294888924644
0.0217118635186044
0.0179711870644283
0.0145968176658237
0.0117365320900525
0.00945065762648975
0.00740396736190094
0.00569887040180146
0.00422838184935499
0.00296959739954181
0.00186756793888152
0.00089231374779697
4.54077747695796e-05
-0.000683167391038409
-0.00134869731075861
-0.00192246942165773
-0.00239638961146087
-0.00279150344808119
-0.00312144512887136
-0.00338200223726725
-0.00356227791154859
-0.00365696939147376
0.037550628485921
0.0382303122218104
0.0389771185084199
0.0397430442397646
0.0405016098219984
0.0412435744484919
0.0419600488349301
0.0426096371324326
0.0431649812347425
0.0436220915444356
0.0439742093359885
0.0442126725810927
0.0443366242928565
0.037922487532901
0.0389798115432173
0.0400714519907685
0.0410684599615694
0.0419462937880054
0.0426272643680313
0.0430191332870061
0.0430772705819871
0.0426459945051992
0.0414431704195267
0.0392530794756133
0.0360693286876661
0.0321278377211905
0.0277216178515255
0.0235479770900734
0.0199157299779191
0.0170602287122133
0.0149147541349404
0.0131116299499055
0.0110023467744907
0.00877443792313693
0.00702601470650477
0.00533932913467549
0.00401703726551868
0.0028687444421798
0.00181885850160508
0.000880351843011085
7.9196878837903e-05
-0.000572040134413358
-0.0010905361214949
-0.00152133554309899
-0.00188976028774019
-0.00217322947203422
-0.00241213126329611
-0.00261673975312509
-0.00275115576661426
-0.00282155349803977
0.0407801791033323
0.0416413234065259
0.0423451233191476
0.0429127060653129
0.0432218679511464
0.0432647759338871
0.0429256968380074
0.0422122200699144
0.0408532936738347
0.0388933229479093
0.0370648872220685
0.033663393014185
0.0310609171980288
0.0275711363821362
0.02384143665474
0.021082253970874
0.0193727020995052
0.0177016608982294
0.0163382018975811
0.0153686073618491
0.0147172771227182
0.0144096102128755
0.0407114317620659
0.0415995462966139
0.0424106053233648
0.0431028924710873
0.0436084321700382
0.0439019344202072
0.0439606764662541
0.0437241674492771
0.0431949588933634
0.0422134939633944
0.0406178849430751
0.0384617820100745
0.034652791153802
0.0302782020803894
0.0260834197579457
0.0222963908999006
0.0191396273524472
0.0164970650592014
0.0144787226207873
0.0125886159348858
0.0110443270358768
0.0098696623736755
0.00899358386615053
0.00835178444898131
0.00794702846952213
0.0077357606295353
0.0294562657523231
0.0288845864506037
0.028221176197638
0.0280346344194834
0.0261556380316918
0.0242195124335368
0.0281625767823256
0.0281243562450148
0.028112862161764
0.0266261651833285
0.0243287019456578
0.0217231666670173
0.0198931591523882
0.0188622876862528
0.0183440734449466
0.0183464484541105
0.0188603507438354
0.0197635872188625
0.0210698199489271
0.0226471666203633
0.0244354294999905
0.0265386528978498
0.0294227532543691
0.0328927647831134
0.0356179154469098
0.0383315835651485
0.0398759837510735
0.0405455081783825
0.0399987801005225
0.0377925005945439
0.0338635497392166
0.0290508326755629
0.0239759871623604
0.0193282256537778
0.01541860836233
0.0121782325511661
0.00972570478615065
0.00778818494645181
0.006067100956883
0.00484376919865221
0.00400565489198454
0.00346757002432236
0.0031928710813879
0.0246987475775843
0.0205592582146564
0.0165754666798578
0.0131873086329793
0.0105005503007776
0.00830672668801392
0.00653318936356745
0.00508739767828234
0.00398913455365664
0.00315889402473771
0.00256696100040752
0.00219077117552045
0.00199896775961961
0.0309300886231812
0.033580306515612
0.0365562252730624
0.0379010268671946
0.0391626352952852
0.0403410486807338
0.0372550216153728
0.0376365674197906
0.0375005769227034
0.0366215396409419
0.0348618701170144
0.0321389902173125
0.0287621927122169
0.0251550241768902
0.021600766083406
0.0184274639626558
0.0156389927626744
0.0132033328888999
0.0111261952323485
0.00930442201604906
0.00774023436005473
0.00639106185405116
0.00524178273656652
0.00423637140494875
0.0033967787381184
0.00269719710738564
0.00210106960175749
0.00154032527308695
0.0010515374138788
0.00066138212109616
0.0003727946853026
0.000198477456743568
9.78386118346652e-05
0.0402271653015263
0.0394652159665629
0.0377021172799222
0.0347879558579957
0.031351167393611
0.0274833892715619
0.0233229538442582
0.0197864270012261
0.0170087726490929
0.0142730014234449
0.0117715249559242
0.00963095376188436
0.00795243116776437
0.00668984109986295
0.00545312931992786
0.00439506794566578
0.00347495488303021
0.00271220911042532
0.00209500992711596
0.00166886622644706
0.00133793115395339
0.00104054391644774
0.000820608610937746
0.000718570040509616
0.0419967572142982
0.0433627153123624
0.0443494324025305
0.0451564714699196
0.045708916755458
0.0461502157054556
0.0464444709752456
0.046593545941347
0.0466625009372728
0.046676917040889
0.0466631448897054
0.0466444586003616
0.0227633537366422
0.0211975867887057
0.0195783968935147
0.0179627505620998
0.0167642227469392
0.0160350480839667
0.0155984611299141
0.0154539614034441
0.0155660447270254
0.0159058303836215
0.0164726580001098
0.0172138970429878
0.0180615858411186
0.0191388436164
0.0204394178362271
0.0217736514621624
0.0230232450376441
0.0241899717871685
0.0252464151068576
0.0261354561534064
0.0268047490874045
0.0272551417048554
0.0275211768755467
0.0235625006661551
0.0230909524206328
0.0228526237628217
0.0229241887941496
0.0233902358929269
0.0242063303171902
0.025306935318974
0.0266672099819288
0.0282368826984682
0.0299635046399987
0.0318008051181845
0.033629851989336
0.0355247434948897
0.0374292615609655
0.0391522308624251
0.0406186588285414
0.0417985116872939
0.0426409071735942
0.0430680460942553
0.043000021572035
0.0423656425634481
0.0410905356353958
0.0391731886771316
0.036529444386805
0.03278406848641
0.02847644860166
0.0243270934764387
0.0206202570514251
0.0175747596099647
0.0151222563254895
0.0131570090042863
0.0117085859855683
0.0106145916302328
0.00996094559192789
0.00960796643361827
0.0231254953563734
0.0244488644656288
0.0263699300112745
0.0208899300043067
0.0197910688979175
0.0192194979717884
0.0256586580507566
0.0251405702684198
0.0248857622275355
0.0248643629620434
0.0249857888135044
0.025188669824644
0.0254063791123156
0.0255813488163613
0.0256788009370926
0.0302424515910624
0.033818765871595
0.037134192185332
0.0401286730159005
0.0408975756443842
0.0410576345054125
0.0404900161314336
0.0389416586129734
0.0363879243481481
0.0328250350709283
0.0286921660411827
0.0244961730220141
0.0205737298425737
0.0170995301480427
0.0140688193789476
0.0114745941418815
0.00929881545490097
0.00752601920999144
0.00608071116116787
0.00476984542102067
0.00354981095157097
0.00251837676738548
0.00163900813877031
0.000902822535903109
0.000310271342070034
-0.000159683370882442
-0.000531206984168245
-0.000802311595013857
-0.000977712825193146
-0.00106757050023946
0.0417322248432898
0.0428859010508187
0.0437089080322542
0.0445053447424395
0.0448671957753048
0.0451223092069938
0.0243963411484723
0.0215160593328637
0.0184244045722167
0.0154647516183301
0.0128829266283029
0.0106988715356519
0.00886593233987839
0.0073124122963625
0.00595285493844623
0.00475549017852639
0.00373640723719252
0.00287462849408373
0.00208376029670768
0.00134152610266935
0.000676592711630202
6.82174201233205e-05
-0.000493288205893124
-0.00101119258186748
-0.00148720047714551
-0.00192208076673147
-0.00231678335559674
-0.00267319690616827
-0.0029904771902852
-0.0032658754336152
-0.00349784060723894
-0.00368511415164879
-0.00382609152952849
-0.00391961641686995
-0.00396769543451462
0.0236074361648443
0.0206704472879434
0.0178087614191193
0.0152282344192064
0.012985450987955
0.0111992716681869
0.00970559288542163
0.00828758130539779
0.00701080733288058
0.00597038329561463
0.00511689014113844
0.00433470672845561
0.00356931153854384
0.00276281065024922
0.0020110112108508
0.00134794834292403
0.000743126501725598
0.000188377022386596
-0.000327274918381271
-0.000821759502311665
-0.00126019531459156
-0.00171554669082495
-0.002014485053095
-0.00231356719754192
-0.00266055329951199
-0.00296259817780029
-0.00323691172614309
-0.00348394406863147
-0.00367638363842749
-0.00382538798703611
-0.00392579161977562
-0.00397888520144568
0.027510849542933
0.0259654967403232
0.0242049325453604
0.0224065061794993
0.0204500539551741
0.0287189078900472
0.0292245417357443
0.0301013368902704
0.030857999611217
0.0316303788502113
0.0324258631744127
0.0331138795920443
0.0338304062173012
0.0346735636733369
0.0356800636840626
0.0366384803029031
0.0376438343262545
0.0386786268100981
0.0397257272874196
0.0407518952219395
0.0417281531668441
0.042654261193878
0.0434524537868986
0.0444076041697437
0.045260311810992
0.0459159865272164
0.0464629929724606
0.046901748677654
0.0472108919508755
0.0473995933456616
0.047504140258256
0.0187058458398802
0.0158019396774159
0.0120865017168053
0.0194232726083876
0.0178283657340526
0.0158654262823165
0.0137155492403303
0.0101830020905745
0.00884151259369514
0.00785384153922929
0.0107353151696982
0.00953453651153938
0.00832106897209279
0.00737857006142023
0.00616025801691483
0.00756534508897875
0.00702365584793684
0.00635103238549166
0.00571838814191917
0.00676097738384743
0.00577904497798544
0.00480413817192629
0.00574817719285655
0.00588183484465193
0.00612478439629646
0.00642575031899032
0.00682503667201216
0.00732555570503143
0.00789750282331804
0.00862362377160165
0.00952228016738269
0.010617605637221
0.0119318191664902
0.0136950002604515
0.00513869606177987
0.00458966760890417
0.00406568382149506
0.00372058979805129
0.00333761042321816
0.00309045483247801
0.0028526468668012
0.0026843393035056
0.00259727253877958
0.00256794226878625
0.0025978356650537
0.00269252034119421
0.00284151472111024
0.00304666046899542
0.00335220469269861
0.00369451744905481
0.00412497674578642
0.00456608776594656
0.00505436441703996
0.00556249766077379
0.0060292289601037
0.00646640723009131
0.00683984294013762
0.00708392077398609
0.00721179504917623
0.013220406627305
0.01299805449065
0.0129695805471803
0.0130391557577045
0.0131701679289364
0.0132795738604401
0.0133507876642167
0.016074335156243
0.0187101361891787
0.0216532112001448
0.0246134950751143
0.027671671979819
0.0308136356323431
0.0338887761489483
0.0368388328208325
0.0395480216575014
0.0419345131359155
0.0440504057206112
0.0458099592319055
0.0471417241060965
0.0480511322135402
0.0486332412105673
0.0490092105975682
0.0492284761110226
0.0493269409817516
0.00447647890139749
0.00410583896751257
0.00368304100170481
0.00321806977744596
0.0027559685107414
0.00232558278407665
0.0019238711624343
0.00154880132035961
0.0011991719269059
0.000874444834802366
0.000574592359451887
0.000299753255684292
5.03164439382551e-05
-0.000184590366022811
0.0042497186061871
0.00367651933302334
0.00309870383324803
0.00252807886779476
0.00202872010296829
0.00154574978476871
0.00108453617401248
0.000660392279564469
0.000264645956119174
-0.000136760674610716
-0.000547638691510314
-0.000928183508342997
-0.00124586261065567
-0.00150721912072383
-0.00170622228695854
-0.00186373596584925
-0.00196499910280375
-0.00202174198953993
-9.18307050329261e-07
0.000211670003163685
0.000446603596372202
0.00074817595088521
0.00107104386317932
0.00140101976904454
0.00185596051568842
0.0024684915078414
0.00312658142909421
0.00376124298627648
0.004361928666136
0.00494407951289801
0.00552882262954485
0.0060885952479791
0.00657373812542179
0.00693778293749519
0.0071905968462645
0.00733630257970157
-0.000548546784803798
-0.000873743030862266
-0.00116431936627282
-0.0014267894173993
-0.00166866035123034
-0.00189415662226955
-0.00209552334998488
-0.00225994166344946
-0.00238312329637102
-0.00246497818238337
-0.00250709821584732
0.00567873460327147
0.00519074732350508
0.00470675514143265
0.00429297805947482
0.00393959910129281
0.0036256297614828
0.0033639252798449
0.00313580793119319
0.00296855687212645
0.0028664148742844
0.00283484323572552
0.00525492958810481
0.00425155892863017
0.00338912172929977
0.00248640012622876
0.00177466550279003
0.000999653670158161
0.000367871414216707
-0.000160364408042886
-0.000647594954334644
-0.000923901146725663
-0.00118962549335522
-0.00135670883752696
-0.00144055476756048
0.00203579818544359
0.00137333544529985
0.000820694770793553
0.000299600118514682
-0.000103405771446072
-0.000434458959780229
-0.000663231181502331
-0.000831083515034264
-0.000928305435013848
0.0035551926412593
0.00436211857061179
0.00526631052603106
0.00628487454205301
0.0074386884250176
0.00873530022224316
0.0101857326095085
0.011829960466467
0.0136379668123813
0.0155817266371989
0.0177325069131987
0.0199453983061097
0.0221649300222145
0.0243920271869913
0.0265747119343778
0.0287427389877992
0.0308080869613339
0.0326065914308898
0.0339978728211461
0.0350794410509727
0.0358259154508864
0.0362006654884128
0.0127334785684645
0.0116128470766373
0.0104587421036827
0.00936837342796578
0.00834778718848001
0.00736619895029796
0.00634633895148887
0.00540870104170562
0.00475946660820594
0.00396568737567456
0.00309213355718897
0.00236491800775789
0.0016464758746066
0.00091847190504023
0.000253430488018274
-0.00041619495835729
0.0127676373957238
0.0117901386289337
0.0108515538938937
0.00997643055042299
0.00914306762298799
0.00833328003150106
0.00752728636445906
0.00672302512242724
0.00596323944702461
0.00528769962354575
0.00471870435374746
0.00425209724714715
0.00383831522180574
0.00337138043253417
-0.000813237545484007
-0.00127171446944644
-0.00170391734960347
-0.00209003556359141
-0.00248036506623236
-0.00282428807458819
-0.00313971505610114
-0.00348245957159073
-0.00375305287188835
-0.00399859079752856
-0.00420597678376203
-0.00438627620025528
-0.00453105551745993
-0.00463960286913022
-0.00471354196677124
-0.00475233201802352
-0.00082835089962243
-0.00122766185461192
-0.00163603482230317
-0.00199963428054719
-0.00231381522297314
-0.00263620376503188
-0.00292137208928197
-0.00315773048518564
-0.00335375777532976
-0.0035238451210001
-0.00367449035840965
-0.00380246613996793
-0.00389887451986522
-0.00395249407724781
0.00304780954335987
0.00278465857106839
0.00255700929529647
0.00235004297106183
0.0021741743491036
0.00202802891691323
0.00191819567633403
0.00183852654229066
0.00178873963124082
0.00177651199970532
0.00180347147929496
0.00186763193262861
0.00197349378685204
0.00213416224039747
0.00323628497868772
0.0031193354818251
0.00303908136451516
0.00298120473661869
0.00294353690206846
0.0029415752646052
0.00297504510626656
0.003053016565892
0.00317845485777054
0.00335247542420976
0.00358354454971873
0.0038504705762819
0.00420183251363387
0.00463960632750105
0.00517908635730284
0.00580222859788241
0.00654445005306991
0.00747639665703537
0.00858105990584927
0.00988405935197017
0.0114407312261235
0.0133050985859549
0.0155235710942378
0.0181030799436857
0.0210460622200027
0.0244230625719138
0.028083875002877
0.0317450990965308
0.0353804925650976
0.0387114026989132
0.0416990098980845
0.00250256534966226
0.00295814754776634
0.00351840643168313
0.00420307184032407
0.00502673248178304
0.00592250457823152
0.00680894941825671
0.00782540188362473
0.00904722533597632
0.01038791348802
0.0119208218720668
0.0136035178637115
0.0155501490852914
0.0179098062211926
0.0203806675723261
0.0228491556800911
0.0256611808426163
0.0286353184300575
0.0315192232596172
0.0341699257890415
0.0366578615989843
0.0390912961257642
0.0413061837430145
0.0431540479343952
0.0446411112074395
0.0457881727308571
0.00192619544480626
0.00177514715381265
0.00167513717301757
0.0456869199065081
0.044631945936204
0.0418905305605021
0.0366922622952011
0.0293368141407754
0.0211568501220783
0.047065417668198
0.0481125640104352
0.0486298342866217
0.0489058544584804
0.0163188129244493
0.0129788270913297
0.0109488196587197
0.00994136803803823
0.017637482676919
0.0154276135304165
0.0144036598867851
0.0424552422292705
0.0421837848358725
0.0406454184663276
0.0373716040133506
0.0317342763030769
0.0246347066158061
0.0433519407433528
0.0442497818014335
0.0444379061490838
0.0437826243330936
0.0420258586047349
0.0391443752829572
0.034637692247695
0.0295444969845508
0.0243550741562568
0.0196613689807491
0.0157531302839232
0.0124338026896314
0.00972644705726614
0.00742422439312743
0.00551441124092982
0.00396088059642467
0.0025565245415681
0.0205180318009848
0.0172627802433342
0.0142677429665135
0.011787503034346
0.00954386810173808
0.00764758921104044
0.00603787796214585
0.00467504327370762
0.00351625923843618
0.00255066668447873
0.0017214581551034
0.00100926757313271
0.000412296287661771
-7.08795718523124e-05
-0.000450372374470087
-0.000739820088574006
-0.00094901642970318
-0.00108427249063339
-0.00115273996024273
0.0215377064483233
0.019052938765475
0.0169257232423031
0.0154084330188719
0.0144457620821732
0.0139560894600646
0.00164739552962131
0.000827100095091499
0.000168107754446162
-0.000311343249496198
-0.000670682863780463
-0.000898392890165462
-0.00101412318556427
0.00176118779752801
0.00112447702926109
0.000705405509279818
0.000504040438806727
