0.05
0.0363582704722476
0.0330812027864599
0.0274842880891638
0.0342794334786058
0.0312614020484311
0.0274442251685001
0.0363504486348816
0.033376472443087
0.0278643000772093
0.0238865385169355
0.0208085311308886
0.0186443228686188
0.0160220666434322
0.0132591776659869
0.0365030060516985
0.0299790169041258
0.0239131561646796
0.0230173607898191
0.0193850194898917
0.0158154772079578
0.014990363441423
0.0145767367918506
0.0142046475813443
0.0137407516241641
0.0131171567961251
0.0126032333648975
0.0124344790494468
0.0126221668540799
0.013168009257366
0.0140781446667668
0.0154191376818637
0.0362147406832173
0.0342380719475774
0.0315100142322597
0.0291988068437404
0.0272111594278098
0.0256226787300549
0.0243312048233466
0.0230358885642724
0.0240236758131792
0.0207109414986782
0.017126800269987
0.0139799008975051
0.0106332746376087
0.0243152238317047
0.0215743572699142
0.0189264942844797
0.00988074424657452
0.00931623570161559
0.00900148954069783
0.00893690128758223
0.00909406481726615
0.00949326182393824
0.0100739201369228
0.0108712992046638
0.0119306231947012
0.0131564976803765
0.014602844109002
0.0162354909854739
0.0180911350485458
0.0200498253996508
0.0220482222804907
0.024190904479636
0.0263703918296238
0.0286525621136178
0.0310864790927748
0.0335749039362182
0.0359332031166524
0.0380916640507116
0.0399830217160152
0.0415669466832877
0.0432496263216113
0.0449418034059711
0.0463382003686353
0.0474439865025744
0.0482248453608181
0.0487688237675558
0.0491223457481568
0.0493358063895024
0.0494545330041676
0.0495085606301588
0.00864013223375241
0.00729229559289485
0.006031894303384
0.00487760834962522
0.00394831936371242
0.00320484914611176
0.00256051497446649
0.00211958708331548
0.00179258955911547
0.00156005949297245
0.00144061985730154
0.0174899293643752
0.0158253953374165
0.0137917794940968
0.0161713331283505
0.0132756706947509
0.0107538156817307
0.0132711833808431
0.0127115041240013
0.0121052404115813
0.0124281717357351
0.0106406307769386
0.00889932505899414
0.00788804010073957
0.00717397080989664
0.00658160255286338
0.00616766842458796
0.00596610051043504
0.00588985259108471
0.00590831381380442
0.00599989008010322
0.00613935161001209
0.00629115766460022
0.00642246981431541
0.00651641051937887
0.00657286009606463
0.0115501569872442
0.0112537206322547
0.0114099756273103
0.0121641777722239
0.0134366271547908
0.0154060898548993
0.0112933270088104
0.0105587515775542
0.00982350461485303
0.016863130003887
0.019004169836783
0.0215846334100603
0.0244894959432793
0.0277370312483005
0.0310453113751048
0.0341463806587282
0.0371135912015355
0.039978329565693
0.0425639229395743
0.0446278004787882
0.0459935897853031
0.0465796671742339
0.0462575069317983
0.0446478803400178
0.0410315116795564
0.035056172972631
0.0280045876866418
0.0214570380627835
0.0163392542304788
0.012237599924436
0.00918479951395558
0.00689991315378408
0.00509820247446154
0.00403637739006431
0.002998778545515
0.00228383519971694
0.00174016488491219
0.00134542482806862
0.00107285796080207
0.000872212341512603
0.000730758134472029
0.000656027999663161
0.000606177795023376
0.0165332243111955
0.0181750650169854
0.0202549978588649
0.0231368491687018
0.026449939925056
0.0299185263635672
0.0331990291713762
0.0365463659287935
0.0395769639042763
0.042240823889628
0.0443631214491129
0.0458612907039043
0.0466234002966777
0.0464887995316355
0.0452036815167361
0.0420282181258288
0.0364748508208877
0.0298103613649438
0.0236113894390879
0.0185526962826562
0.0148268680183648
0.0124250179135948
0.011225887011566
0.00842697977980886
0.0072521940011685
0.00629594738414741
0.00553636027666703
0.00493321458927546
0.00444858178806248
0.0040579293828642
0.00375766603279317
0.00353601342954488
0.00337546775594896
0.00326439541211687
0.00319516342051566
0.00316109156173875
0.00918332169659121
0.00873973429612304
0.0085105914006627
0.00850347471118948
0.00870540546124533
0.00911450801658297
0.0097073019371015
0.0105130914452938
0.0117088580476173
0.0133431667424344
0.0153344059476112
0.0175336698603591
0.0198717317186277
0.0223871157759081
0.0248834227414379
0.0272815081395505
0.0294363740603318
0.0313217855848274
0.0331693013502868
0.0356546046835684
0.0385469924646023
0.0409314613425969
0.0432304238862917
0.0448795447855741
0.0460315833155093
0.0466286604516558
0.0464380725806725
0.0451193162805389
0.0422876156612405
0.0379216679686928
0.0325217053261244
0.0269337748555752
0.0224252956486493
0.0187020432325837
0.0156594323618813
0.0137475233497615
0.0127771590043058
0.00985629760801046
0.00922187466885934
0.00878443107363327
0.00849099474661343
0.008368520108465
0.00839555071805007
0.00857948648343395
0.00888315018652823
0.00938178611914431
0.0100246484511206
0.0105900686974517
0.011612154021448
0.012419041610863
0.0135767087363924
0.0149824502724685
0.0161921339540695
0.0170375707277281
0.0179581542564885
0.0187913256277674
0.0194352433434174
0.0198955270861641
0.0201211031255526
0.00985610860722484
0.00914058195643547
0.00858960372129919
0.00820217203932399
0.00798765402472785
0.00792966556498303
0.00801607157365572
0.00826421132228431
0.00862658481432766
0.00917650494868538
0.00995434460426268
0.0109173446293565
0.0125419980306984
0.0144390761494345
0.0164365962369347
0.0185321017650248
0.0206017339030667
0.0226474275567598
0.0244639138019457
0.0264383937893163
0.028303388130873
0.0299010520358275
0.0311980200634567
0.0322089268255815
0.0328737932754598
0.0332299783630469
0.0264093632471325
0.0251184181346715
0.0233664552853568
0.0252334709526631
0.0229834755050411
0.0205238604782442
0.0226225544314271
0.0216842188469225
0.0204414889299411
0.0216681503358394
0.0190904714443329
0.0159889746532124
0.01356723496662
0.0118800389396597
0.0105133477871457
0.00942101432162683
0.00866309918542043
0.0082465099084708
0.00810830996909975
0.00825059410053888
0.00866572279709462
0.00941250301191223
0.0107678793906876
0.0128444978883117
0.0149893031880054
0.0179950011780792
0.0208148505499754
0.0240210859461189
0.027122367462991
0.0305448215253932
0.0338435493721902
0.036825449660098
0.039629891080278
0.042158692330545
0.0443011483755653
0.0460408369829598
0.0472645300313847
0.0481131739712698
0.0487223749452873
0.0490402609730234
0.0491871846245045
0.0492446423548116
0.0492608497886498
0.0178286402073527
0.0148079105462193
0.0119366794422049
0.00946560041190526
0.00746225496373577
0.00578602792706384
0.00439824638678229
0.00324165196116584
0.00234617933432563
0.00165852570968105
0.00116213084361551
0.000843805647062442
0.000680568415214139
0.0170776964589376
0.0145381751900244
0.0120138441285494
0.0110524266468761
0.0101700703336457
0.00934794545153643
0.0111436111934676
0.0104890173022573
0.0100600733854835
0.00998848267023202
0.0102499107107202
0.0108616589804626
0.0118087080674593
0.0130776219278394
0.0146956104546615
0.0165954780374224
0.0187754644842303
0.0212160678684401
0.0238075654980734
0.0265524419570741
0.0293158624862057
0.0320363494366203
0.0346182655684598
0.0370828758450643
0.0392856588898178
0.0412137248512721
0.0429024765476956
0.0444923335218842
0.045838064881239
0.0468542822431405
0.0475550236175543
0.0479521431494586
0.048170130551908
0.0092828497307035
0.00950588770105807
0.0100915325175655
0.0110511577617912
0.0122233445133288
0.0136977816719366
0.0156207141750416
0.0177021881662547
0.0197567422301683
0.0222804464602675
0.0251602693986927
0.0281727840532891
0.0309573341010603
0.0333314309287779
0.0359232573021783
0.0383581246699749
0.0406327412930153
0.0426038591020012
0.044222051636145
0.0453263714436909
0.0461617215322136
0.0468835399100155
0.0473938188351987
0.0476226089301414
0.00829521331830366
0.00743723222481418
0.00683948596032824
0.00638064674414728
0.00609545904524139
0.00590051784790781
0.00580520605166738
0.00578621047980432
0.00581020919649639
0.00586190077466732
0.00591240379939406
0.00594833451714714
0.018996614897553
0.0172597519637188
0.015341219333688
0.013251144722192
0.0114771543398724
0.0101470374910826
0.00899559953091135
0.00802735348357176
0.00726885284948224
0.00664317282686384
0.00614152419414996
0.00578551301600721
0.00556248708544723
0.00542439576693172
0.00537263364429342
0.00540538808757022
0.00549731402789211
0.0056289117720448
0.00578262820159385
0.00593592009637123
0.00606518589864873
0.0061587907078505
0.00621683156149327
0.0192223734515296
0.0178438136959322
0.0163814712013261
0.0147935367116748
0.0132860530918413
0.0120416272084944
0.0110720907779616
0.0103450778076064
0.00985383743448603
0.0095882667492622
0.00954000209342379
0.00969601969462694
0.0100657449304172
0.0106743206529566
0.0114902689570318
0.01248954994083
0.0136753735894116
0.0150559563485422
0.0166214519777321
0.0183231918914446
0.0201479331724237
0.0220588482543272
0.0239695432179601
0.0259452120448667
0.0282737526438854
0.0307462763029298
0.0331183643220558
0.0353397476363168
0.0372981246358684
0.0389940258007807
0.0404439659549988
0.0415675423608032
0.0424480544927888
0.0429860152140782
0.0432803967306037
0.0123614780305782
0.0114296493038031
0.0104318629302153
0.0124181674759847
0.0117721961891837
0.0114439556256521
0.00886517527357744
0.00744947172354025
0.00628375003432993
0.00535878726661881
0.00471872952121165
0.00422419751575356
0.00387641484975702
0.00365984708407771
0.00355522492752972
0.010782509798766
0.0114682955715177
0.0125060162638128
0.0139290036677804
0.0159920242825996
0.0180788684859768
0.0204797450730314
0.0230656410228229
0.0256592996049248
0.0283334100035457
0.0309863725566874
0.0335696992221295
0.0360584893883071
0.0384043676705309
0.0405838337972117
0.0425282831255414
0.044163193561102
0.0454234536935983
0.0463141527016812
0.0469067525037409
0.0471342988686257
0.0468763237369987
0.0459979399428106
0.0442833637972651
0.0416205592922831
0.0381631236118513
0.0343248324583482
0.0308810218975382
0.0283918626336209
0.0270467205648899
0.0134301817494463
0.0131589297211724
0.0130311874103229
0.0129802391045733
0.0129787083033956
0.0129898587021558
0.0160978030353902
0.0173209717232299
0.0191825206115391
0.0216038679224369
0.0243826036398704
0.0273601284039927
0.0303977040431998
0.0334067267989811
0.0363742268211139
0.0391991345628235
0.0416543019313288
0.0436272210416031
0.0451893498075209
0.0462405797856734
0.0466117285940736
0.0461719062260825
0.0445957844859067
0.0413237221063895
0.0360366208709999
0.0296044171525255
0.0234504961464918
0.018295521139339
0.0142408139118306
0.0111564592615536
0.0088593952855036
0.00719291888686941
0.00604253873726596
0.00532650061979524
0.00497292394714595
0.0166146932965148
0.0180599427280274
0.0199134762814564
0.0221026252438388
0.0245374263372571
0.0269221795644645
0.0292820867846136
0.0318814614248691
0.0345448599345983
0.0369313744549365
0.039005492572914
0.0409494753151265
0.0427970644021774
0.0445489358515066
0.0458434125663775
0.0465257965016
0.0465312815170616
0.0456749338450073
0.0435886088976412
0.0396278620371826
0.0341476762890293
0.0271939308063952
0.0226812204046166
0.0185053595547536
0.0143237359672041
0.0112736470590886
0.00888538261037435
0.00700044433316119
0.00568736135901287
0.00475853930119837
0.00417352265993188
0.00387742301324405
0.0217590895733705
0.0201975221352102
0.0187153959753301
0.0174935228439648
0.0164437061948856
0.0221984523257191
0.020361230303953
0.0178440415784991
0.0159118799955137
0.0141118377335627
0.0124532589771529
0.0112319790820627
0.0101883701112583
0.00919215182683378
0.00825893817996943
0.00758701648381749
0.00706356544110265
0.00667700651310128
0.00641553515279732
0.00627071296287714
0.0062288702702191
0.00627660498554561
0.00639025451822316
0.00661571096960704
0.006900609277707
0.00718254154453232
0.00747010464255043
0.00774339355446605
0.00796328149736499
0.00811029226354837
0.00819687874389654
0.0162137918644508
0.016131664278319
0.0163258819511318
0.0154552118481261
0.0143597521769347
0.0133857445563846
0.0126907792382537
0.0168554964609498
0.0173669540151927
0.0178634386325011
0.0159445483323305
0.015977158233853
0.0163987492765143
0.017032141154581
0.0182940772928036
0.0181898291365352
0.0194618834892578
0.0217361386781854
0.0246343482540391
0.0185377948602045
0.0194305277288989
0.0206072718865016
0.026309677205503
0.0285907774296114
0.0313328007792618
0.0339123373377964
0.0366040151051753
0.0391787413918307
0.0412752362937178
0.0429153720673106
0.0437129042547538
0.0432699594217386
0.0409678860561605
0.0350254777771458
0.0263600700813754
0.028429718240357
0.0308808327397371
0.032819797485975
0.03540435897507
0.0374137483398132
0.0397848049833803
0.0419956737727552
0.0436990240820007
0.0451056692219665
0.0461942059599084
0.0468714904455925
0.0470347366875573
0.04665982563918
0.0454010116319076
0.0431259780156284
0.0390385880800342
0.0339397613494976
0.0282120218035586
0.0229242722362901
0.0188505079384412
0.0156612456292913
0.0133422469638173
0.0119914013340481
0.0113316921605413
0.0314860853305751
0.0269524411727493
0.0227021578057331
0.0196531678726684
0.0170318912238733
0.0155000410948013
0.0146773016028864
0.030706519177977
0.0255914935132529
0.0206585952620779
0.0166856200067933
0.0134185068233813
0.0107212815869391
0.00856178172084337
0.0068302008230164
0.00546575145908694
0.004399412427825
0.00352910121933337
0.00283204498405454
0.00229614266864001
0.00190533073944097
0.00162908275722068
0.00142870592523338
0.00129770219141072
0.00123368336044717
0.0213043404921514
0.0223252314758824
0.0237550632850283
0.0256041592991303
0.0276966643928939
0.0298718395846243
0.0320992060776469
0.034347406430887
0.0365834204415115
0.0387704561898388
0.0408654983825663
0.0428202600065749
0.0445844645793311
0.0461979891500138
0.0211750952437091
0.0219438019134825
0.0228815483029454
0.0239589070177991
0.0250296765862823
0.0261908774675554
0.0274271685016103
0.0286818279600561
0.0299534064349827
0.0313312644535809
0.0328165593065369
0.0342472182239819
0.0354764403648829
0.0365092366454885
0.0373073155010327
0.0379453993232482
0.038357983679787
0.0385899577255113
0.0469070509125094
0.0473516231636401
0.0475734377401792
0.0475449688033631
0.0471468296571356
0.0463336200128602
0.0445636769231996
0.0410248272076485
0.0359006560499299
0.0303632182720973
0.0253236859328258
0.0209958368219522
0.0172936095095269
0.0143130139842401
0.0121110190571596
0.0106541083619875
0.00973033432040262
0.00923011545711473
0.047057642315467
0.0477006890414381
0.0481705869109761
0.0485045591784127
0.0487316656428171
0.0488708782095622
0.0489342028952751
0.0489397487590719
0.0489129703306632
0.0488784193428999
0.0488547265892696
0.0195617242545998
0.0213515108014551
0.023716275445726
0.0263154379200528
0.0290484988309301
0.0319651605866593
0.0348579790244725
0.0379081011581546
0.0407648413179733
0.0433276421891989
0.0455960792133447
0.0189751169024561
0.0201439459566441
0.0214789748236565
0.0232277875534093
0.0248668744249327
0.0269302466644751
0.0288227803628322
0.0305492044605292
0.0322570273892502
0.0332661890160561
0.0342668588858922
0.0349087989347896
0.0352344745059055
0.0468475291504326
0.0476413192723069
0.0481131766885145
0.0483592999443596
0.0483755576439141
0.0482257531682501
0.0480006888032477
0.0477440193462439
0.0475458816094112
0.0463678662080474
0.0466957847461149
0.0465110198044815
0.0456660530178597
0.0438867860145337
0.0408431861633301
0.0364476228754696
0.031107492360989
0.0257864536374437
0.0211080520326837
0.0170675153235008
0.0138494023240593
0.0113161193150887
0.00929169890666972
0.00768038912107808
0.00634446368443921
0.00524967196524746
0.0044086081912781
0.00381754653956684
0.00339014916942391
0.00311022690457623
0.00297404061813493
0.0124164905427374
0.0123718395225295
0.012606265065634
0.0131177532104187
0.0138917613380759
0.0149472899878946
0.0164155690154318
0.0181429048171101
0.019568695749335
0.0215848217167792
0.0241560728150579
0.0265655559497307
0.0291685688100715
0.0320008308084765
0.0347178545134449
0.0375293640613246
0.0126141666047503
0.0128037044507245
0.0132574780061929
0.0139600339034988
0.0149289996519778
0.0162074920222116
0.0178771353174307
0.0200168013116072
0.0225493111099463
0.0252736846977628
0.0279407481223168
0.03038810939478
0.0327508572871799
0.0356193868946871
0.0392179667909889
0.0411751481852839
0.0429596887900129
0.0444300601895255
0.0457163527608123
0.0466043004553519
0.0471426348081669
0.0473130143373796
0.0469801833430575
0.0460789561540854
0.0445362325288332
0.0422126115999505
0.0393724985510875
0.0365379189841225
0.0342319449639691
0.032899327108712
0.0392743489101476
0.0409845773506868
0.0427223440130407
0.0442212046079959
0.0454456185452937
0.0465992710332104
0.0475038149659227
0.0481526466718819
0.0486114400213239
0.0489463937693247
0.0491924700662017
0.0493644053926824
0.0494721214966662
0.0495242547810125
0.0374546698622282
0.039081479121788
0.0405972340824805
0.0420639797327849
0.0433701387528722
0.0444843329108625
0.045317241024283
0.045881583607869
0.0461307865141019
0.0459338665192539
0.0451875748015006
0.0437700698800115
0.0414161173292593
0.0378272874247674
0.0367942948117472
0.0380870258722175
0.0392899256195204
0.0406029630924011
0.0422033317645493
0.0436937394055962
0.0448321218678162
0.0457979962986132
0.0464406164163193
0.0466554164158594
0.0463353246242631
0.0454085714734893
0.0434967128670669
0.0402528261943999
0.0356032385789212
0.030440882097524
0.0253559835254706
0.0206048146316552
0.0166684268495599
0.0134846131653632
0.0108913185290335
0.00877809528595122
0.00706274994859338
0.0056867854793322
0.00458037069779134
0.00366195452938599
0.00291337973072854
0.00231628250997967
0.00181122969906445
0.00138399075943603
0.000990652986126229
0.0342682128228951
0.0300942113193033
0.0256485468571299
0.0212852349668884
0.0173029318248549
0.0141105931261205
0.0117664831657493
0.00976812459139402
0.00802026466420967
0.00663476434141024
0.00548642263770535
0.00456960674710565
0.00379761487763057
0.00311689330286274
0.00258103552678003
0.00216276336699363
0.00178495803035526
0.00146533950218393
0.00121176963022071
0.00101545224687714
0.000856188669115309
0.000718672669073101
0.000604622938940055
0.000513361561101013
0.000437762925877182
0.000370816633974935
0.0369749707621139
0.0359020612467132
0.0349622165066172
0.000328190556983084
0.000287666826103797
0.000250858077188281
0.000220339171816754
0.000196029595114392
0.000175314528044884
0.000329617753722764
0.000291133540515944
0.000269737299027537
0.000257112022844657
0.000164320522947599
0.000157227573234141
0.000153074995420254
0.000151056840765332
0.00016670216186981
0.000161634872690226
0.000159357013371835
0.000799106661888766
0.000648925092030309
0.000535844036058788
0.000442205645293431
0.000359449762836372
0.000287644329733084
0.000808534012155936
0.000670965134426776
0.00056137925629008
0.000473982566921533
0.00040359091762795
0.000350820021107027
0.00030493344234373
0.000269979398644433
0.000241606230879984
0.000218889059648572
0.00020118337075576
0.000186798612851544
0.00017549439821066
0.000166223882341438
0.000158811851115427
0.000152995390644727
0.000147911995842094
0.000254432848598403
0.000231321381257435
0.000211853733270152
0.000196822107042131
0.000184063385502664
0.000173924855767391
0.000165821326097846
0.000159356748397848
0.000154174845361604
0.000150098816740454
0.000146791144415815
0.000144104893774605
0.000141971966649583
0.000140330320670602
0.000139097236148098
0.000138191736747036
0.000137556947516928
0.000137155626334674
0.000136955337617306
0.00025627095760981
0.000234489550939148
0.000217441346323051
0.000205929424798098
0.00019885930979359
0.000195328420193722
0.000144850417061508
0.000142222550268549
0.000140210419937831
0.000138808240282743
0.000137795893727717
0.000137172609150524
0.00013686175712249
0.000144960040144961
0.000142668141276869
0.000141196393718279
0.000140500444433566
