9.31300916024461e-05
9.31300916024462e-05
9.31300916024462e-05
9.31300916024463e-05
9.31300916024462e-05
9.31300916024463e-05
9.31300916024465e-05
9.31300916024462e-05
9.31300916024462e-05
9.31300916024464e-05
9.31300916024465e-05
9.31300916024466e-05
9.31300916024467e-05
9.31300916024467e-05
9.31300916024468e-05
9.31300916024461e-05
9.3130091602446e-05
9.31300916024459e-05
9.31300916024459e-05
9.31300916024459e-05
9.31300916024459e-05
9.31300916024459e-05
9.31300916024459e-05
9.3130091602446e-05
9.3130091602446e-05
9.31300916024461e-05
9.31300916024463e-05
9.31300916024463e-05
9.31300916024464e-05
9.31300916024465e-05
9.31300916024466e-05
9.31300916024466e-05
9.31300916024461e-05
9.31300916024461e-05
9.31300916024461e-05
9.31300916024461e-05
9.31300916024461e-05
9.3130091602446e-05
9.3130091602446e-05
9.3130091602446e-05
9.31300916024464e-05
9.31300916024466e-05
9.31300916024467e-05
9.31300916024469e-05
9.31300916024471e-05
9.31300916024463e-05
9.31300916024464e-05
9.31300916024465e-05
9.31300916024471e-05
9.31300916024472e-05
9.31300916024473e-05
9.31300916024474e-05
9.31300916024475e-05
9.31300916024476e-05
9.31300916024476e-05
9.31300916024477e-05
9.31300916024477e-05
9.31300916024477e-05
9.31300916024477e-05
9.31300916024478e-05
9.31300916024478e-05
9.31300916024478e-05
9.31300916024479e-05
9.31300916024479e-05
9.31300916024479e-05
9.3130091602448e-05
9.3130091602448e-05
9.31300916024481e-05
9.3130091602448e-05
9.3130091602448e-05
9.3130091602448e-05
9.3130091602448e-05
9.31300916024479e-05
9.31300916024479e-05
9.31300916024479e-05
9.31300916024479e-05
9.31300916024479e-05
9.31300916024479e-05
9.31300916024479e-05
9.31300916024479e-05
9.31300916024479e-05
9.31300916024479e-05
9.31300916024473e-05
9.31300916024474e-05
9.31300916024475e-05
9.31300916024475e-05
9.31300916024476e-05
9.31300916024477e-05
9.31300916024478e-05
9.31300916024477e-05
9.31300916024477e-05
9.31300916024477e-05
9.31300916024477e-05
9.31300916024466e-05
9.31300916024467e-05
9.31300916024469e-05
9.31300916024466e-05
9.31300916024467e-05
9.31300916024469e-05
9.3130091602447e-05
9.31300916024471e-05
9.31300916024472e-05
9.3130091602447e-05
9.31300916024471e-05
9.31300916024472e-05
9.31300916024472e-05
9.31300916024473e-05
9.31300916024473e-05
9.31300916024473e-05
9.31300916024473e-05
9.31300916024473e-05
9.31300916024473e-05
9.31300916024474e-05
9.31300916024475e-05
9.31300916024475e-05
9.31300916024475e-05
9.31300916024476e-05
9.31300916024476e-05
9.31300916024473e-05
9.31300916024474e-05
9.31300916024477e-05
9.31300916024479e-05
9.31300916024482e-05
9.31300916024485e-05
9.31300916024473e-05
9.31300916024474e-05
9.31300916024475e-05
9.31300916024486e-05
9.31300916024488e-05
9.3130091602449e-05
9.31300916024492e-05
9.31300916024493e-05
9.31300916024494e-05
9.31300916024495e-05
9.31300916024496e-05
9.31300916024496e-05
9.31300916024496e-05
9.31300916024496e-05
9.31300916024496e-05
9.31300916024495e-05
9.31300916024495e-05
9.31300916024495e-05
9.31300916024494e-05
9.31300916024494e-05
9.31300916024494e-05
9.31300916024494e-05
9.31300916024494e-05
9.31300916024493e-05
9.31300916024493e-05
9.31300916024494e-05
9.31300916024494e-05
9.31300916024495e-05
9.31300916024496e-05
9.31300916024497e-05
9.31300916024498e-05
9.31300916024499e-05
9.31300916024499e-05
9.313009160245e-05
9.313009160245e-05
9.31300916024501e-05
9.313009160245e-05
9.31300916024485e-05
9.31300916024486e-05
9.31300916024486e-05
9.31300916024487e-05
9.31300916024488e-05
9.31300916024489e-05
9.3130091602449e-05
9.31300916024491e-05
9.31300916024492e-05
9.31300916024493e-05
9.31300916024494e-05
9.31300916024494e-05
9.31300916024495e-05
9.31300916024495e-05
9.31300916024496e-05
9.31300916024496e-05
9.31300916024497e-05
9.31300916024497e-05
9.31300916024497e-05
9.31300916024498e-05
9.31300916024498e-05
9.31300916024498e-05
9.31300916024498e-05
9.31300916024475e-05
9.31300916024476e-05
9.31300916024476e-05
9.31300916024476e-05
9.31300916024477e-05
9.31300916024477e-05
9.31300916024478e-05
9.31300916024479e-05
9.3130091602448e-05
9.3130091602448e-05
9.3130091602448e-05
9.3130091602448e-05
9.3130091602448e-05
9.31300916024476e-05
9.31300916024478e-05
9.31300916024479e-05
9.31300916024481e-05
9.31300916024482e-05
9.31300916024483e-05
9.31300916024483e-05
9.31300916024484e-05
9.31300916024484e-05
9.31300916024485e-05
9.31300916024484e-05
9.31300916024484e-05
9.31300916024484e-05
9.31300916024484e-05
9.31300916024484e-05
9.31300916024484e-05
9.31300916024484e-05
9.31300916024484e-05
9.31300916024484e-05
9.31300916024485e-05
9.31300916024485e-05
9.31300916024486e-05
9.31300916024486e-05
9.31300916024487e-05
9.31300916024488e-05
9.31300916024488e-05
9.31300916024489e-05
9.3130091602449e-05
9.31300916024491e-05
9.31300916024491e-05
9.31300916024491e-05
9.31300916024491e-05
9.31300916024491e-05
9.31300916024491e-05
9.31300916024491e-05
9.31300916024491e-05
9.31300916024491e-05
9.31300916024468e-05
9.31300916024468e-05
9.31300916024467e-05
9.31300916024467e-05
9.31300916024468e-05
9.31300916024467e-05
9.31300916024468e-05
9.31300916024468e-05
9.31300916024468e-05
9.31300916024469e-05
9.3130091602447e-05
9.3130091602447e-05
9.31300916024471e-05
9.31300916024471e-05
9.31300916024472e-05
9.31300916024472e-05
9.31300916024472e-05
9.31300916024472e-05
9.31300916024472e-05
9.31300916024472e-05
9.31300916024471e-05
9.31300916024471e-05
9.3130091602447e-05
9.31300916024471e-05
9.31300916024472e-05
9.31300916024472e-05
9.31300916024472e-05
9.31300916024471e-05
9.31300916024471e-05
9.31300916024471e-05
9.31300916024471e-05
9.31300916024471e-05
9.31300916024471e-05
9.31300916024471e-05
9.31300916024471e-05
9.31300916024472e-05
9.31300916024472e-05
9.31300916024473e-05
9.31300916024473e-05
9.31300916024474e-05
9.31300916024474e-05
9.31300916024474e-05
9.31300916024474e-05
9.31300916024474e-05
9.31300916024473e-05
9.31300916024473e-05
9.31300916024473e-05
9.31300916024473e-05
9.31300916024465e-05
9.31300916024466e-05
9.31300916024466e-05
9.31300916024467e-05
9.31300916024468e-05
9.31300916024469e-05
9.31300916024466e-05
9.31300916024467e-05
9.31300916024468e-05
9.31300916024467e-05
9.31300916024468e-05
9.31300916024469e-05
9.3130091602447e-05
9.31300916024471e-05
9.31300916024472e-05
9.31300916024473e-05
9.31300916024475e-05
9.31300916024476e-05
9.31300916024477e-05
9.31300916024478e-05
9.31300916024479e-05
9.3130091602448e-05
9.31300916024481e-05
9.31300916024483e-05
9.31300916024484e-05
9.31300916024487e-05
9.31300916024488e-05
9.3130091602449e-05
9.31300916024491e-05
9.31300916024492e-05
9.31300916024492e-05
9.31300916024493e-05
9.31300916024493e-05
9.31300916024494e-05
9.31300916024494e-05
9.31300916024494e-05
9.31300916024494e-05
9.31300916024493e-05
9.31300916024494e-05
9.31300916024494e-05
9.31300916024494e-05
9.31300916024495e-05
9.31300916024495e-05
9.31300916024468e-05
9.31300916024468e-05
9.31300916024469e-05
9.31300916024469e-05
9.3130091602447e-05
9.3130091602447e-05
9.31300916024471e-05
9.31300916024471e-05
9.31300916024472e-05
9.31300916024472e-05
9.31300916024472e-05
9.31300916024472e-05
9.31300916024472e-05
9.31300916024469e-05
9.3130091602447e-05
9.31300916024471e-05
9.31300916024472e-05
9.31300916024473e-05
9.31300916024474e-05
9.3130091602447e-05
9.31300916024469e-05
9.31300916024468e-05
9.31300916024467e-05
9.31300916024466e-05
9.31300916024465e-05
9.31300916024465e-05
9.31300916024464e-05
9.31300916024463e-05
9.31300916024463e-05
9.31300916024463e-05
9.31300916024463e-05
9.31300916024463e-05
9.31300916024464e-05
9.31300916024463e-05
9.31300916024463e-05
9.31300916024462e-05
9.31300916024462e-05
9.31300916024462e-05
9.31300916024463e-05
9.31300916024463e-05
9.31300916024464e-05
9.31300916024465e-05
9.31300916024465e-05
9.31300916024465e-05
9.31300916024465e-05
9.31300916024466e-05
9.31300916024475e-05
9.31300916024476e-05
9.31300916024477e-05
9.31300916024478e-05
9.3130091602448e-05
9.31300916024483e-05
9.31300916024485e-05
9.31300916024486e-05
9.31300916024487e-05
9.31300916024488e-05
9.31300916024489e-05
9.3130091602449e-05
9.3130091602449e-05
9.31300916024491e-05
9.31300916024492e-05
9.31300916024494e-05
9.31300916024495e-05
9.31300916024496e-05
9.31300916024497e-05
9.31300916024498e-05
9.31300916024498e-05
9.31300916024498e-05
9.31300916024498e-05
9.31300916024498e-05
9.31300916024475e-05
9.31300916024476e-05
9.31300916024477e-05
9.31300916024477e-05
9.31300916024478e-05
9.31300916024478e-05
9.31300916024479e-05
9.31300916024479e-05
9.31300916024479e-05
9.3130091602448e-05
9.3130091602448e-05
9.3130091602448e-05
9.3130091602447e-05
9.3130091602447e-05
9.31300916024471e-05
9.31300916024472e-05
9.31300916024473e-05
9.31300916024473e-05
9.31300916024473e-05
9.31300916024474e-05
9.31300916024475e-05
9.31300916024475e-05
9.31300916024475e-05
9.31300916024475e-05
9.31300916024475e-05
9.31300916024476e-05
9.31300916024477e-05
9.31300916024478e-05
9.31300916024478e-05
9.31300916024479e-05
9.31300916024479e-05
9.31300916024479e-05
9.31300916024479e-05
9.3130091602448e-05
9.31300916024479e-05
9.31300916024469e-05
9.3130091602447e-05
9.31300916024471e-05
9.31300916024471e-05
9.31300916024472e-05
9.31300916024473e-05
9.31300916024474e-05
9.31300916024474e-05
9.31300916024475e-05
9.31300916024475e-05
9.31300916024476e-05
9.31300916024476e-05
9.31300916024476e-05
9.31300916024476e-05
9.31300916024477e-05
9.31300916024477e-05
9.31300916024478e-05
9.31300916024478e-05
9.31300916024479e-05
9.31300916024479e-05
9.31300916024479e-05
9.3130091602448e-05
9.3130091602448e-05
9.31300916024481e-05
9.31300916024482e-05
9.31300916024482e-05
9.31300916024483e-05
9.31300916024483e-05
9.31300916024483e-05
9.31300916024483e-05
9.31300916024484e-05
9.31300916024484e-05
9.31300916024483e-05
9.31300916024484e-05
9.31300916024484e-05
9.31300916024468e-05
9.31300916024468e-05
9.31300916024467e-05
9.31300916024468e-05
9.31300916024468e-05
9.31300916024468e-05
9.31300916024467e-05
9.31300916024467e-05
9.31300916024467e-05
9.31300916024466e-05
9.31300916024466e-05
9.31300916024465e-05
9.31300916024464e-05
9.31300916024464e-05
9.31300916024464e-05
9.31300916024467e-05
9.31300916024467e-05
9.31300916024466e-05
9.31300916024466e-05
9.31300916024466e-05
9.31300916024466e-05
9.31300916024466e-05
9.31300916024466e-05
9.31300916024466e-05
9.31300916024465e-05
9.31300916024465e-05
9.31300916024465e-05
9.31300916024465e-05
9.31300916024464e-05
9.31300916024464e-05
9.31300916024465e-05
9.31300916024465e-05
9.31300916024466e-05
9.31300916024466e-05
9.31300916024467e-05
9.31300916024468e-05
9.31300916024468e-05
9.31300916024468e-05
9.31300916024467e-05
9.31300916024467e-05
9.31300916024466e-05
9.31300916024466e-05
9.31300916024466e-05
9.31300916024465e-05
9.31300916024465e-05
9.31300916024465e-05
9.31300916024464e-05
9.31300916024464e-05
9.31300916024464e-05
9.31300916024463e-05
9.31300916024463e-05
9.31300916024466e-05
9.31300916024466e-05
9.31300916024467e-05
9.31300916024467e-05
9.31300916024467e-05
9.31300916024467e-05
9.31300916024467e-05
9.31300916024467e-05
9.31300916024467e-05
9.31300916024467e-05
9.31300916024468e-05
9.31300916024467e-05
9.31300916024467e-05
9.31300916024468e-05
9.31300916024468e-05
9.31300916024468e-05
9.31300916024469e-05
9.3130091602447e-05
9.3130091602447e-05
9.3130091602447e-05
9.31300916024471e-05
9.3130091602447e-05
9.3130091602447e-05
9.3130091602447e-05
9.3130091602447e-05
9.3130091602447e-05
9.3130091602447e-05
9.3130091602447e-05
9.31300916024471e-05
9.31300916024467e-05
9.31300916024467e-05
9.31300916024467e-05
9.31300916024466e-05
9.31300916024466e-05
9.31300916024466e-05
9.31300916024467e-05
9.31300916024467e-05
9.31300916024467e-05
9.31300916024468e-05
9.31300916024468e-05
9.31300916024468e-05
9.31300916024468e-05
9.31300916024468e-05
9.31300916024468e-05
9.31300916024467e-05
9.31300916024467e-05
9.31300916024467e-05
9.31300916024467e-05
9.31300916024467e-05
9.31300916024467e-05
9.31300916024467e-05
9.31300916024466e-05
9.31300916024466e-05
9.31300916024467e-05
9.31300916024467e-05
9.31300916024467e-05
9.31300916024467e-05
9.31300916024468e-05
9.31300916024468e-05
9.31300916024468e-05
9.31300916024469e-05
9.3130091602446e-05
9.3130091602446e-05
9.31300916024459e-05
9.31300916024459e-05
9.31300916024459e-05
9.3130091602446e-05
9.31300916024459e-05
9.31300916024459e-05
9.31300916024458e-05
9.31300916024457e-05
9.31300916024456e-05
9.31300916024456e-05
9.31300916024456e-05
9.31300916024455e-05
9.31300916024454e-05
9.31300916024454e-05
9.31300916024454e-05
9.31300916024454e-05
9.31300916024454e-05
9.31300916024454e-05
9.31300916024455e-05
9.31300916024455e-05
9.31300916024456e-05
9.31300916024456e-05
9.31300916024457e-05
9.31300916024457e-05
9.31300916024458e-05
9.31300916024458e-05
9.31300916024459e-05
9.31300916024459e-05
9.31300916024459e-05
9.31300916024458e-05
9.31300916024458e-05
9.31300916024457e-05
9.3130091602446e-05
9.31300916024462e-05
9.31300916024464e-05
9.31300916024467e-05
9.31300916024455e-05
9.31300916024453e-05
9.31300916024452e-05
9.3130091602446e-05
9.31300916024463e-05
9.31300916024466e-05
9.31300916024469e-05
9.31300916024472e-05
9.31300916024452e-05
9.31300916024454e-05
9.31300916024456e-05
9.31300916024458e-05
9.3130091602445e-05
9.31300916024447e-05
9.31300916024446e-05
9.3130091602446e-05
9.31300916024462e-05
9.31300916024464e-05
9.31300916024466e-05
9.31300916024467e-05
9.31300916024469e-05
9.31300916024471e-05
9.31300916024472e-05
9.31300916024474e-05
9.31300916024475e-05
9.31300916024477e-05
9.31300916024479e-05
9.31300916024459e-05
9.3130091602446e-05
9.31300916024461e-05
9.31300916024462e-05
9.31300916024463e-05
9.31300916024463e-05
9.31300916024464e-05
9.31300916024465e-05
9.31300916024466e-05
9.31300916024467e-05
9.31300916024467e-05
9.31300916024469e-05
9.3130091602447e-05
9.31300916024471e-05
9.31300916024472e-05
9.31300916024473e-05
9.31300916024474e-05
9.31300916024475e-05
9.31300916024475e-05
9.31300916024476e-05
9.31300916024476e-05
9.31300916024476e-05
9.31300916024476e-05
9.31300916024476e-05
9.31300916024476e-05
9.31300916024479e-05
9.31300916024479e-05
9.3130091602448e-05
9.3130091602448e-05
9.3130091602448e-05
9.31300916024481e-05
9.3130091602448e-05
9.31300916024481e-05
9.31300916024482e-05
9.31300916024482e-05
9.31300916024482e-05
9.31300916024482e-05
9.31300916024482e-05
9.31300916024482e-05
9.31300916024482e-05
9.31300916024483e-05
9.31300916024483e-05
9.31300916024483e-05
9.31300916024484e-05
9.31300916024484e-05
9.31300916024484e-05
9.31300916024484e-05
9.31300916024484e-05
9.31300916024484e-05
9.31300916024484e-05
9.31300916024445e-05
9.31300916024445e-05
9.31300916024445e-05
9.31300916024445e-05
9.31300916024445e-05
9.31300916024445e-05
9.31300916024446e-05
9.31300916024446e-05
9.31300916024447e-05
9.31300916024447e-05
9.31300916024447e-05
9.31300916024447e-05
9.31300916024447e-05
9.31300916024448e-05
9.31300916024445e-05
9.31300916024444e-05
9.31300916024444e-05
9.31300916024442e-05
9.31300916024442e-05
9.31300916024441e-05
9.3130091602444e-05
9.3130091602444e-05
9.31300916024439e-05
9.31300916024438e-05
9.31300916024437e-05
9.31300916024437e-05
9.31300916024437e-05
9.31300916024437e-05
9.31300916024438e-05
9.31300916024438e-05
9.31300916024438e-05
9.31300916024438e-05
9.31300916024448e-05
9.31300916024448e-05
9.31300916024448e-05
9.31300916024449e-05
9.31300916024449e-05
9.3130091602445e-05
9.3130091602445e-05
9.31300916024451e-05
9.31300916024452e-05
9.31300916024453e-05
9.31300916024454e-05
9.31300916024454e-05
9.31300916024454e-05
9.31300916024453e-05
9.31300916024453e-05
9.31300916024454e-05
9.31300916024454e-05
9.31300916024454e-05
9.31300916024448e-05
9.31300916024448e-05
9.31300916024448e-05
9.31300916024449e-05
9.31300916024449e-05
9.3130091602445e-05
9.31300916024451e-05
9.31300916024451e-05
9.31300916024451e-05
9.31300916024451e-05
9.31300916024451e-05
9.31300916024475e-05
9.31300916024478e-05
9.31300916024482e-05
9.31300916024484e-05
9.31300916024487e-05
9.31300916024489e-05
9.31300916024491e-05
9.31300916024493e-05
9.31300916024495e-05
9.31300916024497e-05
9.31300916024499e-05
9.31300916024473e-05
9.31300916024475e-05
9.31300916024476e-05
9.31300916024477e-05
9.31300916024477e-05
9.31300916024478e-05
9.31300916024479e-05
9.3130091602448e-05
9.31300916024481e-05
9.31300916024482e-05
9.31300916024482e-05
9.31300916024482e-05
9.31300916024483e-05
9.313009160245e-05
9.31300916024501e-05
9.31300916024502e-05
9.31300916024503e-05
9.31300916024504e-05
9.31300916024505e-05
9.31300916024505e-05
9.31300916024505e-05
9.31300916024505e-05
9.31300916024499e-05
9.313009160245e-05
9.313009160245e-05
9.31300916024501e-05
9.31300916024502e-05
9.31300916024502e-05
9.31300916024503e-05
9.31300916024504e-05
9.31300916024504e-05
9.31300916024504e-05
9.31300916024504e-05
9.31300916024504e-05
9.31300916024504e-05
9.31300916024505e-05
9.31300916024506e-05
9.31300916024508e-05
9.31300916024509e-05
9.31300916024511e-05
9.31300916024512e-05
9.31300916024512e-05
9.31300916024513e-05
9.31300916024513e-05
9.31300916024469e-05
9.3130091602447e-05
9.31300916024471e-05
9.31300916024473e-05
9.31300916024474e-05
9.31300916024476e-05
9.31300916024477e-05
9.31300916024479e-05
9.3130091602448e-05
9.31300916024481e-05
9.31300916024482e-05
9.31300916024483e-05
9.31300916024484e-05
9.31300916024485e-05
9.31300916024486e-05
9.31300916024487e-05
9.31300916024469e-05
9.3130091602447e-05
9.31300916024472e-05
9.31300916024474e-05
9.31300916024475e-05
9.31300916024477e-05
9.31300916024479e-05
9.31300916024481e-05
9.31300916024482e-05
9.31300916024483e-05
9.31300916024483e-05
9.31300916024484e-05
9.31300916024485e-05
9.31300916024487e-05
9.31300916024488e-05
9.31300916024489e-05
9.31300916024489e-05
9.3130091602449e-05
9.3130091602449e-05
9.3130091602449e-05
9.31300916024491e-05
9.31300916024491e-05
9.31300916024491e-05
9.31300916024492e-05
9.31300916024493e-05
9.31300916024493e-05
9.31300916024493e-05
9.31300916024494e-05
9.31300916024494e-05
9.31300916024493e-05
9.31300916024487e-05
9.31300916024487e-05
9.31300916024487e-05
9.31300916024488e-05
9.31300916024487e-05
9.31300916024487e-05
9.31300916024487e-05
9.31300916024488e-05
9.31300916024488e-05
9.31300916024488e-05
9.31300916024488e-05
9.31300916024488e-05
9.31300916024487e-05
9.31300916024487e-05
9.31300916024487e-05
9.31300916024488e-05
9.31300916024489e-05
9.3130091602449e-05
9.3130091602449e-05
9.31300916024492e-05
9.31300916024493e-05
9.31300916024493e-05
9.31300916024494e-05
9.31300916024494e-05
9.31300916024494e-05
9.31300916024495e-05
9.31300916024495e-05
9.31300916024494e-05
9.31300916024487e-05
9.31300916024487e-05
9.31300916024488e-05
9.31300916024489e-05
9.31300916024489e-05
9.31300916024491e-05
9.31300916024492e-05
9.31300916024493e-05
9.31300916024494e-05
9.31300916024496e-05
9.31300916024496e-05
9.31300916024496e-05
9.31300916024497e-05
9.31300916024498e-05
9.31300916024499e-05
9.31300916024501e-05
9.31300916024502e-05
9.31300916024503e-05
9.31300916024504e-05
9.31300916024505e-05
9.31300916024506e-05
9.31300916024507e-05
9.31300916024508e-05
9.31300916024509e-05
9.3130091602451e-05
9.31300916024511e-05
9.31300916024512e-05
9.31300916024513e-05
9.31300916024514e-05
9.31300916024515e-05
9.31300916024515e-05
9.31300916024494e-05
9.31300916024494e-05
9.31300916024494e-05
9.31300916024494e-05
9.31300916024494e-05
9.31300916024494e-05
9.31300916024494e-05
9.31300916024493e-05
9.31300916024494e-05
9.31300916024494e-05
9.31300916024494e-05
9.31300916024493e-05
9.31300916024493e-05
9.31300916024492e-05
9.31300916024491e-05
9.3130091602449e-05
9.3130091602449e-05
9.31300916024489e-05
9.31300916024489e-05
9.3130091602449e-05
9.3130091602449e-05
9.31300916024489e-05
9.31300916024488e-05
9.31300916024487e-05
9.31300916024486e-05
9.31300916024485e-05
9.31300916024494e-05
9.31300916024494e-05
9.31300916024493e-05
9.31300916024485e-05
9.31300916024485e-05
9.31300916024484e-05
9.31300916024484e-05
9.31300916024484e-05
9.31300916024483e-05
9.31300916024484e-05
9.31300916024483e-05
9.31300916024482e-05
9.31300916024482e-05
9.31300916024482e-05
9.31300916024482e-05
9.31300916024482e-05
9.31300916024482e-05
9.31300916024483e-05
9.31300916024483e-05
9.31300916024483e-05
9.31300916024517e-05
9.31300916024518e-05
9.3130091602452e-05
9.31300916024521e-05
9.31300916024523e-05
9.31300916024525e-05
9.31300916024515e-05
9.31300916024515e-05
9.31300916024515e-05
9.31300916024515e-05
9.31300916024514e-05
9.31300916024514e-05
9.31300916024513e-05
9.31300916024512e-05
9.31300916024512e-05
9.31300916024511e-05
9.31300916024511e-05
9.31300916024511e-05
9.3130091602451e-05
9.31300916024509e-05
9.31300916024509e-05
9.31300916024509e-05
9.31300916024509e-05
9.31300916024528e-05
9.31300916024531e-05
9.31300916024534e-05
9.31300916024536e-05
9.31300916024538e-05
9.31300916024539e-05
9.3130091602454e-05
9.31300916024541e-05
9.31300916024542e-05
9.31300916024543e-05
9.31300916024545e-05
9.31300916024545e-05
9.31300916024545e-05
9.31300916024545e-05
9.31300916024546e-05
9.31300916024546e-05
9.31300916024547e-05
9.31300916024547e-05
9.31300916024547e-05
9.31300916024524e-05
9.31300916024523e-05
9.31300916024522e-05
9.31300916024522e-05
9.31300916024521e-05
9.31300916024521e-05
9.31300916024508e-05
9.31300916024508e-05
9.31300916024508e-05
9.31300916024508e-05
9.31300916024508e-05
9.31300916024507e-05
9.31300916024507e-05
9.31300916024509e-05
9.31300916024509e-05
9.31300916024509e-05
9.31300916024509e-05
