5.021344632126e-05
5.02134463212601e-05
5.02134463212601e-05
5.02134463212601e-05
5.02134463212601e-05
5.02134463212601e-05
5.02134463212602e-05
5.02134463212601e-05
5.02134463212601e-05
5.02134463212602e-05
5.02134463212602e-05
5.02134463212603e-05
5.02134463212603e-05
5.02134463212604e-05
5.02134463212604e-05
5.021344632126e-05
5.021344632126e-05
5.02134463212599e-05
5.02134463212599e-05
5.02134463212599e-05
5.021344632126e-05
5.021344632126e-05
5.021344632126e-05
5.021344632126e-05
5.021344632126e-05
5.02134463212601e-05
5.02134463212602e-05
5.02134463212602e-05
5.02134463212602e-05
5.02134463212603e-05
5.02134463212603e-05
5.02134463212603e-05
5.021344632126e-05
5.021344632126e-05
5.021344632126e-05
5.021344632126e-05
5.021344632126e-05
5.021344632126e-05
5.021344632126e-05
5.021344632126e-05
5.02134463212602e-05
5.02134463212603e-05
5.02134463212603e-05
5.02134463212604e-05
5.02134463212605e-05
5.02134463212601e-05
5.02134463212602e-05
5.02134463212602e-05
5.02134463212605e-05
5.02134463212606e-05
5.02134463212606e-05
5.02134463212606e-05
5.02134463212607e-05
5.02134463212607e-05
5.02134463212607e-05
5.02134463212608e-05
5.02134463212608e-05
5.02134463212607e-05
5.02134463212607e-05
5.02134463212607e-05
5.02134463212608e-05
5.02134463212608e-05
5.02134463212608e-05
5.02134463212608e-05
5.02134463212608e-05
5.02134463212608e-05
5.02134463212608e-05
5.02134463212608e-05
5.02134463212608e-05
5.02134463212608e-05
5.02134463212608e-05
5.02134463212608e-05
5.02134463212608e-05
5.02134463212607e-05
5.02134463212607e-05
5.02134463212608e-05
5.02134463212608e-05
5.02134463212608e-05
5.02134463212608e-05
5.02134463212608e-05
5.02134463212608e-05
5.02134463212608e-05
5.02134463212606e-05
5.02134463212607e-05
5.02134463212607e-05
5.02134463212608e-05
5.02134463212608e-05
5.02134463212608e-05
5.02134463212609e-05
5.02134463212608e-05
5.02134463212608e-05
5.02134463212608e-05
5.02134463212608e-05
5.02134463212603e-05
5.02134463212603e-05
5.02134463212604e-05
5.02134463212603e-05
5.02134463212603e-05
5.02134463212604e-05
5.02134463212604e-05
5.02134463212605e-05
5.02134463212606e-05
5.02134463212604e-05
5.02134463212605e-05
5.02134463212605e-05
5.02134463212606e-05
5.02134463212606e-05
5.02134463212606e-05
5.02134463212606e-05
5.02134463212606e-05
5.02134463212606e-05
5.02134463212606e-05
5.02134463212606e-05
5.02134463212607e-05
5.02134463212607e-05
5.02134463212607e-05
5.02134463212607e-05
5.02134463212607e-05
5.02134463212606e-05
5.02134463212606e-05
5.02134463212607e-05
5.02134463212608e-05
5.02134463212609e-05
5.0213446321261e-05
5.02134463212606e-05
5.02134463212607e-05
5.02134463212607e-05
5.0213446321261e-05
5.02134463212611e-05
5.02134463212612e-05
5.02134463212613e-05
5.02134463212613e-05
5.02134463212614e-05
5.02134463212614e-05
5.02134463212614e-05
5.02134463212614e-05
5.02134463212614e-05
5.02134463212613e-05
5.02134463212613e-05
5.02134463212613e-05
5.02134463212613e-05
5.02134463212612e-05
5.02134463212612e-05
5.02134463212612e-05
5.02134463212612e-05
5.02134463212612e-05
5.02134463212612e-05
5.02134463212611e-05
5.02134463212611e-05
5.02134463212611e-05
5.02134463212612e-05
5.02134463212612e-05
5.02134463212613e-05
5.02134463212613e-05
5.02134463212614e-05
5.02134463212614e-05
5.02134463212614e-05
5.02134463212614e-05
5.02134463212615e-05
5.02134463212615e-05
5.02134463212615e-05
5.0213446321261e-05
5.0213446321261e-05
5.0213446321261e-05
5.0213446321261e-05
5.0213446321261e-05
5.02134463212611e-05
5.02134463212611e-05
5.02134463212612e-05
5.02134463212612e-05
5.02134463212612e-05
5.02134463212612e-05
5.02134463212613e-05
5.02134463212613e-05
5.02134463212613e-05
5.02134463212613e-05
5.02134463212613e-05
5.02134463212614e-05
5.02134463212614e-05
5.02134463212614e-05
5.02134463212614e-05
5.02134463212614e-05
5.02134463212614e-05
5.02134463212614e-05
5.02134463212607e-05
5.02134463212607e-05
5.02134463212607e-05
5.02134463212607e-05
5.02134463212607e-05
5.02134463212607e-05
5.02134463212608e-05
5.02134463212608e-05
5.02134463212608e-05
5.02134463212609e-05
5.02134463212609e-05
5.02134463212609e-05
5.02134463212609e-05
5.02134463212607e-05
5.02134463212608e-05
5.02134463212609e-05
5.02134463212609e-05
5.0213446321261e-05
5.0213446321261e-05
5.02134463212611e-05
5.02134463212611e-05
5.02134463212611e-05
5.02134463212611e-05
5.0213446321261e-05
5.0213446321261e-05
5.0213446321261e-05
5.0213446321261e-05
5.0213446321261e-05
5.0213446321261e-05
5.0213446321261e-05
5.0213446321261e-05
5.0213446321261e-05
5.0213446321261e-05
5.0213446321261e-05
5.0213446321261e-05
5.0213446321261e-05
5.02134463212611e-05
5.02134463212611e-05
5.02134463212611e-05
5.02134463212611e-05
5.02134463212611e-05
5.02134463212612e-05
5.02134463212612e-05
5.02134463212612e-05
5.02134463212612e-05
5.02134463212612e-05
5.02134463212612e-05
5.02134463212612e-05
5.02134463212612e-05
5.02134463212612e-05
5.02134463212604e-05
5.02134463212604e-05
5.02134463212604e-05
5.02134463212603e-05
5.02134463212603e-05
5.02134463212603e-05
5.02134463212603e-05
5.02134463212603e-05
5.02134463212604e-05
5.02134463212604e-05
5.02134463212604e-05
5.02134463212605e-05
5.02134463212605e-05
5.02134463212606e-05
5.02134463212606e-05
5.02134463212606e-05
5.02134463212606e-05
5.02134463212606e-05
5.02134463212606e-05
5.02134463212606e-05
5.02134463212605e-05
5.02134463212605e-05
5.02134463212605e-05
5.02134463212605e-05
5.02134463212606e-05
5.02134463212606e-05
5.02134463212606e-05
5.02134463212606e-05
5.02134463212605e-05
5.02134463212605e-05
5.02134463212606e-05
5.02134463212605e-05
5.02134463212605e-05
5.02134463212605e-05
5.02134463212606e-05
5.02134463212606e-05
5.02134463212606e-05
5.02134463212606e-05
5.02134463212606e-05
5.02134463212607e-05
5.02134463212607e-05
5.02134463212607e-05
5.02134463212607e-05
5.02134463212606e-05
5.02134463212606e-05
5.02134463212606e-05
5.02134463212606e-05
5.02134463212606e-05
5.02134463212602e-05
5.02134463212602e-05
5.02134463212603e-05
5.02134463212603e-05
5.02134463212604e-05
5.02134463212604e-05
5.02134463212603e-05
5.02134463212603e-05
5.02134463212603e-05
5.02134463212603e-05
5.02134463212603e-05
5.02134463212604e-05
5.02134463212604e-05
5.02134463212605e-05
5.02134463212605e-05
5.02134463212606e-05
5.02134463212606e-05
5.02134463212606e-05
5.02134463212607e-05
5.02134463212607e-05
5.02134463212608e-05
5.02134463212608e-05
5.02134463212608e-05
5.02134463212609e-05
5.0213446321261e-05
5.02134463212611e-05
5.02134463212612e-05
5.02134463212612e-05
5.02134463212612e-05
5.02134463212613e-05
5.02134463212613e-05
5.02134463212613e-05
5.02134463212613e-05
5.02134463212613e-05
5.02134463212613e-05
5.02134463212613e-05
5.02134463212613e-05
5.02134463212613e-05
5.02134463212613e-05
5.02134463212613e-05
5.02134463212613e-05
5.02134463212613e-05
5.02134463212613e-05
5.02134463212604e-05
5.02134463212604e-05
5.02134463212604e-05
5.02134463212604e-05
5.02134463212605e-05
5.02134463212605e-05
5.02134463212605e-05
5.02134463212605e-05
5.02134463212606e-05
5.02134463212606e-05
5.02134463212606e-05
5.02134463212606e-05
5.02134463212606e-05
5.02134463212604e-05
5.02134463212605e-05
5.02134463212605e-05
5.02134463212606e-05
5.02134463212606e-05
5.02134463212606e-05
5.02134463212605e-05
5.02134463212604e-05
5.02134463212603e-05
5.02134463212603e-05
5.02134463212602e-05
5.02134463212602e-05
5.02134463212602e-05
5.02134463212601e-05
5.02134463212601e-05
5.02134463212601e-05
5.02134463212601e-05
5.02134463212601e-05
5.02134463212601e-05
5.02134463212602e-05
5.02134463212601e-05
5.02134463212601e-05
5.02134463212601e-05
5.02134463212601e-05
5.02134463212601e-05
5.02134463212602e-05
5.02134463212602e-05
5.02134463212602e-05
5.02134463212603e-05
5.02134463212603e-05
5.02134463212603e-05
5.02134463212603e-05
5.02134463212603e-05
5.02134463212606e-05
5.02134463212607e-05
5.02134463212607e-05
5.02134463212608e-05
5.02134463212608e-05
5.02134463212609e-05
5.0213446321261e-05
5.02134463212611e-05
5.02134463212611e-05
5.02134463212611e-05
5.02134463212612e-05
5.02134463212612e-05
5.02134463212612e-05
5.02134463212613e-05
5.02134463212613e-05
5.02134463212613e-05
5.02134463212614e-05
5.02134463212615e-05
5.02134463212615e-05
5.02134463212615e-05
5.02134463212616e-05
5.02134463212615e-05
5.02134463212615e-05
5.02134463212615e-05
5.02134463212607e-05
5.02134463212607e-05
5.02134463212607e-05
5.02134463212608e-05
5.02134463212608e-05
5.02134463212608e-05
5.02134463212608e-05
5.02134463212608e-05
5.02134463212609e-05
5.02134463212609e-05
5.02134463212609e-05
5.02134463212609e-05
5.02134463212605e-05
5.02134463212605e-05
5.02134463212605e-05
5.02134463212606e-05
5.02134463212606e-05
5.02134463212606e-05
5.02134463212606e-05
5.02134463212607e-05
5.02134463212607e-05
5.02134463212607e-05
5.02134463212607e-05
5.02134463212607e-05
5.02134463212607e-05
5.02134463212607e-05
5.02134463212608e-05
5.02134463212608e-05
5.02134463212608e-05
5.02134463212609e-05
5.02134463212609e-05
5.02134463212609e-05
5.02134463212609e-05
5.02134463212609e-05
5.02134463212609e-05
5.02134463212604e-05
5.02134463212605e-05
5.02134463212605e-05
5.02134463212605e-05
5.02134463212606e-05
5.02134463212606e-05
5.02134463212606e-05
5.02134463212606e-05
5.02134463212607e-05
5.02134463212607e-05
5.02134463212607e-05
5.02134463212607e-05
5.02134463212607e-05
5.02134463212607e-05
5.02134463212607e-05
5.02134463212607e-05
5.02134463212607e-05
5.02134463212607e-05
5.02134463212607e-05
5.02134463212607e-05
5.02134463212608e-05
5.02134463212608e-05
5.02134463212608e-05
5.02134463212608e-05
5.02134463212609e-05
5.02134463212609e-05
5.02134463212609e-05
5.02134463212609e-05
5.02134463212609e-05
5.02134463212609e-05
5.0213446321261e-05
5.0213446321261e-05
5.02134463212609e-05
5.02134463212609e-05
5.02134463212609e-05
5.02134463212604e-05
5.02134463212604e-05
5.02134463212604e-05
5.02134463212604e-05
5.02134463212604e-05
5.02134463212604e-05
5.02134463212604e-05
5.02134463212604e-05
5.02134463212604e-05
5.02134463212603e-05
5.02134463212603e-05
5.02134463212603e-05
5.02134463212602e-05
5.02134463212602e-05
5.02134463212602e-05
5.02134463212604e-05
5.02134463212604e-05
5.02134463212604e-05
5.02134463212603e-05
5.02134463212604e-05
5.02134463212604e-05
5.02134463212604e-05
5.02134463212603e-05
5.02134463212603e-05
5.02134463212603e-05
5.02134463212603e-05
5.02134463212603e-05
5.02134463212603e-05
5.02134463212602e-05
5.02134463212602e-05
5.02134463212602e-05
5.02134463212603e-05
5.02134463212603e-05
5.02134463212604e-05
5.02134463212604e-05
5.02134463212604e-05
5.02134463212605e-05
5.02134463212605e-05
5.02134463212604e-05
5.02134463212604e-05
5.02134463212604e-05
5.02134463212604e-05
5.02134463212604e-05
5.02134463212603e-05
5.02134463212603e-05
5.02134463212603e-05
5.02134463212603e-05
5.02134463212602e-05
5.02134463212602e-05
5.02134463212602e-05
5.02134463212602e-05
5.02134463212603e-05
5.02134463212603e-05
5.02134463212603e-05
5.02134463212604e-05
5.02134463212603e-05
5.02134463212604e-05
5.02134463212604e-05
5.02134463212604e-05
5.02134463212604e-05
5.02134463212604e-05
5.02134463212604e-05
5.02134463212603e-05
5.02134463212603e-05
5.02134463212603e-05
5.02134463212603e-05
5.02134463212604e-05
5.02134463212604e-05
5.02134463212605e-05
5.02134463212605e-05
5.02134463212605e-05
5.02134463212605e-05
5.02134463212605e-05
5.02134463212605e-05
5.02134463212605e-05
5.02134463212605e-05
5.02134463212605e-05
5.02134463212605e-05
5.02134463212605e-05
5.02134463212605e-05
5.02134463212603e-05
5.02134463212604e-05
5.02134463212603e-05
5.02134463212603e-05
5.02134463212603e-05
5.02134463212603e-05
5.02134463212604e-05
5.02134463212604e-05
5.02134463212604e-05
5.02134463212604e-05
5.02134463212604e-05
5.02134463212604e-05
5.02134463212604e-05
5.02134463212604e-05
5.02134463212604e-05
5.02134463212604e-05
5.02134463212604e-05
5.02134463212604e-05
5.02134463212603e-05
5.02134463212603e-05
5.02134463212604e-05
5.02134463212603e-05
5.02134463212603e-05
5.02134463212603e-05
5.02134463212603e-05
5.02134463212604e-05
5.02134463212604e-05
5.02134463212604e-05
5.02134463212604e-05
5.02134463212604e-05
5.02134463212604e-05
5.02134463212604e-05
5.021344632126e-05
5.021344632126e-05
5.021344632126e-05
5.02134463212599e-05
5.02134463212599e-05
5.021344632126e-05
5.021344632126e-05
5.02134463212599e-05
5.02134463212599e-05
5.02134463212599e-05
5.02134463212599e-05
5.02134463212599e-05
5.02134463212598e-05
5.02134463212598e-05
5.02134463212598e-05
5.02134463212598e-05
5.02134463212598e-05
5.02134463212598e-05
5.02134463212598e-05
5.02134463212598e-05
5.02134463212598e-05
5.02134463212598e-05
5.02134463212599e-05
5.02134463212599e-05
5.02134463212599e-05
5.021344632126e-05
5.021344632126e-05
5.021344632126e-05
5.021344632126e-05
5.021344632126e-05
5.021344632126e-05
5.02134463212599e-05
5.02134463212599e-05
5.02134463212599e-05
5.021344632126e-05
5.02134463212601e-05
5.02134463212602e-05
5.02134463212603e-05
5.02134463212598e-05
5.02134463212598e-05
5.02134463212597e-05
5.021344632126e-05
5.02134463212602e-05
5.02134463212603e-05
5.02134463212604e-05
5.02134463212606e-05
5.02134463212597e-05
5.02134463212598e-05
5.02134463212599e-05
5.021344632126e-05
5.02134463212596e-05
5.02134463212595e-05
5.02134463212594e-05
5.021344632126e-05
5.02134463212601e-05
5.02134463212602e-05
5.02134463212603e-05
5.02134463212604e-05
5.02134463212604e-05
5.02134463212605e-05
5.02134463212606e-05
5.02134463212606e-05
5.02134463212607e-05
5.02134463212608e-05
5.02134463212609e-05
5.021344632126e-05
5.02134463212601e-05
5.02134463212601e-05
5.02134463212602e-05
5.02134463212602e-05
5.02134463212602e-05
5.02134463212603e-05
5.02134463212603e-05
5.02134463212603e-05
5.02134463212604e-05
5.02134463212604e-05
5.02134463212604e-05
5.02134463212605e-05
5.02134463212606e-05
5.02134463212606e-05
5.02134463212606e-05
5.02134463212607e-05
5.02134463212607e-05
5.02134463212608e-05
5.02134463212608e-05
5.02134463212608e-05
5.02134463212608e-05
5.02134463212608e-05
5.02134463212608e-05
5.02134463212608e-05
5.02134463212609e-05
5.02134463212609e-05
5.02134463212609e-05
5.02134463212609e-05
5.02134463212609e-05
5.02134463212609e-05
5.02134463212609e-05
5.02134463212609e-05
5.0213446321261e-05
5.0213446321261e-05
5.02134463212609e-05
5.02134463212609e-05
5.02134463212609e-05
5.02134463212609e-05
5.02134463212609e-05
5.02134463212609e-05
5.0213446321261e-05
5.02134463212609e-05
5.02134463212609e-05
5.02134463212609e-05
5.0213446321261e-05
5.0213446321261e-05
5.0213446321261e-05
5.0213446321261e-05
5.0213446321261e-05
5.02134463212594e-05
5.02134463212594e-05
5.02134463212594e-05
5.02134463212594e-05
5.02134463212594e-05
5.02134463212595e-05
5.02134463212595e-05
5.02134463212595e-05
5.02134463212596e-05
5.02134463212596e-05
5.02134463212596e-05
5.02134463212596e-05
5.02134463212596e-05
5.02134463212597e-05
5.02134463212594e-05
5.02134463212594e-05
5.02134463212593e-05
5.02134463212593e-05
5.02134463212592e-05
5.02134463212592e-05
5.02134463212592e-05
5.02134463212592e-05
5.02134463212592e-05
5.02134463212591e-05
5.02134463212591e-05
5.02134463212591e-05
5.02134463212591e-05
5.02134463212591e-05
5.02134463212591e-05
5.02134463212592e-05
5.02134463212591e-05
5.02134463212591e-05
5.02134463212597e-05
5.02134463212597e-05
5.02134463212597e-05
5.02134463212597e-05
5.02134463212598e-05
5.02134463212598e-05
5.02134463212598e-05
5.02134463212599e-05
5.02134463212599e-05
5.021344632126e-05
5.02134463212601e-05
5.02134463212601e-05
5.02134463212601e-05
5.021344632126e-05
5.021344632126e-05
5.021344632126e-05
5.021344632126e-05
5.021344632126e-05
5.02134463212597e-05
5.02134463212597e-05
5.02134463212597e-05
5.02134463212597e-05
5.02134463212598e-05
5.02134463212598e-05
5.02134463212598e-05
5.02134463212599e-05
5.02134463212599e-05
5.02134463212599e-05
5.02134463212599e-05
5.02134463212607e-05
5.02134463212608e-05
5.02134463212609e-05
5.02134463212611e-05
5.02134463212611e-05
5.02134463212612e-05
5.02134463212613e-05
5.02134463212613e-05
5.02134463212614e-05
5.02134463212615e-05
5.02134463212615e-05
5.02134463212606e-05
5.02134463212607e-05
5.02134463212607e-05
5.02134463212607e-05
5.02134463212608e-05
5.02134463212608e-05
5.02134463212608e-05
5.02134463212609e-05
5.0213446321261e-05
5.0213446321261e-05
5.0213446321261e-05
5.0213446321261e-05
5.0213446321261e-05
5.02134463212616e-05
5.02134463212616e-05
5.02134463212617e-05
5.02134463212617e-05
5.02134463212618e-05
5.02134463212618e-05
5.02134463212618e-05
5.02134463212618e-05
5.02134463212618e-05
5.02134463212615e-05
5.02134463212615e-05
5.02134463212615e-05
5.02134463212616e-05
5.02134463212616e-05
5.02134463212616e-05
5.02134463212616e-05
5.02134463212616e-05
5.02134463212616e-05
5.02134463212616e-05
5.02134463212616e-05
5.02134463212616e-05
5.02134463212616e-05
5.02134463212616e-05
5.02134463212617e-05
5.02134463212618e-05
5.02134463212618e-05
5.02134463212619e-05
5.02134463212619e-05
5.0213446321262e-05
5.0213446321262e-05
5.0213446321262e-05
5.02134463212603e-05
5.02134463212604e-05
5.02134463212604e-05
5.02134463212605e-05
5.02134463212606e-05
5.02134463212606e-05
5.02134463212607e-05
5.02134463212607e-05
5.02134463212608e-05
5.02134463212608e-05
5.02134463212609e-05
5.02134463212609e-05
5.02134463212609e-05
5.0213446321261e-05
5.0213446321261e-05
5.02134463212611e-05
5.02134463212603e-05
5.02134463212604e-05
5.02134463212605e-05
5.02134463212605e-05
5.02134463212606e-05
5.02134463212607e-05
5.02134463212607e-05
5.02134463212608e-05
5.02134463212608e-05
5.02134463212609e-05
5.02134463212609e-05
5.02134463212609e-05
5.02134463212609e-05
5.0213446321261e-05
5.02134463212611e-05
5.02134463212612e-05
5.02134463212612e-05
5.02134463212612e-05
5.02134463212612e-05
5.02134463212612e-05
5.02134463212612e-05
5.02134463212612e-05
5.02134463212612e-05
5.02134463212612e-05
5.02134463212613e-05
5.02134463212613e-05
5.02134463212613e-05
5.02134463212613e-05
5.02134463212613e-05
5.02134463212613e-05
5.02134463212611e-05
5.02134463212611e-05
5.02134463212611e-05
5.02134463212611e-05
5.0213446321261e-05
5.0213446321261e-05
5.0213446321261e-05
5.02134463212611e-05
5.02134463212611e-05
5.02134463212611e-05
5.0213446321261e-05
5.0213446321261e-05
5.0213446321261e-05
5.0213446321261e-05
5.0213446321261e-05
5.0213446321261e-05
5.02134463212611e-05
5.02134463212611e-05
5.02134463212612e-05
5.02134463212612e-05
5.02134463212613e-05
5.02134463212613e-05
5.02134463212613e-05
5.02134463212613e-05
5.02134463212613e-05
5.02134463212613e-05
5.02134463212613e-05
5.02134463212613e-05
5.0213446321261e-05
5.0213446321261e-05
5.0213446321261e-05
5.0213446321261e-05
5.0213446321261e-05
5.02134463212611e-05
5.02134463212611e-05
5.02134463212612e-05
5.02134463212612e-05
5.02134463212612e-05
5.02134463212612e-05
5.02134463212612e-05
5.02134463212612e-05
5.02134463212613e-05
5.02134463212613e-05
5.02134463212613e-05
5.02134463212614e-05
5.02134463212614e-05
5.02134463212615e-05
5.02134463212615e-05
5.02134463212615e-05
5.02134463212616e-05
5.02134463212616e-05
5.02134463212616e-05
5.02134463212617e-05
5.02134463212617e-05
5.02134463212617e-05
5.02134463212617e-05
5.02134463212618e-05
5.02134463212618e-05
5.02134463212618e-05
5.02134463212613e-05
5.02134463212613e-05
5.02134463212613e-05
5.02134463212613e-05
5.02134463212613e-05
5.02134463212613e-05
5.02134463212613e-05
5.02134463212612e-05
5.02134463212613e-05
5.02134463212613e-05
5.02134463212613e-05
5.02134463212612e-05
5.02134463212612e-05
5.02134463212612e-05
5.02134463212611e-05
5.02134463212611e-05
5.02134463212611e-05
5.02134463212611e-05
5.02134463212611e-05
5.02134463212611e-05
5.02134463212611e-05
5.02134463212611e-05
5.0213446321261e-05
5.0213446321261e-05
5.02134463212609e-05
5.02134463212609e-05
5.02134463212613e-05
5.02134463212613e-05
5.02134463212613e-05
5.02134463212608e-05
5.02134463212608e-05
5.02134463212608e-05
5.02134463212608e-05
5.02134463212608e-05
5.02134463212608e-05
5.02134463212608e-05
5.02134463212608e-05
5.02134463212607e-05
5.02134463212607e-05
5.02134463212608e-05
5.02134463212607e-05
5.02134463212607e-05
5.02134463212607e-05
5.02134463212608e-05
5.02134463212607e-05
5.02134463212607e-05
5.02134463212619e-05
5.02134463212619e-05
5.0213446321262e-05
5.0213446321262e-05
5.02134463212621e-05
5.02134463212622e-05
5.02134463212618e-05
5.02134463212618e-05
5.02134463212618e-05
5.02134463212618e-05
5.02134463212618e-05
5.02134463212618e-05
5.02134463212617e-05
5.02134463212617e-05
5.02134463212617e-05
5.02134463212616e-05
5.02134463212616e-05
5.02134463212616e-05
5.02134463212616e-05
5.02134463212616e-05
5.02134463212616e-05
5.02134463212616e-05
5.02134463212616e-05
5.02134463212623e-05
5.02134463212624e-05
5.02134463212625e-05
5.02134463212626e-05
5.02134463212627e-05
5.02134463212628e-05
5.02134463212628e-05
5.02134463212628e-05
5.02134463212629e-05
5.02134463212629e-05
5.02134463212629e-05
5.0213446321263e-05
5.0213446321263e-05
5.0213446321263e-05
5.0213446321263e-05
5.0213446321263e-05
5.0213446321263e-05
5.0213446321263e-05
5.0213446321263e-05
5.02134463212621e-05
5.02134463212621e-05
5.0213446321262e-05
5.0213446321262e-05
5.02134463212619e-05
5.02134463212619e-05
5.02134463212615e-05
5.02134463212615e-05
5.02134463212615e-05
5.02134463212615e-05
5.02134463212615e-05
5.02134463212615e-05
5.02134463212615e-05
5.02134463212616e-05
5.02134463212616e-05
5.02134463212616e-05
5.02134463212616e-05
