8.90138433838938e-05
8.90138433838938e-05
8.90138433838938e-05
8.90138433838939e-05
8.90138433838939e-05
8.9013843383894e-05
8.90138433838941e-05
8.90138433838938e-05
8.90138433838939e-05
8.9013843383894e-05
8.90138433838941e-05
8.90138433838943e-05
8.90138433838943e-05
8.90138433838944e-05
8.90138433838944e-05
8.90138433838938e-05
8.90138433838937e-05
8.90138433838936e-05
8.90138433838936e-05
8.90138433838936e-05
8.90138433838936e-05
8.90138433838936e-05
8.90138433838937e-05
8.90138433838937e-05
8.90138433838938e-05
8.90138433838939e-05
8.9013843383894e-05
8.90138433838941e-05
8.90138433838942e-05
8.90138433838943e-05
8.90138433838943e-05
8.90138433838943e-05
8.90138433838938e-05
8.90138433838938e-05
8.90138433838938e-05
8.90138433838938e-05
8.90138433838937e-05
8.90138433838937e-05
8.90138433838937e-05
8.90138433838937e-05
8.90138433838941e-05
8.90138433838942e-05
8.90138433838944e-05
8.90138433838946e-05
8.90138433838948e-05
8.9013843383894e-05
8.90138433838941e-05
8.90138433838941e-05
8.90138433838948e-05
8.90138433838949e-05
8.9013843383895e-05
8.9013843383895e-05
8.90138433838951e-05
8.90138433838952e-05
8.90138433838953e-05
8.90138433838953e-05
8.90138433838953e-05
8.90138433838954e-05
8.90138433838954e-05
8.90138433838954e-05
8.90138433838954e-05
8.90138433838954e-05
8.90138433838955e-05
8.90138433838955e-05
8.90138433838955e-05
8.90138433838956e-05
8.90138433838956e-05
8.90138433838956e-05
8.90138433838956e-05
8.90138433838956e-05
8.90138433838955e-05
8.90138433838955e-05
8.90138433838955e-05
8.90138433838954e-05
8.90138433838954e-05
8.90138433838955e-05
8.90138433838955e-05
8.90138433838956e-05
8.90138433838955e-05
8.90138433838955e-05
8.90138433838955e-05
8.90138433838955e-05
8.90138433838949e-05
8.9013843383895e-05
8.90138433838951e-05
8.90138433838952e-05
8.90138433838953e-05
8.90138433838953e-05
8.90138433838954e-05
8.90138433838953e-05
8.90138433838953e-05
8.90138433838953e-05
8.90138433838953e-05
8.90138433838942e-05
8.90138433838943e-05
8.90138433838945e-05
8.90138433838942e-05
8.90138433838943e-05
8.90138433838945e-05
8.90138433838946e-05
8.90138433838947e-05
8.90138433838948e-05
8.90138433838946e-05
8.90138433838947e-05
8.90138433838948e-05
8.90138433838949e-05
8.90138433838949e-05
8.90138433838949e-05
8.90138433838949e-05
8.90138433838949e-05
8.90138433838949e-05
8.9013843383895e-05
8.9013843383895e-05
8.90138433838951e-05
8.90138433838952e-05
8.90138433838952e-05
8.90138433838952e-05
8.90138433838953e-05
8.90138433838949e-05
8.90138433838951e-05
8.90138433838953e-05
8.90138433838955e-05
8.90138433838957e-05
8.9013843383896e-05
8.90138433838949e-05
8.9013843383895e-05
8.90138433838951e-05
8.90138433838961e-05
8.90138433838963e-05
8.90138433838965e-05
8.90138433838967e-05
8.90138433838968e-05
8.90138433838969e-05
8.9013843383897e-05
8.9013843383897e-05
8.9013843383897e-05
8.9013843383897e-05
8.9013843383897e-05
8.9013843383897e-05
8.9013843383897e-05
8.9013843383897e-05
8.90138433838969e-05
8.90138433838969e-05
8.90138433838969e-05
8.90138433838969e-05
8.90138433838968e-05
8.90138433838968e-05
8.90138433838968e-05
8.90138433838968e-05
8.90138433838968e-05
8.90138433838969e-05
8.9013843383897e-05
8.90138433838971e-05
8.90138433838972e-05
8.90138433838973e-05
8.90138433838973e-05
8.90138433838974e-05
8.90138433838974e-05
8.90138433838975e-05
8.90138433838975e-05
8.90138433838975e-05
8.90138433838961e-05
8.90138433838961e-05
8.90138433838962e-05
8.90138433838962e-05
8.90138433838963e-05
8.90138433838964e-05
8.90138433838965e-05
8.90138433838966e-05
8.90138433838967e-05
8.90138433838968e-05
8.90138433838968e-05
8.90138433838969e-05
8.9013843383897e-05
8.9013843383897e-05
8.90138433838971e-05
8.90138433838971e-05
8.90138433838972e-05
8.90138433838972e-05
8.90138433838972e-05
8.90138433838972e-05
8.90138433838972e-05
8.90138433838972e-05
8.90138433838972e-05
8.90138433838952e-05
8.90138433838952e-05
8.90138433838952e-05
8.90138433838953e-05
8.90138433838953e-05
8.90138433838953e-05
8.90138433838954e-05
8.90138433838955e-05
8.90138433838955e-05
8.90138433838956e-05
8.90138433838956e-05
8.90138433838956e-05
8.90138433838956e-05
8.90138433838953e-05
8.90138433838954e-05
8.90138433838955e-05
8.90138433838957e-05
8.90138433838958e-05
8.90138433838959e-05
8.90138433838959e-05
8.90138433838959e-05
8.9013843383896e-05
8.9013843383896e-05
8.9013843383896e-05
8.9013843383896e-05
8.90138433838959e-05
8.90138433838959e-05
8.90138433838959e-05
8.9013843383896e-05
8.9013843383896e-05
8.9013843383896e-05
8.9013843383896e-05
8.9013843383896e-05
8.90138433838961e-05
8.90138433838961e-05
8.90138433838962e-05
8.90138433838962e-05
8.90138433838963e-05
8.90138433838964e-05
8.90138433838964e-05
8.90138433838965e-05
8.90138433838966e-05
8.90138433838966e-05
8.90138433838967e-05
8.90138433838967e-05
8.90138433838966e-05
8.90138433838967e-05
8.90138433838967e-05
8.90138433838967e-05
8.90138433838967e-05
8.90138433838944e-05
8.90138433838944e-05
8.90138433838944e-05
8.90138433838944e-05
8.90138433838944e-05
8.90138433838944e-05
8.90138433838944e-05
8.90138433838944e-05
8.90138433838945e-05
8.90138433838945e-05
8.90138433838946e-05
8.90138433838947e-05
8.90138433838947e-05
8.90138433838948e-05
8.90138433838948e-05
8.90138433838948e-05
8.90138433838948e-05
8.90138433838948e-05
8.90138433838948e-05
8.90138433838948e-05
8.90138433838948e-05
8.90138433838947e-05
8.90138433838946e-05
8.90138433838947e-05
8.90138433838948e-05
8.90138433838948e-05
8.90138433838948e-05
8.90138433838948e-05
8.90138433838947e-05
8.90138433838948e-05
8.90138433838948e-05
8.90138433838948e-05
8.90138433838948e-05
8.90138433838948e-05
8.90138433838948e-05
8.90138433838948e-05
8.90138433838948e-05
8.90138433838949e-05
8.9013843383895e-05
8.9013843383895e-05
8.9013843383895e-05
8.9013843383895e-05
8.9013843383895e-05
8.9013843383895e-05
8.90138433838949e-05
8.90138433838949e-05
8.90138433838949e-05
8.90138433838949e-05
8.90138433838942e-05
8.90138433838942e-05
8.90138433838943e-05
8.90138433838943e-05
8.90138433838944e-05
8.90138433838945e-05
8.90138433838943e-05
8.90138433838944e-05
8.90138433838944e-05
8.90138433838943e-05
8.90138433838944e-05
8.90138433838945e-05
8.90138433838946e-05
8.90138433838947e-05
8.90138433838948e-05
8.9013843383895e-05
8.90138433838951e-05
8.90138433838952e-05
8.90138433838953e-05
8.90138433838954e-05
8.90138433838955e-05
8.90138433838956e-05
8.90138433838957e-05
8.90138433838959e-05
8.9013843383896e-05
8.90138433838962e-05
8.90138433838964e-05
8.90138433838965e-05
8.90138433838966e-05
8.90138433838967e-05
8.90138433838967e-05
8.90138433838968e-05
8.90138433838968e-05
8.90138433838969e-05
8.90138433838969e-05
8.90138433838969e-05
8.90138433838968e-05
8.90138433838968e-05
8.90138433838968e-05
8.90138433838969e-05
8.90138433838969e-05
8.9013843383897e-05
8.9013843383897e-05
8.90138433838944e-05
8.90138433838945e-05
8.90138433838945e-05
8.90138433838946e-05
8.90138433838947e-05
8.90138433838947e-05
8.90138433838948e-05
8.90138433838948e-05
8.90138433838948e-05
8.90138433838949e-05
8.90138433838948e-05
8.90138433838948e-05
8.90138433838948e-05
8.90138433838945e-05
8.90138433838947e-05
8.90138433838948e-05
8.90138433838949e-05
8.9013843383895e-05
8.90138433838951e-05
8.90138433838947e-05
8.90138433838946e-05
8.90138433838945e-05
8.90138433838944e-05
8.90138433838943e-05
8.90138433838942e-05
8.90138433838941e-05
8.9013843383894e-05
8.9013843383894e-05
8.9013843383894e-05
8.9013843383894e-05
8.9013843383894e-05
8.9013843383894e-05
8.9013843383894e-05
8.9013843383894e-05
8.9013843383894e-05
8.90138433838939e-05
8.90138433838939e-05
8.90138433838939e-05
8.9013843383894e-05
8.9013843383894e-05
8.90138433838941e-05
8.90138433838942e-05
8.90138433838942e-05
8.90138433838942e-05
8.90138433838942e-05
8.90138433838942e-05
8.90138433838952e-05
8.90138433838952e-05
8.90138433838953e-05
8.90138433838955e-05
8.90138433838957e-05
8.90138433838959e-05
8.9013843383896e-05
8.90138433838962e-05
8.90138433838962e-05
8.90138433838963e-05
8.90138433838964e-05
8.90138433838965e-05
8.90138433838966e-05
8.90138433838966e-05
8.90138433838967e-05
8.90138433838968e-05
8.9013843383897e-05
8.90138433838971e-05
8.90138433838972e-05
8.90138433838972e-05
8.90138433838973e-05
8.90138433838973e-05
8.90138433838973e-05
8.90138433838973e-05
8.90138433838952e-05
8.90138433838953e-05
8.90138433838954e-05
8.90138433838954e-05
8.90138433838954e-05
8.90138433838955e-05
8.90138433838955e-05
8.90138433838956e-05
8.90138433838956e-05
8.90138433838956e-05
8.90138433838957e-05
8.90138433838957e-05
8.90138433838946e-05
8.90138433838947e-05
8.90138433838948e-05
8.90138433838948e-05
8.90138433838949e-05
8.90138433838949e-05
8.9013843383895e-05
8.9013843383895e-05
8.90138433838951e-05
8.90138433838951e-05
8.90138433838951e-05
8.90138433838951e-05
8.90138433838951e-05
8.90138433838952e-05
8.90138433838953e-05
8.90138433838954e-05
8.90138433838954e-05
8.90138433838954e-05
8.90138433838955e-05
8.90138433838955e-05
8.90138433838955e-05
8.90138433838955e-05
8.90138433838955e-05
8.90138433838946e-05
8.90138433838946e-05
8.90138433838947e-05
8.90138433838948e-05
8.90138433838948e-05
8.90138433838949e-05
8.9013843383895e-05
8.90138433838951e-05
8.90138433838951e-05
8.90138433838952e-05
8.90138433838952e-05
8.90138433838952e-05
8.90138433838953e-05
8.90138433838952e-05
8.90138433838953e-05
8.90138433838954e-05
8.90138433838954e-05
8.90138433838954e-05
8.90138433838955e-05
8.90138433838955e-05
8.90138433838956e-05
8.90138433838956e-05
8.90138433838956e-05
8.90138433838957e-05
8.90138433838957e-05
8.90138433838958e-05
8.90138433838959e-05
8.90138433838959e-05
8.90138433838959e-05
8.90138433838959e-05
8.9013843383896e-05
8.9013843383896e-05
8.9013843383896e-05
8.90138433838959e-05
8.90138433838959e-05
8.90138433838944e-05
8.90138433838944e-05
8.90138433838944e-05
8.90138433838944e-05
8.90138433838944e-05
8.90138433838944e-05
8.90138433838944e-05
8.90138433838944e-05
8.90138433838944e-05
8.90138433838943e-05
8.90138433838943e-05
8.90138433838942e-05
8.90138433838941e-05
8.90138433838941e-05
8.90138433838941e-05
8.90138433838944e-05
8.90138433838943e-05
8.90138433838943e-05
8.90138433838943e-05
8.90138433838943e-05
8.90138433838943e-05
8.90138433838943e-05
8.90138433838943e-05
8.90138433838943e-05
8.90138433838942e-05
8.90138433838942e-05
8.90138433838942e-05
8.90138433838941e-05
8.90138433838941e-05
8.90138433838941e-05
8.90138433838941e-05
8.90138433838942e-05
8.90138433838942e-05
8.90138433838943e-05
8.90138433838944e-05
8.90138433838944e-05
8.90138433838945e-05
8.90138433838944e-05
8.90138433838944e-05
8.90138433838944e-05
8.90138433838943e-05
8.90138433838943e-05
8.90138433838943e-05
8.90138433838942e-05
8.90138433838942e-05
8.90138433838942e-05
8.90138433838941e-05
8.9013843383894e-05
8.9013843383894e-05
8.9013843383894e-05
8.9013843383894e-05
8.90138433838943e-05
8.90138433838943e-05
8.90138433838944e-05
8.90138433838944e-05
8.90138433838944e-05
8.90138433838944e-05
8.90138433838944e-05
8.90138433838945e-05
8.90138433838944e-05
8.90138433838945e-05
8.90138433838945e-05
8.90138433838944e-05
8.90138433838944e-05
8.90138433838944e-05
8.90138433838944e-05
8.90138433838945e-05
8.90138433838946e-05
8.90138433838946e-05
8.90138433838947e-05
8.90138433838947e-05
8.90138433838947e-05
8.90138433838947e-05
8.90138433838947e-05
8.90138433838946e-05
8.90138433838946e-05
8.90138433838947e-05
8.90138433838947e-05
8.90138433838948e-05
8.90138433838947e-05
8.90138433838944e-05
8.90138433838944e-05
8.90138433838943e-05
8.90138433838943e-05
8.90138433838943e-05
8.90138433838943e-05
8.90138433838944e-05
8.90138433838944e-05
8.90138433838944e-05
8.90138433838945e-05
8.90138433838945e-05
8.90138433838945e-05
8.90138433838945e-05
8.90138433838945e-05
8.90138433838944e-05
8.90138433838944e-05
8.90138433838944e-05
8.90138433838944e-05
8.90138433838943e-05
8.90138433838943e-05
8.90138433838944e-05
8.90138433838943e-05
8.90138433838943e-05
8.90138433838943e-05
8.90138433838943e-05
8.90138433838944e-05
8.90138433838944e-05
8.90138433838944e-05
8.90138433838944e-05
8.90138433838945e-05
8.90138433838945e-05
8.90138433838945e-05
8.90138433838937e-05
8.90138433838937e-05
8.90138433838937e-05
8.90138433838936e-05
8.90138433838936e-05
8.90138433838937e-05
8.90138433838936e-05
8.90138433838936e-05
8.90138433838935e-05
8.90138433838935e-05
8.90138433838934e-05
8.90138433838934e-05
8.90138433838933e-05
8.90138433838933e-05
8.90138433838932e-05
8.90138433838932e-05
8.90138433838932e-05
8.90138433838932e-05
8.90138433838932e-05
8.90138433838932e-05
8.90138433838933e-05
8.90138433838933e-05
8.90138433838933e-05
8.90138433838934e-05
8.90138433838934e-05
8.90138433838935e-05
8.90138433838935e-05
8.90138433838935e-05
8.90138433838936e-05
8.90138433838936e-05
8.90138433838936e-05
8.90138433838935e-05
8.90138433838935e-05
8.90138433838935e-05
8.90138433838937e-05
8.90138433838939e-05
8.90138433838941e-05
8.90138433838944e-05
8.90138433838933e-05
8.90138433838931e-05
8.90138433838929e-05
8.90138433838938e-05
8.90138433838941e-05
8.90138433838943e-05
8.90138433838946e-05
8.90138433838949e-05
8.9013843383893e-05
8.90138433838931e-05
8.90138433838933e-05
8.90138433838935e-05
8.90138433838927e-05
8.90138433838925e-05
8.90138433838924e-05
8.90138433838937e-05
8.90138433838939e-05
8.90138433838941e-05
8.90138433838943e-05
8.90138433838944e-05
8.90138433838946e-05
8.90138433838948e-05
8.90138433838949e-05
8.9013843383895e-05
8.90138433838951e-05
8.90138433838953e-05
8.90138433838955e-05
8.90138433838936e-05
8.90138433838938e-05
8.90138433838939e-05
8.9013843383894e-05
8.9013843383894e-05
8.90138433838941e-05
8.90138433838942e-05
8.90138433838943e-05
8.90138433838943e-05
8.90138433838944e-05
8.90138433838945e-05
8.90138433838945e-05
8.90138433838946e-05
8.90138433838948e-05
8.90138433838949e-05
8.90138433838949e-05
8.9013843383895e-05
8.90138433838951e-05
8.90138433838951e-05
8.90138433838952e-05
8.90138433838952e-05
8.90138433838952e-05
8.90138433838952e-05
8.90138433838953e-05
8.90138433838953e-05
8.90138433838955e-05
8.90138433838955e-05
8.90138433838956e-05
8.90138433838956e-05
8.90138433838956e-05
8.90138433838956e-05
8.90138433838956e-05
8.90138433838956e-05
8.90138433838958e-05
8.90138433838958e-05
8.90138433838958e-05
8.90138433838958e-05
8.90138433838958e-05
8.90138433838958e-05
8.90138433838959e-05
8.90138433838959e-05
8.90138433838959e-05
8.9013843383896e-05
8.9013843383896e-05
8.9013843383896e-05
8.9013843383896e-05
8.9013843383896e-05
8.9013843383896e-05
8.9013843383896e-05
8.9013843383896e-05
8.90138433838923e-05
8.90138433838923e-05
8.90138433838923e-05
8.90138433838923e-05
8.90138433838923e-05
8.90138433838924e-05
8.90138433838924e-05
8.90138433838925e-05
8.90138433838925e-05
8.90138433838925e-05
8.90138433838925e-05
8.90138433838925e-05
8.90138433838926e-05
8.90138433838926e-05
8.90138433838923e-05
8.90138433838923e-05
8.90138433838922e-05
8.90138433838921e-05
8.9013843383892e-05
8.90138433838919e-05
8.90138433838919e-05
8.90138433838918e-05
8.90138433838917e-05
8.90138433838917e-05
8.90138433838916e-05
8.90138433838915e-05
8.90138433838915e-05
8.90138433838916e-05
8.90138433838916e-05
8.90138433838916e-05
8.90138433838916e-05
8.90138433838916e-05
8.90138433838926e-05
8.90138433838926e-05
8.90138433838926e-05
8.90138433838927e-05
8.90138433838927e-05
8.90138433838928e-05
8.90138433838928e-05
8.90138433838929e-05
8.9013843383893e-05
8.90138433838931e-05
8.90138433838932e-05
8.90138433838932e-05
8.90138433838932e-05
8.90138433838931e-05
8.90138433838931e-05
8.90138433838931e-05
8.90138433838932e-05
8.90138433838932e-05
8.90138433838926e-05
8.90138433838926e-05
8.90138433838926e-05
8.90138433838927e-05
8.90138433838928e-05
8.90138433838928e-05
8.90138433838929e-05
8.90138433838929e-05
8.90138433838929e-05
8.9013843383893e-05
8.9013843383893e-05
8.90138433838951e-05
8.90138433838955e-05
8.90138433838958e-05
8.9013843383896e-05
8.90138433838962e-05
8.90138433838965e-05
8.90138433838967e-05
8.90138433838968e-05
8.9013843383897e-05
8.90138433838972e-05
8.90138433838973e-05
8.9013843383895e-05
8.90138433838951e-05
8.90138433838952e-05
8.90138433838953e-05
8.90138433838953e-05
8.90138433838954e-05
8.90138433838955e-05
8.90138433838956e-05
8.90138433838957e-05
8.90138433838958e-05
8.90138433838958e-05
8.90138433838958e-05
8.90138433838958e-05
8.90138433838975e-05
8.90138433838976e-05
8.90138433838977e-05
8.90138433838978e-05
8.90138433838978e-05
8.90138433838979e-05
8.90138433838979e-05
8.90138433838979e-05
8.90138433838979e-05
8.90138433838974e-05
8.90138433838974e-05
8.90138433838975e-05
8.90138433838975e-05
8.90138433838976e-05
8.90138433838976e-05
8.90138433838977e-05
8.90138433838977e-05
8.90138433838978e-05
8.90138433838978e-05
8.90138433838978e-05
8.90138433838978e-05
8.90138433838978e-05
8.90138433838979e-05
8.9013843383898e-05
8.90138433838981e-05
8.90138433838983e-05
8.90138433838984e-05
8.90138433838985e-05
8.90138433838986e-05
8.90138433838986e-05
8.90138433838986e-05
8.90138433838945e-05
8.90138433838946e-05
8.90138433838947e-05
8.90138433838949e-05
8.9013843383895e-05
8.90138433838951e-05
8.90138433838953e-05
8.90138433838954e-05
8.90138433838956e-05
8.90138433838956e-05
8.90138433838957e-05
8.90138433838958e-05
8.90138433838959e-05
8.9013843383896e-05
8.90138433838961e-05
8.90138433838962e-05
8.90138433838945e-05
8.90138433838946e-05
8.90138433838948e-05
8.9013843383895e-05
8.90138433838952e-05
8.90138433838953e-05
8.90138433838955e-05
8.90138433838956e-05
8.90138433838957e-05
8.90138433838958e-05
8.90138433838959e-05
8.9013843383896e-05
8.90138433838961e-05
8.90138433838962e-05
8.90138433838963e-05
8.90138433838964e-05
8.90138433838965e-05
8.90138433838965e-05
8.90138433838965e-05
8.90138433838966e-05
8.90138433838966e-05
8.90138433838966e-05
8.90138433838966e-05
8.90138433838967e-05
8.90138433838967e-05
8.90138433838968e-05
8.90138433838968e-05
8.90138433838969e-05
8.90138433838969e-05
8.90138433838969e-05
8.90138433838962e-05
8.90138433838963e-05
8.90138433838962e-05
8.90138433838963e-05
8.90138433838962e-05
8.90138433838962e-05
8.90138433838962e-05
8.90138433838963e-05
8.90138433838963e-05
8.90138433838963e-05
8.90138433838963e-05
8.90138433838963e-05
8.90138433838962e-05
8.90138433838962e-05
8.90138433838962e-05
8.90138433838963e-05
8.90138433838964e-05
8.90138433838965e-05
8.90138433838966e-05
8.90138433838967e-05
8.90138433838968e-05
8.90138433838968e-05
8.90138433838969e-05
8.90138433838969e-05
8.90138433838969e-05
8.90138433838969e-05
8.90138433838969e-05
8.90138433838969e-05
8.90138433838962e-05
8.90138433838962e-05
8.90138433838963e-05
8.90138433838964e-05
8.90138433838964e-05
8.90138433838965e-05
8.90138433838967e-05
8.90138433838968e-05
8.90138433838969e-05
8.9013843383897e-05
8.9013843383897e-05
8.90138433838971e-05
8.90138433838971e-05
8.90138433838972e-05
8.90138433838973e-05
8.90138433838974e-05
8.90138433838975e-05
8.90138433838977e-05
8.90138433838978e-05
8.90138433838979e-05
8.9013843383898e-05
8.9013843383898e-05
8.90138433838981e-05
8.90138433838982e-05
8.90138433838983e-05
8.90138433838984e-05
8.90138433838985e-05
8.90138433838986e-05
8.90138433838987e-05
8.90138433838987e-05
8.90138433838988e-05
8.90138433838968e-05
8.90138433838968e-05
8.90138433838968e-05
8.90138433838969e-05
8.90138433838969e-05
8.90138433838969e-05
8.90138433838969e-05
8.90138433838968e-05
8.90138433838968e-05
8.90138433838968e-05
8.90138433838968e-05
8.90138433838968e-05
8.90138433838967e-05
8.90138433838967e-05
8.90138433838966e-05
8.90138433838965e-05
8.90138433838965e-05
8.90138433838965e-05
8.90138433838965e-05
8.90138433838965e-05
8.90138433838964e-05
8.90138433838964e-05
8.90138433838963e-05
8.90138433838962e-05
8.90138433838961e-05
8.9013843383896e-05
8.90138433838968e-05
8.90138433838968e-05
8.90138433838968e-05
8.9013843383896e-05
8.90138433838959e-05
8.90138433838959e-05
8.90138433838959e-05
8.90138433838959e-05
8.90138433838958e-05
8.90138433838959e-05
8.90138433838958e-05
8.90138433838958e-05
8.90138433838958e-05
8.90138433838958e-05
8.90138433838957e-05
8.90138433838957e-05
8.90138433838957e-05
8.90138433838958e-05
8.90138433838958e-05
8.90138433838958e-05
8.9013843383899e-05
8.90138433838991e-05
8.90138433838992e-05
8.90138433838994e-05
8.90138433838995e-05
8.90138433838998e-05
8.90138433838988e-05
8.90138433838988e-05
8.90138433838988e-05
8.90138433838987e-05
8.90138433838987e-05
8.90138433838987e-05
8.90138433838986e-05
8.90138433838985e-05
8.90138433838985e-05
8.90138433838984e-05
8.90138433838984e-05
8.90138433838984e-05
8.90138433838983e-05
8.90138433838983e-05
8.90138433838982e-05
8.90138433838982e-05
8.90138433838982e-05
8.90138433839e-05
8.90138433839003e-05
8.90138433839005e-05
8.90138433839007e-05
8.90138433839008e-05
8.9013843383901e-05
8.90138433839011e-05
8.90138433839012e-05
8.90138433839013e-05
8.90138433839014e-05
8.90138433839015e-05
8.90138433839016e-05
8.90138433839016e-05
8.90138433839016e-05
8.90138433839016e-05
8.90138433839017e-05
8.90138433839017e-05
8.90138433839017e-05
8.90138433839017e-05
8.90138433838996e-05
8.90138433838996e-05
8.90138433838994e-05
8.90138433838994e-05
8.90138433838993e-05
8.90138433838993e-05
8.90138433838981e-05
8.90138433838981e-05
8.90138433838981e-05
8.90138433838981e-05
8.90138433838981e-05
8.90138433838981e-05
8.90138433838981e-05
8.90138433838982e-05
8.90138433838982e-05
8.90138433838982e-05
8.90138433838982e-05
