0.05
0.0377791886925986
0.0356091063518166
0.0322296223527681
0.0361961505528371
0.0341173617663493
0.0322093607044924
0.0377079973367319
0.0356848198229262
0.0327614032855388
0.0312204764698909
0.0302528896693065
0.0295657051732705
0.0285448640839238
0.026860349168264
0.0378711470265342
0.0346855778004149
0.0324247182952375
0.0323327968463509
0.0330563609560222
0.0340446576462558
0.0343000078605087
0.0344268737727386
0.0345138303002669
0.0345096590503174
0.0341023933700874
0.0328876130886231
0.0307716896988864
0.0278222827099449
0.0243257951299025
0.0206339725511841
0.0168226994086313
0.0376019992964285
0.0359757776434302
0.0338802887349988
0.0322337423988229
0.0309154732310044
0.0299179614207481
0.0291326965251482
0.0283427778463468
0.0305475304290631
0.0290755801868946
0.0273654321452995
0.0255152465144618
0.0229523309390708
0.0302948866516466
0.028620692708891
0.0269256656875204
0.0214155081949657
0.0196298574423823
0.0177974906289412
0.0161694010122779
0.0145566448043044
0.0129917633689074
0.0116389791990275
0.0103551920853647
0.00910554814652476
0.00799742584420578
0.00695814336585312
0.00600085262532053
0.00509268214321281
0.00427277062457844
0.00353827177480157
0.00283430110300788
0.00218315830625188
0.00155076359735627
0.00091280198233197
0.000284684455262303
-0.000297298402085585
-0.000824779502146587
-0.00128858574282778
-0.00168436908651075
-0.00212091819123455
-0.00258977525334525
-0.00301674022151403
-0.00340388340689859
-0.00372776791049651
-0.00400215196622559
-0.00422244154917289
-0.00438570209939243
-0.00449378843247462
-0.00454936236642978
0.0221036955773896
0.0213674900456547
0.0205392024802277
0.0196488829039682
0.0188348657782795
0.0181174915705382
0.0174448641733048
0.0169576280396824
0.0165813220366628
0.0163055063899836
0.0161611113557786
0.0259924452276253
0.0247613620202283
0.023065345436308
0.0248166721976078
0.0219431094051557
0.018782021238919
0.0225558500243547
0.0219867616921124
0.0213486578658253
0.0220761540091662
0.020352507516052
0.018163526942553
0.0165326743373604
0.0150863379577995
0.0135363166447194
0.0120141875469102
0.0108277806097417
0.00983074888211588
0.00888256702689684
0.00808539663273303
0.00740251763223375
0.0068675010867054
0.00649140116877479
0.00625567735225603
0.00612511951099022
0.0201677997502271
0.0182267708019757
0.0157233462255555
0.0132220340604955
0.0110189733976088
0.00881158983412328
0.0205333455468799
0.019752980500884
0.0189305522749957
0.00778500906684031
0.00677601249956943
0.00589790975726025
0.00514298264637996
0.00447362755606025
0.00391698626571565
0.00348022042190503
0.00312630016754718
0.0028386807478601
0.00262569224936649
0.00249705421131538
0.00245486647394291
0.00249614605500802
0.00262278849144947
0.0028432948213712
0.00316865111290198
0.00360882996823842
0.00417792952925102
0.00491030164629152
0.00579592835388239
0.00693670463102163
0.00831770323431671
0.00998209000884602
0.0121009687054597
0.0139875148909489
0.016732724768179
0.0195178759415981
0.0224786334471133
0.0253393353777536
0.0278142556802066
0.0299932946149373
0.031760681630092
0.0327763530091043
0.0334996824433846
0.0077104230888914
0.00671532746466639
0.00583597336076515
0.0049146774038432
0.0040454450008073
0.00325495068421287
0.00257196720667686
0.00190807219816705
0.00130584002667706
0.000739928464810566
0.000211869781209966
-0.00029180724955067
-0.000776874036623099
-0.0012334557016829
-0.00165610462790162
-0.00206867562348225
-0.00244538568026631
-0.00277096014502839
-0.00305177947572312
-0.00329216903625152
-0.00348529822690608
-0.0036204026545044
-0.00369181465884496
0.0176970223411223
0.0164814453802428
0.0153451077967946
0.0143219720399208
0.013408618537009
0.0125863200549577
0.0118431119023994
0.0112026381170808
0.0106748248879256
0.0102513214971807
0.00993058502758235
0.00971564796196922
0.0096045731123697
0.0176534418832343
0.0163257508423648
0.0150143208248793
0.0138146284391563
0.0126866232516837
0.0116439879865718
0.0107259557914058
0.00987264234797984
0.00894401400480551
0.00796028291565215
0.00699336249135963
0.00611429346999227
0.0053273167251468
0.0045939947074015
0.00394497878086409
0.00337670852411007
0.00290445293188632
0.0025166988336113
0.00215352826242024
0.00167537228130889
0.00111094579097383
0.000617931904079322
8.48024197389918e-05
-0.000383116195560466
-0.00083420481550937
-0.00129148406049216
-0.00174418322501092
-0.00216940867634508
-0.00254502213725151
-0.00286504402636026
-0.00314593413252679
-0.00339749439354624
-0.00359838719381427
-0.0037728068959866
-0.00392573127671739
-0.00402779255079243
-0.00408176439886826
0.0173636343678729
0.0160380780662707
0.0147947880416724
0.0135226502034986
0.0124026090105402
0.0111902105358302
0.0101118688590586
0.00918377539563951
0.00820307795948282
0.00729820522172391
0.00665898505656016
0.00572051216741297
0.005109002884802
0.00436547178193683
0.00360653503638747
0.00304112551776562
0.00268211634061554
0.00232052923086905
0.0020151076098908
0.00179102565515851
0.00163667419469894
0.00156261960656649
0.0175896276664447
0.0163906119544132
0.0151958216051184
0.0140227424479532
0.0129316440091121
0.01192399094538
0.0109849751283808
0.0100467505556447
0.00926050043363759
0.00846791382292277
0.00767276394555503
0.00690886802048035
0.00585021302986879
0.00481134454864302
0.00388079413735428
0.00303883066686322
0.00230481402043985
0.00165000029774793
0.00111447722448988
0.000573921059844445
9.58487088077484e-05
-0.000294146212198757
-0.000601040594636868
-0.000835474128219342
-0.000987815638351551
-0.0010688749425815
0.0316809583946028
0.0310883326838462
0.0303471251360114
0.0314411593577981
0.0308801179575941
0.0304277051253243
0.0299925621888948
0.0295475234285853
0.0289547579198749
0.0299581813821549
0.0295478298845862
0.0289834918127947
0.028205856614569
0.0271922346155511
0.0257724613455749
0.0239272617457259
0.0218887367472044
0.0199454366304019
0.0180192683752415
0.01628274141536
0.0147480981952751
0.013288871801108
0.0115712713627484
0.00965676575492993
0.00814993132253124
0.00650271292863053
0.00524816404564988
0.00403249250164934
0.00299056384233324
0.0019408611085181
0.000992430043299898
0.000167145252726533
-0.000598534985929922
-0.00130071500562987
-0.00193035511666272
-0.00249875538598795
-0.00296686000774236
-0.00336575520201247
-0.00374679974834237
-0.00403488067887676
-0.00424162548669698
-0.00437884047628651
-0.00445038270036077
0.0292757126278725
0.0296419121427242
0.0297349773800641
0.0293521409387886
0.0285082177789238
0.0272839280591663
0.025827766122111
0.0242670611903653
0.0228331227345072
0.0215969911247571
0.0206331965532662
0.0199843862353297
0.0196422048196334
0.0260953508956845
0.023452019981528
0.0202230075061061
0.0188290073056795
0.0173667325155182
0.0158190266098692
0.0188878441576281
0.0172843344264836
0.0153551989370741
0.0135896706110196
0.0119326611648244
0.0103444277337802
0.00887663222217133
0.00752881821207606
0.00626512442809239
0.0051183864959311
0.00405867451949442
0.00307053142901218
0.00216782172014018
0.00132124396851601
0.000547493101332331
-0.000158741616386159
-0.000791210937662065
-0.00136949674267271
-0.00187173569311347
-0.00230537480782102
-0.00268693207054026
-0.00305600003166194
-0.00338496839873284
-0.00365232996822404
-0.00385285650283527
-0.00397509439797738
-0.00404610013999386
0.0144772042218966
0.0129607814394642
0.0112977888432186
0.00964728074740504
0.00824677506146555
0.0069379621860222
0.00563554293833845
0.00451823647248204
0.00359703816766584
0.00262733634759066
0.00166620410577759
0.000772428027536893
1.72189562775203e-05
-0.000586396713020126
-0.00121131772361778
-0.00177419792444216
-0.00228645829369991
-0.00272800096393003
-0.0030969809781484
-0.00335790284358545
-0.00356434801634158
-0.00375293102012796
-0.00389413637285565
-0.00396011322636949
0.0145828152718111
0.0133700502462432
0.0123393588083497
0.0113435775550296
0.0105298781469093
0.00972886916849325
0.00902387315964434
0.00850846509336952
0.00808072737279469
0.00770892555875056
0.00745213786843215
0.00730102281155412
0.030222590127197
0.0299554598629807
0.02950185727586
0.0286917963003705
0.0275806816073128
0.0263392429594887
0.0248396299030195
0.0231641106363009
0.0215053866218225
0.0198194852003418
0.018142241093334
0.016613022979241
0.0152894220396562
0.0139496808334691
0.0126011768187706
0.0114098061359456
0.0104201575536091
0.00958083716540228
0.00887739818075006
0.00831984963924584
0.00791779572476001
0.00765489691707368
0.00750258436075309
0.0301728392522336
0.0298640009695222
0.0293940431210683
0.0285947802519084
0.0273850956430349
0.0258502680972796
0.0240895207638336
0.0221663775098301
0.02018708297444
0.0182350490433901
0.0163573598312535
0.0146418993754038
0.0129799719791335
0.0113782088731446
0.00993302027689516
0.00863944840852156
0.00745924615271256
0.00636775789539458
0.00536005916330573
0.00444708057743904
0.00361238795391626
0.00285150789097662
0.00217794018372356
0.00155403745922088
0.000884289269999937
0.000219687409226951
-0.000384299236131624
-0.000925510928404562
-0.00138671256914426
-0.00177670815158069
-0.00210545855456474
-0.00235896259848474
-0.0025579203778412
-0.00268007259050874
-0.00274723178799356
0.0251030441544696
0.0227864103812579
0.0197383981409276
0.0277017202497211
0.0283966807578756
0.0287655554707203
0.0181818163391556
0.016607754121682
0.0151744424620846
0.0139266521253129
0.0129907970647958
0.0122134665591938
0.011630766629954
0.0112493287822403
0.0110590180115345
0.0166733021980684
0.0139822885003945
0.0114774852576801
0.00905702142441409
0.00775170276991469
0.00666451231341163
0.00561232915058903
0.00464148660367904
0.0037835536796947
0.00298374098163583
0.00224957578042672
0.0015735456938425
0.000944646931989714
0.000358968514397681
-0.000193727273586779
-0.000712513355483434
-0.00119287675359156
-0.00162636421349495
-0.00201733989388153
-0.00240847753164655
-0.00280760811237894
-0.00317461218539763
-0.00351224612305504
-0.00381478549279466
-0.00407285119308447
-0.00428756115001617
-0.00446406519181253
-0.00459682706043054
-0.00468458587383673
-0.00473014887313901
0.00821261919312866
0.00756781539293575
0.00709265194816847
0.00662169112767609
0.00640481334352621
0.00625047074580351
0.01506993660242
0.0132732517125703
0.0114588047817109
0.00974666818847368
0.00824415683171329
0.00695849911159419
0.00586948396175626
0.00494316055961842
0.00413541453608303
0.00343233253742908
0.00284546918627182
0.00236144113984289
0.00193003019283992
0.00153829011279506
0.00119918344692029
0.000899194376843545
0.000631315987782741
0.000392402241105363
0.00018076939859259
-4.16298234214791e-06
-0.000162586745778295
-0.000294899627186285
-0.000400789972125711
-0.000480467883267094
-0.00053620845511862
-0.000571932188636268
-0.000592497295835879
-0.000602829378190723
-0.000607021853873269
0.0145807319651057
0.0127318340504373
0.0110036249667577
0.00946022666183112
0.00811167436042068
0.00702789041691317
0.00611511832526126
0.00524584757503431
0.00446613411759425
0.00383884656836174
0.00333513873779527
0.00288788353862834
0.00246842867070215
0.00204754213587198
0.00167587180911051
0.00136767310897506
0.00110616326912631
0.000885625818219521
0.000699612900862953
0.000541166970847022
0.000420149147195701
0.000318170832174259
0.000267098333798765
0.000232188810949269
0.00021897564215236
0.000236454596224849
0.000276069945110601
0.000332984695857882
0.000393140209557647
0.000450576809116538
0.00049509998990533
0.00052072495628955
0.0272545972846021
0.0257205876675752
0.0239848108330169
0.0222238156448002
0.0203150815433733
0.0281541261039436
0.0277822120888649
0.0272130159121262
0.026621308058097
0.0258124586253625
0.0247158809872584
0.0235885361482493
0.0223238521162281
0.020826358776828
0.0191122228101645
0.0176044241053507
0.0161590760405015
0.0148005790092524
0.0135383716075534
0.0123919277394146
0.0113682599142317
0.0104450503078877
0.00967676770099317
0.00877692684155623
0.00797612657728154
0.00735317774307173
0.00682271969331035
0.00638579022726972
0.0060694085848597
0.00587195839580743
0.00576077751499822
0.0186166207415304
0.0157800505578648
0.0121347514203038
0.0193100041901059
0.0177481197631333
0.0158225034975071
0.013707640487714
0.0102634681019824
0.00893814482332306
0.00795687559916909
0.0107959135911212
0.00958684224638008
0.00834650862748444
0.00736981211887354
0.0060893563537694
0.00760000460673305
0.00687387556208538
0.00590891154328255
0.00492235665524792
0.00690782152913031
0.0059551467779019
0.00499950264007981
0.00452756042324717
0.0041098571728745
0.00368752283374376
0.00333003565709122
0.00297466905501739
0.00262922191113952
0.00231816433736788
0.00201115063675658
0.00172993900261425
0.00149195166872844
0.00130982579777287
0.00117906591540676
0.00432619272798568
0.00372616590880988
0.00310733296523589
0.00266140522469818
0.00210708114708829
0.00169210385472657
0.00120705267005579
0.000738328244300792
0.000342750949955774
-3.68699979518336e-05
-0.000413509327986527
-0.000783726008110556
-0.00111493237919874
-0.00142971048129456
-0.0017844218271479
-0.00210423644119196
-0.00243595812733137
-0.00272067462381001
-0.00298910270632694
-0.00322948083355171
-0.00342332730343386
-0.00358585955504806
-0.00371246772920365
-0.00379012531190989
-0.00382928949528416
0.000485139461662003
-0.000121461538147035
-0.000621276559797932
-0.000973543531578794
-0.00128183497917603
-0.00146669836847716
-0.00156802560084219
0.0018123579824338
0.00252299460502957
0.00334326130741225
0.00422099346363381
0.00521255481677665
0.00635919598909572
0.00765530317575685
0.00912103164837568
0.0107367108800598
0.0124725925729221
0.0143897072411527
0.0164305726689221
0.0184508603017492
0.0202630315063445
0.0217627006090327
0.0229879298651712
0.0238602977130672
0.0243088233338177
0.00461286656544266
0.00416197272276804
0.00363276371360544
0.00303576511258962
0.00242886085144767
0.00185139016434191
0.00130112752054131
0.000776487713427476
0.000276273383523818
-0.00020052321458417
-0.00065482852779231
-0.00108782205636673
-0.0015005795818973
-0.00191406208401798
0.00451849629177745
0.00401942515864192
0.0035147859776485
0.00301499626238093
0.00257640218556471
0.00215097556915232
0.00174343409188013
0.00136742883648367
0.00101551490702573
0.000657576202951211
0.000290285229156555
-5.0631323992893e-05
-0.000335765993220467
-0.000570730391400256
-0.000749880906072912
-0.000891837205172252
-0.000983169153059866
-0.00103437348105878
-0.00207476714612889
-0.0022145068160911
-0.00233985618556285
-0.00247295553688136
-0.00259192588002996
-0.00269678569007513
-0.00282514061691093
-0.00298199236482492
-0.00313728735362522
-0.00327612813446368
-0.0033982514300133
-0.00350828402057043
-0.00361082413706927
-0.00370183938865539
-0.00377544239792809
-0.00382772599747968
-0.00386261861749881
-0.00388218283065003
-0.00219436820375867
-0.0024471193080588
-0.00267542072507476
-0.00288410256806641
-0.00307878948981625
-0.00326248881380711
-0.00342831927038499
-0.00356498477167086
-0.00366814937362741
-0.00373708737109214
-0.00377268728915443
0.00540840003150897
0.0046826713965479
0.00392464570946303
0.00324094183508644
0.00262442097614226
0.00204147086152045
0.0015143098015121
0.000994509228588363
0.000523362957621341
9.33986844924127e-05
-0.000321029614697076
0.00529564889000983
0.00441371952855663
0.00365404517891429
0.0028572226445725
0.00222773657725236
0.00154089902658441
0.000979871503497955
0.000509957826644828
7.57828528941966e-05
-0.000170738182119176
-0.000408064652565757
-0.000557412174029593
-0.000632395095496302
-0.0008414470686826
-0.00129213634660736
-0.00168300895768503
-0.00206592110810938
-0.00237256560364513
-0.00263222373836698
-0.00281599048858488
-0.00295336774377829
-0.0030340501760443
-0.000268465511386248
-0.000189246694567851
-8.74036097209934e-05
3.43741029080706e-05
0.000174531218108167
0.000330575645693375
0.000501382435360969
0.00069027598840155
0.000893868673706447
0.00111084936741957
0.00135258651413372
0.00160786582293467
0.00187571834979823
0.00216193075755141
0.00246468613404096
0.00279111160026182
0.00312890364398038
0.00344816025929578
0.00371369388359007
0.00393301583067531
0.00409177582895844
0.00417392868487485
0.0127528762820826
0.0116583227705865
0.0105255739262684
0.00944980002076393
0.00843748673002923
0.00745858104433785
0.00643572754539823
0.005490006654037
0.00483219160736892
0.00402454473369653
0.00313154158981715
0.00238498005672459
0.0016447566059448
0.00089219270883589
0.00020278059109826
-0.000492954139396965
0.0127588140367057
0.0117744502444034
0.0108233545176788
0.00993066724795061
0.00907452707979668
0.00823617627314784
0.00739462699782444
0.00654689294262556
0.00573782771548385
0.00501104939286665
0.00439296665262208
0.00388172742028729
0.00342480640337331
0.00290493777198949
-0.000899690804190476
-0.00137022671723737
-0.00181453586997644
-0.00221206711123384
-0.00261451746181053
-0.00296961398703815
-0.00329570593356907
-0.0036505037962362
-0.00393093984678679
-0.00418565014657073
-0.00440094577831225
-0.00458823082012963
-0.00473868470755479
-0.00485152189322498
-0.00492840039359323
-0.00496873839754204
-0.000927182166610858
-0.0013491531197344
-0.00178179736254939
-0.00216781963776674
-0.00250193133644923
-0.00284526018202948
-0.0031493058707805
-0.00340152752140085
-0.00361084051611284
-0.00379253747636617
-0.00395351932878099
-0.0040903100579404
-0.00419337698344335
-0.00425070603235456
0.00255493462406697
0.00226737069145975
0.00201563051221258
0.0017833362981979
0.00158204560257033
0.00141022724404703
0.00127597377901699
0.00117220525047386
0.00109763319336401
0.00106143353050353
0.00106699014543836
0.00111253986544087
0.00120198432562773
0.0013482127134317
0.00273947764597758
0.00258865381220074
0.0024764179064821
0.00238269586348998
0.00229928721795384
0.00225124466783485
0.00224478265274679
0.00228137266864005
0.00236738808814168
0.00250605911496255
0.0027058962150911
0.00294823988783709
0.00327728354183718
0.00369561453842341
0.00421693096353216
0.00482138516005896
0.00554008916087752
0.00643687583976368
0.00748905230856511
0.00871424440360855
0.0101566714637835
0.011857441921302
0.013850174189919
0.0161358232441627
0.0187192236452409
0.0216786430891471
0.0249247085593289
0.0282766263084932
0.03180778134599
0.0353750499888208
0.0391010360184811
0.00171804674475313
0.00217878939114666
0.00274868332260009
0.00344810149336935
0.00429164960749229
0.00520937528479446
0.006115900657993
0.00715170453093487
0.00838993484435481
0.00973875633788351
0.0112681044761893
0.0129316824363703
0.014838340889594
0.0171288034587505
0.0195098718479126
0.021876890829969
0.0245655284244683
0.0274083446286637
0.0301734619522602
0.032733164275917
0.0351655352319105
0.0375941408673203
0.0398805499397434
0.0418895622513316
0.0436391776376973
0.0451789908566113
0.00112405998825261
0.000961196654899223
0.000853346603469301
0.0458377777367901
0.0460566971182838
0.0454473704590396
0.0434293545228369
0.0390345319652543
0.0314284156871233
0.0463659648454718
0.0474330304226778
0.0479992228766205
0.0483190644615608
0.0255536126041211
0.0208772935935162
0.0179041433202435
0.0164091749545669
0.0277840677600257
0.0249911908177695
0.0235903166474358
0.0410194832568946
0.0426730050711552
0.0438917815158603
0.0446663559248715
0.0447817517401058
0.0438262650948125
0.0409796708220438
0.0426168442923463
0.0440661853016673
0.0452642179029074
0.0461491537384516
0.0466112070120594
0.046626743721859
0.0460193066812815
0.0445274165521804
0.0417501780864164
0.0375364442355781
0.0320808499473556
0.0264733307363996
0.0212217483639757
0.0167786370298972
0.0132140627939664
0.010069735000097
0.0414868778440261
0.0381953686172641
0.0336588194269709
0.0288710886966489
0.0240057875776007
0.0197733230912037
0.0162442141967082
0.0133676769033899
0.0110288161990629
0.0091657857328053
0.00763384965013502
0.00637138714164032
0.00535296954462408
0.00455635737171484
0.00394869381368901
0.00349623338895617
0.00317533552128193
0.00297066783447889
0.00286794267011701
0.0439364470785527
0.0431106913462105
0.0415579797884626
0.0398196921041869
0.0383731940690454
0.0375151362786219
0.00815601376815204
0.00650405955767183
0.00523274329497439
0.00434265786809562
0.00369726288332226
0.00329850242493945
0.0030991471249157
0.00825046501974226
0.00683491062155466
0.00592490355237586
0.00549434839746036
