0.05
0.0378734521427918
0.0365206161545903
0.0348078792676601
0.036044562963665
0.0337428061196974
0.0315333984955534
0.0377120383018034
0.0355849854209984
0.0325066820359808
0.0310971225799215
0.0306055338591231
0.0306144577717988
0.0311005515556608
0.0322525537124662
0.0378928406784326
0.0351752367969682
0.0333792479520338
0.0333100639781875
0.03384610670034
0.0344832843728036
0.0345723785489069
0.0345285123623776
0.0343191363974885
0.0336411787146875
0.0317170064839953
0.0285828175827423
0.0251230282082095
0.0216819841101119
0.0184446874543508
0.0154804188259295
0.0126497285122162
0.0375979303888041
0.0358950802163029
0.0336801916007529
0.0319194242418968
0.0304929176325141
0.0294045655950309
0.028547056982553
0.0276944742923491
0.0338968705809003
0.0338408478708434
0.034414724575231
0.03538383525437
0.0368238789831243
0.0342130233795793
0.0339510413386837
0.0338682955537107
0.0378031137575597
0.0387733468390796
0.0394912715401307
0.0397629948745986
0.0395129189259237
0.0385366059756416
0.0368873960549445
0.0344749387258038
0.0312999440184173
0.0279320767291682
0.0244957916029286
0.0212748678801695
0.0182963519442846
0.0157401378771039
0.0135872546880489
0.0116618376065282
0.0100078506777579
0.0085154818682063
0.00711166458090358
0.00581619030337458
0.00468589595602951
0.00371869398883943
0.00291466919508331
0.00226344255579646
0.00157955250543115
0.000876744927369671
0.000259719465418538
-0.000282443758273692
-0.00072426192440995
-0.00109059461942948
-0.00137968437185121
-0.00159116710122631
-0.00172990861544539
-0.00180084601167464
0.0370756492258914
0.0372919830709278
0.0375507267645365
0.0378573993402971
0.0381683071791583
0.0384683496745855
0.0387731967962235
0.0390081108692227
0.039197999183196
0.0393421035925286
0.0394192391582898
0.0341997145006772
0.0346550697943037
0.0352290559174923
0.0331125614285359
0.0319373446678565
0.0300822286503624
0.03532086513774
0.0354087771921808
0.0354900845097345
0.0358527652609699
0.036430896695828
0.036401357341153
0.0356539410504744
0.0343468087616592
0.0322209915017962
0.029428046104026
0.0268557409557109
0.0245008447515413
0.0221680133672687
0.0201920089809506
0.0185183861158373
0.0172326005483338
0.0163468625320563
0.0158009577286783
0.0155021873489209
0.0348370160232726
0.0329058469286253
0.0294232733919184
0.0250331604533759
0.0207652817633273
0.0164176952355492
0.0356795672297519
0.0358094623741244
0.0358898031262906
0.0144487797212262
0.0125862870942474
0.0110255726029764
0.00972588219815445
0.00860012497773669
0.00767441835978682
0.00694503995196214
0.00634041182890668
0.0058229361469742
0.00539603864154906
0.00506830070845566
0.00483974165791359
0.00470180250720807
0.00464757544823441
0.00467935800213331
0.00480415230701797
0.00502994768370133
0.00536784477265028
0.00584402797201201
0.00645742634301868
0.00728669935050012
0.00833160076787528
0.00963428802841291
0.011344933562783
0.0129102442402839
0.0152482287224903
0.0176913286578394
0.0203632589499835
0.0230128567323526
0.0253523249767247
0.0274432223402791
0.0291573928923017
0.0301487165426659
0.0308578618747298
0.0142639481800766
0.0123881056895769
0.0107939622424977
0.00918451526192713
0.00771045672781064
0.0064012886195668
0.00529064204944585
0.00422732147572767
0.00327601999244309
0.00239447199404919
0.00158446694847433
0.000825254641994196
0.000108338703079558
-0.000552468714802172
-0.00115161977632987
-0.00172504978113149
-0.00223960418727057
-0.0026784090406784
-0.00305344256328823
-0.00337271124618512
-0.0036285372016488
-0.00380735869608048
-0.00390187505109785
0.0364743470829512
0.0365839421522597
0.036250841020638
0.0355522384338827
0.0345716309012018
0.033372487150363
0.0320144034477683
0.0306317884866263
0.0293483313202966
0.028229153311126
0.027332213232955
0.0267089876804178
0.0263802177477147
0.0351871813831107
0.0339735158211296
0.0322750812787002
0.03027356866852
0.0280347237197952
0.0257249518452603
0.0235698619931498
0.02152898259287
0.0193305013079169
0.0170709229370089
0.0149363056924758
0.0130777398192775
0.011481441302981
0.0100469583945877
0.00881447022077935
0.00776121885246543
0.0069036301421933
0.00621148027438337
0.00557270321892237
0.00474290595695831
0.00377563544662509
0.00294268845662
0.00205820255527683
0.00129900262237892
0.000584706811779124
-0.000119625226279328
-0.000795730449816496
-0.00141099731552064
-0.00193878443750306
-0.00237749694669893
-0.00275489261918149
-0.00308729076670662
-0.00334931803556912
-0.00357459128218068
-0.00377065607914543
-0.0039008771788013
-0.00396953915408898
0.0289693485695249
0.0275808297399114
0.0260226790681487
0.0242221939297159
0.0225125876815565
0.0205774107144537
0.0188269656042397
0.0173245200887348
0.0157608618198915
0.0143519884596676
0.0133783210489247
0.0119845531051369
0.0110993242676209
0.0100485252578469
0.00900351382750013
0.00824178154979065
0.00776516743549359
0.00729095057707036
0.00689476664412115
0.00660654634971941
0.00640923959527004
0.00631491862480791
0.0292253475074203
0.0280444306200567
0.0265959563133926
0.0249536166817364
0.0232739228402631
0.0216333841507361
0.0200620075779526
0.018481089984514
0.0171693468886884
0.0158755378172419
0.0146191624563053
0.0134527762982059
0.01188839121465
0.0104007966713644
0.00910737757828016
0.00796868824647957
0.00699889242162256
0.00615056259374844
0.00546794399657058
0.00478929139474223
0.00419752338973296
0.00372023988600061
0.0033477070241416
0.00306485343696134
0.00288181682152079
0.00278468115115933
0.0309981591787863
0.0304288222925307
0.0297688796350414
0.0304875696373386
0.0297117813480062
0.029162317838953
0.0295080654506816
0.0292011199920196
0.0288156269461705
0.0293154415378552
0.0292035482373262
0.0296123508543142
0.0303595400031679
0.0312575548433993
0.0324061024504622
0.0338211200369983
0.0353575109655997
0.0368194300731911
0.0382499061615466
0.0394651652332618
0.0403689709880594
0.0408928744214697
0.0408423741763802
0.0396303961350674
0.0372760681074374
0.0327342917656628
0.0280844321092361
0.023082515907593
0.0188397885512162
0.0148388226646958
0.0115495869524883
0.00895739295324837
0.00677722238805639
0.00496105876245177
0.00347350097547457
0.00223832688712282
0.00129201132503222
0.000533201979766186
-0.000152178663159793
-0.00064709514956008
-0.000990533740657981
-0.00121316124422949
-0.00132753596053959
0.0272071294434719
0.0253891779281478
0.0237544304440154
0.0225109505031293
0.0216961086982321
0.0212107240509684
0.0209913207030178
0.0209709540550054
0.0210795343481202
0.0212513573339737
0.0214306127346139
0.0215728604957384
0.0216550983400608
0.0285093098032498
0.0281721642190252
0.027401974601369
0.0268665031662522
0.0261168411296349
0.025140711981003
0.0269475157457133
0.0258178137759595
0.0239127914255911
0.0217832678168135
0.0195388505415949
0.0172563983797076
0.015101680173591
0.0131230804339657
0.0112878906638266
0.00964852266642945
0.00815960960754053
0.00679563531029964
0.00557097614964246
0.0044415160931178
0.00342561822031783
0.00251229712524288
0.00170582862087257
0.000978086781994498
0.000353815662424713
-0.000178857880295441
-0.000642370055714813
-0.00108624716263527
-0.00147865474503581
-0.00179541264754037
-0.00203172114799268
-0.00217525760644837
-0.00225843389214116
0.0237325122967679
0.0217976393646103
0.0194365342794569
0.0169791492859364
0.0148707835306019
0.0129119193162491
0.0109917388015934
0.00937499473862661
0.00806516874801898
0.00671004915814698
0.00539111582054049
0.00418626949181679
0.00318437383796032
0.00239417472736938
0.00158624225976814
0.000867279016042452
0.000220243727320626
-0.000331906642901593
-0.000789360466368557
-0.00111070902355531
-0.00136361447727364
-0.0015935351093585
-0.00176505778262817
-0.00184502802836659
0.024554081971597
0.0236570389758199
0.0226621793785264
0.0215152905626376
0.0204643153280026
0.0193451559652801
0.0183064251647458
0.0175230456551639
0.01686015727553
0.0162773275934292
0.0158727068844508
0.0156340104640524
0.0288273216183228
0.0287534275844696
0.0289725839504998
0.0295352305102016
0.0303282227749514
0.0312019902268515
0.0322597589040871
0.0334746143176548
0.0347358986376456
0.0360957467318414
0.0375427422724344
0.0389556921991898
0.0402552418443065
0.0416346236190813
0.0430604141448046
0.0443243752837997
0.0453555210552565
0.0461997028581354
0.0468734735675317
0.0473781996079808
0.0477227597877454
0.0479381158371637
0.0480586661959199
0.0291736674870616
0.0295239606329829
0.0302458915325385
0.0314102932949124
0.0328925399874905
0.0344405939653854
0.0359194873014251
0.0372650248046651
0.0383754045617452
0.0391481479724289
0.0394754669368197
0.0392551938015901
0.0383599294401975
0.0366188270464404
0.0341272387744049
0.0311240341012338
0.0278520572553636
0.0245445069576381
0.0214120294892561
0.0186197363916082
0.0161670625354069
0.0140452298277757
0.0122738215028993
0.0107340816332253
0.00918315629650361
0.00772525841932733
0.00646419990800206
0.00538380662720656
0.00449842019065796
0.00377410492041104
0.00318035075183282
0.00273257138839398
0.00238728230249181
0.00217781278555462
0.00206353126123817
0.0335064557901629
0.0350619456521267
0.0369162892064968
0.0315450658565457
0.0309262275835296
0.0305875545139922
0.0390664630624808
0.0410084319846594
0.042647831444697
0.0439977632644732
0.0449653869107099
0.0457360027536969
0.0462910341294789
0.046642381395305
0.0468137500628621
0.0370982732424281
0.0361984203633271
0.0338454281102417
0.0299032682218019
0.0266542428970214
0.0235252852473919
0.0203088307763481
0.0173223222805553
0.0147471908954233
0.0124392634529163
0.0104180945393232
0.00864838114448968
0.00708561388383441
0.00570539598912935
0.00447065279628442
0.00337212834869558
0.00240834120376925
0.00158430072220201
0.000878992014220983
0.000207792230876956
-0.000446172428361916
-0.00102294125389007
-0.00153415361626059
-0.00197747042225834
-0.00234536754123887
-0.00264471553551098
-0.00288643348431119
-0.00306577166434425
-0.00318318239948555
-0.00324377783906392
0.0287977536098155
0.0274810652428116
0.0262530356937613
0.0248086467295405
0.0240886330525482
0.0235493487488731
0.0113638901196622
0.0100994115172687
0.00885063354300771
0.00767947478063831
0.00664339407588364
0.0057372901319063
0.00494213567351368
0.00423197554330669
0.00357256918779371
0.00295227591063882
0.0023861154710606
0.00187256967918008
0.00136676549624894
0.000856245126329429
0.000364910604151542
-0.000116210498361551
-0.00058940213314609
-0.00105207305719235
-0.00150018276025095
-0.00192883672603178
-0.00233356200912615
-0.00271139971688478
-0.00305711818924478
-0.00336387579118975
-0.00362670732271047
-0.00384164911125265
-0.00400497060948287
-0.00411400608045372
-0.00417027138179351
0.0110633478260389
0.00979860198079909
0.00863911411228241
0.00761158289663998
0.00671061108539395
0.00597631686095075
0.00534354718950525
0.00471992311570487
0.00413190984510247
0.00362763610691876
0.00319129236008952
0.00276694494597592
0.00232398257184539
0.00182679268818173
0.00133427080267842
0.000872846327081048
0.000425545142348828
-9.76886870705919e-06
-0.000437547992219508
-0.000869873438416547
-0.00127201296663824
-0.00170909735806802
-0.00200651654056501
-0.00231303116079884
-0.00268093908760468
-0.00301132140320595
-0.00331799150661999
-0.00359885783574958
-0.00382042601737597
-0.00399355818691574
-0.00411095465944726
-0.00417327329155081
0.0261969953770492
0.0241407601672242
0.0219248781600057
0.0198146350441903
0.0176718620111926
0.0279501729547699
0.0289240023428199
0.0305984469703462
0.0320700099854067
0.0335673636154631
0.0349966591216493
0.0360172463418978
0.0368037242341019
0.0374135679608926
0.0377511355761517
0.0376954768484841
0.0372758143428195
0.036494124970551
0.0353657047973942
0.0339474822136802
0.0323301203987001
0.030573278757206
0.0289044450424167
0.0267519473285322
0.0247213392979343
0.0230985108319878
0.0217033907891831
0.0205552015337438
0.0197287544435857
0.0192163261991493
0.0189293273475834
0.0159526512113534
0.0132202741113105
0.00981650143226112
0.0165103409240067
0.0149042152948967
0.0130642393238385
0.0111446119733537
0.00812576312653917
0.00695833869522549
0.00611789376362826
0.00855578223587471
0.00750262039985172
0.00650120793502574
0.00576923652947333
0.00488696606949991
0.00593367857773648
0.00569976969298748
0.00553459107702862
0.00553790780634751
0.00518333193554485
0.00438294404362369
0.00362706086141053
0.00601277207298362
0.00680746992688571
0.00795663332376749
0.00927693636791599
0.0109954609907354
0.0131561262003132
0.0156262863533924
0.0186923206594552
0.0222405745201605
0.0260775140021367
0.0299990475199956
0.0343714687554161
0.00529501474128681
0.00518900934734724
0.00524514011326928
0.00541190316303133
0.00579927919299853
0.0062474666356476
0.00698067968003971
0.0079502680628737
0.00901080843262991
0.0102746723814885
0.0118016564508937
0.0136050366965857
0.015506685213715
0.0175793865537078
0.0201899391699127
0.0227402764161561
0.0255504482159646
0.0280691102226606
0.0305190963038185
0.0327659364677508
0.0346089999164301
0.036172981097753
0.037400326208728
0.0381552183721679
0.0385362104152678
0.035836048702197
0.0372768704961691
0.0386067341469528
0.0396225653645479
0.0405676132824991
0.041155497465794
0.0414846449539261
0.0369483448375371
0.0393774947872137
0.0416207324991949
0.0434108127271832
0.0447688020355635
0.0455960604880135
0.0457252817847764
0.0449556298850452
0.0429755093434636
0.0394776624649566
0.0343119984085546
0.0283419387866996
0.0228700711197227
0.0186047986337886
0.0155256062988616
0.0132799170787303
0.0118114713585185
0.0110945831723218
0.00359966453285985
0.00362123186843878
0.00370628647434935
0.00386511577622737
0.00408788149483759
0.00436052619426834
0.00468201054532527
0.00505295565399401
0.00547556764152569
0.00595343944967597
0.006491092620748
0.00709362833101803
0.00776540099174117
0.00854679962932696
0.00298558709677211
0.00233256847472293
0.00168305618681464
0.00104953694161686
0.000501697917397008
-2.18022897038737e-05
-0.000515312885871721
-0.000963237640411405
-0.00137603786797392
-0.00179011854347871
-0.00220978837772676
-0.00259508354314315
-0.00291427965835028
-0.00317514682645212
-0.00337267663742437
-0.00352831824194212
-0.00362806111807689
-0.00368383367281152
0.00960168326283907
0.0107455510287508
0.0119681947807325
0.0135026228941282
0.015115276001612
0.0167351081290598
0.0189256512690031
0.0217946927262648
0.0247448827578538
0.0274221049828228
0.0297830609460745
0.0319052913970703
0.0338754740994641
0.0356168687586864
0.0370184564168444
0.0380088105404096
0.0386665041023524
0.0390339133362473
0.00858642894801682
0.00869291997036258
0.00885572065341189
0.00906664864819166
0.00932103195285029
0.00961277371687724
0.00991776554264473
0.0101983551358215
0.0104280757232872
0.0105904620902094
0.0106772392809309
0.0050125013622581
0.00526195799416414
0.00565666161377682
0.006152437242276
0.00673970527816833
0.00745095565537286
0.00826631819769429
0.00928740738915953
0.0104702438802158
0.0118419071961542
0.0135055475150905
0.00382593448085654
0.00267504125652333
0.00170382296224691
0.000705027339565303
-7.00259348173558e-05
-0.000901051072637812
-0.00156875561115091
-0.00212020200678552
-0.00262309795731463
-0.00290604131182598
-0.00317636722813519
-0.00334549984430927
-0.00343011832647384
0.0134739519363106
0.0136580070127782
0.0139824565821724
0.0144604655924051
0.0149617617203459
0.0154741418060245
0.0158858071079355
0.0162222657281283
0.0164323542353189
0.0154262581100976
0.0175638874186493
0.0199047925151458
0.0224254646695575
0.0250875718432111
0.0278094098931866
0.0305238996171373
0.0332234441233392
0.0357985624271898
0.0381882198011141
0.0404573663383692
0.0424474155867149
0.0441362994184832
0.0455477994531315
0.0466764758882819
0.0475719491569769
0.0482366316325352
0.0486722165698875
0.0489211935831718
0.0490621783394961
0.0491326777839496
0.0491598178967238
0.010312069031958
0.00939646655242627
0.00848026833614005
0.00763477900064118
0.00685829149661417
0.00612290419273642
0.00536869666936804
0.00468224511694632
0.004209893223241
0.00363509103405214
0.00300512316846935
0.00248228664225728
0.00196711898658212
0.00144670034184921
0.000973165108055658
0.00049872045024859
0.0102975913520075
0.00945493769502137
0.00866950688841126
0.0079560502295285
0.00729291488202187
0.00666383850363193
0.00605353050233792
0.0054620931535499
0.00492241854523981
0.00446193572872906
0.00409214012089236
0.00380461969069369
0.00356458300794599
0.00331441880227617
0.000380498966069308
0.000258148035986609
0.00015486004999511
7.23113073339045e-05
-1.39482499180723e-06
-5.73957601343901e-05
-0.000100122375430193
-0.000135046560646077
-0.000152171328888829
-0.000157772589769779
-0.000153685650520543
-0.000142411196325452
-0.000127507987669302
-0.000112598364759457
-0.000100463658118047
-9.34076758215838e-05
7.71277762284138e-05
-0.000334387096188946
-0.000757088130482846
-0.0011340857576812
-0.0014596841995843
-0.00179301353086868
-0.00208661472067758
-0.00232863637014777
-0.00252814022560272
-0.00270013174930436
-0.00285145728648712
-0.00297918952830565
-0.00307488757728839
-0.00312791251421047
0.00317178358332629
0.00308275547005131
0.0030344495166715
0.00302525097935731
0.0030593635472027
0.00314003584256268
0.00326411470890672
0.00343865314300318
0.00368394942687242
0.00400464720703988
0.00438964504571063
0.00484018382247836
0.00538630292106518
0.00607854558424213
0.00323560817773003
0.00319331164380858
0.00319782625350017
0.00325397665535452
0.00338811024458837
0.00359154202138071
0.00384045274063532
0.00419321959701659
0.00464646024271136
0.00519769598713172
0.00586856859949802
0.00659806044206631
0.00751469516531211
0.00861099548702498
0.0099114314012888
0.011357222124596
0.0130100947762835
0.0149854820505985
0.0171832687377284
0.0195762778623164
0.0221603017603331
0.0248876819204284
0.0276707839535017
0.0303722009861374
0.0328738762466751
0.0351003893275215
0.0367860883780008
0.0376168604260657
0.0372461749064509
0.0350805761719242
0.0304862315454121
0.00724381420505713
0.00864893918362053
0.0103432308980531
0.0123752841179554
0.0147616668754552
0.0172622027634537
0.0196077335457894
0.0221125469825903
0.0248427733311525
0.0274908530762928
0.0301205757810853
0.0325911488755821
0.0350059945469312
0.0374396953955382
0.039544692055056
0.0412633384652897
0.0427882186874369
0.0438920012454577
0.0443963829238138
0.0442359126788408
0.043320140005433
0.0413199780525197
0.0379722924650859
0.0335249172532914
0.0284485244032963
0.0230764381290424
0.00560931408532529
0.00527084492867876
0.0050481569117118
0.019199406034482
0.0151969902400255
0.0113654857636078
0.00805984830847404
0.00533547025108537
0.00294888353898493
0.0196876700636619
0.0162508897819318
0.014270650106273
0.0130782901665614
0.0016358058374422
0.000763491750686473
0.000241439888246235
-1.59035157274502e-05
0.00196359852625338
0.00137353480309848
0.00110547655602819
0.0269061099317586
0.022687840078932
0.0187410084059043
0.0150141299817128
0.0113904270617763
0.00801606523201662
0.02769173359151
0.0243033591099444
0.020774750746477
0.0174503233555239
0.014436427384461
0.0119570289712569
0.00960661543270409
0.00766097047887847
0.00594889361813101
0.00446334032239136
0.00321108851369376
0.00211207927582523
0.00118090145652947
0.000358953869936396
-0.000346405481752172
-0.000936665525703805
-0.00148246752592267
0.0062331539468028
0.00488685271064057
0.00365915732970823
0.00263480389239531
0.00169549669829775
0.00088923752399932
0.000194517622859549
-0.000401703876872853
-0.000914757364073844
-0.00134664551374353
-0.00172072984908566
-0.00204435511531986
-0.00231723606649861
-0.00253913227905343
-0.00271402999905741
-0.00284777699145873
-0.00294462160063488
-0.00300731437680489
-0.00303907315370124
0.00663892597584518
0.00562681424270875
0.00479427157761835
0.00420933306586906
0.00383985143951367
0.00365205269025593
-0.00184533060957659
-0.00217918062189831
-0.00245149453632326
-0.00265186068321524
-0.00280328075930597
-0.00289977082230327
-0.00294897318380391
-0.00179206258834657
-0.00204461618057652
-0.00221302465161629
-0.00229456234896393
