0.05
0.0372836802419017
0.034313984219111
0.029336125535663
0.0355575166636259
0.0331331232713985
0.0304915117843917
0.0372761631925827
0.0349418457009137
0.0311292436384243
0.0285936802588724
0.0265713139078457
0.024996050292671
0.0227787738320854
0.0199057209424148
0.0374732109696652
0.0351552630833332
0.0337721031289751
0.0338047674936796
0.0349768856000219
0.0363643503777213
0.0366996240745793
0.0368603927529676
0.0369772879046328
0.0370367654920763
0.0368685793461573
0.0362714754877471
0.035223344141551
0.0337064672117176
0.0317386244739642
0.0293944071062393
0.0266746618912372
0.0371864139792741
0.0355580598169575
0.0334400561966336
0.0317484814737998
0.0303605006443588
0.0292756267460683
0.0283846792996326
0.0274483748437404
0.026947606008489
0.0246270924225192
0.0219508550759534
0.0193685573553624
0.0163215468577501
0.0262353615630756
0.0234852710891182
0.0207471621822597
0.0149675671325853
0.0135621993125837
0.0122360586077955
0.0111285461555946
0.0100875442407106
0.00912823158591144
0.00834169945253027
0.00763781953099307
0.00700117726319589
0.00648682549987124
0.00605873438408587
0.00572337163043974
0.00547170900789933
0.00531516733813845
0.005247580966423
0.005266511230354
0.00537800919789686
0.00559174874984393
0.00592709150849263
0.00639059117462404
0.00696420135423416
0.00764284844899532
0.00841189608386924
0.00923691096682824
0.0103549043304965
0.0117978168311264
0.0133361433053017
0.0149414061343367
0.0164563662746653
0.0178731261005097
0.0191024983475284
0.0200666291659771
0.0207296202780964
0.021078243889572
0.015081979735699
0.0141962027897442
0.0133266319043263
0.0124899966606987
0.0117848387069348
0.0111976177168203
0.0106696503382322
0.0102975561338082
0.0100152930122124
0.0098109618617902
0.00970477514920134
0.0192697736337057
0.0174828557751013
0.0152136281920086
0.0176520599659933
0.0141050465545327
0.0107406570903306
0.0146203156378274
0.0139738085460031
0.0132645438336937
0.0136273394108695
0.0113231360804421
0.00878511226836706
0.00706800296035315
0.00563330649779744
0.00415972825172597
0.00275753545454176
0.00168791926935158
0.00080310344065236
-2.69395481490204e-05
-0.000716608638306845
-0.00130154815974153
-0.00175609203493529
-0.00207359075464999
-0.00227166482660682
-0.00238103011347486
0.012405567980409
0.0114169520004974
0.0104794273312659
0.00988670017148227
0.00971114668462972
0.00995453941329009
0.0123226632495861
0.0114509387870457
0.0105583540015055
0.0101454016413205
0.0108176320814912
0.0119599808184023
0.013574413102573
0.0157603075460293
0.0184131185530918
0.0213078038257579
0.0244615692836904
0.0278963948537044
0.0314255908690411
0.0347550264824482
0.0376027794299273
0.0397666120681848
0.0410591328866497
0.0411680629323284
0.0396742543481947
0.0362421590281832
0.0311473486879119
0.025354798498359
0.0201334910604974
0.0154990507826808
0.0117482945573583
0.00871278955383667
0.00611696926980549
0.00447268870065114
0.00273699449301333
0.00143979151190868
0.000371815546796812
-0.000465605333852393
-0.00108506971946273
-0.00156993581551461
-0.00193053169604749
-0.00212791085189341
-0.00226340722440896
0.0104413394687323
0.0113908088172013
0.0128144880979422
0.015069437526619
0.0179988295771302
0.0214450688010644
0.0250322139629633
0.0289636170410745
0.0327196575491187
0.0361932408032234
0.0391329290463364
0.0413707356012527
0.0426566941188294
0.042680022824057
0.0411636414067229
0.0376177492220189
0.0323401391539726
0.0267516509712242
0.0217773967517365
0.017706711343293
0.0146492969445582
0.0126376373011162
0.0116183876801488
0.00900996923723668
0.00759788527456194
0.00634643065237826
0.00526009409728156
0.00431447134594091
0.00347816887990433
0.00273204706253774
0.00209507015929803
0.00157363474895424
0.00115723853743927
0.000842946375777386
0.000632805001649998
0.000524355338775466
0.00951338679877366
0.00855294723829862
0.00770848457761387
0.00702534559958169
0.00646683221864661
0.00603406884462338
0.00573650299335394
0.0055492175502472
0.0054564655912483
0.00548837332959911
0.00566371260661069
0.00598547166875439
0.00645628688718744
0.00710608935547898
0.00791401812964876
0.00888882629736168
0.0100063396554331
0.0112544028677292
0.0127831009274817
0.0152925796777495
0.0187811656783451
0.0222144939031733
0.0262452541795237
0.0298963190340078
0.0333858164675527
0.0367795442196732
0.0398831837570779
0.0424399455989948
0.0442842493964602
0.0454461746548184
0.0460654968991451
0.0461956382019988
0.0458853395537334
0.0451729378089247
0.0440762301238745
0.0430348818125802
0.0423558147931179
0.00930989995112201
0.00810667962339951
0.00706919894775349
0.00608572053107966
0.00527957241999369
0.00446880344184571
0.00380167996752825
0.00327085054911099
0.00275743905647757
0.00232714058701318
0.00204684647975996
0.00167308365470151
0.00145429192119357
0.00121718568985999
0.00100920742971446
0.00087754974927271
0.000804776572642339
0.000741109598688837
0.000695150788862705
0.000666118635268941
0.000648585517222861
0.000640887316338416
0.0095946312052662
0.00857161791635001
0.00765651453047294
0.00684953132367568
0.00617945433388763
0.0056328396277153
0.00519154206038032
0.00482477435384506
0.00458429227152677
0.00441800939274525
0.00433987030318262
0.00434530646403554
0.00445652196244266
0.00466965188316084
0.00496295283029013
0.00533213015842982
0.00575027244079434
0.00621381729786946
0.00666988985805331
0.0072198352203045
0.00779878390901976
0.00834524100203808
0.00882423423466018
0.00922164361353821
0.00949548029092521
0.00964675206040024
0.0297344609843888
0.0288184936616288
0.0276015112602984
0.0292087126435027
0.0279893035153605
0.0266655037748562
0.0270425049402464
0.0263378999543679
0.0254043347352938
0.0267056807450549
0.0254100668266124
0.0237223070562818
0.0221531844177039
0.0207889035172108
0.0193782568079889
0.0178973005710539
0.0164707949151248
0.0152168419457505
0.0140321877576705
0.0129933034893408
0.0120915569145246
0.0112468907288658
0.0102674785432542
0.00919517222777914
0.00837394464536062
0.00751383461945305
0.00690076264464623
0.00635875129919375
0.0059531744080856
0.00562271580981468
0.0054190639140652
0.00534342966568533
0.00538772802748081
0.0055571978722401
0.00584649153365301
0.00625148314374597
0.00671345488700148
0.00721977107152542
0.00782227985065489
0.00836616681174602
0.00880986553355342
0.00913182018558385
0.00930929931444466
0.0257511339695613
0.0265796005887171
0.0275894559094797
0.0284801164469054
0.0290624543530429
0.0293089236903203
0.029222103546666
0.0288473621801417
0.0283038898925785
0.0276983519510808
0.0271420446192105
0.0267265199704846
0.0264935997366776
0.0211940806199021
0.0178533791915824
0.0144135304343601
0.0129021135661616
0.0114630078645052
0.0100642552101519
0.013545489216965
0.012979451247254
0.0127625131858291
0.0130002687645715
0.0136799194601273
0.0148318209958222
0.0164106378693657
0.0183685191134431
0.0207018731114113
0.0232594658454081
0.0259907830384238
0.0288313095463116
0.0316397064943873
0.0344218742932223
0.037048389626875
0.039465042108848
0.0415837787167603
0.0434143087662388
0.0448510138095796
0.0459084781724651
0.0466375858651166
0.047116234349224
0.0473229407726527
0.047293445479634
0.0471165521503148
0.0469278367336275
0.0467801877123666
0.00988047679584088
0.0100040014687441
0.0105199769508266
0.0114541024701171
0.0126461657761195
0.0141832301100239
0.0162201931008188
0.0184437204128741
0.020642331251664
0.0233345424250609
0.0263799487000583
0.0295236804951208
0.0323864373463121
0.0347924001385655
0.0373785262590732
0.0397626650912961
0.0419403031900151
0.0437788086430517
0.0452468339568775
0.0462239403977694
0.0469467010292427
0.0475577305292479
0.0479820740053956
0.0481703339122192
0.00820927589843051
0.00653387675885887
0.00520037567319132
0.00398056984580527
0.00302704315404126
0.00212374257309821
0.00135549323727696
0.000809185834020642
0.000366530547311238
-1.06435712502541e-05
-0.000267727378581037
-0.000417651075785239
0.0258755200755058
0.0248075354764691
0.023396252058077
0.0215730782675567
0.0197564365809592
0.0181851397137503
0.016625322187755
0.015117288423203
0.0137572989557678
0.0124515072547526
0.011193396285663
0.0100610403028506
0.00908088802498748
0.008081156213594
0.00706291730725279
0.00615093273134745
0.00538312318622557
0.00472389884367033
0.00416534724740698
0.00371857376857796
0.00339413786357112
0.00318095088878009
0.0030570201596499
0.0258398399153479
0.0247980020397603
0.0234723092267711
0.0217532893666139
0.0198118395540519
0.0179111555216699
0.0161343039500458
0.0144689167341446
0.0129300879970472
0.0115180413912573
0.0102224888670701
0.00907495540808565
0.00798792367135184
0.00695977996862825
0.00604821161112474
0.00524639185127433
0.0045282095287821
0.00387729592515251
0.00328969862441253
0.00277036523217672
0.00230826990658085
0.00189939565288
0.00154931077375616
0.00123736795365157
0.000916523217787293
0.000611116354372907
0.000345979226291406
0.000120367281820251
-6.13075174310167e-05
-0.000206027563917259
-0.0003207335988082
-0.000404155609019737
-0.000466208775326203
-0.000502790283509372
-0.000522340409335173
0.0183731318143616
0.0165123184598706
0.014191865530826
0.0196380279266681
0.0194208074716583
0.0193064589839546
0.0128211267953748
0.0114917672506561
0.0103091549084743
0.00929056737982988
0.00852883041560804
0.00789581002839669
0.00742034481391454
0.00710843099317426
0.00695256348158557
0.0121557812642475
0.0104452877570254
0.00891462789467181
0.00749872204714969
0.00717815085599423
0.00699589773229337
0.00691491563905188
0.00694943574650657
0.00709607853529848
0.00736411959940559
0.00775947546532445
0.00829215763427343
0.00897970470782958
0.00983687245510815
0.0108900339464033
0.0121482186681147
0.0136027057471126
0.0152089324213367
0.0169358468677019
0.0189394363607094
0.0212440188379014
0.0235688151139378
0.0258625929650948
0.0280268334875612
0.0299412126614987
0.0315739230969591
0.0329387155138546
0.0339761185320006
0.0346659905483009
0.0350252996779992
0.00660729027338743
0.00591833201824065
0.00540564073104446
0.00489255291488338
0.00465488601949986
0.00448499949285436
0.0251827184836714
0.0234519437309098
0.0215383346491135
0.0196065405068017
0.0178124354412283
0.0161916882721088
0.0147381280162056
0.0134213833909253
0.012189034127052
0.0110283296748864
0.00997560476894097
0.00903370792033609
0.00812506741342327
0.00723376260212836
0.00640569261687501
0.00562649220590631
0.00489238880998652
0.00420583885494022
0.00356964223550382
0.0029862805320981
0.00245665415887198
0.00197936607183602
0.00155594627526474
0.00118994386377167
0.000882981596260088
0.000636148052331925
0.000450965708295604
0.000328433363295157
0.000265547848730799
0.0250731376625574
0.0235978806648589
0.0220853797878806
0.0206139672111563
0.0192178811605641
0.0180033582233286
0.0168982859033105
0.0157536028926545
0.0146242492592816
0.013620597292168
0.0127302703296845
0.0118502490358122
0.0109259381409834
0.00989341740884036
0.00888597782301414
0.00796497129447913
0.0071010153249252
0.00629255529322067
0.00553159014778194
0.00479729180985079
0.00414580061335588
0.00347175479330371
0.0030322514007768
0.00259601481167678
0.00209593266170455
0.0016667149535757
0.00128149238914414
0.000938250280722026
0.000673283334165974
0.000469627607130967
0.000333152290609495
0.000261241821840908
0.0263075768258025
0.0246764509718295
0.022835669527508
0.0209956496858687
0.0190411015373697
0.0269680080849923
0.0257297390751035
0.0237888601707072
0.0220769680260409
0.0202391382918349
0.0182988423003613
0.0166819226161878
0.0151308347845439
0.0134811819833187
0.0117364504696384
0.0102811051528785
0.0089304175092276
0.0076842049561767
0.0065373679635102
0.00549983772779063
0.0045740027393071
0.00373803199188835
0.00304093260269347
0.00222250084646914
0.00149239687454079
0.000923322267544995
0.000437973451889963
3.76957978322626e-05
-0.000252409011150634
-0.0004335639227374
-0.000535605912524366
0.0173800059532248
0.0146521231354723
0.0111822707200082
0.0179811157304564
0.0164025505016713
0.0145073726831999
0.0124633357860762
0.00941202780097585
0.00816663186456362
0.00725089277828642
0.00991643178429525
0.00879764166279694
0.00767090011315472
0.00679737590009606
0.00566932430530068
0.00699760529937481
0.00652988909202278
0.00595565240266623
0.00542099673752217
0.00622944272557384
0.00531215370205853
0.00440129998810279
0.00549687150197481
0.00567279894588199
0.00594895569927404
0.00626716596788899
0.00667030387844362
0.00715863623360237
0.00770337537653311
0.00838424559045498
0.009220282428048
0.0102380787892411
0.0114629735919593
0.0131152848751838
0.00488980764735125
0.00438437572189481
0.00389909688641707
0.0035772589877036
0.00321683250039861
0.00298133252810611
0.0027506226900053
0.00258162494052432
0.00248746459708194
0.00244507220920892
0.00245534312530133
0.0025234833071173
0.00264166181157516
0.00281055510965155
0.00306706190681113
0.00335773368245564
0.00372616168460687
0.00410587486291139
0.00452789605772206
0.00496834701602656
0.00537364614535835
0.00575369671824598
0.00607852991938557
0.00629089418008347
0.00640216411808124
0.0125554063021602
0.0122456560683266
0.0121340944528695
0.0121383275195587
0.012206645514667
0.012275974573002
0.0123243035877415
0.0154706179176151
0.0180835953449447
0.0210106556290673
0.0239668107388924
0.0270325849941082
0.0301928772390382
0.033294737240573
0.0362792797792935
0.0390311529981316
0.041468997270836
0.0436470700122273
0.0454764490408824
0.0468777771915264
0.0478474724805914
0.0484766004928054
0.0488883501812123
0.0491313670388559
0.0492414317030888
0.00409854938067001
0.00375576325068571
0.00336408343785005
0.00293233343662922
0.00250199909882554
0.0020997790353781
0.00172284406106671
0.00136937699154613
0.0010383983495111
0.000729596617590358
0.000443168671468665
0.000179475157099571
-6.08930538541043e-05
-0.000288260200285792
0.00387919637846464
0.00333856846290071
0.00279274330227051
0.00225284666397351
0.00177958118890367
0.00132100903945634
0.000882191113998092
0.000477765048180751
9.96296366957145e-05
-0.000284636146222159
-0.000678627754525378
-0.00104406801333438
-0.00134952210190343
-0.00160109130165835
-0.00179281170036466
-0.00194466871581756
-0.00204234329372777
-0.00209709318611784
-0.000109110252349354
9.68801796186365e-05
0.00032348861297672
0.000613157845733393
0.000921956065377803
0.00123634467586595
0.00166832654435404
0.00224807352158457
0.00286900853944522
0.00346610921017871
0.00402980359969777
0.00457487746920375
0.00512125910114026
0.00564333951677299
0.00609510665065116
0.00643370667944876
0.00666865601402202
0.00680399133031498
-0.000642587711444168
-0.000960002583348266
-0.00124431275273854
-0.00150170368742297
-0.00173939108517153
-0.00196140433319601
-0.00215997836286294
-0.00232232933833993
-0.00244408787830209
-0.00252505779317058
-0.00256674204843513
0.00523922184658737
0.00480430084002326
0.004372944687945
0.0040032482460224
0.00368614754073545
0.00340289702953078
0.00316555452181404
0.00295787185133026
0.00280566772914018
0.00271391082470286
0.0026888217187289
0.00481495801385004
0.00386623188128457
0.00304910225003698
0.00219190193966873
0.00151456542269542
0.000775344702518194
0.000171417613525615
-0.000334480805567112
-0.000801920756877335
-0.00106732321986808
-0.00132281473555037
-0.00148358374811774
-0.00156429730177411
0.00190231453794832
0.00124797869297891
0.000700446571061886
0.00018260879020644
-0.000218995830924179
-0.000549712628564194
-0.000778702776548314
-0.000946977921620715
-0.00104455895027791
0.00340112783591966
0.00419580875488271
0.00508318523372171
0.00607990427382973
0.00720634810554456
0.00847005100975556
0.00988224347496931
0.0114827313279385
0.0132437700152236
0.0151400177510471
0.0172434362951674
0.019414644536989
0.0216002772378699
0.0238014191803288
0.025965827618895
0.0281214209520069
0.0301789511677537
0.0319731586568373
0.033362442278416
0.0344432093208677
0.0351895254430369
0.0355643251137791
0.0115426438566554
0.0105007929564948
0.00943349525865749
0.00842835748342695
0.00748904185441504
0.006585973715266
0.00564714264444182
0.00478271386497955
0.00418307723123466
0.00344840967177343
0.00263755960485989
0.00196037461662017
0.00128921337949126
0.000606791874121844
-1.87296372074058e-05
-0.00065058258596447
0.0115615170623754
0.0106391524543525
0.00975827247793445
0.00893982937708315
0.00816216397912773
0.00740748647649695
0.00665684983191498
0.00590800388363335
0.00520057564261504
0.00457160915970448
0.00404198152777143
0.00360790960552708
0.00322333337065055
0.00278999283462315
-0.00100681060072835
-0.00141943145680511
-0.00181009791551234
-0.00216093686972372
-0.00251772708409039
-0.00283410150758192
-0.00312604399828468
-0.00344529809495668
-0.00369878414119664
-0.00392986840855322
-0.004125781123819
-0.00429661251901669
-0.00443409935736956
-0.00453734708644134
-0.00460775523912113
-0.00464471829414299
-0.00105649754485786
-0.00145225867972479
-0.00185926954532704
-0.00222344491872464
-0.00253942816278805
-0.00286489356733037
-0.00315375130673549
-0.00339381811013851
-0.00359334991834103
-0.00376678052013117
-0.00392060915449411
-0.00405144270535895
-0.00415009078546814
-0.0042049864345511
0.00248856625733727
0.00224427248988149
0.00203386426123884
0.00184370771729189
0.00168349265100439
0.00155204724463914
0.00145528389782683
0.00138775231159179
0.00134978466300883
0.001348499213588
0.00138498919224919
0.00145743560063941
0.00157083411083437
0.00173865030653951
0.00266678290902481
0.00256186108345064
0.00249219362697137
0.00244570032620242
0.00242242061459723
0.00243529715953018
0.0024823711899204
0.00257569272140306
0.00271748881219292
0.00290837365075866
0.00315702909273161
0.00344049058473596
0.00380983982340983
0.00426599649382428
0.00482383703665534
0.00546387750585035
0.00622173327004505
0.00716808044511725
0.00828403150252442
0.00959422123132978
0.011152950164299
0.0130129174855162
0.0152193877744896
0.0177791905269642
0.0206960624226437
0.0240426786558355
0.0276748559045301
0.0313179448876623
0.0349560470857359
0.0383278908483438
0.0414217138473257
0.00211077623361055
0.00256952386408073
0.00313211811987964
0.00381779609926175
0.00464034332618632
0.00553219602688783
0.00641211884285144
0.0074181454105799
0.00862381040081704
0.00994306002704438
0.0114479597304648
0.0130971858554898
0.0150036020462344
0.0173152788399017
0.0197397916249236
0.0221681243182146
0.0249434508601801
0.027890238735628
0.0307595363914137
0.0334087909867176
0.0359094480927106
0.0383754285082315
0.0406485355386506
0.0425814586147914
0.0441832412346782
0.0454837898751412
0.0015339911745195
0.0013852563095484
0.00128673425530657
0.0456274364688812
0.0449720777753462
0.0428921694718903
0.0385940412298422
0.0317972754183401
0.023532895351471
0.0467670594554276
0.047855889417367
0.0484091497077278
0.048711269628577
0.0184554080346654
0.0148811173807058
0.0126948093973524
0.0116074014775769
0.0199094557195948
0.0175745484634467
0.0164815671612749
0.0423151923294993
0.0422835270054021
0.0410942903678368
0.0383064006383585
0.0331712766889232
0.0262837308018953
0.0431337618272265
0.0441639618128694
0.0445648859973402
0.0442218836277143
0.0429126292564156
0.0405589190852679
0.03659742087695
0.0317589318156693
0.0265219438237244
0.0216071698781011
0.0174453394768668
0.0138909792709657
0.0109917644787631
0.00853212622362443
0.00649862478416046
0.00485047623641252
0.00336574002414526
0.0221275272230381
0.0187617139888601
0.0156313593746653
0.0130295500120857
0.0106750451285956
0.00868752569856713
0.00700364950048534
0.00558125467629658
0.00437473816827119
0.00337180804148639
0.00251260302880136
0.00177639465158774
0.00116068723472871
0.000663375041672694
0.000273479549965571
-2.3459239983428e-05
-0.000237817564276068
-0.000376293299694431
-0.000446353329982526
0.0232403348118192
0.0206995860556384
0.018475050241271
0.0168692729085844
0.0158442400030139
0.0153212719281286
0.00241060722615066
0.00155265841781342
0.00086621848893002
0.000368518032239011
-3.44162244324056e-06
-0.000238655807487653
-0.000358041447613291
0.0025236055151875
0.00185176161389723
0.00141077105847903
0.00119924198434774
