0.05
0.037312300720842
0.0341859830422553
0.0289293480367566
0.0358854449021239
0.0338916417471991
0.0321336137270394
0.0373243108247918
0.0350822303722996
0.0315466639389474
0.0293183271276981
0.0276036122366316
0.0262678203791248
0.0243413984532791
0.0217171749070031
0.0374475249016346
0.0314802010707452
0.0260828197996733
0.0252829442767759
0.0219797126312243
0.0186905664587745
0.0179140934539655
0.0175085795946462
0.0171155703693594
0.0165575430889587
0.0156343993273613
0.0145705877526548
0.0136547366260557
0.0128602882959605
0.0121414692071344
0.0114624906911686
0.0107648512654052
0.0372579069380176
0.0357537671635859
0.033864157132463
0.0324411357601022
0.0313776984319028
0.0306532495008221
0.0301722074887445
0.029792408961369
0.0263944998407607
0.0239907961052687
0.021278804584011
0.0187133292577407
0.0157316299271081
0.0256822235758124
0.0228367161320092
0.0200458405635799
0.0144183946276593
0.0130661596488583
0.0117994533529228
0.0107494481093819
0.00977117241518729
0.00888023428003632
0.00816096066011113
0.00753031162460259
0.00697677667008138
0.00654924963803357
0.00621755258831372
0.00598795002380896
0.0058564983397378
0.00583033588723945
0.00590265533950428
0.00608291293898613
0.00637477391791817
0.00679905768981643
0.00738719586867241
0.00814442146207411
0.00903778530674934
0.010056756103404
0.0111766461035288
0.0123472968161635
0.0138970424754013
0.0158502062104809
0.0178781002705967
0.0199294864177711
0.0218004448875365
0.0234915357058041
0.0249135504890751
0.0260001375292353
0.0267331208141093
0.027113911199428
0.0145226495166738
0.0136647786395298
0.0128259829429433
0.0120208033078886
0.0113427103003141
0.0107779840197629
0.0102699552127242
0.0099116472553968
0.00963965098388071
0.00944262905537002
0.00934019587529377
0.0184856883326878
0.0166349167781224
0.0143241042747338
0.0171391581921528
0.0139921653321376
0.0111900713867086
0.0137388675855827
0.013105014677753
0.0124135225997354
0.012649468615374
0.0102918844183955
0.00777729581717902
0.0061307422717178
0.00479461360133087
0.0034616628580643
0.00223109424681425
0.00131803494264895
0.000580999297535003
-9.39536404318576e-05
-0.000642141239160658
-0.00109770025628729
-0.00144557863438546
-0.00168520819332902
-0.00183317071936034
-0.00191430044169826
0.0119182054410119
0.011637671177276
0.0117530643751112
0.01241441995692
0.0135700777662686
0.0154032183882642
0.0114418855888245
0.0105494918497586
0.00964244276783357
0.0164872426535127
0.0182456483769302
0.0204951613560656
0.0231337522685966
0.0261713993912331
0.0293207357210401
0.0322853729787594
0.035094518394972
0.0377260536035441
0.0399282994046945
0.0413443040016975
0.0416324325970813
0.0404833017562721
0.0375426385172901
0.0327764924009798
0.0270593285017595
0.0215831892669057
0.0169034419589634
0.013003126883482
0.00992449136334906
0.00731325413943619
0.00521482933188802
0.00350264278541935
0.00201424133586742
0.00105298431035606
1.42943244246689e-05
-0.000783664155697129
-0.00145959846535019
-0.00200491508515887
-0.00241881963933661
-0.00275026536982732
-0.00300165137808114
-0.00314103546920652
-0.00323771145789235
0.016751823333636
0.0186560390802741
0.0210373035559212
0.0242976005391139
0.0279690625571219
0.0316743026733161
0.0349793002746965
0.0380422074006976
0.0403538529234245
0.0416969060820817
0.0417156004102368
0.0400080368566407
0.0361659820366215
0.0306605291602613
0.0248813162664995
0.0194828333822671
0.0151066247500215
0.0117831718399802
0.00923153408206162
0.00725483449276095
0.00579139110943815
0.00482842528099902
0.0043389746678609
0.00795243184622713
0.00643882567225122
0.00511886669014608
0.00398941965930145
0.00301877521346123
0.00217018264110802
0.00142102147444462
0.000787430192646712
0.000272913049861367
-0.000135234768278261
-0.000441674372796911
-0.000645770954635853
-0.000750842762493707
0.00873447150989455
0.00796614290036351
0.0073642306661719
0.00695890733235034
0.00672258555971003
0.00665505647998957
0.00675130542352623
0.00701063618980127
0.00750656005720474
0.00828357484382028
0.00932430501870913
0.0105770059155826
0.0120311153123298
0.0137479302620212
0.0156305727899062
0.0176445534869338
0.0196724228151744
0.0216495246703875
0.023773235250661
0.0268483335077964
0.030622486198959
0.0338727533361113
0.0371673723993892
0.0396923556812369
0.041629290457651
0.0428754640243732
0.0430845725496976
0.0418914630381499
0.0391503301325979
0.0352154435131891
0.0306443058478311
0.0260210566456122
0.0222623889579178
0.0190972836532417
0.0164547829270015
0.0147668709607907
0.0139010644240694
0.0101408536728131
0.00936654823946148
0.00879784787161868
0.00836800855485805
0.00812126240941625
0.00800607020673819
0.0080524023854946
0.00822454726754296
0.00856485814693241
0.00903798911661583
0.00946700525400791
0.0102578626468166
0.0108889068991421
0.0117995277904136
0.0129091891974784
0.0138664019729374
0.0145369223769497
0.0152689571412086
0.0159338105836673
0.0164495969267878
0.0168195841321519
0.017001345047746
0.0102139269238042
0.00942368926037757
0.00880264031003017
0.00835082817409289
0.00808049049636475
0.00797445786817521
0.00801905393243485
0.00822808657548489
0.00855938951162441
0.00907901317156746
0.00982625927090971
0.0107580789866634
0.0123348526969344
0.0141766542400363
0.0161129419207586
0.0181382028937258
0.0201309984499512
0.0220929272057685
0.0238283832703431
0.0257075051582055
0.0274758516353259
0.0289867384818182
0.0302118632011377
0.0311667125285958
0.0317950651841632
0.0321319030638287
0.0319681624499533
0.0318882683167941
0.0319267841990859
0.0307884507211698
0.0295258529454442
0.0281643021584011
0.032096914331544
0.0323487278074313
0.0327217482092517
0.0314810493422052
0.0310956638250895
0.0306218541471304
0.0299158761508535
0.0289315455263482
0.0275056463086402
0.025620276193293
0.0235203471063801
0.0215148745688666
0.0195332493770219
0.0177604861509449
0.0162128568069083
0.0147653979157809
0.0130927583985926
0.0112612929954074
0.0098447306099397
0.00832416858493427
0.00718657567925195
0.00610304945489969
0.00519095379853073
0.00429057125930642
0.00349697555443439
0.00282629017973362
0.00222558575764439
0.00169835664502446
0.00125031831319559
0.00087124065611262
0.000581194498248633
0.000352973401063582
0.000154424613227068
1.83057768589187e-05
-7.11905748325073e-05
-0.000126477877046016
-0.000153890814410345
0.0321281177851297
0.0315901817702109
0.0311987755993137
0.0310149053468297
0.0310436898432408
0.0312524961923693
0.0315995815949365
0.0320445934020025
0.0325077261783629
0.0329468885594537
0.0333154394865204
0.0335769762849041
0.0337196025792265
0.0351055823338619
0.0372004375052624
0.0394094812029659
0.0404562161324345
0.0414039276702521
0.0422542970671666
0.0396949357235339
0.0395000531670943
0.0385413957027974
0.0367746404301871
0.0341113417508338
0.0306105382667861
0.0267698781400456
0.0230306526293758
0.019581014585805
0.0166297570550257
0.0141054496944742
0.0119396261329554
0.0101156473880823
0.00853098012176751
0.00718032166534442
0.00602191734942061
0.00503933261416102
0.0041824052128632
0.00346832679412413
0.00287413401396293
0.00236817929141169
0.00189237356010135
0.00147758634327268
0.00114640288135884
0.000901346001410502
0.000753276974169235
0.000667771449971754
0.0419086818591881
0.0408833264960213
0.038812942845706
0.0355675909228435
0.0318511629093026
0.0277637089265232
0.0234620855115338
0.0198768041968744
0.0171068153055726
0.0144219444333651
0.0120082978574768
0.00997728327944442
0.00840827936001035
0.00724218425559265
0.00611233298500136
0.00515511576377742
0.00432958291020206
0.00364984325209803
0.00310267850689968
0.00272625365822168
0.00243470313168451
0.00217328113004711
0.00198024546492799
0.00189076311792859
0.0436109472541772
0.0447068486159772
0.045492647309993
0.0461421196325836
0.0466032011704469
0.0469993329460065
0.0473029867057337
0.0474982829116863
0.0476411689529681
0.0477512056219143
0.0478204488081694
0.0478583928917652
0.0274464055646429
0.0264543631925537
0.0250997674601745
0.023291491630529
0.0214385132309144
0.0198047753126211
0.0181633820631383
0.0165670637440568
0.0151259808431426
0.0137450833156008
0.012420023325374
0.0112338610211461
0.0102132384342979
0.00917853286048629
0.00813058206667166
0.00719675448367326
0.0064140030964155
0.00574445781254102
0.00517895722895644
0.00472779196800513
0.00440080240475775
0.00418622588529039
0.0040616024555833
0.0272231708903634
0.0260225390397538
0.0244882628647667
0.0225038092721293
0.0202838563404488
0.0181421721218539
0.0161740111561827
0.0143627687666647
0.0127206309633676
0.0112430561339583
0.00991510117089048
0.00876424708275765
0.00769983233674163
0.00672052607752589
0.00587919195883064
0.00516473833108087
0.00454987846285732
0.00401811366272814
0.00356442121504403
0.00319012815801531
0.00288431476397968
0.00264155090270943
0.00246178338446215
0.00233218909839492
0.00223540368307286
0.0021786956404253
0.00216450029492911
0.00218717170787506
0.00223719799681119
0.00230492624276366
0.0023825917807265
0.00245659911139081
0.00252426144842088
0.00257006335300725
0.00259682473994482
0.0201512081957695
0.01821380317455
0.0157693751990608
0.0216529851036373
0.021595798421315
0.021563774396674
0.0143872613471298
0.0130376269117
0.0118326263259807
0.0107932121268918
0.0100157254808661
0.00936981184337323
0.00888491047661906
0.00856696301043104
0.00840813497580361
0.0135365182829375
0.0116340391731225
0.00990498393738604
0.00827456961226365
0.00768114374012113
0.00723943446597078
0.00687003870827577
0.00659444680863878
0.00641904034523468
0.00633147894927697
0.00633660065792911
0.00643738750715677
0.00664057417510622
0.00695419859302812
0.00739224053950694
0.00796409896884034
0.00867295219755346
0.00950543786222306
0.0104541272603832
0.0116209949996531
0.0130490206974773
0.0145906563708648
0.0162236095888291
0.0178758582086819
0.0194317283698209
0.0208291969736759
0.0220463761090035
0.0230002243119725
0.0236476785215776
0.0239890301184016
0.00744788638462648
0.00681015845387037
0.00633626257774165
0.00586263367940499
0.00564341766670117
0.00548681117798813
0.0104247805836935
0.0100150912248341
0.00951973655840292
0.00895793138272946
0.00836300538738752
0.00774867636418715
0.00712350575289492
0.00648866908867297
0.00583076257990687
0.0051525492507024
0.00448800073229793
0.00385390577922917
0.0032071337004932
0.00253953644657202
0.00188998937182992
0.00125273186498805
0.000628846513719724
2.43046877453747e-05
-0.000554416617183843
-0.00110090293268972
-0.00161014897881137
-0.00207957883188133
-0.00250408720568865
-0.00287682886383019
-0.00319333452675478
-0.00345025565457987
-0.00364434510731164
-0.00377338353795819
-0.003839799000535
0.0103316966731476
0.00992350874173208
0.00947976190254338
0.00901161025017254
0.00852567343108503
0.00806477851546863
0.00761134249337527
0.0071046246013928
0.00656577376794654
0.00605339548611831
0.00557133601926119
0.00506761489388191
0.00451002361354315
0.00385788070080873
0.00319507136089399
0.00256544459707818
0.0019522908057088
0.0013573568441735
0.000777663996301274
0.000199037786356808
-0.000331296865929949
-0.00089823409754882
-0.0012782514205705
-0.00166465622618358
-0.0021208146128678
-0.00252375537803961
-0.00289319661403609
-0.00322812746085632
-0.00349020099564408
-0.00369370024427695
-0.00383106368815195
-0.00390377240803777
0.0298497663437351
0.0301209263668396
0.030533956554676
0.0309741198911629
0.031398657012024
0.0291610463217953
0.0276987924124707
0.0255011926765662
0.0235910466652379
0.0215508198104135
0.0193997647053865
0.017608600537858
0.0158923071266369
0.0140695856741048
0.0121454521226385
0.0105442448981148
0.00906204985843205
0.00769840978816352
0.00644742949849337
0.00531951539715756
0.00431662558818821
0.00341449245250426
0.00266504146226464
0.00178849993362068
0.00100941535674974
0.000404066908639079
-0.000110810931156419
-0.000534420877185368
-0.000840847318495963
-0.00103194097423356
-0.0011394851267674
0.0315409401107727
0.0314246771324815
0.0306460113787058
0.031702971876152
0.0320308765751377
0.0324365560488099
0.0330409878389744
0.0292384125919753
0.0279357525160728
0.0267507356993204
0.031363120802966
0.0311089933369565
0.0299724664813602
0.0284870122914168
0.0258555921364578
0.0261309177911049
0.0240944343709184
0.0208888164263192
0.0173930190289002
0.0252455510992076
0.0235625441163485
0.0216605177119141
0.0155688883485511
0.0136245275621383
0.0116918609418329
0.010111841528428
0.00861183566793981
0.00723071512619853
0.00604781449516686
0.00491937234938543
0.00388428895950275
0.00294922249091981
0.00210241796491605
0.00122253133123541
0.0156391275523804
0.0139188214732
0.0122112847055892
0.0110300653576978
0.00962526630612899
0.00862073264848473
0.00750058321871839
0.0064748373127475
0.00565395484647604
0.00490626122486223
0.00420424976180604
0.00355427709964004
0.00300823905420107
0.00252060883090393
0.00200349832965116
0.00156165618561339
0.00112571043256209
0.000767749016748575
0.00044267865186407
0.000160567091917012
-6.15915490848426e-05
-0.000244567085772161
-0.000385213803196335
-0.000470740310615473
-0.00051365806286208
0.00100482346044741
0.000823632521355548
0.00067992929164567
0.000581277131090576
0.000496702726598274
0.000446676495504664
0.000419486759995446
0.000653523770258024
0.000128764090988984
-0.000368307160560966
-0.000806855144595571
-0.00121720390238153
-0.00160863308398945
-0.0019721463019568
-0.00230964870027811
-0.00261605153149098
-0.00288975072848937
-0.00314362966573702
-0.00337350379945482
-0.00357133034416257
-0.00373030353041764
-0.00385185300488998
-0.00394576236671544
-0.00401018209108285
-0.00404262400050753
0.0206828072089283
0.0194821758845326
0.0180412815976411
0.0164162359936555
0.0147896100249972
0.0132803491392056
0.0118849723159502
0.0105965528383486
0.00940658894283312
0.00830601181504602
0.00728579431786488
0.00633670972376016
0.00545040695932972
0.00457725247852872
0.0208383372573828
0.0199412515771666
0.0190116359023019
0.0180834834070309
0.0172721466780099
0.0164950698118628
0.0157661204417025
0.0151116385279586
0.0145169972730615
0.0139296660346088
0.0133436818027653
0.0128137736383591
0.0123808072306367
0.0120312765971908
0.0117693301201009
0.0115646580718407
0.0114342616500596
0.0113616329162589
0.00401688520679145
0.00351707045250775
0.00306297962896656
0.00258001649037816
0.00215489239176304
0.00179178866567127
0.00136625158032807
0.000874121890526759
0.000415937928694103
3.01690353049261e-05
-0.000291731622983466
-0.000569134698342291
-0.000818065632107312
-0.00103226129061268
-0.00120141879514271
-0.00131960532252134
-0.00139760807619349
-0.00144103201866895
0.00417435861062689
0.00382823558614349
0.00352926229151017
0.00326701042938143
0.00303135228803369
0.00281622242592686
0.0026272914271416
0.00247499114372033
0.00236197152982625
0.00228736530404607
0.00224912955630696
0.0236533244671717
0.0210690755253928
0.0182854362807083
0.015810686871029
0.0136569025267488
0.0117051830887909
0.0100111970355047
0.00839897517282401
0.00697389448997953
0.00568823639618607
0.00444491041403466
0.0245599676786295
0.0228634180775388
0.0212890234542529
0.0195878416152819
0.0182491751108731
0.0168207257168388
0.0156941662595456
0.0147848595642071
0.0139762407677111
0.0135299886368162
0.0131106701085465
0.0128516860627449
0.0127231359390929
0.00395513302042069
0.00356414248867158
0.00324614663095658
0.00295192592033178
0.00272719600736212
0.00254400774996558
0.00241794213811301
0.00232564910778314
0.00227224543778165
0.00368368135037428
0.0029881597795753
0.00235089150093855
0.00176329295829265
0.00121864980667074
0.000717729838117328
0.000258091380420156
-0.000170428493472004
-0.000560312118289786
-0.000911661699626896
-0.00124206322957592
-0.0015361384211992
-0.00179657761572115
-0.00203128391880761
-0.00224151820612827
-0.00243605713587323
-0.00261184444561725
-0.00275907330170623
-0.00287003595545417
-0.00295483122778399
-0.00301272671701708
-0.00304162698199021
0.0335823834820105
0.0344402224069551
0.0355601164074704
0.0368190261500129
0.0381386546811509
0.0394782882721076
0.0408487464663004
0.0419575833617262
0.0425446975457157
0.0429539084244858
0.0427963723040731
0.0419051541401659
0.0400318576567841
0.0367655531626989
0.0324729043458455
0.027255110562105
0.0332605318973621
0.0337184321397495
0.0343954596875575
0.0352507097278837
0.0362684813610541
0.0374326550984078
0.0387240847551007
0.0400671057965405
0.0412554225486241
0.0420697214725779
0.0423814259304972
0.0421924215430782
0.0415056053098154
0.0399112134979736
0.0238930704758743
0.0200306871666426
0.0166385257982484
0.0138939920249855
0.0114161218926601
0.00947236350649149
0.00787576291772471
0.00633082611771939
0.00523407050154629
0.00432620578937531
0.00361846421999505
0.00304428824747271
0.00260899658149328
0.00229690790563906
0.0020911507233839
0.001985428069691
0.02396169957793
0.0207769749250722
0.0176856047053989
0.0151404077315652
0.0131185986061728
0.0112221232884813
0.00969004819168238
0.00852013606432835
0.00761703116570177
0.00688177017563137
0.00626683219903679
0.00576998425193167
0.00541039643513916
0.00521560596147859
0.0378832082717352
0.0352954012500047
0.0322533255169438
0.0288145478701877
0.0253987161756383
0.0221779092509378
0.0194079530860785
0.0169635267066445
0.014721298881214
0.0127673010845652
0.0111519209013971
0.00980183327015423
0.00860488505883978
0.00747852616075353
0.0394196048153812
0.0381161922721448
0.0362796812311597
0.0336973352835417
0.0300250257302692
0.0262463110748211
0.0230952626499954
0.0200522625482823
0.0173792401911996
0.0151553774402447
0.0133004064105705
0.0118880139129626
0.0106293712810728
0.0095632825094058
0.00865738486214442
0.00791764611206822
0.00727781357349398
0.00668722429055872
0.00616487633172603
0.00569401983672296
0.00525489867606499
0.00483665609855276
0.0044332401787379
0.00404424478688604
0.00366571698680051
0.00328311492153109
0.00290235572674243
0.002534158057475
0.0021601657771291
0.00178495538521574
0.00138282188383652
0.00680202657203232
0.0061577716835537
0.00553871182681971
0.00494274531639368
0.00437701029869052
0.00388889907346375
0.00349837031541051
0.00313242236425181
0.00277507259351762
0.00245523476853569
0.00215333064959993
0.00187624820413988
0.00160463886573178
0.00132128871049092
0.00105749990046956
0.000815286023265835
0.000555539723697009
0.000290407809175438
3.53995143236624e-05
-0.000202644332380833
-0.000434178459803608
-0.000674592979685422
-0.00091510617017728
-0.0011458401370261
-0.00137300274526176
-0.00161015420490389
0.00705029307275779
0.00675400559110443
0.00656485493995651
-0.0019070427740661
-0.00227332052579372
-0.00269259855056656
-0.00311741580744203
-0.00351962195515014
-0.00391193966840368
-0.00162530208350322
-0.00163847713861333
-0.00164536023578906
-0.00164920868272593
-0.0041706811078512
-0.00436200405633174
-0.00448554176198413
-0.00454937389168088
-0.00405802805676425
-0.00415113068260833
-0.0041949680461648
0.00109973102132537
0.000820127459461034
0.00056016852097127
0.000300109761105455
2.59706308141578e-05
-0.000250816519953351
0.00123340500757687
0.00108503820009899
0.000927439681135134
0.000757994108486091
0.000572379687125747
0.000384348627605208
0.00016260365863687
-6.65790569969842e-05
-0.00031640097133956
-0.000583325252537219
-0.000856865052723513
-0.00114493827160333
-0.00143348220358218
-0.00172995389672867
-0.0020211138046308
-0.00229391123329867
-0.00257061130237505
-0.000420526558933538
-0.000566384784822526
-0.000719515859858211
-0.000868129796479037
-0.00102770673619751
-0.00118875478185114
-0.00135112963793781
-0.00151281391283754
-0.0016724542289195
-0.00182445855908677
-0.00197128510151763
-0.00211109233413633
-0.00223900156080535
-0.00235013305413573
-0.00244236046165048
-0.00251569437514182
-0.00257033496681839
-0.00260640960707031
-0.0026249029327369
-0.000357299126551381
-0.000445374246791138
-0.000525205661739902
-0.000585606689511524
-0.000625743934642605
-0.00064678842068323
-0.00279570381319833
-0.00302342767951923
-0.00322435402377227
-0.00338157973321953
-0.00350619025765788
-0.00358831525539733
-0.00363107160225122
-0.00270807160423038
-0.00282891619988275
-0.00291391940908864
-0.00295642630153612
