0.05
0.0369051159085486
0.0352523456908034
0.0329430023201056
0.0348474402365903
0.0321393649913286
0.0290440517272604
0.036732740213202
0.0338861880676224
0.0288641431770815
0.0254615065264848
0.0229892012450387
0.0213592763687221
0.0195627486490756
0.0180131739267639
0.0368812032386811
0.0302226128504459
0.0241342599396651
0.0232660551513558
0.0198907782255297
0.0166463862690661
0.0159376017906571
0.0156272039313738
0.0154244872397982
0.0153432359434304
0.0156113640837782
0.0163533892502025
0.0173680516442358
0.0184827320159495
0.019515243268684
0.0202850625712043
0.0206754542020161
0.0365981989254844
0.034620466944347
0.031934132514074
0.0296952798473484
0.0277988606013966
0.0263021841299445
0.0250987554081336
0.0239029286246832
0.0297124410472811
0.026884900015251
0.0240259879234349
0.0217060688865893
0.0195168172279584
0.0327424778503265
0.0329107972663056
0.033372018719525
0.020456309979548
0.0218823767079176
0.02367017648564
0.0255294941499943
0.0276268202170691
0.0298956230112895
0.0320177242539635
0.0341367092512896
0.0362468103969292
0.0380873857960304
0.0397001817624352
0.0409785866455336
0.0418699695036473
0.0422442996823989
0.0420526632557576
0.041172384805275
0.0394923171663176
0.0368699259558992
0.0332515489473216
0.0290001303216464
0.0247956280579864
0.0210311504211199
0.0179169845669173
0.015474794263681
0.0130268638329598
0.0106420730396314
0.00865429853935541
0.00699276345678294
0.00569914310139642
0.0046688242551271
0.00388311360109323
0.00332369133177526
0.0029638275767836
0.00278208892088345
0.0167983069256291
0.0149757247574925
0.0132951153072482
0.0117849844384065
0.010594062699861
0.00965976406215304
0.00886517575921802
0.0083298467156633
0.0079376811279009
0.00766154046764321
0.00752062274201842
0.0334941014585954
0.0338252231177309
0.0344266396639748
0.034833244594557
0.0371406920666112
0.0396490780580934
0.0346309227663942
0.0348684444800006
0.0351434731575064
0.0348038672620662
0.0357132559987203
0.0371396392473291
0.0384025858481259
0.0396683171680104
0.0411574681559634
0.0427171206400142
0.0439640828145728
0.0450072617683498
0.0459698379656946
0.0467352948782669
0.0473442403704483
0.0477829177818435
0.0480672145139998
0.0482337110399482
0.0483215141227857
0.0355581650585071
0.0363829008504088
0.0372636144470651
0.0373581935854649
0.0359841391913461
0.0324629313787913
0.0355428597033508
0.0359420529288864
0.0363794008919239
0.0300668255215457
0.0265444336621979
0.0228730907537707
0.0195144424757539
0.0165206573585865
0.0140676535357264
0.0121604621437448
0.0105960713796697
0.00925640469730733
0.00812465691962301
0.00719635107844194
0.00645072843207763
0.00584885080487437
0.00534894336967325
0.00492776015515054
0.00457230605071342
0.00427450793574555
0.00402579822091206
0.00381652537582121
0.003652637693103
0.00352319716956152
0.00344080596934826
0.00340980959894187
0.00344144805871121
0.00351801038292014
0.00368981504128329
0.00392647173870843
0.00424213311247753
0.00461216364242823
0.0049889744226113
0.0053703408061527
0.00571879678917339
0.00593562543676151
0.00610018230586114
0.0297900553987406
0.0263111891725739
0.0227317498709239
0.0188590747215364
0.0153429374942945
0.0123586965469356
0.00997528336351806
0.00784336516071446
0.00606849470983518
0.00453804127714718
0.003227300298366
0.00207859477343574
0.00106050534341439
0.000174797007463039
-0.000588629688820684
-0.00128736274158272
-0.00189088640110638
-0.00239018891437871
-0.00280702605238536
-0.00315549545034276
-0.00343092861289338
-0.00362162131883528
-0.00372182565716979
0.0368916939141514
0.0375307702262834
0.0382504580784459
0.039001833711281
0.0397562090842756
0.0405022991765264
0.0412296204431542
0.0418944570104726
0.0424667697137536
0.0429405457869346
0.0433071764102718
0.0435563113367506
0.0436860897033504
0.0373001219819013
0.0383556406102861
0.0394654499409583
0.0405030627347893
0.0414470974602212
0.0422216075189726
0.0427319004745059
0.042942697537323
0.0427366487158096
0.041849722692761
0.0400502624508102
0.0372523952294956
0.0335770374266029
0.0292548577304119
0.025008392687921
0.0212259631351327
0.0182123366804068
0.015932414539223
0.0140104734649813
0.0117607564487962
0.00938715552756692
0.00752833320284662
0.00574033443222486
0.00434324401430773
0.00313402075786228
0.00203223406991632
0.0010507751001671
0.000215720828550372
-0.000461126778223377
-0.000998759906863498
-0.0014446209398417
-0.00182532406961448
-0.00211786454359942
-0.00236415544845419
-0.00257491850770499
-0.0027133015758462
-0.00278575280494419
0.0406501188835184
0.0414641131349465
0.0420862393768664
0.0425268554752876
0.0426789896071773
0.0424909355619965
0.0418783305258276
0.0408681488556242
0.0391374227171763
0.0368238491001946
0.0347850782207826
0.0312004279005035
0.0286032224906344
0.0252677137410734
0.0218319571793838
0.019343313879901
0.0178158251150422
0.0163308675039105
0.0151228236924218
0.014264737781174
0.0136884714960328
0.0134162479566925
0.040604880909346
0.0414750690831026
0.0422347796489869
0.0428409737707155
0.0432285700889981
0.0433730049039892
0.0432493174173687
0.0427784847046351
0.0420062612882546
0.0407368043171446
0.0388345205497534
0.0364223325897259
0.0323950733220567
0.0280206564648526
0.0240074163061106
0.0204874773465533
0.0175974585927639
0.0151940767194543
0.0133614061319518
0.0116434150834649
0.0102353862770816
0.00916014450805573
0.00835529277864893
0.00776379245459411
0.00738984077795691
0.00719432908007237
0.0284154842979547
0.027699727161319
0.0268083782874663
0.0269596825265827
0.0248956166498187
0.0227017069857193
0.0266224565675256
0.0264141925333655
0.0261668456933324
0.0250672805565126
0.022417627640792
0.0192712227709392
0.016923041697499
0.0154347381837583
0.0144265622432677
0.0138850456833198
0.0138420256043121
0.0142332973449829
0.0150523950476093
0.0162311061757808
0.0177442639618623
0.0197208902588741
0.0226888124948789
0.0265742490942787
0.0299246265655269
0.0337281281583689
0.0365183282469672
0.0389124662216189
0.0404443184281049
0.0411143463732339
0.040426026261548
0.0382306163366208
0.0343978854501532
0.0294221477122316
0.0243153534347157
0.0196790609541588
0.0160585540481349
0.0131758055905248
0.0106166768208361
0.00880440890449172
0.00756743320850029
0.0067756113603449
0.00637216404704102
0.0230963229929517
0.0193745971495663
0.015754582106955
0.0126043319437202
0.0100274717528273
0.00784843321443608
0.00602080503187632
0.00447454738727854
0.00325832441826553
0.00231009649232162
0.00161642569717404
0.00116699632040282
0.000934956440341097
0.0276282523956889
0.0291210171657462
0.0308487797210328
0.0320349936261232
0.0331464146800508
0.0341644206894906
0.0303842728217664
0.0294417278699509
0.0278282321569528
0.0258862982659216
0.0236695298085876
0.0212641122947071
0.0188971213271327
0.0166775146652235
0.0146037614483049
0.0127523386118249
0.0110772855248574
0.00954984903755502
0.00818401480512621
0.00692827825533442
0.00580116009893346
0.00478906931348752
0.00389586808122441
0.00308994129955597
0.00239848216076675
0.00180828579871394
0.00129451593009663
0.00080231491483368
0.000367039072791799
1.55781502147104e-05
-0.000246676195298377
-0.000405994251345337
-0.000498323905923871
0.0329682165899905
0.030984525578081
0.0281636867270642
0.0248884229807175
0.0219172943226573
0.0191091997950184
0.0163814882142518
0.014139956803744
0.0123713214601877
0.010589909872304
0.00890238625143076
0.00739781290962505
0.00617061086808764
0.0052162663247952
0.00425188142721733
0.00340211273722689
0.0026433786789268
0.00199989490229566
0.00146925830556578
0.0010976973752693
0.000805964883176835
0.000541268802742846
0.000344085132365239
0.000252223608697075
0.0365203783887424
0.0384611229186663
0.0397963989857343
0.0407910852600869
0.0413765205258973
0.0417321254180655
0.0418426258666356
0.0417820665141906
0.0416150594917605
0.0413739848390248
0.0411584421490623
0.041010033799572
0.0210397270024437
0.0191703761916757
0.0171429702268352
0.0149943794525254
0.0132440217466417
0.012002294394039
0.011006328747545
0.0102567903025723
0.00975692966643159
0.0094394575760866
0.00929754549357661
0.0093271775931459
0.00949469139921997
0.00981559620456593
0.0102924633239586
0.0108534649307897
0.0114346183059173
0.0120224200245882
0.0125913705827919
0.0130972068940129
0.0134944470081258
0.0137698695378526
0.0139359783916563
0.0218928548294054
0.0212072141469727
0.0206864427998483
0.020390878124481
0.0204488683877336
0.0208788967097473
0.0216407050243605
0.0227172926626539
0.024071555796777
0.0256590860048349
0.0274381246067733
0.0292915100492064
0.0313001387601729
0.0334276441910402
0.0354857566164385
0.0374031276346527
0.0391643377133483
0.0407373390276092
0.0420586505057248
0.0430483896034868
0.0436666775007287
0.0438574302235515
0.0435590406541753
0.0426584910273966
0.040779831316798
0.0378569823057788
0.0341435823194629
0.0300101237932498
0.0260784650940415
0.0226262285485694
0.0197232951645113
0.0175303790666458
0.0158526989774386
0.0148444180592055
0.0142984187099541
0.0181650555754232
0.0186067800013224
0.0194368752286452
0.016812133783468
0.0158697074762387
0.0153853798114255
0.0176854625672989
0.0161414919277491
0.0149301356549742
0.0140316452570293
0.0134561312079734
0.0130479116123596
0.0127857359107618
0.0126355660363703
0.0125673306489509
0.022826082473687
0.0262239931657566
0.0296559885809085
0.0330865804684341
0.0354278923843007
0.0373147118155382
0.0389405096533574
0.0400515894644316
0.0404564886707174
0.040022595081533
0.0385632099190838
0.0359891030164902
0.0324168920289307
0.0282755018955135
0.0240335043166117
0.0200907635989686
0.0166626536256804
0.0138351764998896
0.0115281882249405
0.00944567597647288
0.00752240997049426
0.00591158082849827
0.0045521513086709
0.00342597416664506
0.00252865358915369
0.00182351678927271
0.00127059717119154
0.0008698345881853
0.00061183598866803
0.000480085445968823
0.0337854004851862
0.0343329935887005
0.0347667054542254
0.0352397254054142
0.0354718567722086
0.0356455768580992
0.0207918218254012
0.0203878383021511
0.0194174008830972
0.0180019599659061
0.0163652415982224
0.01466987552724
0.013015551397871
0.0114406335894226
0.0099276486507582
0.00848989427635481
0.00719069730028634
0.00604129342002761
0.00494936887314304
0.00389699325281946
0.00293614403558583
0.00204570499397652
0.00121709040071946
0.000449103641688859
-0.00025847811212034
-0.000905391060478546
-0.00149222963375084
-0.00202135895384284
-0.00249134082414408
-0.00289814762466171
-0.00323974180849116
-0.00351467918785066
-0.00372108919061721
-0.00385773728053167
-0.00392789057758247
0.0204938664202857
0.0199107072219378
0.0189464386306231
0.0177106483231149
0.0163280231748886
0.0150082757230591
0.0137455224188108
0.0124022193016138
0.0110664765927593
0.00988747330176536
0.00885755346189271
0.0078612007354728
0.00684068897643101
0.00572811902301577
0.00466633508133393
0.00371496449617901
0.00283837372651505
0.00202999474910902
0.00127711194849822
0.000555375865640739
-8.34147736992108e-05
-0.0007451103240429
-0.00117838379317098
-0.00161080217639459
-0.00211085862607366
-0.00254460317646654
-0.00293733914631905
-0.00328998565453297
-0.00356394067320117
-0.00377554684231478
-0.00391786273613283
-0.00399302435314392
0.0225817270662416
0.0209436608564727
0.0193666380364788
0.0180465196632813
0.0168913181883259
0.0233295908997173
0.022218615949616
0.0208515307208967
0.0199458034936004
0.0192896645823193
0.0189284227551132
0.0188990382006663
0.0191229049024477
0.019610359723123
0.0204089536272821
0.021332353438277
0.022428166764955
0.023659696942374
0.0249951557816465
0.0263845497714321
0.027781584814686
0.0291822216803976
0.0304582000053651
0.032077106536545
0.0336156581651642
0.0348724583725402
0.0359838087244121
0.0369267993374795
0.0376242501990827
0.0380653567167831
0.0383158650163844
0.0168215474056368
0.0170016983877819
0.0175226282134783
0.0155646746941604
0.0139458828330834
0.0123067789942511
0.0108289588817764
0.0182672499213761
0.0189228829796809
0.0195177895746077
0.0171488501245128
0.0171674666228312
0.0175539283374393
0.0181412711727805
0.0193117280637552
0.0201369921389001
0.0220088726344926
0.0250476441945592
0.0286348750749037
0.0201024320834892
0.0208832541128678
0.0219166061054439
0.0306379530416609
0.0331275365652766
0.0358953769835654
0.0382795478703237
0.0404822950549772
0.0421724556088129
0.0429753243176455
0.0426343175205888
0.0404932978087601
0.0358741194758926
0.0290526363808455
0.0205963379259929
0.0306157528705714
0.0328339324586111
0.035313056189979
0.0371756597961738
0.0395214546578722
0.0412159609645258
0.0430302596778114
0.0444643811240277
0.0452932568831134
0.0456307716996061
0.0453594974805098
0.0442438754598168
0.0421664258116255
0.0389365947160461
0.0339213488979049
0.0287602785709885
0.023397810879912
0.0191607709876338
0.0155944155043084
0.0127650735886873
0.0107175151857194
0.00915256207764502
0.0080236308514545
0.00736703301046639
0.00704633375073846
0.0170619884642248
0.0141108945323576
0.0118155363961363
0.010276475899313
0.00898830172579465
0.00824050264201957
0.0078392470507365
0.0165703479866316
0.0131726691166758
0.0103040432545566
0.00806229389185931
0.00620371798170239
0.00463496205341571
0.0033442647470419
0.00227849863418526
0.00141259064704784
0.000714305215172443
0.000125404696860344
-0.000362728835748532
-0.00075112835280619
-0.00104355548758501
-0.00125601599862159
-0.0014137401863522
-0.00151876704280005
-0.00157069975963491
0.0227557714950676
0.0239326078612285
0.0255277688148066
0.0275352540877848
0.0297502756874772
0.0319932177209955
0.0342260686796276
0.0364088835594882
0.0384982445460507
0.0404456849958988
0.0421973427588318
0.0436973876800145
0.0448928991778434
0.045788543859195
0.022175640417441
0.0225897962818764
0.0231399443696016
0.023808057816559
0.0244998727334051
0.0252756054762418
0.0261260429794538
0.0270107604818938
0.0279254443371383
0.0289326449951911
0.0300335323586294
0.0311074823556372
0.0320413013982949
0.032834778774909
0.0334542437400361
0.0339539972598989
0.0342793461946124
0.0344631444435401
0.0458988604128485
0.0455623965236759
0.0448055475028139
0.0433249768369695
0.0411393089349356
0.03840483697422
0.0342290224793141
0.0286329049536645
0.0233017585060747
0.0190436966169897
0.015763859343564
0.0131683061516698
0.0110284496157956
0.00932886250273303
0.0080761003686063
0.00724551271340005
0.00671729129957271
0.00643050258728618
0.0462517495556714
0.046379994264424
0.0461991516315135
0.04570494072949
0.0448585935792452
0.0436098442539561
0.0420136287890272
0.0402918108728314
0.0387060650284819
0.0374934950041301
0.0368153718368302
0.0209692753835177
0.0231564672539342
0.0258849524034267
0.0287231259913071
0.0315537777044632
0.0344081981727622
0.0370514775103572
0.0395833135698917
0.0416120669751396
0.0429723618384627
0.0434934819731865
0.0194467295821622
0.0199307123246774
0.0206127355073103
0.0216099646906656
0.022608278808474
0.0239262402645015
0.025180689800208
0.0263575781201997
0.0275506823471462
0.0282683840029785
0.0289906819083992
0.0294596073643705
0.0296992997174818
0.0438253584430029
0.0430954729213422
0.0414930176902068
0.0387556019345468
0.0355752767867639
0.0321751739665494
0.0294456481676553
0.0272649149408682
0.0259426682992507
0.0426799319959122
0.0407105636273837
0.0374659247394133
0.0331245567308311
0.0282550301946672
0.0235472979042301
0.0193877074681611
0.0158172571427991
0.0128805261684962
0.0104949957238574
0.00847056614578026
0.0068368909942051
0.00551676768636282
0.0044268971051118
0.00352803360975291
0.00275588773031497
0.0021017504188626
0.00158365853798742
0.00121019798855273
0.000934555038853527
0.000751172065072554
0.000661076667311687
0.0103510802530945
0.0100142488228696
0.00988169870996691
0.00997674329928373
0.0102907635453364
0.010833229100221
0.0116918893892186
0.012795967286021
0.0137659083369687
0.015212338073562
0.0171762427151262
0.0191350777044305
0.0213725800489847
0.0239403679225902
0.0265244388583209
0.0293166824982577
0.010192100770781
0.00971926208219823
0.00944153615680477
0.00935706170223941
0.00945988132338175
0.00976480499393086
0.0103141243483608
0.0111694469626438
0.0123393271797541
0.0137605666393724
0.0153098846250628
0.0168727115157636
0.0185156259145009
0.0206912047421697
0.0312011994616315
0.0335549303792761
0.0359046384095135
0.0380744613111317
0.0402887103834725
0.0422014498505101
0.043872399631364
0.0455344655604173
0.0466841112933039
0.0475694258655671
0.0481816979818008
0.0486025111127112
0.048861484340458
0.0490081371861128
0.0490840001187073
0.0491156880056145
0.031011377454149
0.0327967284724291
0.0347558196349195
0.0366009999153284
0.0382612692221629
0.0400146626910803
0.0415871377688085
0.0428878093342489
0.0439509347252841
0.0448511566643748
0.0456227225742418
0.046253164299479
0.0467097991653546
0.0469561417731055
0.0224649324889316
0.0242246299624891
0.0260526170091507
0.0280451371993507
0.0300915816973028
0.0321840273420783
0.034183833622393
0.0361573718629845
0.03818035408991
0.0401240155442821
0.0418408921908443
0.043309784886441
0.0445742274287985
0.0456469500783715
0.0213841179903238
0.0223331004403744
0.02339365189993
0.0247568763820452
0.0266828984449496
0.0287883789365323
0.0307536603379239
0.0329402155305717
0.0351681637285259
0.0373000427319816
0.0392988532588466
0.04093357673
0.0424098920300094
0.0435486563801056
0.0442455633520277
0.0443887014837885
0.0439048213704238
0.0425509363879787
0.0401437098240667
0.0366293324421292
0.0322180756655904
0.0274391564204257
0.0228400309317139
0.0187711094328373
0.0152930594444607
0.0122693666149218
0.0097012452215086
0.00757063325062898
0.00569626524515014
0.00404729181330922
0.00247143695503944
0.0458298969926372
0.0457004164205141
0.0451117271107927
0.0438230926425532
0.0414917126260492
0.0381337469376882
0.0343673839330916
0.0300761400488173
0.0255163974843854
0.021476692516124
0.0179158743900148
0.0149689635139032
0.0124243930474028
0.0101319420268289
0.00829200950398986
0.00682817438008802
0.00547684542864957
0.00430273001332644
0.00334164049605933
0.00257115221890866
0.00192153137879455
0.00133517565881966
0.000823564253014144
0.00039117287582157
1.19181132831287e-05
-0.000344313079683656
0.0464310191047946
0.0469476469436445
0.0472658621624115
-0.000640215129976662
-0.000963474348191736
-0.001299787542989
-0.00161633220288485
-0.00189945977413302
-0.00216468559267369
-0.000505713576918374
-0.000659830973064993
-0.000746873455660127
-0.000798846367520678
-0.00232798809225187
-0.0024446868504721
-0.0025183524972181
-0.00255590864669912
-0.00226834353869106
-0.0023330221642888
-0.00236312616239214
0.00167713026315202
0.0010100460792755
0.000469074616106659
-1.48740688052208e-05
-0.000479364529524374
-0.000916002936635766
0.00172137337200488
0.00111416191565939
0.00059014527244696
0.000132010291425411
-0.000277807833984295
-0.000621939585415593
-0.000961631298038256
-0.00125891792886265
-0.00153820138746155
-0.0017991817476093
-0.00203726242737844
-0.00226411814255031
-0.00247300509750826
-0.00267325308039193
-0.00285936289970922
-0.00302677965641999
-0.00319174592331106
-0.00124316302778176
-0.00150801051999291
-0.00176803976082679
-0.00200252071017574
-0.00223564335397775
-0.00245318712837869
-0.00265682686105973
-0.00284633562330457
-0.00302267181200681
-0.00318248025917154
-0.00333085060509809
-0.00346790384634191
-0.00359067207990294
-0.00369599459969468
-0.0037828687222498
-0.00385181448281437
-0.00390319937207014
-0.00393715920884366
-0.00395458530993823
-0.0010017107855268
-0.00105951735273664
-0.00110347005768825
-0.0011323895874416
-0.00114979883704585
-0.00115837849653231
-0.00332519449864436
-0.00345841523984409
-0.00357513792236311
-0.00366626681474582
-0.00373852546113682
-0.00378621959125186
-0.00381108593485168
-0.00327042915405996
-0.00333754988754777
-0.00338384581241291
-0.00340673650878252
