0.05
0.0366990870630813
0.0335399392176815
0.0281945677116072
0.0348471972944
0.0321957598322049
0.0290632613444796
0.0366902710712929
0.0339957526800309
0.0292219746177401
0.0257816073066984
0.0229993691919743
0.0209257912510043
0.018225308324489
0.0150885563665037
0.0368345260792746
0.0306134447661329
0.0249153818566851
0.0240776264284949
0.0206870558224921
0.0173736104753147
0.0166275331108815
0.0162772746282634
0.0160045015642152
0.0157633998800175
0.0156708902474779
0.0159518082727159
0.0166512667681988
0.0177604857716229
0.0192714143700338
0.0211643073177589
0.0235122214420767
0.036597619112816
0.0348652878126102
0.0325697120537419
0.0307054560211458
0.0291622420163017
0.0279623968794631
0.027001193861808
0.0260339905943513
0.0253252284599587
0.0225552656224339
0.0194622533862142
0.0166199817887776
0.0134311389980696
0.0249926987140826
0.0221924241109453
0.0194538447980879
0.0123200892845807
0.0112530008546336
0.0103321833605823
0.00964231661806508
0.00908248150114203
0.00867257813052346
0.00844514762321547
0.00836427338136283
0.00844559542844962
0.00868748965798622
0.00910124884291808
0.00968798528150864
0.0104786036161784
0.0114416048939234
0.0125583789707345
0.0139149954306112
0.0154772291767192
0.0173149088111818
0.0194920374426717
0.0219345126742476
0.0244453045533102
0.0269183881244079
0.0292446931255769
0.0313357171085025
0.0337342258439675
0.0363711873950991
0.0387866219098348
0.0409561920827011
0.0427269427858516
0.0441712978934424
0.0452769185509822
0.0460562871756576
0.0465499751906908
0.0467959833193068
0.0118676256677916
0.0107752783012106
0.00972043697760977
0.008719206252131
0.00788370122173906
0.00719277092692021
0.00657477861906572
0.00614072095927678
0.00581219267845052
0.00557474200757644
0.00545145883953427
0.0179356797176799
0.016143878887174
0.0139173953227601
0.0165941022660969
0.01351247022631
0.0107738039666052
0.0133622737911721
0.0127623450585372
0.0121092329892537
0.0122664657297893
0.0099608114938408
0.00752471318905508
0.00594697894205105
0.00468037712427523
0.00343124337942507
0.00229272591676121
0.00145845588151202
0.000792835168210885
0.000190598129083047
-0.000292704967797944
-0.000689859525135887
-0.000990119761157668
-0.00119524735521351
-0.00132111494042712
-0.00138983254010046
0.011848545874206
0.0119675161104425
0.0126352727409094
0.013916101242443
0.0156925365654022
0.0182133995501474
0.0111558459774239
0.0102822254824372
0.00939636281302422
0.0197095467200683
0.021876591556068
0.0244432905004548
0.0272715860353605
0.0303519516489493
0.0333835208124535
0.0360862916642129
0.0384711834708661
0.040448889190215
0.041694078522068
0.0417911755281822
0.0403473006055238
0.0370807256427923
0.0321091293248498
0.0263610352777705
0.0209283668372912
0.0163410540431907
0.0126169448076373
0.00956512649913576
0.00716362620448939
0.00512150339066797
0.00347073787355153
0.00211279099556938
0.000920101609112145
0.000141800057682415
-0.000708872787066557
-0.0013705105612428
-0.00193764148286194
-0.002400249429052
-0.00275467888987125
-0.00304074010426356
-0.00325911390579047
-0.00338069210008907
-0.00346528927615379
0.0198384421753652
0.0219718275490765
0.024494849451848
0.0277852727002809
0.0313347821380958
0.0347699502566445
0.0376838134651339
0.0401683163852671
0.0417136838091228
0.0420462968690911
0.0407623551263331
0.0374333706554532
0.0321011110923806
0.0260676242834215
0.0206201083297011
0.0158992818794817
0.012180237908833
0.00938192102993453
0.00724007959399253
0.00558270993615142
0.00435623474362582
0.00354935645165633
0.00313927835143117
0.00768672469852095
0.006163206268808
0.00484139052703829
0.00371604097278678
0.00275357711076462
0.00191599669564792
0.0011797931598217
0.000559680405055966
5.78992731499943e-05
-0.00033894724528684
-0.000636175923478128
-0.000833779620278191
-0.000935391537245085
0.00858098382389422
0.00792230593623006
0.00744490337077964
0.00717211775882102
0.00708179553685658
0.00717370561048204
0.00743723410470732
0.00788253588571968
0.00861999836923835
0.00969907549153754
0.0110858272416376
0.012702196671498
0.0145245755562997
0.0166133805116097
0.0188293058503455
0.0211098098751837
0.0233053989504554
0.0253490010427305
0.0274518964025716
0.0303812837459122
0.0338539421668612
0.0367320372926005
0.0394860952421919
0.0413832885822898
0.0425378799451942
0.0427470154453284
0.0415575551441364
0.0385697745161337
0.034068525964169
0.0291315199821884
0.0244461556868736
0.0203117216733625
0.0171933590531329
0.014663541993653
0.0125856104859098
0.0112650496300862
0.0105884947451685
0.00974404172422628
0.00898216030616721
0.0084200637361717
0.00799157663694066
0.00774092202742133
0.00761524620549716
0.00764579070305785
0.00779837674730541
0.00811068229971789
0.00855046882796217
0.00895143737964412
0.00969352887660719
0.010287515346112
0.0111467953069412
0.0121968099776159
0.0131051190376394
0.013742841377671
0.0144405570304973
0.01507565766628
0.0155693290288024
0.0159240099825907
0.0160984228792263
0.00982358938354256
0.00905446588370238
0.00844976196278786
0.00800927154271972
0.00774479591469648
0.00763959042835574
0.00768030906794973
0.00788009347139678
0.00819853189847974
0.00869912485860365
0.00941998447595701
0.0103197374466245
0.0118436053740102
0.0136261919214822
0.0155048449884967
0.0174768516217033
0.0194255866566017
0.0213528740494005
0.0230651191286736
0.024927058838811
0.0266862278061727
0.0281938121856804
0.0294186803587356
0.0303745848117437
0.0310041368928435
0.031341769330997
0.0282118199064844
0.0271573538715176
0.0257283577457263
0.0273058378268465
0.0255144608383972
0.0235050319664136
0.0250962548076381
0.0242953501645494
0.023229842526299
0.0244656795260988
0.0224748408790531
0.0199182366469466
0.0177554796280541
0.0161007528963081
0.0145987143366853
0.0132034721818028
0.0120013639757528
0.0110519020779085
0.0102546449472784
0.00965142678515899
0.00922962069497722
0.00895668357327292
0.00880609659083764
0.00884512704745589
0.00907778242272614
0.00962779485442286
0.0103474885101033
0.0113998074982381
0.0126865359705185
0.0144687370559795
0.0166234367534793
0.0190110378277746
0.0217078970600114
0.0246027757863997
0.0275286261484246
0.030418346272753
0.0329585353343032
0.0352288356352648
0.0374810188482865
0.0392239566295823
0.0404879862577398
0.0413292746306783
0.0417676964447732
0.0217962857381581
0.0201291605811643
0.0184512564297485
0.0168835346452454
0.01549808193998
0.0142401053240524
0.0131166466216653
0.0121127467366198
0.0112863952014575
0.0106180730165874
0.0101150558985687
0.00978248483609934
0.00960857710045538
0.0197031557273665
0.0169632866518428
0.0142119414917215
0.0129674748760119
0.0118104813064916
0.010718648813329
0.0136747769772436
0.0135039016702357
0.0137744051357244
0.0144804914531024
0.01562600574822
0.0172473984276323
0.0192671111954576
0.0216105004071128
0.024253411858195
0.0270132666976318
0.0298384998931315
0.0326686970067799
0.0353702857460075
0.0379452306644803
0.0402565071189325
0.0422355399282173
0.043794241157779
0.0449254345353405
0.0455486784210269
0.045654552152365
0.045210642596917
0.0440492144846882
0.0421308635269926
0.0396526449083467
0.0370699483919644
0.0351575821111656
0.0339089100105061
0.0110570583437976
0.0118341049270097
0.013147833709958
0.0149617140467626
0.0169661977206248
0.0192994124625123
0.0221158230019647
0.0249271752520033
0.0274992025012485
0.0304290480425281
0.0335152191345834
0.0364968687311793
0.0390437268317449
0.0410448271541285
0.0430207078612536
0.0446366166538937
0.0458887183636257
0.0467259987438437
0.0471924289731367
0.0473560988761906
0.0473533763238902
0.0472159498685753
0.0470148658471734
0.0468889154236803
0.00890082065280823
0.00728888258813109
0.00603456894984183
0.00491648723948978
0.00406602553517317
0.00328333587993018
0.00263792739413005
0.00219210458539605
0.00184088250854549
0.00154920528525056
0.00135399519772012
0.00124164597123526
0.0222206807315833
0.0206224635956466
0.0187069745770496
0.016456546815512
0.0143943746925141
0.0127198700604147
0.0111343602276709
0.00965298344608675
0.008346785348698
0.00711169310510287
0.00593503183302725
0.00488510520694626
0.00398260060424361
0.00306759020860905
0.00214040663708991
0.00131377104019459
0.000620665038602577
2.77744670788075e-05
-0.000472896941153701
-0.000872214594839909
-0.00116152385386772
-0.0013513146549096
-0.00146151514232231
0.0223755271473745
0.0210621396216339
0.0195396128143906
0.0177401853767064
0.0158772049804649
0.014185821370032
0.0127062564289573
0.0114057822587218
0.0102831975932564
0.00933001486962343
0.00853413434096915
0.00790784104837516
0.00740167015272988
0.00702435285455491
0.00679877147709076
0.00671311883017947
0.00675613341636452
0.00692661597972816
0.00722672597023635
0.00765089677235128
0.00820142938599972
0.00887666661896671
0.00965566367640925
0.0105793363692642
0.0118149747790256
0.013278586781551
0.0148393053027008
0.0164543454435641
0.0180109749509737
0.0194670102227396
0.020798205482594
0.0218892773094683
0.022785332039348
0.023351609712541
0.0236685487668394
0.0137157486308076
0.0121235306013603
0.0102040047211487
0.0144947469532558
0.0140340039598253
0.0137984337719717
0.00873812679172407
0.00733889568062381
0.00610674885979373
0.0050519610709521
0.00426563095178984
0.00361323723260264
0.00312358760751127
0.00280245407539074
0.00264198898054819
0.00893521679576537
0.00800115699134951
0.00731757082779826
0.00687003519842752
0.00794136212847522
0.00912055432593714
0.0105947927746613
0.0123421208354155
0.0142910634824453
0.0165385699830314
0.0190330863823179
0.0217256887355884
0.0245625450525984
0.0274517394567429
0.030339308157878
0.0331318818087083
0.0357332015149961
0.0380388485353634
0.0400255532464294
0.0418582470667829
0.0434970440245495
0.0447179647868053
0.0455121045717651
0.0458644310174677
0.0458007532402761
0.0453927164083214
0.0447191437223678
0.0439408632805856
0.0432634630890826
0.0428496286006269
0.00556713951274982
0.00457242253663316
0.00384037356829071
0.00311630741245553
0.00278337291458337
0.00254674838689483
0.0246434037895521
0.0263132438988962
0.0285691199894864
0.0312370122177854
0.03402776617674
0.0367314512442519
0.0391622278327504
0.041159383429346
0.0425691423357604
0.0431217867909426
0.0425164983724886
0.0405545471640247
0.0368754630021998
0.0315247027763988
0.0257808215743782
0.0205037331999894
0.0160334316520095
0.0123844448330661
0.00944864318501185
0.00710081209964527
0.00522600775017748
0.00372516354724748
0.00252941992382975
0.00158974776417738
0.000863687513501594
0.000318244418037453
-6.96657806205496e-05
-0.000316655605911954
-0.000440417359950377
0.0252947593250452
0.0271915439769564
0.0294003735542154
0.0317953815356736
0.0342559189046838
0.0364876915375667
0.0385228635433736
0.0405363541053082
0.0422795458921496
0.0434585194169972
0.0440472475689142
0.0439949311212346
0.0429964031492868
0.0404568776464362
0.0362133209413523
0.0308987293509658
0.0253405705847547
0.020311636853335
0.0160420073975099
0.0124272786037269
0.00962667712491649
0.00710762783130923
0.00564469703411612
0.00433342468429877
0.00300788455722219
0.00200484121798154
0.00118842728893611
0.000518846045323873
3.58340764850103e-05
-0.000316139359071498
-0.000543000127408609
-0.000659600167420932
0.0252171461430125
0.0241559188946006
0.0230166067492123
0.0218824689581357
0.0206399645802331
0.025187053796931
0.0231263247295108
0.020120947622532
0.0177027099806818
0.0153489371819323
0.0130797900282032
0.011323397788802
0.00973533739576952
0.0081226309223604
0.00648729577941146
0.0051768748739786
0.00400538057338614
0.00296283594925162
0.00203688879215661
0.00122822259308337
0.000531246764425226
-7.6573200541328e-05
-0.00056679905897177
-0.00112349865589748
-0.00160477692736221
-0.00197004298522107
-0.00227445311301634
-0.00252044436670653
-0.00269585128253953
-0.00280415759713624
-0.00286470192623134
0.0193326918820414
0.0170901160855362
0.0141524236519778
0.0201541272447005
0.0192940918150175
0.0181161544020149
0.0166952452962712
0.0125924386774584
0.0114744781326583
0.0106373205901131
0.0131267204537557
0.0121624777057772
0.0111404303254212
0.0103140165921805
0.00920319441122689
0.0102605690456055
0.00943939500283323
0.00829990361093836
0.00709011490326568
0.00977462190797966
0.00897520640889437
0.00815853153461499
0.00651076175623106
0.00585286863292613
0.00514896068967125
0.00452800938065562
0.00389305943540565
0.00326439119187621
0.00269022521583169
0.00211110634949867
0.00155456823290041
0.00103393377825712
0.000551280690679907
4.2551699005017e-05
0.00640998095268158
0.00570226553304132
0.00494847879125243
0.00439027580212333
0.00367843783651319
0.00313370328389435
0.00248519952476518
0.00184929181612209
0.00130855078727943
0.000788887099272594
0.000275595461883793
-0.000223566454600692
-0.000662818289631097
-0.00107199541648012
-0.00152297165554739
-0.00192091994847354
-0.00232514000153803
-0.00266564619322907
-0.00298176756917399
-0.00326147072220472
-0.00348520743049822
-0.00367182703685485
-0.00381672885956773
-0.00390544284108129
-0.00395013919844179
-0.000258923388384092
-0.0005336495508793
-0.000768760656634331
-0.000939423586866923
-0.00109259294024882
-0.00118608877775836
-0.0012379301770117
-0.000117101474311915
-0.000261375116631459
-0.000400772095687167
-0.000531157796141108
-0.000663943076721702
-0.000804308624481782
-0.000949788214465342
-0.00109999503626923
-0.00124993655276046
-0.00139476531404013
-0.00153756641324976
-0.00167255621560073
-0.00179154452535504
-0.00188786740569927
-0.00196127002387681
-0.00201750084934344
-0.00205570162990649
-0.0020748006045816
0.00774408981680065
0.0072452617175945
0.0066432434619475
0.00594777329672621
0.00522627198340048
0.00452717006425597
0.00385016311668627
0.00319542499836947
0.00256332191266358
0.00195417595155296
0.00136814866747668
0.000804850789307325
0.000263868771709958
-0.000281526430100473
0.00782638249103707
0.00747803863024717
0.00712258627266309
0.00676763569462645
0.00645373226025199
0.00614692054100756
0.00585067176705405
0.0055752083752695
0.00531556017866432
0.00504983621000088
0.00477571636982154
0.00452012119734658
0.00430552509807317
0.00412811407549213
0.00399248776355579
0.00388479298894302
0.00381540378746138
0.00377646417087287
-0.000651333009820302
-0.000991281703220781
-0.0013076819512914
-0.00165238314656575
-0.00196361188303705
-0.00223585226504731
-0.00256207898588979
-0.00294724028481498
-0.00331244594018075
-0.00362479821683849
-0.00388888995575646
-0.00411903205360248
-0.00432759914997427
-0.00450862033693546
-0.00465259417177574
-0.00475371050256471
-0.00482068848364945
-0.00485806486867869
-0.000526542910180442
-0.000742854562822434
-0.000934405451251902
-0.00110628313033537
-0.00126392751139924
-0.00141044453219846
-0.00154104576323339
-0.00164758351107072
-0.00172736964124499
-0.00178038222291331
-0.00180766112266664
0.00843809478222271
0.00758988602981391
0.00666973051822105
0.00580895688027069
0.00500664934864113
0.00422391234996622
0.00349417057182602
0.00275131882902621
0.00205392167452618
0.00139217428638123
0.000725365262907776
0.00866311902626704
0.00805267769160833
0.00751937055173314
0.00695261072998846
0.00649976634481157
0.00600040705967927
0.00558862013048019
0.00524102184502427
0.00491763247707692
0.00473315836021598
0.00455489329225288
0.00444239832812127
0.00438582354480493
0.000426215552358059
0.000169033147631488
-5.30061468983463e-05
-0.00026985169179351
-0.000443193987457596
-0.000589837707500605
-0.00069358076941619
-0.000771125595800318
-0.000816668412786285
0.000328525030269052
-4.92459789937107e-05
-0.000410633539030771
-0.000759497874239289
-0.00109909731267132
-0.00142805111372101
-0.00174661618928291
-0.00206064284462026
-0.00236298800193149
-0.00265101271142622
-0.00293706805587828
-0.00320544361349679
-0.0034552294416025
-0.00369128135714216
-0.00391227739998219
-0.00412489144858276
-0.00432344542794314
-0.00449444153379604
-0.00462614950493688
-0.00472848867071462
-0.00479922620776844
-0.00483480256194097
0.0159590130119436
0.0150393807902281
0.0140228812213247
0.0130055620148533
0.0120082297922453
0.0110121716060874
0.00994325071049818
0.00893419540368462
0.00822305508039203
0.00734115956243046
0.00635771619753849
0.00553145055027432
0.00471043264202855
0.00387588304115824
0.0031132497847867
0.00234691147914912
0.0160680727317941
0.0153478764263249
0.0145925031435808
0.0138336326921379
0.0130629876796166
0.012270252943379
0.0114390581143557
0.0105682420123186
0.00970780362155931
0.00891167216478575
0.00821781232559238
0.00763227301873868
0.00709987117411049
0.00648356056253272
0.00183781906024315
0.00125244309009849
0.000705873409783624
0.000224292237106872
-0.000254087174663188
-0.000667172185634654
-0.00103823839028655
-0.00143223541970786
-0.0017364417114017
-0.00200711666458592
-0.0022318112037327
-0.00242425650144759
-0.00257687650100915
-0.00269019824637226
-0.00276684311196563
-0.00280687047322328
0.00192320897845091
0.0015188118666695
0.00111153649683954
0.000754515059670123
0.000450543973760648
0.000143281962345535
-0.000124486126441635
-0.000343475041542483
-0.000522993422951745
-0.000677162541324883
-0.000812456565636246
-0.000926471769646849
-0.001011814867134
-0.0010590808467363
0.0060206649085763
0.00562650781330211
0.00526711070490575
0.00491838824837829
0.00459573661448371
0.00429494426739712
0.0040294610159268
0.00378459180098719
0.00354763248052669
0.00332943588451487
0.00314019377759248
0.00297620443330658
0.00282742104705784
0.0026864457565088
0.00632666512125368
0.0061813934875159
0.00607108068887115
0.0059759704760304
0.0058863183451579
0.00582626433588458
0.00580185257043787
0.00580786810316153
0.00584679107566624
0.00591691186466941
0.00601762534755785
0.00613400101900346
0.00628111333158377
0.00645106162764303
0.0066397354991601
0.00683164702874128
0.00702955734185349
0.00724003650140526
0.00744667975704278
0.00764579395031131
0.00783802333774249
0.00802300195645537
0.00820123781389563
0.00837475326797807
0.00855215912782975
0.00875397957018273
0.00899996547048128
0.00931059136070098
0.00973503313725436
0.0103106542626087
0.011129979528585
0.00261928066271384
0.00256065027017826
0.0025110381550659
0.00247137797440238
0.002443056083813
0.00242772780785404
0.0024228794106276
0.00242550041149963
0.00243575588818925
0.00245209687476743
0.00247435931425065
0.00250125804349824
0.0025344549619085
0.00257723195826766
0.00262553621992618
0.00267887884921708
0.00274852343254708
0.00283745972430734
0.00294602749239778
0.0030743683245675
0.00323126516819894
0.003436134686852
0.00369419512276928
0.00400265410779054
0.00437574037804269
0.0048492432254939
0.00261230914665857
0.00255873516975405
0.00252338300732078
0.00605182002701173
0.00771893163042464
0.00985168138510372
0.0122711635536657
0.0148357903883395
0.0175822888099664
0.00425922620106447
0.00364240998230316
0.00327443757916374
0.00304648277165279
0.0197942473964568
0.0215670523981559
0.0227714636145549
0.0234114490470808
0.0183899627374333
0.0189445259774261
0.0192174827922944
0.0122127367888327
0.0135961869727243
0.0151932208950267
0.0171027197657356
0.019444625125474
0.0220931421529534
0.0111937085045681
0.0115449459642479
0.0122014664353376
0.0131760696914749
0.014495403460529
0.0160364407821045
0.0180476595485272
0.0202762424037929
0.0228088908439562
0.0255657739464889
0.0283889436826581
0.0313194621621929
0.0341860635179399
0.0370424060178638
0.0397365822494032
0.0421260767559215
0.0443766184118231
0.0249345999116243
0.0274686379775774
0.0301403834388842
0.0326712665854915
0.0352653301450936
0.0377129835717823
0.0399803010121506
0.0420166540834788
0.0437917956365259
0.0452483719111404
0.0464250298389433
0.0473234913720073
0.0479464503489847
0.0483251699111656
0.0485166331276624
0.0485814138657065
0.048573017085561
0.0485374331412191
0.0485086938616897
0.0220268117858657
0.0220838330126541
0.0222215098954064
0.0223752209436852
0.0224995414233415
0.022571747928688
0.0458659813952863
0.0471530207497863
0.0480899433363479
0.0486815378831637
0.0490569971384189
0.0492596597131038
0.0493509110836042
0.0456122030472313
0.0465927406128942
0.047226337112649
0.0475250291838642
