0.05
0.0372936182538966
0.035621704444275
0.0332805573908225
0.0352425891741196
0.0325405364773437
0.0294192496723839
0.0371138468638175
0.0341420261811485
0.0287789587539565
0.0249402290016906
0.0219385992586464
0.0197969286800533
0.017159423036351
0.0143347756365203
0.0373180355609518
0.0331406787834689
0.0297973669602981
0.0294775407149925
0.0289494845642036
0.0286028074947834
0.028512837386753
0.0284302443309344
0.0282706467278128
0.0278400577779021
0.0266462184185851
0.0246378810645992
0.0222878415246508
0.0198004290065089
0.0173255081335228
0.0149542309375905
0.012617101659166
0.0370444948468215
0.0353170775032564
0.0330597478936376
0.0312684562637364
0.0298355441650589
0.0287714950562745
0.027972059312008
0.0272271350222638
0.0296787522962483
0.0263673877677881
0.0228655476460224
0.019883593513465
0.0168910054159951
0.0331917869238239
0.0334605925779637
0.0340180842247877
0.0172939170085989
0.0181555451301958
0.0194281371544506
0.020900359943983
0.0227054851151694
0.024807658706406
0.0269032540253903
0.0291206915415562
0.031470414574498
0.0336776267145503
0.03581117641736
0.037774448598409
0.0395605980012053
0.0410167922904059
0.0420919664729898
0.042788860327387
0.042980621948866
0.0425641623775165
0.041336724839836
0.0391071552871257
0.0359513843134484
0.0321789074458025
0.0283420156345347
0.0249325070846774
0.021258188932622
0.017561345735485
0.0144563039111227
0.0118675433521831
0.00986500801211056
0.00828183168730452
0.00708305165186855
0.00623462317660555
0.00569130713639017
0.00541771636901223
0.0140457453640159
0.0121280984628434
0.0103434041189603
0.00871735620521476
0.00741358219843818
0.00637321783413944
0.00547290958543357
0.00485712174619199
0.00440045019848634
0.00407563865685547
0.00390875891225858
0.0342506093903325
0.0347086560090623
0.0354605712952859
0.0354255776755911
0.0375806221706782
0.0398023101218397
0.0356999863688495
0.0359742841162157
0.0362880240016814
0.0359465923571961
0.036976834815238
0.0384833642173614
0.0397523082250794
0.0409790887470697
0.042375247675966
0.0437854975970335
0.0448711880407825
0.0457449480911525
0.0465154661278609
0.0470961448453819
0.0475299625053152
0.0478205082169129
0.0479944228137637
0.0480886473482507
0.0481351733340661
0.0366540290441181
0.0373088178167372
0.0378614939129515
0.0374712940976253
0.0355056841623999
0.0313115543057425
0.0367513000772679
0.0372059274224216
0.0376961546192841
0.0286843717601245
0.0251370775209363
0.0216105799592208
0.0184650688371126
0.0156959880864232
0.0134388509167092
0.0116868344678993
0.0102498709447723
0.00901838086557867
0.0079764601363929
0.00711990109619092
0.00642977359493864
0.00587044864884591
0.00540351325467102
0.0050076181922988
0.00467098452745199
0.00438657235438772
0.00414696647069895
0.00394369006937363
0.00378350361386527
0.00365673153290337
0.00357687686543303
0.00354939689418341
0.00358699980033214
0.00367046087305646
0.00385467695983826
0.00410669893227621
0.00444168206962036
0.00483345224176399
0.005231746971767
0.00563437115662458
0.0060019319743159
0.00623054564563826
0.006403986668106
0.0283709334409813
0.0248462988240973
0.0213851444677797
0.0177331451821352
0.0144469133112654
0.0116608662348104
0.00943039250702538
0.00742713733855061
0.00575077377150638
0.00429689175406942
0.0030440565768385
0.00193920301685042
0.000953898406007001
9.16959413818125e-05
-0.000655366810204728
-0.00134234641547737
-0.00193815384127515
-0.0024327220248062
-0.00284671237828954
-0.00319354854399093
-0.00346815563045354
-0.00365851056262059
-0.00375861430192789
0.0383348067381952
0.0390650265981871
0.0398432736504589
0.0406254083391865
0.0413885725108885
0.0421261263914228
0.042830951935377
0.0434640883181172
0.0440010135174933
0.0444399213356662
0.0447761001458816
0.0450027922561494
0.0451202989826803
0.0386203840071955
0.0396407510181489
0.0406740641236421
0.0415968804101425
0.0423837194907464
0.0429579119422613
0.04323130083346
0.0431505021132345
0.0425279502966935
0.0410717777392273
0.0385896924496891
0.0351508813153488
0.0310720536592355
0.0266659538046995
0.0225874321594135
0.0190865157256836
0.0163547808060094
0.01430934745617
0.0125919050133166
0.0105813102763584
0.008453346128648
0.00677848376711955
0.00515651962713208
0.00387933982719131
0.00276523478916531
0.00174178964661788
0.000822464803677717
3.40158646973361e-05
-0.000609539997160168
-0.00112367251117367
-0.00155205129258795
-0.00191929622650667
-0.00220243000152804
-0.00244144997780152
-0.00264643912801534
-0.00278123037378088
-0.00285186497671177
0.0405890419938151
0.0410953995771631
0.0413221009301225
0.0412304738738189
0.0407828534331703
0.0397816189963999
0.0382998195864262
0.0364695497187043
0.0339066514867798
0.0310338830840968
0.0288063303997672
0.0253356753664877
0.0230548072479518
0.0203285611856294
0.0176679437462146
0.0157914106858581
0.014650977619971
0.0135472063167185
0.012650105841915
0.0120122124254158
0.0115831056845216
0.0113801318478296
0.0406257091537095
0.0412701855651483
0.0417045182938133
0.0418761010879757
0.0417324454283074
0.0412524381404766
0.0404116532736304
0.0390894217264825
0.0375305237152667
0.0354773591408711
0.0329541483829946
0.0302411328793515
0.026290992740479
0.0224507283774798
0.0191797683970132
0.0164273487264351
0.0142062545627297
0.0123661104669216
0.0109580857455066
0.00962789428720588
0.00852551784751766
0.00767389630677378
0.0070301698722054
0.00655322924545292
0.00624987320133153
0.00609063753099134
0.0287067328060586
0.0278526899396984
0.0267208117543684
0.0274236546122067
0.0254122779707227
0.0232215911588719
0.0263127991971495
0.0257995336211725
0.025116800236192
0.0252212617500295
0.0227273745041967
0.0194978691381391
0.0168316028272595
0.0148829312275892
0.0132221176066597
0.0118046750590958
0.0107174304022094
0.00999401268382252
0.00954549159905208
0.00939323804782332
0.00952806085946047
0.00998386667977299
0.0109684640834079
0.0126134576126632
0.0144308681926435
0.0171405661629481
0.0198381794279417
0.0230502963033808
0.0262527910210214
0.0298315885352021
0.0332583677369176
0.0362837035878192
0.0390105312594133
0.041291765759589
0.0429729413696625
0.0439768298503269
0.0442100520094117
0.0437371094146089
0.042350586163035
0.0403605445092923
0.0382337296139174
0.0364260019217601
0.035341775029652
0.0242806494990877
0.0231638274024685
0.0218496831483418
0.020442679122623
0.0190734368585973
0.0177503363203467
0.0165228985139736
0.0154018915440715
0.0144690870602476
0.0137112638997138
0.0131402149015833
0.0127627668829334
0.0125655093502924
0.0227399733637438
0.0206437026721972
0.0181699750154539
0.0171815683025439
0.0161485118637943
0.0150534316700918
0.0170239309006744
0.0156700932517627
0.0140469745439005
0.0125539370928451
0.0111384613749029
0.00976395582768033
0.00847541733021854
0.00727482541781618
0.00613255699994617
0.00508105798813803
0.00409590122565916
0.00316498753695595
0.00230371594351459
0.00148620354043247
0.00073047058019568
3.33647418890593e-05
-0.000596952080294895
-0.00117830615753821
-0.00168721990133744
-0.00212983035106901
-0.00252185428106654
-0.00290321368685498
-0.00324467734506652
-0.00352319590396615
-0.00373266237013281
-0.0038605768003276
-0.00393496713897236
0.0139370360890502
0.0126501356519615
0.0112110820690667
0.00975580663367222
0.00849955451802625
0.00730643608572862
0.00609963965954301
0.00504850594584447
0.00417072303686378
0.00323557220919324
0.002297367079293
0.00141485602639851
0.000661772170766812
5.511684607052e-05
-0.000577385771405926
-0.00115079456079723
-0.00167560205129695
-0.00213014965018682
-0.00251150634827902
-0.00278197194493057
-0.0029964571254821
-0.0031927754775566
-0.00333999222120712
-0.00340883572847254
0.014322150056062
0.0135948532400008
0.01296630143307
0.0123484153500889
0.0118352950641252
0.0113225789462266
0.0108650302291537
0.0105267177253158
0.0102432150338097
0.00999481906561767
0.0098223708575788
0.00972053040369137
0.0215030457468553
0.0194654776278334
0.017138598419968
0.0145303970451086
0.0122493307389636
0.0104777254093212
0.00887395876426354
0.00744367417116759
0.00623855182515603
0.00514921898976177
0.00415955204071843
0.00331966732960057
0.00263391862040617
0.00197441293041457
0.00133932163136332
0.000800420022911357
0.000369134632902846
1.59146566301727e-05
-0.000270522919099574
-0.000490891680067506
-0.000645954341830064
-0.000745520385362964
-0.000802448434535337
0.0223932640917145
0.0216102591476809
0.0208995617890167
0.0202945820130647
0.0199446214891993
0.0199263367043952
0.0202309291325092
0.0208526319682115
0.0217753526562149
0.0229730786140894
0.0244184931358111
0.026014965880712
0.0278339713531308
0.029853367258721
0.0318993809734928
0.0339004075319569
0.0358456757604993
0.0377151489352633
0.0394571518947317
0.0409919239637346
0.0422907387561806
0.0433088732276657
0.0439851705817488
0.0443029811438946
0.044181466144865
0.0434664246102127
0.0420317194901935
0.0397623523895522
0.0368155106682935
0.0334791669325764
0.030086970366648
0.0271823336870086
0.0247749916623397
0.0232632191322225
0.0224246820686999
0.0133944994395153
0.0124086887968523
0.0113432548118326
0.0134946260861155
0.0128479620863697
0.012519131216637
0.00941221392338608
0.00760145249262938
0.00603957802986016
0.00473097684188039
0.00377408618629062
0.00299361237685253
0.002416291160686
0.00204178864038999
0.00185593888748287
0.0119622570028439
0.0129149489908644
0.0142408954351311
0.0159869324753924
0.0189693317760056
0.0218706308611154
0.0250476523647512
0.028255322155693
0.0312345110858562
0.034043035823919
0.0365378916904829
0.0386332344271196
0.0402469302957294
0.0412631819741282
0.0415591298036167
0.0409733897336975
0.0393634886154568
0.0367484268104795
0.033377368584049
0.0292761851791903
0.0247842857289058
0.0207175641106107
0.0171930173404486
0.0142677335735719
0.0119557502989454
0.0101585521896476
0.00876440915990518
0.00776322395332732
0.00712314407348994
0.00679773003322401
0.014873440795465
0.0140823350105851
0.01354169613006
0.0130516549534288
0.0128394874897508
0.0126960428931757
0.0116122868003442
0.010629525300716
0.00969142596245331
0.00887380432253695
0.00824282416458189
0.00781201838071075
0.00758055738069255
0.00754520118548322
0.00771631429106349
0.00812012299309732
0.00875693505824887
0.00961229347151346
0.0107669028772828
0.0123013084135434
0.0141765181647582
0.0164233591332279
0.0190341855686519
0.0219406386675287
0.0250278934648501
0.0281616764266146
0.0312253135545401
0.0341396912362907
0.0368268814042004
0.0392045659110403
0.0412125122490192
0.0428126668151892
0.04398868453867
0.0447481258698031
0.0451302708598285
0.0112224029058461
0.0101009691465916
0.00908552966007332
0.00822280970811615
0.00752736673320469
0.00703450703969955
0.00669312111850568
0.00646809554305655
0.00640070456659307
0.00649668951786573
0.00673211256182659
0.00713829253121675
0.00777750051657235
0.00875016753611472
0.00998770240316519
0.0114413852316901
0.0131811558169125
0.0152272569542065
0.0175893587577626
0.0203143671711698
0.0231106717360213
0.0263679194159384
0.0286630403453602
0.0310755274143397
0.0340145453142331
0.0366628050023561
0.0390951052460671
0.041269722759112
0.0429239717679429
0.0441624135072602
0.044967749637729
0.0453817729398907
0.0267512159934018
0.0262238607731422
0.0256823395825106
0.0250906034489924
0.0243205746354905
0.0264913455419433
0.0248327713632826
0.0225424911910957
0.0208146145315123
0.019284549701179
0.0180102650667631
0.0172195029290061
0.0167051239724859
0.0163945964839804
0.0163316921828749
0.0165210706120326
0.0169248286493701
0.0175136586811105
0.0182610655333576
0.0191290560426636
0.0200767619244047
0.0210913641742686
0.0220648008000862
0.0233548636214945
0.0246258874598678
0.0256928317633631
0.0266566117542506
0.0274886214361226
0.0281120225034534
0.0285097168263251
0.0287368566627106
0.0229698097526408
0.0204620799013844
0.0170347790932966
0.0243894057988631
0.0240647548931943
0.0232163834652175
0.0218220589592222
0.0151609703904603
0.0138028661195972
0.0127784543106364
0.0158611402073255
0.0147036249055103
0.013443215866473
0.0124105368566784
0.0110131719397895
0.0123217548599982
0.0113126774535509
0.00990839961728216
0.00842142660007683
0.011711139155132
0.0107175684113597
0.00970183150518223
0.00770328533509769
0.00689898361483719
0.00605146236711807
0.00531590481884723
0.00457625808008942
0.0038566717405335
0.00321049437410767
0.00256926858078277
0.00196276103000737
0.00140378540363865
0.000892625548051947
0.00036066110090483
0.00759895728169687
0.00675193217630068
0.00586019649271358
0.00520723086386656
0.00438414171380344
0.00376151150572165
0.0030285523068416
0.00231830862649584
0.00172067390314761
0.00115157692801777
0.000594208361101154
5.64838108838441e-05
-0.000413296010849978
-0.00084817331744611
-0.00132486496816198
-0.00174368632566793
-0.00216752537308065
-0.00252344348950799
-0.00285301841910178
-0.00314398903662404
-0.00337634145196366
-0.0035698879124311
-0.00372001169951806
-0.00381185982108243
-0.00385811677014927
2.30774139415912e-05
-0.000282101373556387
-0.000541623613315247
-0.000729174813306973
-0.000896914261490032
-0.000999065841928545
-0.00105562462410091
0.00022041458980571
0.000100245123915522
-1.03237046444804e-05
-0.000110028806881573
-0.000209130768587972
-0.000312217409866119
-0.000417754007088838
-0.000525320693764849
-0.000630880605567092
-0.00073047825364977
-0.000825576137014711
-0.000911623336743112
-0.000983316675870211
-0.0010376468682196
-0.00107626807886382
-0.00110386596539322
-0.00112146462049108
-0.00112987722430986
0.00920597537225287
0.00861239709802122
0.00790042792124205
0.00708326124002037
0.00624115830157869
0.00543092416960433
0.00465190817927341
0.00390387320495634
0.00318669738366061
0.00250013401563761
0.00184370873580897
0.00121631143814906
0.000616808705912288
1.50442812264118e-05
0.00926961714111575
0.00881750708353016
0.00835775529035308
0.00790056137970242
0.00749818944482652
0.00710709092658755
0.00673191453112292
0.00638552600020574
0.00606128395780005
0.00573156379227545
0.00539338169709054
0.00507966785297496
0.00481745178128713
0.00460150949398871
0.00443695715277097
0.00430663278390322
0.00422281494729533
0.00417583499197845
-0.000385621901307009
-0.000751514202593171
-0.00109025448124046
-0.00145735668186466
-0.00178700494436801
-0.00207392830977797
-0.00241622035215017
-0.00281875984510741
-0.00319919742949489
-0.0035237203624444
-0.00379753012633101
-0.00403573881644722
-0.00425130887930415
-0.00443818405943251
-0.0045866735279714
-0.00469089139653488
-0.00475989257955745
-0.00479838660821724
-0.000259148164209545
-0.000499963466269084
-0.000712174311814051
-0.000901722872993824
-0.00107484515270317
-0.00123514644081564
-0.00137758630248819
-0.00149348689078035
-0.00158011402753867
-0.00163759073320284
-0.0016671407679279
0.0100777297352703
0.00904560440185229
0.00793478995653237
0.0069064936790259
0.00595882959313722
0.00504502607950163
0.00420286739744156
0.00335519939153672
0.00256781017201389
0.00182760788502589
0.00108761902480102
0.0103063420143486
0.00950885797430925
0.00881527764177642
0.00808283864102512
0.00750182432516027
0.00686616439726285
0.00634620269083956
0.00591043984998408
0.00550777798262708
0.00527918597497701
0.00505917076114722
0.00492075082436008
0.00485126634976792
0.000749599154573109
0.000462015502612726
0.000215772027337215
-2.2951291035465e-05
-0.000212623489083578
-0.000372299014636599
-0.000484856096271129
-0.000568764238652102
-0.000617950500270834
0.000656584746642666
0.000250112420573235
-0.000135380636215518
-0.000504640120955038
-0.000861661834103872
-0.00120550580984645
-0.00153691626476318
-0.00186235078657521
-0.00217472650826139
-0.00247161009750852
-0.00276592476485129
-0.00304165725861575
-0.00329800464568604
-0.00354003379999112
-0.00376644964992447
-0.00398413776193477
-0.00418732315456547
-0.00436223034893278
-0.00449690393789628
-0.00460151922810266
-0.00467381550606917
-0.00471017132126204
0.0209873847360144
0.0197954156419287
0.018382706545996
0.0169225503002772
0.015479532054312
0.0140479908381205
0.0125367157405741
0.0111415007263881
0.0101781910851306
0.00900721965557511
0.0077317306825095
0.00668332829666797
0.00566137302526625
0.00464116143286873
0.00372348054945781
0.00281340342318082
0.0211199351502114
0.0201677697561053
0.0190751942553724
0.0179246642274521
0.0167322929694857
0.0155025502838228
0.0142257852637011
0.0129132158281355
0.0116474522028248
0.0105055547930565
0.00953278067907297
0.00872707273867071
0.0080055169177344
0.00718160933723965
0.00222391382384805
0.00155695312474046
0.000943187634738495
0.000409197249268715
-0.000115176909256029
-0.000563406626122547
-0.000962581514715435
-0.00138292160835165
-0.00170519807613574
-0.00199032321518679
-0.00222589885766219
-0.00242687721828713
-0.00258576569310609
-0.00270346288039541
-0.00278293257242308
-0.00282439118094312
0.00230812822341688
0.0018335311328479
0.00136231920662135
0.000954454858495034
0.000610937846127629
0.000267205875486429
-2.95705742523671e-05
-0.000270390063327025
-0.000466526412044739
-0.000634040265440875
-0.000780343465144821
-0.00090313751017355
-0.000994762303844104
-0.00104540420384207
0.00659794439558325
0.00610932435437963
0.00567055838769755
0.0052508921625909
0.00486778544295989
0.00451500980609017
0.00420702886520139
0.00392567618710695
0.00365577439372462
0.00340912637047545
0.00319647177645773
0.00301293638492933
0.00284677282938091
0.00268929722671267
0.00694426580225255
0.00672664120675595
0.00656208949270514
0.00641960829727697
0.00628265781762267
0.00618546842021027
0.00613667701613063
0.00612459924181272
0.0061521846645706
0.00621680294555597
0.00631633115580505
0.00643413356221464
0.00658414070290001
0.00675705123336064
0.006947287977962
0.00713799996403616
0.00733089632985893
0.00753079880661387
0.00772041332052521
0.00789519608685625
0.00805451533438474
0.00819679924710614
0.00832165191950523
0.00843118084262667
0.00853387697782964
0.00864745444917665
0.00879297560546939
0.0089946424235357
0.00929657795487028
0.00973692030143666
0.0103969084371562
0.00261112161725434
0.00254153253318469
0.00248074958521528
0.00242946968448563
0.00238896185794649
0.00236177644754484
0.00234613628869773
0.00233716688129853
0.00233423856702715
0.00233673367259952
0.00234367432667278
0.00235412194359215
0.00236848705222852
0.00238833347967215
0.00241202442037752
0.00243962715132953
0.00247781122894137
0.00252981111662004
0.00259739406819759
0.00268171834625983
0.00278946212736934
0.00293542024778948
0.00312490772681378
0.00335669495070894
0.00364187940651841
0.00400839362933184
0.00261000786721116
0.00255291879226658
0.00251534897041007
0.00499807603719209
0.00636473784353235
0.00810311976653398
0.0100645776887229
0.0121400761886201
0.0143735307666823
0.00348211647776227
0.00292382831884787
0.00258752148590098
0.00237771671915015
0.0162632198132111
0.0178119758283806
0.0188848568692886
0.0194625843186741
0.0149711236873318
0.0153892062963306
0.0155974742165921
0.0113239173932517
0.0125327827552037
0.0139485671959419
0.0156617161085687
0.0177890253304703
0.0202286936050012
0.0104274979979297
0.0107278878844044
0.0113144596661486
0.0122012606613195
0.0134164104292297
0.0148506418856509
0.016742514579587
0.0188643657257828
0.0213069126335532
0.0240011415640059
0.0267941106223664
0.0297241029602953
0.0326166639263583
0.0355257293989838
0.0383015698839452
0.0408015347167668
0.043202649869791
0.0230755573780805
0.0256365893606349
0.0283574761239649
0.0309524778893007
0.0336305775368931
0.0361794845324809
0.0385690949329128
0.0407515809674081
0.0426975748313446
0.0443416586669616
0.0457209367950153
0.0468298568900243
0.0476593774990122
0.0482302752502014
0.0485950203511397
0.0488127639752583
0.0489324590101208
0.0489910543635253
0.0490145066768018
0.0199631824184946
0.019861398098898
0.0198577822387601
0.0199056490472786
0.0199600484171909
0.0199957227993772
0.0448691321904506
0.0463653249720171
0.0475025941448188
0.0482545408086968
0.0487550077558488
0.0490372241679766
0.0491685798505235
0.0445016829655192
0.045563408315587
0.0462674485409225
0.0466053420505889
