0.05
0.0372226360138045
0.0347522940875
0.0307513005375958
0.0356382410790185
0.0334964276122645
0.0313819021279188
0.0371745062431119
0.0349951500878188
0.0316003399266028
0.0295025275494984
0.0279120652195684
0.0266735854325671
0.0248677347997865
0.0223461325141191
0.0372756666849563
0.0304090499732941
0.0240302043755578
0.0230610229499492
0.0189864317286139
0.0149336036111186
0.0139747062410684
0.0134690905929706
0.0129697954976367
0.0122409756453284
0.0110011936628117
0.00955188433724792
0.00831283364671737
0.00727859627321352
0.00640987188109241
0.00567304920128289
0.00501058033035573
0.0370357981298254
0.0352340621958938
0.0328381638592209
0.0308910418945558
0.0292857005899026
0.0280510874422338
0.0270832098978752
0.0261410016711739
0.0288287220044809
0.0269824956479259
0.0247778084577799
0.0224976092435416
0.0195966305646439
0.0283145699211137
0.0261444988330519
0.0239359980241362
0.0181217154217614
0.0165110066171917
0.0149287035889426
0.0135623251993992
0.0122356702960225
0.0109680273088478
0.00988548032901377
0.00886950043992104
0.00789225970500978
0.00703699774522991
0.0062464311146369
0.00553005159877706
0.00486286177143922
0.00427266413758147
0.00375533162285493
0.0032713706378326
0.00283564614329522
0.00242434849265855
0.00202129573695296
0.00163595607935324
0.00128971536794998
0.000986384797511643
0.0007299260486321
0.000520334156005237
0.000299862783345839
7.4843685125939e-05
-0.000119470487148238
-0.000285511340114952
-0.000415625986161825
-0.000518483135465892
-0.000595511487455663
-0.000649102486620338
-0.000682821331417196
-0.000699571311079927
0.0185153400204411
0.0176926027164738
0.0168469470955615
0.0160016564681166
0.015268620297138
0.0146457869521593
0.0140772873672015
0.0136726086730433
0.013363595056584
0.0131388662346666
0.013021757801481
0.0227428216882246
0.0212295659824596
0.0192300838972195
0.0212484391892999
0.0178801823272363
0.0144475773106503
0.0186718640608805
0.0180567255675569
0.0173752461863517
0.0179448119671759
0.0159486851138543
0.0136298977873584
0.0119973088000798
0.0105930249909193
0.00911412736437978
0.0076738365447914
0.0065534277576005
0.00561125866308154
0.00471363206343986
0.00395724172713449
0.00330785139922887
0.00279809047183026
0.00243920558908706
0.0022140302799975
0.00208922754812538
0.0162090478241277
0.0145271877402309
0.0125207574957875
0.0106440676876538
0.00909527128371397
0.00765640586108171
0.0165147211784758
0.0157070952874402
0.0148700630656967
0.00700504319140344
0.00648498431869562
0.00617055258645626
0.00606020208514788
0.00616302584789481
0.00649373762023921
0.00703339540282045
0.00781410658708218
0.00892291076348828
0.0104366164252845
0.0123933277368564
0.0147831492562914
0.01758550181496
0.0208037653248894
0.0243611520975684
0.0280887971387844
0.0317705126094994
0.035240696731229
0.0384141570379481
0.0409971608280998
0.0429849717729716
0.0440129852292817
0.0438390124305927
0.0418820528175954
0.0387043425009389
0.0324869705186236
0.0260067450048961
0.0200466000337166
0.0153294111217354
0.0119186893672814
0.00932530277181884
0.00744944914402083
0.00644199138509185
0.00576103456579176
0.00703252550793747
0.00659368993462834
0.00634735573800987
0.00627620601255469
0.00641935077897835
0.00679346938933625
0.00738231997543649
0.00828417741301385
0.00948600728899785
0.0110553861388838
0.0130052864577354
0.0153844643409935
0.0182013946165503
0.0213161609618535
0.0245470000336274
0.0279537668300093
0.0312232415962759
0.0341398192758086
0.0367079632162257
0.0389322554604516
0.0407227513171402
0.0419669592643604
0.0426183808969484
0.0135597275739076
0.0123302243138299
0.0112172146899877
0.0102352978890518
0.00936965982720038
0.00859615047672896
0.007900017921902
0.00730136244208001
0.00680836993493682
0.00641280404566232
0.00611312529998272
0.00591221780998329
0.00580835990158611
0.0136967071453769
0.0125396495235145
0.0114429540738317
0.0104741449033583
0.00959186317492738
0.00880262677041708
0.00813293007883652
0.0075371015424324
0.00692186067147652
0.00630916825803618
0.00575016317177113
0.00529020802848637
0.00493170290771312
0.00465755749692637
0.00447900429369776
0.00439399354604011
0.00440307824492349
0.00449453837311256
0.00467083368925451
0.00502923185799116
0.00559598812400752
0.00622677170272226
0.00708895804997586
0.00803720206583275
0.00915996297471152
0.0105570862013171
0.0122594540186535
0.0142114985674025
0.0162671561558739
0.018287087561302
0.0202720866493502
0.0222211733378393
0.0238930241989312
0.0254253566272958
0.0268219006952302
0.0277744104823135
0.0282838188250367
0.0129387954681994
0.0115851607580706
0.0103475613823413
0.00910285671409069
0.00801897652782751
0.00685453822769628
0.0058238968247914
0.00493959009093841
0.00400735696164372
0.00314876879311581
0.00254300116562052
0.00165482007841766
0.00107688321754389
0.000375159731352164
-0.000339856327774529
-0.000871630861116299
-0.00120883848237645
-0.00154806099222747
-0.00183425406084205
-0.00204402238148863
-0.00218840480207321
-0.00225764449803375
0.0132163615028695
0.0120332049505077
0.0108914115744142
0.00979596944731558
0.00879363637716577
0.00787844569293521
0.00703242282580862
0.00619218449290298
0.00549106566563055
0.00478666068448375
0.0040818297024895
0.00340580893114412
0.00246986295208736
0.00155189295069211
0.00072988208824215
-1.37117938778996e-05
-0.000661834335718995
-0.00123987843129892
-0.00171247032968878
-0.00218930123021743
-0.0026107720039083
-0.00295438138993903
-0.0032246306565451
-0.00343097882194902
-0.003565024436625
-0.00363633256756722
0.0307580561157643
0.0300173198529896
0.0290385708812845
0.0304908596747545
0.0297276631253695
0.0289540839027431
0.0285585903814429
0.0279461156982445
0.027122258793236
0.0284513457858184
0.027545612834135
0.0262053866204602
0.0247634632445709
0.0233471600892909
0.0217515220777486
0.0199824085493736
0.0182261113400916
0.0166589208778444
0.0151667561349357
0.013851581643511
0.0127033523699158
0.0116178254190727
0.0103418757303835
0.00891805078432585
0.0077951453822873
0.00656468753462078
0.00562510086581255
0.00471211568461864
0.00392727559921952
0.00313416085490401
0.00241571827172117
0.00178991662954291
0.0012101047366758
0.000680992171776291
0.00021104488874495
-0.000206920232402225
-0.000544390316608902
-0.000825333769904073
-0.00108617918433744
-0.00127755923361745
-0.00141134168760256
-0.00149829925501686
-0.00154299892514816
0.0269380951577773
0.0266099407991063
0.026005146749044
0.0250953578092505
0.0239877334925144
0.0227474155570077
0.0214773915082326
0.0202388242581421
0.0191651519494139
0.0182713090894691
0.0175883181830443
0.0171335419304733
0.0168950122882975
0.0235741137868266
0.0204675275535443
0.0169224023312791
0.0154509586519085
0.0139579842417127
0.0124155804604567
0.015528521976814
0.0140132998733069
0.0123113097033258
0.0108344842962815
0.00951110492404441
0.00829717454625847
0.00722295881656223
0.00627948614072413
0.005435856494846
0.00470821634808365
0.00407157399039719
0.00351281973008719
0.00303594070152271
0.00262249563296037
0.00227830572867852
0.00199783535526143
0.00177964303406577
0.00161331649821618
0.00150107871524754
0.00143565749232413
0.00140862201905582
0.00141291735345417
0.00144207679832225
0.00148493124800031
0.00152949790246026
0.00156206175168794
0.00158321269549365
0.0112946789829541
0.0100896668420205
0.00882178857089517
0.00760855650787262
0.00661255171571631
0.00571104240657562
0.00484379252510206
0.00412437841292721
0.00354893866406366
0.00296161912943703
0.00239960329986452
0.00189717129498242
0.00149033973429124
0.00117910367683144
0.000872891742236487
0.000614254472941825
0.000396707872430715
0.000226240184708415
9.86635802887289e-05
1.80369363182842e-05
-3.88134222963254e-05
-8.44324665205007e-05
-0.000114679283890983
-0.000127714200714638
0.0110366759017639
0.00971639362545988
0.00861101856606074
0.00755311385786785
0.00669331428184391
0.0058496417458903
0.00510839172187168
0.00456687789475757
0.00411760010007139
0.00372708560526031
0.00345735197721061
0.00329860331269903
0.0284926925882892
0.0277916468655858
0.026737142320262
0.0252013119042534
0.0235012245390797
0.0219110111542581
0.0202415920131108
0.0185672921330325
0.0170275431264983
0.0155366224828715
0.0140985415376183
0.0128093162732589
0.0117009559725062
0.0105796727308626
0.00944709397826308
0.00844076304043503
0.00759953083432035
0.00688171196754908
0.00627672946787615
0.00579491915460678
0.00544619031129055
0.00521756364871314
0.00508486645679473
0.0284577175854323
0.0277663827281653
0.0267736455551232
0.0253229190242562
0.0234944189324033
0.0215397940415283
0.0195913868495659
0.0176805104526891
0.0158584372554286
0.014148633940441
0.0125522709419292
0.0111167157419059
0.0097362272949434
0.00840856637273323
0.00720928069351532
0.00613266977030846
0.00514660356680966
0.00423051462246515
0.00338041199458501
0.00260586451727512
0.00189339679643199
0.00123965570672997
0.000656826213073249
0.000112785747287754
-0.000475835561323893
-0.00106394441766211
-0.00160183993793809
-0.0020866553814635
-0.00250188916335544
-0.00285448852669547
-0.00315274147514439
-0.00338334570296039
-0.00356470826731828
-0.00367621421215129
-0.00373757490171221
0.0207413896346199
0.0187378660672537
0.0161950750130525
0.0223984424415243
0.0224359306853879
0.022453647408222
0.0148212603931644
0.0134755165038763
0.0122717750389801
0.0112324606007459
0.0104547658257226
0.0098086213278042
0.00932356941297345
0.00900555194128373
0.00884670091056267
0.0137932754673313
0.0117292030709504
0.00983595713689344
0.00803200392026432
0.00725685210356043
0.00664643474350611
0.00609437496760619
0.00562779109453485
0.00525902743894689
0.0049622626274948
0.00474084282401323
0.00459211115467877
0.00451435516141095
0.00450867677180606
0.00457752486401422
0.00472431818763266
0.00495057803746677
0.00525106130618499
0.00562077015783273
0.00609999915259362
0.00671052212016357
0.00739391018475602
0.00814513379687442
0.00893679460802896
0.00971554902821909
0.0104467195497839
0.0111115399690919
0.0116528866155412
0.0120315130189652
0.0122351310832279
0.00722267627806665
0.00659911300953841
0.00613626021926343
0.00567421215983471
0.00546051719353321
0.00530794380075553
0.00476216814825333
0.00456310477487704
0.00442092880327164
0.00435026331660081
0.00435982930161275
0.0044508637633493
0.00462435533832235
0.00488550043940947
0.00525339881146477
0.00574975766789962
0.00637147417599929
0.00711399592403076
0.00805159642334872
0.00925080465922069
0.0106926516254213
0.0124243941700854
0.0144773649751154
0.0168474908073971
0.0194891936842163
0.0223130816100534
0.0252070603719276
0.0280684648153987
0.0307913947563881
0.0332723308991607
0.0354346364977833
0.0372193242321683
0.0385789827291161
0.0394852684493697
0.0399516759438355
0.00462365531773203
0.00434340477761292
0.00412063462770044
0.00396592241404859
0.00388180547042088
0.0038672485702623
0.00391148130806849
0.00402832469020865
0.00423191270841642
0.00450514505571168
0.00483952561851513
0.00527943027508639
0.00587944857934653
0.00672264150087684
0.00774498919269769
0.0089111565327245
0.0102868204916968
0.0119044716196276
0.0137977465511676
0.0160425219959082
0.0184372123812688
0.0213578430881025
0.0235005156720741
0.0258259951549434
0.0287561302833514
0.0314769588051571
0.0340398155293011
0.0363965268464502
0.0382485631797631
0.0396831358233318
0.0406453632305025
0.0411514673279509
0.0250845341404839
0.0237832559365683
0.0225360350986972
0.0214982454955633
0.0206010733957033
0.0257292770870664
0.0249401481253239
0.0238671060808507
0.0229494416132241
0.0219209979102243
0.020733688495436
0.0196403412479223
0.0184959698863887
0.0171938486419741
0.015736117842965
0.0144626796069526
0.0132379820078234
0.0120756852662069
0.0109811392544309
0.00997151019896025
0.00905548758901863
0.00821606644306361
0.00750704820370668
0.00666472342758629
0.00590551406112028
0.00530886930596714
0.00479654557466966
0.00437159411825299
0.00406224290155071
0.00386849329525272
0.00375914047738824
0.0209883345361442
0.0218744030428136
0.0232361063728203
0.0191037825801401
0.0171942254326505
0.0152040023890697
0.0133673507090913
0.0244098372545046
0.025347954723822
0.0261355346027085
0.0231055483352799
0.0233146433128848
0.0238829029504308
0.0246039385933458
0.0259282809847597
0.0268310548500914
0.0287827169502493
0.0318222068501548
0.0352626024913418
0.0268907505403303
0.0277917316590253
0.0289074552983115
0.0371008780923042
0.0392092058188476
0.0413241636019786
0.0428678581219206
0.0438954146152609
0.0440332417472698
0.042942956821759
0.0399716940894594
0.0346064511292763
0.0277240921079993
0.0209116174176271
0.0140508257442828
0.0370979312603179
0.0390279403348737
0.0410261039968026
0.0423891894903895
0.0438881054407602
0.0447507338628035
0.0453345107848736
0.0452414031547771
0.044393051683018
0.0425962464003957
0.039508499045561
0.0350761227109709
0.0303255275218292
0.0257242876204789
0.0209500878319928
0.0171810476444064
0.0138286308973661
0.0113613587365752
0.00934486746066642
0.00776115651054301
0.00661666557543516
0.0057403065975627
0.00510619252861077
0.00473637569925298
0.00455541123151875
0.0113209347187061
0.00916610093853597
0.00754642723710465
0.00648300374103765
0.00560712530220804
0.00510402454464617
0.00483585604341415
0.0109440728522715
0.00843247106823528
0.00636166459480336
0.00476528226427352
0.003452161438616
0.00234789871521844
0.00143926806803043
0.000686345631249225
7.06751247452979e-05
-0.000430108840248235
-0.000856847679243148
-0.00121473134439288
-0.00150296006089688
-0.00172243453678038
-0.00188343799760055
-0.00200392647304705
-0.00208466284675675
-0.00212474376367758
0.0296913853666916
0.0307603302510007
0.0321697607344788
0.0338912602280632
0.0357247917519709
0.0374979745909453
0.03915719000136
0.0406439708575457
0.0418945584841171
0.0428391034356736
0.0433988541745959
0.0434800925011164
0.0429665248364542
0.0416707279852143
0.0292687268707997
0.0297660811321203
0.030379924776264
0.0310912724241681
0.0318030430917887
0.0325792150456982
0.0334094510837828
0.0342550214591007
0.0351140724919089
0.0360465357879877
0.037053318738714
0.0380248877077373
0.0388614922758389
0.0395660748875155
0.0401118191921294
0.0405491277456976
0.040832408189337
0.0409918899064311
0.0402306717913844
0.0379317686432522
0.035057236348221
0.0312852070361628
0.0275939533631424
0.0244005784713519
0.0208169627967301
0.0170077877205544
0.0138068803291562
0.011371404347254
0.00951596468885323
0.00804105854979993
0.00681157543598768
0.005821592627319
0.00508205893302977
0.00458640174271778
0.00426866869199165
0.00409521569073649
0.0406584820051103
0.0389720503144331
0.036735549947621
0.0340925034572374
0.0311847895027201
0.0281741638466384
0.0253478075984487
0.0230047856880152
0.0212542632876649
0.020101500720158
0.019513230471455
0.0275555342893691
0.029633060998054
0.0321171311530696
0.0345620712553187
0.0368347203026404
0.0389051817731771
0.0405259233861372
0.0416219368188405
0.041791847158755
0.0407037628237185
0.0377860590161328
0.026225338130164
0.0268640232109825
0.0276591158929672
0.0287496909305173
0.0297981792953347
0.0311406193546609
0.032387626288626
0.033536827570138
0.0346851715865381
0.0353696993675004
0.0360538957188065
0.0364959227848404
0.0367212291047625
0.0357233922496247
0.0325320438627324
0.0289793639394237
0.0250828652668563
0.0218933619670098
0.0192467299839613
0.0174354270584372
0.016125513449721
0.015376896260479
0.0349051548259943
0.0309102404076888
0.0264837661382774
0.0221996523395341
0.0183603371989619
0.0150833442143133
0.0123379414358091
0.0100136039940619
0.00809267183208662
0.00651386881745916
0.00515537436686408
0.00404396624717025
0.00313445816981603
0.00237477535649532
0.00174157700169239
0.0011926192701779
0.000723947715054666
0.000350318136747193
7.96132631398431e-05
-0.000120976174342072
-0.000254816392508798
-0.000320688997757781
0.0126897054225984
0.0121455695930571
0.0118200152473173
0.0117527912368622
0.0119345190085266
0.0123697534130707
0.0131403022592953
0.0141864063235961
0.0151297017949427
0.0165588148647211
0.0185212134730522
0.0204887111395217
0.0227388562518907
0.0253178027152902
0.0279060947014952
0.0306949669062988
0.0126308834298312
0.0120814966805018
0.0117568865053282
0.0116560672977494
0.0117728595443827
0.0121250181183088
0.0127619730128294
0.0137547307945035
0.0151099265388703
0.0167466651388719
0.0185129671932855
0.0202712089290862
0.0220919494079199
0.024461488019909
0.032560564777252
0.03488225832891
0.0371848197074577
0.0392876081896791
0.0413966152033667
0.0431726628631982
0.0446726517658069
0.046090651586255
0.0470003018489591
0.0476259803086974
0.0479796079588198
0.0481328488098783
0.0481319697792547
0.0480433985976201
0.0479305663697366
0.0478510786238319
0.032394293653543
0.0341799336570225
0.0361332433468353
0.0379637743323658
0.03959909209242
0.0413088890364818
0.0428217087418145
0.0440537958850918
0.0450444902064682
0.0458692613705896
0.0465638991746077
0.0471217434400408
0.0475196216944562
0.047731919489923
0.0263050532872725
0.028098139910229
0.0299291242123093
0.0318926633600589
0.0338756563755834
0.0358651335443993
0.0377230108935332
0.0395027444117602
0.0412528922073172
0.0428362798465539
0.0441198972886657
0.045087728362535
0.0457579106518748
0.0460937433952525
0.0252616858289147
0.0263048012964324
0.0274318647396594
0.0288434635572488
0.0307958590705158
0.0328850839398499
0.0347878605222665
0.0368421344967475
0.0388529488310019
0.0406685732743903
0.0422264785323452
0.0433340618104825
0.0441020668535672
0.044343688333194
0.0439023780460271
0.0426577644821187
0.0404231627476476
0.0369009633974007
0.0324716823417151
0.0277402068014805
0.0231799562778315
0.0190768900230494
0.0155302338103392
0.0125478804624411
0.0100469679623759
0.00788132494050413
0.00603544716308799
0.00449298689747958
0.00312368204532162
0.00190694874179622
0.00073255335158266
0.0452892203377943
0.0438854668719013
0.0415990730448257
0.0381279170376413
0.0334640384538386
0.0285694435385243
0.0243895411641955
0.0205013205924111
0.0169130286916236
0.0139718316740928
0.0114730667546451
0.0094339317722729
0.00767732685984366
0.00608724313004756
0.00479947918081721
0.0037633255384547
0.0027934539959706
0.00193639206024946
0.00122153261258835
0.000637303069595285
0.000135109309563632
-0.000327346660355351
-0.000739177394614692
-0.00109410248931938
-0.00141111069391589
-0.00171386750244674
0.0470500842950266
0.0476509084694248
0.0480052177184883
-0.00197964590637559
-0.00227675232063424
-0.00259169780307458
-0.0028925434681191
-0.00316477218185201
-0.00342192735802058
-0.0018395109808205
-0.00196071596444052
-0.00202962623797424
-0.00207096524275392
-0.0035821481492664
-0.00369743492320302
-0.0037705440983637
-0.00380791831614299
-0.00352183319724747
-0.00358447465561879
-0.00361370970387558
0.000129000608249621
-0.000388017105361096
-0.000815675700425055
-0.00120550494612727
-0.00158645052921444
-0.00195013134912922
0.000175162813717408
-0.00028398076098941
-0.000687820477895775
-0.00104808514534239
-0.00137716373482579
-0.00165914306686994
-0.00194310283736428
-0.0021964170473946
-0.00243859174039591
-0.00266854935748757
-0.00288131071529641
-0.00308656860263351
-0.00327760827641833
-0.00346245308349513
-0.00363561286682318
-0.00379239048229721
-0.00394768426172178
-0.00223766669964242
-0.00247357858986666
-0.00270785019988738
-0.00292115713614665
-0.00313499172919204
-0.00333595392391105
-0.00352518174728278
-0.00370214169471258
-0.00386747303930006
-0.00401781246368969
-0.00415778340505508
-0.00428738517134414
-0.00440370898083068
-0.00450366330703754
-0.00458621375331897
-0.00465179164166627
-0.00470070156936485
-0.00473304178278065
-0.00474964179910022
-0.00200959134225698
-0.00204974437374633
-0.00208031064626879
-0.00210044319671102
-0.00211257238636917
-0.0021185530489447
-0.00407557809447172
-0.00420394759083441
-0.00431691498059915
-0.00440541351656913
-0.00447577110660189
-0.00452229644545055
-0.00454658104206822
-0.00402010524367224
-0.00408206086336911
-0.00412487870782783
-0.00414607417612743
