0.05
0.0368655485766013
0.0336101393248051
0.0280919180425026
0.0348831551052238
0.0320310457238317
0.0285425413703786
0.036853119389782
0.0339774740286334
0.0287831893203314
0.0250227730222552
0.0220302523946206
0.0198543446405909
0.0171087488740391
0.0140525536015042
0.0370714108614115
0.0340836356749135
0.0319624840871498
0.0318333993180054
0.0320972305245619
0.0325053604649562
0.03256651319102
0.0325349024557087
0.0323835280823736
0.0318948186932535
0.0305258680648436
0.0283268407718317
0.0259041236562113
0.0234943771658105
0.0212883426893382
0.019435864417086
0.0179576910010713
0.0368169530551757
0.0352786779706245
0.0333201216829233
0.0318173454488913
0.0306666617404101
0.0298596360306599
0.0293034649299434
0.0288454018663588
0.0249329062152881
0.0218846775988479
0.0185223238949839
0.0154946339000201
0.0121802382612181
0.0248680230116422
0.0220615172924664
0.0193304261764119
0.0112853478612394
0.0105145253226954
0.0099510311229619
0.00963430465282816
0.00951036483190481
0.0096043476850422
0.00989390638444634
0.0103910024721419
0.0111365591568529
0.0120702683126541
0.0132375637307595
0.0146199115905981
0.0162596308568777
0.018059617752596
0.0199620570886446
0.0220691255568452
0.0242743809993523
0.026635611529211
0.0291934019993973
0.0318340308089325
0.0343510135371735
0.0366634400427653
0.0386951900846255
0.0403984824651751
0.0422052163923663
0.0440116464528145
0.0454850386961197
0.0466280899249603
0.0474079500789596
0.0479209906374274
0.0482236013590172
0.0483798086456822
0.0484489545032651
0.0484730334173698
0.0103118147380499
0.00901804878976486
0.00777862354239791
0.00661167105303028
0.00564509861631062
0.00485088220358338
0.00414458876301089
0.00365075674977435
0.00327826819044028
0.00300976419365436
0.0028706003332883
0.0178261512779303
0.0160645108577675
0.0138920115540285
0.0164920444715112
0.013470509386649
0.0108163720456215
0.0133587615360772
0.0127844389897519
0.0121612805155863
0.0122569056181781
0.0100109114118679
0.00768477822484413
0.00621363228831085
0.00506065205514091
0.00395367073955395
0.00297594049009468
0.00228244301968762
0.00174671259276927
0.00127888042046872
0.000917238303935781
0.000630937096903963
0.000421967984582546
0.000283500846285901
0.000200562091670468
0.000156050232416247
0.0120764550105282
0.0125324458264616
0.0137006672823619
0.0155728863464044
0.0179498504768297
0.0211149802417207
0.0112271957792848
0.0103752547074871
0.00951551347140535
0.0230150246452204
0.0255444951053316
0.0283594038240559
0.0313098140190319
0.0343829942220487
0.0372668044496512
0.0396813488545395
0.041608673701473
0.0429000143985486
0.0431774057589223
0.0419605593177421
0.0387944679408623
0.0336865234711001
0.0275543824399508
0.0216536461310904
0.0166446590912909
0.0126272920433296
0.00944619537972074
0.00687893365373086
0.00488263636587334
0.00320402674562293
0.00186247490669089
0.000771776723311657
-0.00017404461729829
-0.000784031249509512
-0.0014424636384381
-0.00194788575709291
-0.00237573009032678
-0.00272067926680784
-0.0029823471770803
-0.00319176858911212
-0.00335052257997967
-0.0034385130195679
-0.00349952382845203
0.0229457753306764
0.0252088766007289
0.0277675478718803
0.0309879114956178
0.0343669265774013
0.0375501891221311
0.0401542750951032
0.0422365019401948
0.0433271570706074
0.0431548210690366
0.0412923232619012
0.0372549467197753
0.0312490330530371
0.0248670809295577
0.0193502536214284
0.014695115499611
0.0110884351530525
0.00840690326434014
0.00637431834487802
0.00481467540506614
0.00366878566671183
0.00291915320149267
0.00253958196697786
0.00777154493494453
0.0062350875692262
0.00491731944213517
0.00380801382791372
0.00286949531212922
0.0020611772124841
0.00135773631980137
0.000770699423182419
0.00029957824481231
-7.04099372804502e-05
-0.000345939184222638
-0.000528334441317222
-0.000621869488611024
0.00883326786361609
0.00834013628800591
0.0080574171749882
0.00799751605111651
0.00814657868652087
0.00850408924372217
0.00904949898274403
0.00981027265349513
0.0109578085212697
0.0125456813027443
0.0145024770764986
0.0166902858416456
0.0190455083927882
0.0216089930593597
0.0241787924635093
0.0266688409428899
0.0289216294517049
0.0308982617050101
0.0328271359831971
0.0353846936614336
0.0382681738112915
0.0404953123855949
0.0423640247502857
0.0432906621582618
0.0432853487046896
0.0419780436815734
0.0387826304823367
0.0336696813254042
0.0279466492859718
0.0228833378953451
0.0186596298971443
0.0151826925872899
0.012642249745436
0.0106104451356266
0.00895167022772745
0.00789966234377341
0.00736105840558701
0.0098376180650978
0.00913096159738765
0.00862737521220108
0.00826610104506677
0.0080817006828048
0.00803655645915279
0.00814797083392666
0.00837879663387482
0.00878449499704836
0.00932152810935424
0.00979788104382508
0.0106619956623226
0.0113434045293303
0.0123183630923812
0.0134971321445019
0.0145077257632752
0.0152127297972532
0.0159797847054152
0.0166742092517671
0.0172115347128254
0.0175962082162955
0.0177849569171009
0.00989459518424474
0.00916041006133949
0.00859646597682576
0.00820202648216906
0.00798639864035331
0.00793224932754094
0.00802658197821169
0.0082869037827426
0.00866267249064528
0.00922881881216524
0.010024660261867
0.0110047506140743
0.0126500245789349
0.0145593382807384
0.016554197137651
0.0186280867138899
0.0206574107168095
0.0226455582661475
0.0243970532825201
0.0262866780852538
0.0280595122088338
0.0295710918436753
0.0307952377365754
0.0317485598706434
0.0323756005299132
0.0327116413758269
0.0276080077443249
0.0264426868076817
0.0248566084417087
0.0265092437334758
0.0244151070879333
0.0220748300098679
0.024174402325788
0.0233106664184468
0.0221627645539212
0.0233377535989725
0.0209402819267024
0.0179370961047332
0.0154948322612838
0.0137118811357719
0.0121781956661354
0.0108427014008606
0.00978236607892326
0.00903348294639897
0.00850710645591087
0.00822824657848093
0.00818621295161563
0.00839166371241692
0.00896668497035002
0.0100137802901024
0.0112302380904022
0.0131209356768895
0.0150995791085463
0.0176004211815732
0.0202902332514376
0.0235647647382616
0.026996508519065
0.0303019929172824
0.033585061927369
0.036726417690074
0.0395898628264305
0.0421383996440656
0.0441350937723516
0.0457009573490225
0.0470210410210019
0.0478728151410272
0.0483936666214445
0.048693849947619
0.0488350777721164
0.0200741509363038
0.017613237005787
0.0152007745546228
0.013043541997508
0.011219513943119
0.00962481355922284
0.00824388415065559
0.00704007996050875
0.00606787377983254
0.00529282014450374
0.00471561977376518
0.00433676200815314
0.00413953056958192
0.018775542210653
0.016183795220966
0.0136093550418299
0.0124934580623455
0.0114665636316583
0.0105088323372524
0.0130277476217618
0.0127859843599162
0.0129480769145308
0.0135295970216828
0.0145320940714841
0.0159929369573365
0.0178508222365227
0.0200475576082459
0.0225728542116401
0.0252608502768262
0.0280634462175663
0.0309213636261239
0.0337005174925221
0.0364093188284685
0.0389164858113049
0.0411613569612696
0.043055043129928
0.0446023016954074
0.0457145846696674
0.0464095197899449
0.0467229595812007
0.046664009311452
0.0462075149226838
0.0454051941019986
0.0444137604506405
0.0435889065629133
0.0430027440156557
0.0108894582891307
0.0117042043864367
0.0130477418286623
0.0148784355681843
0.0168855274500549
0.0192101311408572
0.0220078007001138
0.0247982588910676
0.0273535578303702
0.0302706455565526
0.0333547066576314
0.0363501442389275
0.0389268317894258
0.0409690423678518
0.0430098219659851
0.0447106126467979
0.0460702702944351
0.0470344954332841
0.0476462781973641
0.0479489908943569
0.04809260512297
0.0481331281160252
0.0481019247849937
0.0480682247827806
0.00886200488598417
0.00742095879555439
0.00631760267335426
0.00535279698621877
0.00463452835413962
0.00398938004597864
0.00347208493006307
0.00312478623565414
0.00285919707840653
0.00264497295215804
0.00250471434989977
0.00242531658132318
0.0205548400504847
0.0187278559116389
0.0166089367558137
0.0141909535225524
0.0120316364125457
0.0103169331770082
0.00872705876514466
0.00727178787209511
0.00601291337627631
0.00484403843600871
0.00375080735482173
0.00279336326476393
0.00198529895929824
0.00118063084035726
0.000378655364653478
-0.000325456957117124
-0.000907730035466702
-0.00139969566810745
-0.00181057689110187
-0.00213519631648236
-0.00236864656212396
-0.00252098208060563
-0.00260910370827371
0.0208256161387039
0.019434491855836
0.0178892630556594
0.0161371887864364
0.0143983900727074
0.0128894050520049
0.0116365390395177
0.0106059517996582
0.00979311259189455
0.0091880213940667
0.00877990738114475
0.00856716338263286
0.0085313741916705
0.00869121221066852
0.00904122692100051
0.00956432849338075
0.0102601258879678
0.0111376479218481
0.0121993048193374
0.0134221926080424
0.0148076118911893
0.0163386299691955
0.0179523552918917
0.0197081417872029
0.0218724738133288
0.024249939404486
0.0265921853325921
0.0288296606463185
0.0308323027168403
0.0325899326883622
0.0341140895833443
0.0353134109545861
0.0362683639514326
0.0368597533782446
0.037186605535011
0.0128594769923316
0.011526474787777
0.00997718227379602
0.0133276636617599
0.0127691382857881
0.012484871999234
0.00828886421779601
0.00668941801797373
0.00529183478201437
0.00410423066514912
0.00322440498248277
0.00249831938636166
0.00195577185432548
0.00160111573717251
0.00142426269431942
0.00955151818701417
0.00946376395374638
0.00969098786724585
0.0102607600571703
0.0123995446139569
0.0146018529679924
0.0171907913837228
0.020047008545634
0.0229702551347067
0.0260211088589136
0.0290546931508658
0.0319876502155868
0.0347716145515395
0.037338745268729
0.0396503920356588
0.0416161074780936
0.0431361631743412
0.0441214869954427
0.0445491752556322
0.0443744430062103
0.043361756930421
0.0413448158987109
0.0381704762954164
0.0340521341364636
0.029710528745507
0.0257425234291992
0.0223973195682335
0.01990217638687
0.0182824695436111
0.017454496763946
0.008898586668164
0.0078927032322462
0.00717547194623283
0.00649038352123567
0.00618246271137178
0.00596755474542815
0.017405945126223
0.017355683601932
0.0179309585867773
0.0191763100416478
0.0210215589745602
0.0233611019853856
0.0260548975836202
0.028968415083121
0.0320295332996622
0.0350790988088152
0.0378124338869473
0.0400364934628301
0.0417537392836261
0.0427317730449452
0.0426375627415693
0.0411787146831071
0.0380072255213111
0.0331763436017078
0.0275558692303855
0.022193949457621
0.0176077454587523
0.0138565695809992
0.0108566086456467
0.00850452796346898
0.00669470458503411
0.00534111115726022
0.00438226174628972
0.00377362175580439
0.00346925662169953
0.0174152004079223
0.0173998674522202
0.0178706793009778
0.018837029165747
0.0202612426754135
0.0219291761271048
0.0238029072076188
0.0260930499561435
0.0286587848939463
0.0311297141151831
0.0334084903673087
0.0356673110527095
0.0379332825974296
0.0401837575469144
0.0418965515086877
0.0427766572167616
0.0426518454545648
0.0412544661653161
0.0383027300174307
0.0336564893906476
0.0284104640620465
0.0226181780666775
0.0190068021114748
0.0156702713385645
0.0122446339671295
0.00964183428759201
0.00752425243852662
0.00579113961233616
0.00454430139751979
0.0036381828378292
0.00305550922825657
0.00275652378313263
0.0290250902792893
0.0295039463269255
0.0301721955097663
0.0308720351725281
0.0315567305388491
0.0279186446265768
0.0257214404585344
0.022530934285532
0.019956035136449
0.017441538420041
0.0150151574328401
0.0131405151366807
0.0114513782049905
0.00974320301616305
0.00801996200617596
0.00664743611118934
0.00542829377950473
0.00435076955076094
0.00340077688039437
0.00257768274539528
0.00187429233405842
0.00126656346469215
0.00078117559043949
0.00023579129315479
-0.000230549634171367
-0.00058088151819011
-0.000870064725041458
-0.00110165215751528
-0.00126553649710083
-0.00136617607616224
-0.0014222206887812
0.0311435255466747
0.0300640906343543
0.0280670334969199
0.0328087546019508
0.0344145393634498
0.0361508855842983
0.0379373966947363
0.0262862867733693
0.0247974121745287
0.0235439892168586
0.0280059012542792
0.0272387212061259
0.0258157552072687
0.0243111969483812
0.0219342392425459
0.0228822820085887
0.0210403340920275
0.0182896150344535
0.0153471547314644
0.0221094466840291
0.0206187018101632
0.0190022379791423
0.0137937195645367
0.0121195302050674
0.0104287565085485
0.0090219867451699
0.00766276605716737
0.00638947111996698
0.00528226865558691
0.00421223096580513
0.00322019111572282
0.00231697766228914
0.00149496540049738
0.000638812365511471
0.0138864350926838
0.0124435622783558
0.0109946711783091
0.00997977520977622
0.00875655925065754
0.00787037775213377
0.00686968780895101
0.00594151797065447
0.00519061319924327
0.00450040619549405
0.00384715517377538
0.00323803576990823
0.00272326436567085
0.00226134476734697
0.00176960468563606
0.0013482939876618
0.000931754176120286
0.000589242783700777
0.000277912332949729
7.56930079926886e-06
-0.000205383112576648
-0.000380795930649601
-0.000515630516343747
-0.000597619639433083
-0.000638760728530911
0.000405417830673432
0.000208951553868088
5.16763632631923e-05
-5.70107062033878e-05
-0.000150684580095481
-0.000206290429684319
-0.000236579767286534
0.000106625000237644
-0.000381654221715631
-0.00084099289484028
-0.00124300173889778
-0.00161587269154018
-0.00196816193620665
-0.00229203693534943
-0.00258966038185082
-0.00285713389222549
-0.00309376771505432
-0.00331126108666129
-0.00350648961575837
-0.0036731937285715
-0.00380628081028484
-0.0039075118021214
-0.00398540438976275
-0.0040386736210106
-0.00406544930882221
0.0181719020484693
0.0171663893840336
0.0159650717547352
0.0146068352302396
0.0132375531169903
0.0119542053050195
0.0107539791791305
0.0096324829057111
0.00858454445318266
0.00760462021192581
0.00668708505794489
0.00582589587912415
0.00501552706863408
0.00421221363701335
0.018328824509672
0.0176098839365669
0.0168735277579761
0.0161423354238378
0.0155038023727283
0.0148908908448458
0.0143129953650283
0.0137902789160763
0.0133112883367878
0.0128340437989616
0.0123538125060754
0.0119160263355037
0.0115557060288316
0.0112629284754251
0.0110423054905685
0.01086914425165
0.010758473839645
0.0106967015633398
0.00369213228004507
0.00322488314510908
0.00279803767304622
0.00234171669074163
0.00193804784900018
0.00159180690667541
0.0011845611133807
0.000712165770624533
0.000271344754761636
-0.000100427328347627
-0.000411017617278644
-0.000678902766880933
-0.000919445386455555
-0.00112651859690506
-0.00129010177391642
-0.00140441497666567
-0.00147986957271464
-0.00152187760450623
0.00384165606538989
0.00352090906489912
0.00324193551020141
0.0029956741260995
0.00277311247828666
0.00256891264166271
0.00238882976919586
0.00224317670029241
0.00213481198625605
0.0020631476139868
0.00202637797054575
0.0200698282256687
0.0179561976271195
0.0157029596996135
0.0136850385152081
0.0119003285153355
0.0102509208655193
0.00879019204555656
0.00737265900048051
0.00609755567643902
0.00493052966919161
0.00378934215171955
0.0208179356504011
0.019462226431904
0.0182493647645449
0.0169624632386924
0.0159538218790834
0.0148734839994178
0.0140133430861295
0.0133112518156593
0.0126792223085176
0.0123271389728378
0.0119936009967964
0.0117862829580747
0.0116829737474395
0.00333554587074586
0.00296755723792374
0.00266448530498316
0.00238088643280075
0.00216222036826182
0.00198261214771097
0.00185831402034615
0.0017669324906612
0.00171389818594819
0.00308661322099593
0.00243935820882572
0.0018425506085999
0.00128962936627449
0.000775396964907431
0.000301444003644451
-0.000133894692480124
-0.000539801322595173
-0.000908860215450497
-0.00124101688213479
-0.00155282029565811
-0.00182975397907834
-0.00207443658597435
-0.00229438192322597
-0.00249087565483328
-0.00267223924898174
-0.00283574201037794
-0.00297239548263897
-0.00307521010407406
-0.00315367063090646
-0.00320718492951231
-0.00323388083207498
0.0387761977081331
0.0397709777243551
0.0408168312029263
0.0417734357544019
0.0425608665413006
0.0431112000500509
0.0433068192348486
0.0429312699200405
0.0421982991084358
0.0405892883046181
0.0376208741717852
0.0340875831848312
0.0298161207547871
0.0250876462508166
0.0207746622361524
0.0166280087983282
0.0387158984608973
0.0395650005617367
0.0404217490931081
0.0412282617375889
0.041947405504981
0.0425108138756523
0.0427963198670798
0.0425727218756976
0.0415294768505483
0.0394471119663817
0.0364221449370627
0.0328984704020673
0.029041231510235
0.0240938517833273
0.0142259575492317
0.0117480611076865
0.00967464682225951
0.00802655471336101
0.00654404417102177
0.00537577243594509
0.00440764030946908
0.0034586960667652
0.00277494290339191
0.00220037046173082
0.00174575596929989
0.00137169660322825
0.00108450272267416
0.00087643644964374
0.000738167314556908
0.000666751336269489
0.014291833957376
0.0122649964556803
0.0104082289611653
0.00892190178977617
0.00775593180874332
0.00666803903586445
0.00578942188028576
0.0051166842103385
0.00459518145208355
0.004168465234691
0.00380960888459998
0.00351804390110989
0.00330597646730359
0.0031906941620984
0.0211020296013624
0.0186030043266778
0.0164196669702767
0.0144150181440567
0.0126700159942688
0.0111396126520375
0.00986301718486596
0.00874315531491426
0.00770688008727909
0.0067871218553338
0.00600910666266373
0.00534291265972113
0.00473758404204159
0.00415396415865073
0.0219425134969352
0.0197663178439836
0.0179623986183812
0.0162164909377086
0.014277597859639
0.0125572909407534
0.011229929110144
0.00998962206497125
0.00890017271850979
0.00797525847260109
0.00717825505886112
0.00654777967256372
0.00596158263371202
0.00544118515531119
0.00497664692621691
0.00457836718825128
0.00421730598075117
0.00386819175271202
0.0035453968870275
0.00324238392067517
0.00294921135265783
0.00266051309273038
0.00237352412209995
0.00208916377270604
0.00180553744661122
0.00151213510866437
0.00121356825534763
0.000918670309513501
0.000612968355571602
0.000300185413902162
-4.12691883287391e-05
0.00376988755224006
0.00339070578902165
0.0030128659032611
0.00263562337529174
0.00226425518005551
0.00193256244742743
0.00165897632910711
0.00139534594422647
0.00113071108346315
0.000887686532806096
0.000652887886186016
0.000432810905989358
0.00021287482581314
-2.07091139285166e-05
-0.000241457162218044
-0.00044668745662829
-0.000669288248210449
-0.000898971692125046
-0.00112203647542211
-0.00133200829065616
-0.00153773088423883
-0.00175278361789551
-0.00196927361008177
-0.00217812423091132
-0.00238476529739216
-0.00260146433849592
0.00396159218132031
0.00382732853610359
0.00374103164875093
-0.00287642923638807
-0.00321701411432793
-0.00360820440846994
-0.0040057046736654
-0.00438294503336906
-0.00475156168688468
-0.00261207788171804
-0.00262118429386565
-0.00262589161978516
-0.00262850107047097
-0.00499650229252395
-0.00517800575879755
-0.00529536749810159
-0.00535605910920814
-0.00488754221382569
-0.00497418402774875
-0.00501497117460734
-0.000294998362452431
-0.000551852935529063
-0.000796120096222602
-0.00104552816347295
-0.00131362554805752
-0.00158913919232117
-0.000161012894961409
-0.000285867084869186
-0.000423717172060208
-0.000576292837928379
-0.000746930851610243
-0.000922147409180407
-0.00113060798411886
-0.00134720280819064
-0.00158401353933825
-0.00183752003597375
-0.00209775286518257
-0.0023724204999785
-0.00264843715503699
-0.00293334798467924
-0.00321486846908499
-0.00348054397376792
-0.00375216651114257
-0.00180225384671053
-0.00198770847893629
-0.00218326057019691
-0.00237271727217919
-0.0025750826054331
-0.00277793689428581
-0.00298122477360143
-0.0031828505687794
-0.00338173792279613
-0.00357157820087315
-0.00375602915722775
-0.00393329158799873
-0.00409745594910336
-0.00424210315273014
-0.00436389025951192
-0.00446204453526903
-0.00453602484791592
-0.00458529686036919
-0.00461069875379111
-0.00165272233248262
-0.00170663092744834
-0.00175640369033379
-0.00179455801350536
-0.00182012849642331
-0.0018336031979905
-0.00399239096157865
-0.00423937413958193
-0.00446055812630193
-0.00463591363260565
-0.00477645113773534
-0.00486985892337652
-0.00491875616495288
-0.00386907726723484
-0.00397160595957963
-0.00404365353701507
-0.00407966842965574
