0.05
0.0377319497803975
0.0359171864510694
0.03325369953563
0.0358856225105635
0.0334758734213378
0.0309745774887151
0.0376094687318473
0.0353499782080555
0.031907519371534
0.0301367000541018
0.0293022254153217
0.0290421635099685
0.0291828631980601
0.0299979032481057
0.0377660799299726
0.0333891860888917
0.0297312728876821
0.0292416963457743
0.0273861336856298
0.025495409774911
0.0249957382519977
0.0246762801430195
0.0242725017377798
0.0235116390029979
0.0219297702145655
0.0198497033699069
0.0179520457814945
0.0163615541361229
0.0151235051596885
0.0142644914897878
0.0137763457633938
0.0375397143834125
0.0360037888957524
0.03406411424482
0.0325838951856241
0.0314455462142525
0.0306265081398494
0.0300216301165303
0.0294517289213516
0.0333384363338968
0.0342187291187397
0.0357230123125347
0.037334387551204
0.0391076808179705
0.0313163955743271
0.0296624045904555
0.0279954790203456
0.0387541838969415
0.037861092769978
0.0363086352526779
0.0342855512205433
0.0316314629231624
0.0284968825850523
0.0254839238296616
0.0225011502441516
0.0196014823886307
0.0171078530523029
0.0148727913870347
0.0129190024264437
0.011164158819171
0.00966215542656896
0.00838152425880408
0.0072112263813042
0.00617712518315624
0.00521401987115081
0.00427790742778347
0.00338571900598075
0.0025824939174269
0.00187350303194021
0.00126552651028597
0.000758388302502695
0.000210643972820399
-0.000366779795362661
-0.000884610562717015
-0.0013480317718769
-0.00173152997978581
-0.00205354636370933
-0.00231025317872986
-0.00249949022423421
-0.00262430579990069
-0.00268833352875502
0.0408049288242209
0.0418923984383979
0.0428639220208045
0.0437183741975859
0.0443854849481552
0.0449078551440168
0.045353457005642
0.0456552243903158
0.0458774843715769
0.0460347853556165
0.046115355317787
0.0271779974821567
0.0260821396778668
0.0245443563257722
0.0256668995815226
0.0224699086751561
0.0189657864751983
0.0240758995180377
0.0235495043687635
0.0229561079048514
0.023634223250638
0.0219620519559505
0.0197550613980981
0.0180720527167664
0.0165623023515541
0.0149358781254652
0.0133378399210623
0.0120952006374243
0.0110543391739394
0.0100682172356568
0.00924229372039675
0.00853719748476978
0.00798635569513072
0.00759998944008834
0.00735821551640475
0.00722444655752445
0.021821721660155
0.0198773609956105
0.017337243957948
0.014808512878071
0.012613915408604
0.0104591744362191
0.0221937553548554
0.0214574807552666
0.0206754396063853
0.00944537695838373
0.00848725039621122
0.00769416355200333
0.00705625663235146
0.00654235230279504
0.0061745494825247
0.00595074918581063
0.00584602297076114
0.0058643620117454
0.00602784197317531
0.00635460343862776
0.00685385158479673
0.00754034975635705
0.00845697851319472
0.00965986400398429
0.0112069820708684
0.013141983171924
0.0155037014069626
0.0183618102072524
0.021538024633837
0.0251660209676751
0.0288901529889019
0.0325649696025245
0.036264019973629
0.0388512161746708
0.0417344365373648
0.043800467088493
0.0452000705002857
0.0458193177780728
0.0457137655994567
0.044973165297752
0.0437233909295397
0.0426595894109974
0.0416596161121374
0.00943492809797305
0.00855228129529138
0.00781594167483424
0.00709671916565376
0.0064711240588311
0.00595816173509948
0.00557150972378751
0.00526238136928749
0.00505747044520223
0.00495128550410451
0.00495026556604041
0.00506197362531581
0.00530051350813851
0.00567135317486221
0.00617075771705977
0.00683643713208452
0.00763375295397776
0.00850196859407715
0.00941379161950629
0.0103392203205155
0.011197234123448
0.0118670759060487
0.0122471185001648
0.0195104068480981
0.0183305581544194
0.0172067171888044
0.0161822304598808
0.0152605492986102
0.0144269468581061
0.0136717186928144
0.0130203336627722
0.0124835899375907
0.0120531819720101
0.0117274695663662
0.0115093550411789
0.0113966961094347
0.0194209074351686
0.0180911722698827
0.0167633188122199
0.0155431441043241
0.0143962710791958
0.0133404293271269
0.0124171086484059
0.0115664954456988
0.0106503023165018
0.00969007006658904
0.0087560504872617
0.00791574008819579
0.00717106485751531
0.00648361747552467
0.00588013536488207
0.00535539902172274
0.00492175188087984
0.00456691743369147
0.00423482172728325
0.0037966840684338
0.00327705555611765
0.00282020804791234
0.00232275157691535
0.00188420722389271
0.00146151221592606
0.00103579233486896
0.000620757394356655
0.000240754775435979
-8.35389202253602e-05
-0.00034900429530744
-0.000572059575764386
-0.000762380720339684
-0.000906776885884548
-0.00102582389624716
-0.00112516993024435
-0.00118900686843009
-0.0012219184236857
0.0174016275929535
0.0159562340652842
0.0146129560014564
0.0132493480000535
0.012056652763941
0.010773040249512
0.00963699544637779
0.00866313671293715
0.00763779998601248
0.00669467019490491
0.00602982037370175
0.00505574101995614
0.00442218080027572
0.00365306200727985
0.00286929303573552
0.0022861661550632
0.00191624046413982
0.00154393814382639
0.00122968044119429
0.000999238720859332
0.000840569192673473
0.000764460668244207
0.017655377143993
0.0163527669752876
0.0150679026624088
0.0138177701294075
0.012664147036675
0.0116058490150032
0.0106252503851848
0.00965051785701344
0.00883734409975431
0.00802107835022825
0.00720551150296059
0.00642453724561608
0.00534499636170715
0.00428786672084301
0.00334269648803525
0.00248890592086195
0.00174562245102721
0.00108334381334638
0.000542279106694599
-3.31519018360305e-06
-0.000485359676812506
-0.000878261138886225
-0.00118724632524024
-0.00142316136735018
-0.00157641206400762
-0.00165793685126989
0.0301099602529605
0.0290608418849854
0.0276587263634686
0.0301869566909397
0.0296635638290079
0.0293681549463249
0.0269312897474372
0.026004939574671
0.0247646007031232
0.027060331551822
0.0264770644294207
0.026068550910454
0.0259857012370849
0.0261625922750153
0.0266044559031948
0.0273569109054927
0.0283766802349628
0.0295407335693062
0.0308999340126732
0.0323149766402098
0.0337192283957411
0.0351442431137525
0.0367644589441913
0.0381885339228718
0.0386058370631737
0.0377081535468964
0.0354671613349674
0.0316661137362306
0.0273275433935102
0.0224383888412579
0.0180447291770298
0.0144429071827873
0.0113529329406746
0.00874907930399388
0.00660124956977133
0.00481044961533345
0.00343603224657879
0.0023338200328081
0.0013393640268494
0.000622648955852541
0.000126314998954183
-0.000194849985175237
-0.000359637796059257
0.0222500264523024
0.0190813387949711
0.0158809070036419
0.0129963005568181
0.0105649705450424
0.00845644521775204
0.00664962183387437
0.00509271940705622
0.00384964275265271
0.00286887766170185
0.00214484400368856
0.00167273127944035
0.00142800583358191
0.0211546769845457
0.0181589494458362
0.0148697454571669
0.0135358874972291
0.0121999167225727
0.0108324326436467
0.0135842942359091
0.012250330996756
0.0108164696001228
0.00963586643485635
0.00864838805394502
0.00782513548007426
0.00718889802389379
0.00673215194210786
0.00644071957449323
0.00631852679838367
0.00635597151036737
0.00655467613510019
0.00691128072963993
0.00743933657727928
0.00813168521176367
0.00898787921133603
0.00998584926211244
0.0111393089178905
0.0123797667696431
0.0136846733451465
0.0150571402220955
0.0166036562592146
0.0181575081255639
0.0195448050345908
0.0206597855890235
0.0213693003601392
0.0217930066003519
0.00987500294293985
0.00887392954743275
0.00785446817985409
0.00691808435856042
0.00618784427926506
0.00556923348892119
0.00502758363256198
0.00463306395589946
0.00436561929757156
0.00415178133685545
0.00402348124567964
0.00399806442745482
0.00406593669413303
0.00419386831407832
0.00441280961559655
0.00470358303220719
0.00506523954105842
0.00546937689762318
0.00588764107884466
0.00623551531321613
0.00654862476501228
0.0068692985252615
0.00713123144683961
0.0072598615698485
0.00959519693504021
0.00842277463308681
0.00744801305407697
0.00651987903501702
0.00576837611668233
0.00503320990622016
0.00438897047069318
0.00391929657603854
0.00353031473972465
0.00319270965360161
0.00295974847199848
0.00282273366138506
0.0291386860120921
0.0291171807472436
0.029318584718811
0.0297777238057884
0.0304106099227236
0.0311151054009169
0.0319871920621045
0.0330165442591867
0.0341143041208013
0.0353279665548664
0.0366518687610473
0.0379769462143015
0.0392254932094734
0.0405831615696826
0.0420207672891938
0.0433279621541267
0.0444226193652754
0.0453429214214271
0.0460974040017389
0.046677303629778
0.0470820899904801
0.0473394675109754
0.0474853719224109
0.0295176051782164
0.0299512149851606
0.0306593078076142
0.0316372653718161
0.0326724234376698
0.0334826920323181
0.0339131774513107
0.0338585717007828
0.0332312145604848
0.0320028212437005
0.0302124350563612
0.0280639573543907
0.0255735775294386
0.0228939417948307
0.0203456440602989
0.0180327810938025
0.0159401688271651
0.0140442721539364
0.0123403389991659
0.0108410606698793
0.0095098942953553
0.00833023961943268
0.0073138595870006
0.00639721443535414
0.00543744756026437
0.00450398946647286
0.00367043349778943
0.00293492318399616
0.00231624471460534
0.00179867124366881
0.00136622837749074
0.00103507224377498
0.000776577930893015
0.000618451719758238
0.000531717145406051
0.0312735938944582
0.0329400536605334
0.0350604110401644
0.0290602978370381
0.0282707366013215
0.0278474463189201
0.0365956753904033
0.0381012464443636
0.0395004584888458
0.0407707402003134
0.0417625668716253
0.0426134527718955
0.043266228270629
0.0436996402983586
0.0439174818387119
0.0365260766441927
0.0372265861318282
0.0369007368403215
0.035249084128048
0.0322674054610285
0.0289993675663961
0.0253101069576008
0.021684524335951
0.0184810744248626
0.0155944685416922
0.0130779430603777
0.010893824707566
0.0089848404510458
0.00731645304723857
0.00583904000998888
0.00453730965791694
0.00340576361636522
0.00244681325056769
0.00163282541945991
0.000864211134384165
0.000120646451171701
-0.000530979988485605
-0.00110525695608544
-0.00160074672247845
-0.00201016854187905
-0.00234211782206713
-0.002609379636866
-0.00280722048389812
-0.00293653688703484
-0.00300321016945693
0.0357672095274577
0.0356110907226774
0.0351387856107086
0.0342957707197751
0.0337975250909469
0.0333819562257299
0.0136876564271328
0.0140727438651457
0.0150490760311321
0.0166447562490188
0.0187859406113897
0.0213844095872126
0.0243139649994026
0.0274453640253149
0.0307085640836826
0.0339406178126891
0.0368317762479522
0.0391927521841824
0.0410377305368097
0.042130504117345
0.0421234755640973
0.0407256281511764
0.0376072589664999
0.0328492959633375
0.0273172537722916
0.0220297607788688
0.0174890319325862
0.0137563335386107
0.0107553240772578
0.00839038611783182
0.00656219694842344
0.00518936935369514
0.00421373142285121
0.00359295507593124
0.00328205331011445
0.0137708429169542
0.0141643627228279
0.0149867185250119
0.016243293741991
0.0179081950712774
0.0197686101585718
0.0218112068693782
0.0242754451642649
0.0270150462757167
0.0296427376241538
0.0320634889905559
0.0344690534600087
0.0369025240778328
0.0393625415521235
0.0413088117272836
0.0424365686416736
0.0425893134307717
0.0415141967063053
0.0389230749287509
0.0345843360245327
0.0294412484631432
0.0235612216306803
0.0198363096664988
0.0163656140998598
0.0127796845352774
0.0100434924250571
0.00781103881107193
0.0059796976250445
0.00465973641625945
0.00369906760990158
0.00308065086575507
0.00276310603342964
0.0283480693720896
0.0267885061070147
0.0250080986504545
0.0231839234585988
0.0211931914390963
0.0297767333389864
0.0308629610032508
0.0326175822729104
0.0340577101009491
0.0353982449493442
0.0365216444177766
0.0371624733519026
0.0374575918048533
0.0374050934848572
0.0368671540662486
0.0359172151338891
0.0345319983502366
0.0327794401917076
0.0307575941744867
0.0286181384488367
0.0265088097791936
0.0244931536200435
0.0227735808951179
0.0207519716142957
0.0189790225877735
0.0176312339721387
0.0165124031384974
0.0156140928344939
0.014977744887626
0.0145868212558091
0.0143690748305177
0.0194234828502251
0.0164725211665532
0.0126973662891516
0.0201359392769668
0.0184895817253406
0.0164634631053178
0.0142470999820055
0.0107691009523508
0.00941090763604703
0.00841104990320943
0.0113165242571993
0.0100908508065564
0.00885223534973536
0.00788909248989667
0.00664136593847404
0.00810801707221913
0.00753082097845757
0.006801815231707
0.00609685843102925
0.00731147425578438
0.00632227894904238
0.0053382497097413
0.00605240996223063
0.0060759315381139
0.00616825697318153
0.00630121751133467
0.00648604260643728
0.00672140179645194
0.00699431814760608
0.0073512782535896
0.00781662811166252
0.00842238566121875
0.0091996053231377
0.0103115533368819
0.00549577667754602
0.00491030366299502
0.00433062447190381
0.00393160971410745
0.00346216366084136
0.00313357810417614
0.00277893068930714
0.00247135365543485
0.00224275621173629
0.00205342990549681
0.00189760979230536
0.00177900749650403
0.00170596000320577
0.00166827706024654
0.00166186708896738
0.00168738875760331
0.00174818011980917
0.00183208917999709
0.00194255344578705
0.00207150823048873
0.00219912185160824
0.00232476884688375
0.00243577646024837
0.00250976219087205
0.00254893097556845
0.00945752219829168
0.00884048073286281
0.00843302410378921
0.00820285009647587
0.00804513753882368
0.00796951006692214
0.00793489404738194
0.0124305070580622
0.0148088895774916
0.0175295348769249
0.0203528997726482
0.023364893485866
0.0265528592974117
0.0297529170688097
0.0328936290469414
0.0358529659424977
0.0385493141926309
0.0410517087094004
0.0432612974673524
0.0450594008203613
0.0463884728189801
0.0473088666454298
0.0479496952291235
0.0483488633211362
0.0485365098978386
0.00497605218283818
0.0045609037201015
0.00408116568104755
0.00354715445963295
0.00301045265031949
0.00250507814277838
0.00202823354641006
0.00157805901131334
0.00115339877499306
0.000753591652964989
0.000378306047028143
2.71648764433075e-05
-0.000300067282876752
-0.000618999773379569
0.0048101445191409
0.00426438607097641
0.00371425660193678
0.00317083482563773
0.00269503372159027
0.00223449247467936
0.00179422929341365
0.00138882818253143
0.00101005132667272
0.000625344675358417
0.000231063019525517
-0.00013453868160619
-0.000440066516341721
-0.000691663231748279
-0.00088338903537005
-0.001035243051064
-0.00113291333149085
-0.0011876601679861
-0.000560266376819406
-0.000476406612731722
-0.000374604216575029
-0.000236307949207209
-8.32873028042834e-05
7.5255324466315e-05
0.000294343811570505
0.000587456528821276
0.000898448912633228
0.00119394266544597
0.00146962485844563
0.00173332949600993
0.00199503830218312
0.00224282018402766
0.00245551914433533
0.00261392951312891
0.0027233380182308
0.00278615832419155
-0.000972593889147107
-0.00129058882709787
-0.00157669929899061
-0.00183698232571358
-0.00207855115007338
-0.00230529926397044
-0.00250901082188919
-0.00267619848239527
-0.00280197429898527
-0.00288580874316585
-0.0029290311052027
0.0060717945201422
0.0054806811076753
0.00487867048525418
0.00434864898602865
0.00388166191822126
0.0034514368064539
0.00307543250052661
0.00272307543350743
0.00242877905393049
0.00219270709999683
0.00200835390360277
0.00578669787844016
0.0048406074022378
0.00402763127156644
0.00317639563335396
0.00250469093328146
0.00177239040306452
0.00117454422517055
0.000673946933703895
0.000211513479941815
-5.102691975886e-05
-0.000303759049393285
-0.000462794456954977
-0.000542639418319131
0.00124432033095294
0.000598993166776534
5.12903256550553e-05
-0.000474285657477536
-0.000887535808525699
-0.00123206280744275
-0.00147298971295612
-0.00165143930191537
-0.00175553522037443
0.00252946539683789
0.00311618417206501
0.00377356825545503
0.00451196641919219
0.00534524362556637
0.00627882166392824
0.00732242844896135
0.0085092269740228
0.00982574365028563
0.0112635112810914
0.0128925731564423
0.0146233943929085
0.0164272440473444
0.018315424232387
0.0202458446300803
0.0222371529091745
0.0241942539962351
0.0259408093616607
0.0273152666882489
0.0283962722460108
0.0291481075190341
0.0295271777496776
0.0132366658174773
0.0120856861111174
0.0109019995683393
0.00978483411713716
0.00873979126562417
0.00773489408014871
0.00669070451102378
0.00573036011295998
0.00506514893492764
0.00425153585139831
0.0033558298222244
0.00261003724317885
0.00187325788206276
0.00112686480788321
0.000445378337008201
-0.000240293271658646
0.0132700823888596
0.0122638300140665
0.0112981180937888
0.0103974962275125
0.00953904779636678
0.0087034951604681
0.0078698046350818
0.00703508766687874
0.00624314120451178
0.0055355185945789
0.00493638580730224
0.00444253262351274
0.00400235545744996
0.00350275755864887
-0.000661993738508559
-0.00114876917639235
-0.00160691663600943
-0.00201514339703861
-0.00242639485845865
-0.00278728264714106
-0.00311688706451886
-0.00347339704116995
-0.00375364531743788
-0.00400700913764498
-0.00422033696204286
-0.00440532148992509
-0.00455355513131287
-0.00466451883274
-0.00474001947413942
-0.00477960093211283
-0.000649283366328588
-0.00104422231264605
-0.00144688598139928
-0.00180438094513931
-0.0021125114034476
-0.00242793496616488
-0.00270632296254125
-0.00293662996557255
-0.00312734437846668
-0.00329260814086545
-0.00343881949338784
-0.00356291393985815
-0.00365633188192304
-0.00370826451625843
0.0031597698214371
0.00287792223566325
0.00263084409209675
0.00240209138586011
0.00220250826777359
0.00202991840162747
0.0018917927393138
0.00178014734290248
0.00169166212538382
0.00163386587799855
0.00160981796231039
0.00161696010751785
0.00165579590799946
0.00173323178572817
0.0033515963020124
0.0032160874675928
0.00311771441717383
0.00303888675187738
0.00297376052924471
0.00294338649903617
0.0029514052359474
0.00300182996631705
0.00309941348443909
0.00324618423856386
0.00344987320398332
0.00369110680003207
0.00401321702092049
0.00441743055105465
0.00491616818021061
0.00549023836083769
0.00616932926888572
0.00701376999179365
0.00800278679025678
0.00915443244444432
0.0105128413385784
0.0121213650647883
0.0140200380390561
0.0162230017037384
0.0187526935404069
0.0217050913690651
0.0249950130770023
0.0284010044069951
0.0319247104646634
0.0353512591535766
0.0387656296392618
0.00196423592362718
0.00225494432071985
0.00261676590908723
0.003062533624506
0.00360161715791337
0.00418971597410306
0.00477279252960628
0.00544254983083467
0.00624976602475553
0.00713972677683827
0.00816539921292899
0.00930587830939721
0.0106514695827703
0.0123314136259509
0.0141627166775034
0.0160838746748186
0.0184038263255951
0.0210297821832101
0.023754782063965
0.026416528939001
0.0290574110528024
0.0317960740855409
0.0344742098987162
0.0369301671690233
0.0391838527539318
0.0413062682528195
0.00157969496370818
0.00146834697943106
0.00139469284320301
0.0425686711427656
0.0435508022544987
0.0438404850282063
0.0428939017401373
0.0400276328221787
0.0344475924254053
0.0427565189243919
0.0441893511476836
0.0450125220448103
0.0455084252078931
0.0291786503192909
0.0245010638793229
0.0213582746934128
0.0197380388995685
0.031938408747485
0.0296767960474028
0.0284553208697024
0.0402370958760735
0.0412138563473538
0.0414539105107777
0.0407146358581935
0.0383449525199663
0.0338783350189673
0.0406072335882381
0.042115604006939
0.043345377229956
0.0442032935418047
0.0445638274775003
0.0442873002162624
0.0430976008383964
0.0407978667614455
0.0370885743110703
0.0322027372890289
0.0270312749829675
0.0220489702570112
0.0177632731011185
0.0140540043074774
0.01097117980191
0.00847428112243653
0.00623141235161
0.0298780988219546
0.0260056277869569
0.022035707014933
0.0185857079811643
0.0154101674169037
0.0127202885173327
0.0104449545889103
0.00852841031368706
0.00690717449474502
0.00556245848735161
0.00441236391216428
0.00342812613181231
0.0026057215559262
0.00194187471672233
0.00142164043395484
0.00102555531726865
0.000739681439445964
0.000555030591589697
0.00046161588660566
0.0321213677739289
0.0299313126968159
0.027539216466876
0.025577664584288
0.024234581521802
0.023523784629702
0.00480157088274359
0.003525707378965
0.00251169213691034
0.00178093775240616
0.00123766391878336
0.000895491066995529
0.000722267790173986
0.00495457968044341
0.00394049802142309
0.00327752518154997
0.00296038809705172
