0.05
0.0370489610175795
0.0342570358036888
0.0296912402623079
0.0353382919480811
0.0329653078422113
0.0304310573439434
0.037003799337914
0.0343637967810219
0.029782750886513
0.0265344141958905
0.0239048172966267
0.0219219210638515
0.0192942670454911
0.0161719562503228
0.0371544906210992
0.0313436159551736
0.026181446910184
0.0254787847633691
0.0228767743978898
0.0203748025476965
0.01980343212443
0.0195189138850226
0.019260261351307
0.018916761892475
0.0183588405286962
0.01765635436832
0.0169103136888705
0.0160777141267784
0.0151418504484727
0.0141137321355331
0.0129636181072058
0.0369307410127214
0.0352878042071514
0.033161986350382
0.0314943335510083
0.0301787664111644
0.0292192724011732
0.0285183100135379
0.0278916202133757
0.0264933937087141
0.0234738824265754
0.0201487931362365
0.0171326816884912
0.0137978498768843
0.0274017571671026
0.0255414573855033
0.0238548254081143
0.012785073664977
0.0118676286628135
0.0111429425654759
0.0106725936742549
0.010385209209897
0.0103084114802681
0.0104397069495075
0.0107767062833075
0.0113565182501497
0.0121348543245429
0.0131495416804258
0.01438669860442
0.0158872696865832
0.0175648029008215
0.0193654062806973
0.0213879815451627
0.0235322804481506
0.0258535647790171
0.0283903212797729
0.0310272451209537
0.0335547859111471
0.035889391225137
0.0379530542586255
0.0396949790179598
0.0415571902507271
0.0434358792308713
0.0449836535011926
0.046198663796323
0.0470392459776755
0.047601777128486
0.0479412848042783
0.0481224903452021
0.0482068577122413
0.0482383036131612
0.012024489399014
0.0107903083562587
0.00960116112099125
0.00847382790414967
0.00753342539651648
0.00675563248871799
0.00605966258219788
0.00557060189715763
0.00520028394000726
0.00493253041759287
0.00479347913926221
0.0225812776463476
0.0211545516541457
0.0194732379399556
0.0232216369040036
0.0231460233925602
0.0236773641245731
0.0190837724005026
0.0186736528581134
0.0182385857300056
0.018205625146888
0.0167008906984131
0.0154801910382523
0.0150007920537081
0.0148826788070798
0.0150720431084253
0.0155848335566288
0.016227851350082
0.0169557167856221
0.0178281136345109
0.018707479761489
0.0195731685645571
0.0203262508490304
0.0208970079460613
0.0212735751768586
0.0214890951157453
0.0189312024924665
0.0208056308927578
0.0239215220245417
0.0277169610263975
0.0315027267689277
0.0355296597080501
0.0174762407954579
0.0168004051968275
0.0161390554495752
0.0375019533238138
0.0394743744184479
0.0410788418757272
0.0421242765901725
0.0423871181267238
0.0415108328789377
0.0393201827078478
0.0356686337852649
0.0306633225066979
0.0251841638903127
0.0202329799896763
0.0162221656171692
0.0130719606654893
0.0105542581873253
0.0085130699805318
0.00684283189265765
0.00546573336329294
0.00430761357128394
0.00329243285569352
0.00242069619291674
0.00159904548882269
0.000854499799591791
0.000165276991460607
-0.000518428016754082
-0.00101339414154004
-0.00161138554133448
-0.00212284398339046
-0.00259823450410648
-0.00301330693939894
-0.00334858322823101
-0.00363059419758291
-0.00385288116813347
-0.00397907356486862
-0.00406818475334811
0.0374971535426905
0.0392457733050156
0.0405769439403388
0.0413968444851896
0.0411190376870754
0.0392072781232236
0.0355360546911544
0.0300277519196567
0.0242283060234757
0.0189695651865619
0.0146376811456503
0.0111138814133531
0.00825594578734946
0.00598997368571817
0.00420578852023685
0.0027104379639069
0.00152143689797017
0.000606554802869882
-0.000111400308628681
-0.000680770270941479
-0.00111165309696532
-0.00140033460720288
-0.00154886732081694
0.0144973937102409
0.0131644301356313
0.0121260882368884
0.0113430618057723
0.0107577117217713
0.0103195902238983
0.00999551561722392
0.00977112387045409
0.00962483320535378
0.00953322704890221
0.00947947023307072
0.00945116884203654
0.00943907677213754
0.0160407210924563
0.0162641763279666
0.0168083850924254
0.0176262301482304
0.0187199344393862
0.0200604940952582
0.0215583305257241
0.0232622214997667
0.0254540346324993
0.0280885133863143
0.030915821307727
0.0336425645229178
0.0361608141015961
0.0385054802417621
0.0404942595091116
0.0420631627582521
0.0431049507866897
0.0436181102231212
0.0436500768703102
0.0429147796294811
0.0408543195966928
0.0376570345135001
0.0325354197705032
0.0272210183397759
0.0220862516529589
0.0173362487769022
0.0132577095409534
0.00999307524000851
0.00752274380406024
0.00568770090053851
0.0042586099908638
0.00310997826737747
0.00227505123801338
0.00160642548810599
0.00105864286121692
0.000710064774330719
0.00053117366898035
0.0242433132594913
0.0250364894977856
0.0259985850583812
0.0272001359075884
0.0284435377895431
0.0299927905200675
0.0315515945709111
0.0330352665772198
0.0347504189395954
0.0364529941703501
0.0377099080590406
0.0396254547669543
0.0409001017916128
0.0424622610219457
0.0440392500391471
0.0451763671883498
0.0458714314490792
0.0465424847690842
0.047081671168263
0.047458722733976
0.0477080526328019
0.0478245349830257
0.0238855666329835
0.0243338497045158
0.0250025445446934
0.025874647970253
0.0268852745232029
0.0279969107528231
0.0291929417842442
0.0305479835687839
0.0318104385364959
0.033207454477414
0.0347254102014812
0.036257065699507
0.0384256015262216
0.0405263228786634
0.0423140041286709
0.0437810803732144
0.044878252615327
0.0456544547070991
0.0460931542242442
0.0462802006453059
0.0461339885035068
0.0457048340896726
0.0451097728197658
0.0444521108716371
0.0439062886122985
0.043568670430601
0.0300114222383067
0.0295611025935721
0.0290255050473938
0.0285583763868369
0.0266502959895244
0.0245112512102476
0.0289200601675852
0.0288025231527891
0.0286598731066315
0.027965669823045
0.0262301713633526
0.0238403789241885
0.0216498615261193
0.019852051039228
0.018126175025312
0.0164503054480993
0.0149512833902514
0.0137216827861434
0.0126389319636424
0.0117604017407619
0.0110678751479742
0.0104978968939377
0.00993783545533296
0.00944137547186553
0.00917116668115433
0.00904986969283238
0.00913458426985831
0.00942819240949573
0.00991518585774234
0.0107148497190808
0.0118080237998624
0.0131463284217299
0.0148059168930614
0.0167651465226517
0.0189381274411237
0.0212722691313693
0.0234663467991239
0.0255277621704463
0.0276579064359614
0.0293599710279823
0.0306248705365378
0.0314826415243151
0.0319354091261728
0.0300579299268809
0.0320168343499929
0.0339795807718675
0.035574135352712
0.0366557339634263
0.0372870010484252
0.0375051380116404
0.0373696377832291
0.0369849717919851
0.0364662108810036
0.035939125305474
0.0355207297111929
0.0352777206307722
0.0271134101587322
0.0256216683819142
0.0236348284634454
0.0228240199348314
0.021906266517065
0.0208727662406953
0.0225224251969516
0.0210089536155213
0.0190489040744957
0.0171743541162818
0.0153719236975911
0.0136254463544424
0.0120075331147754
0.0105247362916899
0.00913974369055436
0.00788832997982031
0.00673669564081682
0.0056670084752791
0.00469330478073949
0.00378323690075863
0.00295418874105728
0.00219993390327674
0.00152663251626294
0.000912996162985937
0.000381793717799381
-7.53286180941133e-05
-0.000476225765515747
-0.000862813733899212
-0.00120650944191097
-0.00148523418863855
-0.00169392184260303
-0.00182098504812749
-0.00189473446528883
0.0195349021008727
0.0179104763032351
0.0160555833002409
0.0141808088060024
0.012582849807189
0.0110921892337359
0.00961633929781612
0.00835815742196054
0.00732671397848479
0.00624688316548089
0.00518252756355471
0.00419799552249236
0.00337000017902621
0.00271078717530479
0.00203081399128999
0.00142054919553118
0.000867024628497351
0.000391354673037422
-5.11111322037755e-06
-0.000284908242163327
-0.000505932397627241
-0.000707541579008715
-0.00085833019279783
-0.000928737548810987
0.0203502787473819
0.0197446502023138
0.0191601477882437
0.0185362230525654
0.0179865036857828
0.0174121617661654
0.0168819746820528
0.0164809038004526
0.0161391967844556
0.0158363006881657
0.0156246298600838
0.015499127674156
0.0232111590203852
0.0215959354063748
0.0196559666260186
0.0173706696623333
0.0152726789749659
0.0135676098830357
0.0119525599328352
0.0104433305125478
0.00911235941109953
0.00785352116044277
0.00665374637438988
0.00558257214295574
0.00466113835617335
0.0037261635778583
0.00277793124056917
0.00193177683624717
0.00122168924366937
0.000613773496547077
0.000100021309228085
-0.000310005348518687
-0.000607233597589688
-0.000802295469545144
-0.000915587999019426
0.0232497461457499
0.0217862623033964
0.0201054754578888
0.0181509884741729
0.0161771779520485
0.0144457231250864
0.0129984770410276
0.0118021680163318
0.0108541898165281
0.0101439780189039
0.00965910496309326
0.00939780137818417
0.00933686300928435
0.00949609169771926
0.00986896406454626
0.0104346064671584
0.0111901700003981
0.0121428656963826
0.0132920196733445
0.0146087836878932
0.0160899042568016
0.0177121360226859
0.0194041424162869
0.0212235193843893
0.0234395429627707
0.0258481519860605
0.0281984270026021
0.0304259122467438
0.0324080622861448
0.0341406625889076
0.0356387359228593
0.036814996086342
0.0377499714041772
0.0383282664732527
0.038647605948156
0.014744998961903
0.0130696374188466
0.0110287113420221
0.0156398781760093
0.0152241626082611
0.0150106706680324
0.00960599825022334
0.00824143626713743
0.00703550748737973
0.0060005595038905
0.00522780863288211
0.00458603245081927
0.00410404408209077
0.00378781800927562
0.00362977497571877
0.00951207849538713
0.00832436303812225
0.00736042243284497
0.00658865863583274
0.00720450997347237
0.00793464786144266
0.00889304380844478
0.0100728845400296
0.0114334783678066
0.013058307766018
0.0149393541563687
0.0170768033720032
0.0194670550136631
0.0220608646176203
0.0248179936264227
0.027639402229824
0.0304100149841372
0.0330043557630036
0.03538815832908
0.0377753332634547
0.0401629718870939
0.0422613515265794
0.0440564252154727
0.0455079925593865
0.0465961082608657
0.0473770224436882
0.0479245400301397
0.0482768871840188
0.0484808691572898
0.0485773098171435
0.00540972029191679
0.00450292998987025
0.00383110647495317
0.00316189809448106
0.00285281863605835
0.00263238820315803
0.012425895954873
0.0117706807827926
0.0109997030761679
0.0101704590398049
0.00935379351578896
0.00858032273597184
0.007864865228666
0.00720871690117254
0.0065989254116666
0.00604024942346349
0.00555752731513229
0.0051537983456838
0.00479762157613477
0.00448867379661495
0.00424695119860454
0.00406999165345672
0.00396059736947423
0.00392344245271669
0.00396230803350878
0.00407876501977884
0.00427127387098324
0.00453540529935252
0.00486045000417168
0.00522635223313368
0.00560645435031901
0.0059688922199873
0.00627856879712813
0.006503140234145
0.00662506514018761
0.01219346591162
0.0114686109883917
0.010704333992857
0.00994037227462372
0.00920116224427365
0.00855275360195605
0.00796426835976339
0.0073627224993558
0.00678481857060175
0.00629070102694853
0.00587267262487809
0.00548307186067663
0.00510154570892624
0.00470642716833378
0.00435239563053873
0.00406152201672343
0.0038258650460781
0.00364756712510782
0.00352753954250162
0.0034687949555447
0.00347879046332722
0.00357083877212447
0.00368892427633254
0.00386693131448138
0.00417499367306039
0.00455089015863655
0.00498011715269831
0.00544439847732463
0.00586337408165446
0.00622698111400279
0.00649311846730049
0.00664146431600749
0.0277920655161848
0.0278614265197268
0.028067838429359
0.0283108082104222
0.0285181875217254
0.0269532174220994
0.0247355979620516
0.0215389837220894
0.0189840045078073
0.0165126660035278
0.0141458304632695
0.0123257768633074
0.0106903226510528
0.00903861430839972
0.00737291151095891
0.00604547453964284
0.00486498119782228
0.00381983236783633
0.00289638235472039
0.0020942019930946
0.00140664063472805
0.000810573254666114
0.000332764622281915
-0.000206256034659986
-0.000669076718435653
-0.00101810755157434
-0.00130725483400201
-0.00153959532391957
-0.00170447766355206
-0.00180593485796026
-0.00186251404255835
0.0270821349887493
0.0244279049813016
0.0207437557712306
0.030223892826496
0.0324677481892631
0.0347519254209573
0.0366398884583659
0.0186775426464494
0.017169677567601
0.0160285796728754
0.0195242782230902
0.018275029344011
0.0168856657120906
0.0157364460816972
0.0141756195517694
0.0154629440524569
0.0142124516067393
0.0124816228245226
0.0106653183931879
0.0148767625839535
0.0138070666534208
0.0127182862049489
0.00973634641508663
0.00870610852895028
0.00762886107369391
0.00669933116708625
0.00576850170156729
0.0048650760985603
0.0040537609805911
0.0032461997029956
0.00247678949062228
0.00175904005761076
0.00109172096699342
0.000382916338269546
0.00972071021995397
0.00876113979764953
0.00776373075123986
0.00704115469529195
0.00613964417934181
0.00546439139595062
0.00467717001487606
0.0039226012798748
0.00329441068437576
0.00270244343581613
0.00212905259957484
0.0015824830889717
0.00111100652219535
0.000680054840224844
0.000213528401275827
-0.000191780063626327
-0.000597551221265174
-0.000934904104345397
-0.00124448725556178
-0.0015155842078623
-0.00173059992075549
-0.00190870325888094
-0.00204622060812471
-0.00213009451719997
-0.00217225701119733
0.000214427594954637
6.78521846172089e-05
-5.30437219757447e-05
-0.000138561809457737
-0.000213760488923037
-0.000259041252977193
-0.000283936559494665
-9.22867529096269e-05
-0.00054152828611306
-0.000978909566865677
-0.00137609344758641
-0.00175891288456175
-0.00213559597348839
-0.00249671136593029
-0.00284272071546316
-0.00316650516116019
-0.00346395887161386
-0.00374713253989669
-0.00400971324787443
-0.00424042997228665
-0.00442899629000995
-0.00457505983169455
-0.00468904603664017
-0.00476781928432928
-0.0048076703785896
0.0121592721470187
0.0114930054225755
0.0106975325170151
0.00978866368996942
0.00885600664578048
0.00796208085978881
0.00710539488688082
0.00628492984162126
0.00549987912084765
0.0047494196780242
0.00403261074872814
0.0033479441244243
0.00269399826762674
0.00203779322467815
0.0122883882163325
0.0118436523102812
0.0113954712880202
0.0109532654465939
0.0105667772199715
0.0101935305231582
0.00983769857010395
0.00951103186213282
0.00920672717516166
0.00889851247011958
0.00858342573628683
0.00829192119286747
0.00804879568298419
0.00784892347321336
0.00769682345668314
0.00757648658691104
0.0074991460875454
0.00745581618200194
0.00159545628640002
0.00119153068521001
0.000817813381863872
0.000413350729213729
5.10482692964819e-05
-0.000263254096233592
-0.000636742938605365
-0.00107398227400082
-0.00148518751495399
-0.00183422284163526
-0.00212734608484655
-0.00238126180606565
-0.00261011513534806
-0.00280776089417539
-0.00296430288271202
-0.00307390235916054
-0.00314633948517759
-0.00318670226210625
0.00174336283158467
0.00148522868671947
0.00125812556070005
0.00105558325791236
0.000870855922758813
0.000700030058714533
0.000548407535651717
0.00042514948696604
0.000333091209205481
0.000272044021162373
0.000240669055325728
0.0130464689950546
0.0118036203639672
0.0104718739496524
0.00924501111125025
0.00811878973973357
0.00703585736665966
0.00603953154581181
0.0050375896038355
0.00410727285165853
0.00323301615463893
0.00235967581870922
0.0134737080671804
0.0126885285028425
0.0120107664903726
0.0113001669351844
0.0107400302750013
0.0101307847998584
0.00963497186306854
0.00922111046214489
0.00883998628799587
0.00862409478496637
0.0084166573326853
0.00828630951817049
0.00822092346034333
0.00203871130747975
0.00177186707629692
0.00154768294464995
0.00133412277622731
0.00116698073869555
0.00102801698706259
0.000930977160701276
0.000859151623684387
0.000817264811407553
0.00178704240591113
0.00124737744204536
0.000738878523410119
0.000257898763078198
-0.000198527258737289
-0.000627553983572322
-0.00102926517498622
-0.00141098917227603
-0.00176459887562139
-0.00208863719460781
-0.00239823022818741
-0.00267793322272652
-0.00292912047835739
-0.00315852316167147
-0.00336659146258932
-0.00356128793119496
-0.00373891654150972
-0.0038889247105826
-0.00400272760358222
-0.00409013854348489
-0.00415004728901645
-0.00418002236721554
0.0369484782529128
0.0367106464521285
0.0357981872039057
0.0342240652062651
0.0320753082230135
0.0294359671800889
0.0262478071773266
0.0231283979687609
0.0209709951211329
0.0184025926927943
0.0157310796024319
0.0136544635276055
0.0117368599347347
0.00992146243947607
0.0083626753229247
0.00687403901387202
0.0374839211492203
0.037843857301563
0.0376536056897469
0.0369042580180147
0.035569302316757
0.033605678787361
0.0309741679305147
0.0277578493302622
0.0243610289247613
0.0212251275390723
0.0185962973564003
0.0164828092236696
0.0146476002680281
0.0126142722649131
0.0059605861179845
0.00496947975643097
0.00408955191079275
0.00334641592752107
0.00263531267207646
0.00204060474337397
0.00152038539254917
0.000981650430985124
0.000574206080631896
0.00021762087254765
-7.44066505754065e-05
-0.000321756978865091
-0.000516189488259446
-0.000659598674416805
-0.000756133863225005
-0.000806399212768275
0.00604986875388687
0.00530614340462192
0.00459261673396565
0.00399273030614943
0.00349936421949289
0.00301615386778658
0.00260673651244642
0.002279545781567
0.00201630941876887
0.00179375423837927
0.00160104136724007
0.00144044472154594
0.00132126537985829
0.00125562259789678
0.0113809250107045
0.0103893739423948
0.00952872018505337
0.00872891949596059
0.00801558224965192
0.0073699135241989
0.00681222573799409
0.00630511031654055
0.00581794433248093
0.0053689488727729
0.00497566171727863
0.00462846077780021
0.00430450904323685
0.00398515474377357
0.0118567977857608
0.0111566780516593
0.010607439899973
0.0100936175209625
0.0095326063563086
0.00903746879167899
0.00865497346660471
0.00829574655560578
0.00797756098723567
0.0077040535100725
0.00746393917643785
0.00726882872666888
0.00708033592403991
0.00690338984093227
0.00673310228336601
0.00657306419869554
0.00641218372310787
0.00623774789885935
0.00605597936441504
0.0058645696421717
0.00565862079336054
0.00543565263030505
0.0051954475115538
0.0049419360050248
0.0046777452812788
0.00439794250739089
0.00411317613963744
0.00383915667806846
0.00357009606081659
0.00331779216568673
0.00307478527790224
0.003765439226413
0.00354429856673251
0.00332011149191107
0.00309274726394544
0.0028655854212617
0.00265976992826251
0.002487659524825
0.00231941605092496
0.00214767208090815
0.00198688565463477
0.00182817267741322
0.00167581700654531
0.0015194741828531
0.00134848958782776
0.00118208677650397
0.00102295279758681
0.000845261463202828
0.000656172050466649
0.000466871884189278
0.000283616207336399
9.93946350279147e-05
-9.79872993717813e-05
-0.000301469898834041
-0.000502149376771449
-0.000704808357153814
-0.000921514640357756
0.00388645015394718
0.00381613826884355
0.00377023121841048
-0.00120338712064216
-0.00155990322942673
-0.00197743864851253
-0.00240853140337152
-0.00282221647590038
-0.00322907374810828
-0.000930425597393296
-0.000942359027490817
-0.000950610655855837
-0.000956262103988267
-0.00350008914851422
-0.00370073584373318
-0.0038301340560482
-0.003896893176445
-0.00337970737495439
-0.00347564335965712
-0.00352072522438975
0.00283872725488828
0.00265522305764953
0.00253647664768207
0.00247498551271559
0.00248161834798656
0.00257172725182926
0.0030865572164448
0.00313566119285137
0.00322396306708849
0.00335306690149781
0.00352724475357255
0.00373231102620489
0.00400550953378808
0.00432046518691106
0.00470051737092878
0.0051509683173177
0.00566530983537332
0.00627293587042626
0.0069612601536925
0.00776669925363709
0.00867253677371511
0.00964148943000497
0.0107550537999714
0.00334647779275261
0.00409477994598149
0.00496041924670264
0.00587601475959326
0.00694203799019521
0.00810993572899404
0.00939073983281645
0.0107828188249919
0.0122879606908154
0.0138586667650845
0.0155195080038812
0.01724659250675
0.0189619182504352
0.0205630728599197
0.0219720547396294
0.0231440871397458
0.0240462759327937
0.0246549378343093
0.0249709411143002
0.00194116103816133
0.00145761949487435
0.00104573365672142
0.000748484440854509
0.000557220486235163
0.000458891971917316
0.0121989235109654
0.0138561904340635
0.0154954059764421
0.0169068049131148
0.0181137199742481
0.0189528355715819
0.0194041124624436
0.0109040721954247
0.0110993105368494
0.011273929642073
0.0113733704834163
