0.05
0.0373644720617775
0.0342549068139918
0.0290334456449326
0.0358579065614283
0.0337536413376133
0.0318128785791554
0.0373889422757575
0.035380544753067
0.0324774093526256
0.0309406047750863
0.0299593813588728
0.0292468330034379
0.0281739491751985
0.0264310214459127
0.0375539202868163
0.0345385166424245
0.0323973018949036
0.0322510961032104
0.0323494900424088
0.0325101657722525
0.0324694235142663
0.0323413679593617
0.0320276506148143
0.0311681850543855
0.0289353389246551
0.0255573396228617
0.0220939196869379
0.0188331619020912
0.0158626855593231
0.0131866555086019
0.0106555098517344
0.0372920768830274
0.0357147933296056
0.0336999264062602
0.0321387897482172
0.0309153355543283
0.0300158248862675
0.0293340587657175
0.0286748112057348
0.0266134672987619
0.0243442845582156
0.0217873801387458
0.0193523274763317
0.0164929994306283
0.025772834438684
0.0229126478797226
0.0201038273585296
0.0151555940378596
0.0137592955423306
0.0124332041798885
0.0113181179358691
0.0102619552507705
0.00927977485567948
0.00846613976553152
0.00772929231652807
0.00705263498068469
0.00649505059194747
0.00601843759768453
0.00563005980636676
0.00531895703588352
0.00509915706182368
0.00496505060554371
0.00490879619120637
0.00493775374614957
0.00505651146797233
0.00527890911731437
0.00561177388426226
0.00604298211497787
0.0065687654822842
0.00717745290324098
0.00784030661844289
0.00874863326031922
0.00993182274422579
0.0112046346595518
0.0125467993062001
0.01382923809159
0.015044966058389
0.0161146235235081
0.0169640763474902
0.0175540377760948
0.0178663073601318
0.0154054022105064
0.0146283336453579
0.0138640986579129
0.0131264379082588
0.012502324828821
0.0119806693156128
0.0115099905321501
0.0111773140758822
0.0109243930241399
0.0107409840863905
0.0106455622543893
0.0185438351973099
0.0166905401463611
0.0143731233862772
0.0171443202187692
0.0139214927344274
0.0110317436099053
0.0137843139940075
0.0131461608118195
0.0124495210049437
0.0126993786510336
0.0103345015958345
0.00780105644165308
0.00613362848834737
0.00477379572953633
0.00340998933875019
0.00214355559165304
0.00119856669837363
0.000431770992330012
-0.000274183959859312
-0.000850546930845394
-0.00133183187510327
-0.00170091362845559
-0.00195602720845555
-0.00211395913023534
-0.00220070863529121
0.0118939924122509
0.0115033217645433
0.0114594839938521
0.0119347776932439
0.01289646941489
0.014504574460254
0.0114800578127456
0.0105888872719638
0.00968226688136041
0.0154686621056287
0.0170971174533265
0.0192348651155388
0.0217959592537671
0.0248018933431657
0.0279741837050732
0.0310089432058449
0.0339341777657825
0.0367417252659682
0.0391986654215308
0.0409635204787313
0.0417067770749853
0.0411394936040117
0.0388971111091194
0.0347244567669481
0.0291718372706346
0.0234901737982555
0.0184839783154594
0.0142669319593223
0.0109315983398927
0.00810620723350247
0.00584236341820261
0.00400260746968393
0.00241139805382891
0.00138902063413086
0.000290643808777734
-0.00054782129965024
-0.00125366039573102
-0.00181973984822455
-0.00224720388948048
-0.00258800857816392
-0.00284554680100311
-0.00298800678273044
-0.00308663333743851
0.015737298084091
0.0175291136818621
0.0198185439762987
0.0230142200743348
0.0266795685824212
0.0304469965818164
0.0338745196760311
0.0371418817918663
0.0397468662683516
0.0415007260634906
0.0420718640281574
0.0411044113327192
0.0381256188595818
0.0331805347802132
0.0273995475201925
0.0216553221007711
0.0168804361383421
0.013228613249069
0.0104223980576044
0.00825058002619525
0.00664492378477887
0.00558971271226318
0.00505384501855052
0.00801649504167472
0.00652157647599748
0.005215177307041
0.0040949928628109
0.00313035497587792
0.00228536695592225
0.00153798565530151
0.000904791762756137
0.000389800191502986
-1.92629165769494e-05
-0.000326718862576896
-0.000531655773981497
-0.000637213924703305
0.00874651147464336
0.00794241281480598
0.0072973691585586
0.0068439555663232
0.00655272238444808
0.0064234762114611
0.00645343335688949
0.00663763637595409
0.00703441657783099
0.00768569375582707
0.00858023365220562
0.00967610365255462
0.0109664034602768
0.0125099330924475
0.0142263870480765
0.0160931830188768
0.0180110050322962
0.0199223976657185
0.0220195939477581
0.0251164394049801
0.0289846235075604
0.0323741441349633
0.0358853409903626
0.0386693665239062
0.0409353816419935
0.0426212209950746
0.0434192045569557
0.0430076553032272
0.0412119944408907
0.0381429116705414
0.0340746125287112
0.0294904780265929
0.0254835877608317
0.0219625317050969
0.0189564241673089
0.017018752254564
0.0160213978779217
0.00993162299276239
0.00910407035837557
0.00847958954130901
0.00798566484812967
0.00767525037983076
0.0074816622441759
0.00744786931802025
0.00754098295126084
0.00778492784841434
0.00815547800318192
0.00850355237199866
0.00916088163811994
0.00969426085673985
0.0104730627948771
0.0114324251175282
0.012267323131341
0.0128558326479441
0.013501827302442
0.0140916900726316
0.0145513813523993
0.0148823093729009
0.0150452413048158
0.0100281464223296
0.00920573858048512
0.00854763352424463
0.00805374892694
0.00773808396711987
0.00758364143546682
0.00757610383708146
0.007724555962195
0.00799668815326623
0.00844641144106794
0.0091108801881776
0.00995127459696218
0.0113860862077469
0.0130751973420192
0.0148662961389816
0.0167585054368774
0.0186405159374495
0.0205135558496806
0.0221872892452447
0.024017661527585
0.0257561562046814
0.0272520686638719
0.0284707659017325
0.0294236389151612
0.0300519471830078
0.0303891483851374
0.0314606761024287
0.0311271727556594
0.0307975378276356
0.0306505071548924
0.0296289136497549
0.0285967994316477
0.0306386095449512
0.0304618315984359
0.0302516104018958
0.0309199905488999
0.031810803139209
0.0334331469452529
0.0349526055705061
0.0360699041546943
0.0368969650697528
0.0373023608247133
0.0371088676393862
0.0362902204010462
0.0347707029609811
0.0327017768394096
0.0302560433425538
0.0274319648600661
0.0237630813843053
0.0196040388807176
0.0164377564700468
0.0131652876276693
0.0108232006652458
0.00868144596555539
0.00694005070944752
0.00526884264532362
0.00382390398851991
0.00261223380824637
0.00152316381133404
0.000551808521727884
-0.000298486687648288
-0.0010502431826287
-0.00165877309161803
-0.00217008421292772
-0.00265236055327622
-0.00301325589335372
-0.00327033474303573
-0.00344006984194112
-0.00352827929563862
0.0279554794109112
0.0251544817015383
0.0224504361319842
0.020200661039101
0.0185128971094089
0.0172499019049034
0.0163438988621936
0.0157117247740676
0.0153148450311065
0.0150750544535961
0.0149421829348511
0.01487677047467
0.0148499518274618
0.0312303028041049
0.0320805878427355
0.0327623458334486
0.0330165999845332
0.0330642549092384
0.0328788615668406
0.0325380872863385
0.0315688571877779
0.0296338175925826
0.0272070272426006
0.0244500214566302
0.0215358944304336
0.018763275242699
0.0162480182977353
0.0139675316463278
0.0119839416584921
0.0102294947138253
0.00866170482455976
0.0072850240232935
0.00604005562699605
0.00493923454137011
0.00396396087672535
0.00311339650767061
0.00235390835360646
0.00170827554832674
0.00116174792813854
0.000689504171115138
0.000239963403873104
-0.000155584830591237
-0.000473682758771974
-0.00071031342461408
-0.000853777489842015
-0.000936808432969731
0.031449922685231
0.0291751017544147
0.0261104925825455
0.0227445946624387
0.0198204204514651
0.0171370593406098
0.0145799560076023
0.0124999297148261
0.0108671063081851
0.0092281132816669
0.00768014094425264
0.00630425250546623
0.00518565033894588
0.00431847485383562
0.00344504512442434
0.00267810252749783
0.00199568386184117
0.00141881019298024
0.000944485974091681
0.000613118195826866
0.000353431031453734
0.000118211475397086
-5.6782694482041e-05
-0.000138244434462645
0.0334106851314967
0.0334123768187012
0.0329677144148191
0.0321053832801872
0.0310680701901786
0.0297413548006919
0.0283296301450973
0.0271611936070626
0.0261034835404795
0.0251283573360445
0.0244328417949155
0.0240157593897351
0.0282264292272891
0.0277212641086566
0.0269660867410213
0.0258229886510403
0.0244844805343505
0.0231620199068372
0.0217047175378759
0.0201817776687025
0.0187372637985511
0.0173065746417633
0.0159033848121402
0.0146308279528726
0.0135286321407127
0.0124083642051174
0.0112740378331174
0.0102651565450358
0.00942165586984384
0.00870207134759296
0.00809585027399564
0.00761327096052301
0.00726412337188755
0.00703529004679607
0.00690250111742401
0.0277667622707526
0.0267136253038666
0.0253451290650454
0.0235231365682331
0.0214147318007991
0.0193167137381036
0.0173390242233989
0.0154800387747357
0.0137628373444374
0.0121900097575348
0.0107503622538785
0.00947812619222399
0.0082753411270037
0.00713938907290098
0.00613293962047824
0.00524746405136559
0.00445337407500569
0.00373193672930912
0.0030782062405572
0.00249730245446334
0.00197669964125715
0.00151177945961877
0.00110898667837005
0.000744588074794409
0.000362915149995122
-7.3388985624617e-06
-0.000335899564825753
-0.000622758139181972
-0.000860543257307408
-0.00105599300948827
-0.00121613040180494
-0.00133641673691389
-0.00142864254565405
-0.0014842989398351
-0.00151453993637293
0.0247656147872389
0.0225858741500747
0.0197344563717523
0.0271132414307677
0.0276704146823817
0.0279639354846942
0.0182181044142913
0.0166960565838371
0.0153167825208771
0.0141195540812484
0.0132230920367254
0.0124792398664658
0.0119220054334045
0.0115573898295363
0.0113755151927898
0.0169473893071763
0.0145229045470589
0.0122896787171132
0.0101561369535361
0.00911968330975287
0.00827929788583322
0.0074896339621222
0.00678573652129772
0.0061877659599834
0.00565555205449208
0.00519400105999275
0.00479807853583492
0.00446181253032898
0.00418414610272398
0.00396176472134855
0.00379700948803596
0.00369271505737058
0.00364972728255477
0.00366281985863
0.00373258964709961
0.00386556669700113
0.00404846454981997
0.00427617729855043
0.00453639003157378
0.00480633723133787
0.00506887190929967
0.00531338809357846
0.00551575136318418
0.00565877527322801
0.00573616762261188
0.00931336108998276
0.00867010841616507
0.00819609227959641
0.00772614242830578
0.00750966083840205
0.00735555409903718
0.00956136150240568
0.00852676179724252
0.00756127254681706
0.00672635005284731
0.0060728021245826
0.0056002874899816
0.00529682851454323
0.00514889233852587
0.00515177516200171
0.00531523022835847
0.00563602521004816
0.00609986403366038
0.00674757780655132
0.0076261560142708
0.00871988120062241
0.0100631886969836
0.0116852967667433
0.013597081391936
0.015785985796845
0.0182064281413787
0.0207826812424153
0.0234257208276712
0.0260215503124201
0.0284447206321431
0.0305942804748664
0.0323918999452063
0.0337755858792177
0.0347052832029656
0.0351863418696254
0.0092080830571051
0.00807773770306639
0.00707538671092668
0.00623383955021279
0.00555494775872427
0.00506434401693862
0.00470729475490741
0.00443920221776742
0.00429119447764656
0.00427204066888721
0.00435946897570773
0.00456268608992055
0.00491504212994228
0.00547289127547601
0.0061959560092357
0.00705468363563326
0.00809348315626034
0.00933543496962368
0.0108092956014196
0.0125860681986996
0.0145263338056205
0.0169700478899211
0.0188279263348227
0.0209114530198779
0.0236411967512482
0.0262664790154907
0.0287985572341261
0.0311692331888326
0.0330595049553595
0.0345422745766086
0.0355476048535835
0.0360805731385583
0.0280493221190503
0.0271902237115233
0.0261767438972826
0.0250517552401821
0.0236955358199102
0.0281953532386043
0.0270222735142574
0.0251999037061467
0.0235695398856602
0.0217804281875244
0.0198504057664293
0.01821605771484
0.0166313959627151
0.0149351683271355
0.0131339439847267
0.0116279955946445
0.0102284697863284
0.00893608004245398
0.00774596051580474
0.00666862333988097
0.00570668385569393
0.00483755190732029
0.00411231887643285
0.0032602622624261
0.00249963089058446
0.00190639175794154
0.00140015036869665
0.000982431214492022
0.000679561665727127
0.000490382010728505
0.000383799161812006
0.0221384726664896
0.0193723994228704
0.0157109182545783
0.0231642128918724
0.0220535591258753
0.0204409275950577
0.0184695388333242
0.0137838073614228
0.0124091150555132
0.0113860914191841
0.0144061027701403
0.0131966329477935
0.011936009010123
0.0109339619700391
0.00961108880913093
0.0109278732128381
0.00996027901427726
0.00864538866463509
0.00727576038201206
0.0103437338120613
0.00939304224177429
0.00843640234084456
0.00662409216240306
0.00590505532683608
0.00515476425934182
0.00450715440280585
0.00385741137697173
0.00322487533095537
0.00265505558820847
0.00208667565383703
0.00154528200084326
0.00104213146547751
0.000577763906731666
8.95991292499973e-05
0.00652187831030389
0.00575333031602606
0.00495013546847058
0.00436448340999514
0.00362819464189327
0.00307168215578345
0.00241630365983533
0.00178011833576218
0.00124337915897928
0.000730686777873072
0.000226777540411933
-0.000261301224747936
-0.000689484891490625
-0.00108746238937179
-0.00152539218394743
-0.00191144810848064
-0.0023033460512963
-0.00263336878395824
-0.002939724871126
-0.00321079823558809
-0.00342765909434682
-0.00360857296134701
-0.00374906844939105
-0.00383509626724337
-0.00387844302582886
-0.000198809579274194
-0.000461538973290074
-0.000686388846441882
-0.00084963479174076
-0.000996184837405153
-0.0010856604622701
-0.00113528088634084
-6.4253416495122e-05
-0.000203713305809243
-0.000339328438303449
-0.000467193190562509
-0.000598416356608432
-0.000738045951011876
-0.000883473927311219
-0.00103410369979994
-0.00118472201335929
-0.00133029228564249
-0.00147381143176112
-0.00160941091858075
-0.00172885583672285
-0.00182548558741635
-0.0018990815857925
-0.00195543357021278
-0.00199370050415301
-0.00201282660238182
0.00797090623239725
0.00742050652061265
0.00676674574643215
0.00602190906649616
0.00525855356935876
0.00452718954701638
0.00382623312089356
0.00315468624023173
0.0025118247563261
0.00189695376724654
0.0013092929022225
0.000747591128783644
0.000210655942978466
-0.000328653913585809
0.00803638957716349
0.00762490805297266
0.00721196869540451
0.00680586429289863
0.00645186942437318
0.00611080025742424
0.00578635218291275
0.00548907399277394
0.00521258580716364
0.00493288841612075
0.00464721659838446
0.00438309937176417
0.00416291849776595
0.003981970038381
0.00384430412778869
0.00373540618949278
0.00366542527136487
0.00362622130921926
-0.00069435960124406
-0.0010293355735495
-0.00134030127718721
-0.00167830849070281
-0.00198286744668951
-0.00224884596953005
-0.00256717088545314
-0.00294265755998052
-0.00329848254342563
-0.00360271439800093
-0.0038599043409582
-0.00408402582785808
-0.00428714637101451
-0.00446345774161701
-0.0046037026549788
-0.00470221110579666
-0.00476746745510399
-0.00480388544677697
-0.000569493697198486
-0.00078102792476658
-0.000967481591820529
-0.0011340883300415
-0.00128633067217622
-0.00142737280665534
-0.00155276378807567
-0.00165483920071272
-0.00173116269595062
-0.00178181791731999
-0.00180786583405953
0.00873786476411029
0.0077900922170585
0.006783009346994
0.00585953902975325
0.0050138530482073
0.00420165708643778
0.00345472091822874
0.00270338329921919
0.00200503553089749
0.00134751687528095
0.000688738419106272
0.00895537758051971
0.00823397607445273
0.00761820257379459
0.0069780932730308
0.00647649874396095
0.00593342216172442
0.00549291097676208
0.0051260259717343
0.00478872797361725
0.00459784479662357
0.00441456707592809
0.00429945631139577
0.00424172942314581
0.000400964519678305
0.000155579524406906
-5.49948142158825e-05
-0.000259604628956697
-0.000422521800325979
-0.000559932480890695
-0.000656938791128249
-0.000729338292749426
-0.000771814705106382
0.000292383607522501
-8.36085115179188e-05
-0.000442345604171825
-0.000787988915833791
-0.0011240072361712
-0.00144921073508071
-0.00176397616262169
-0.00207415830463962
-0.00237274470891328
-0.0026571522166979
-0.00293958452729547
-0.00320453234607976
-0.00345110057792696
-0.00368408645685541
-0.00390219163458387
-0.00411201095070662
-0.00430794910053465
-0.00447669278530401
-0.00460666863664521
-0.00470766457631792
-0.00477747521982612
-0.00481258586265202
0.0174836829689728
0.0162821549921916
0.0149910527024011
0.0137377268484926
0.0125455698162908
0.011388923347442
0.0101826711791666
0.00907409726666498
0.00830861031519669
0.00737637785805877
0.00635693150341826
0.00551480297735607
0.00468969226049179
0.00386146511982995
0.00311248486156718
0.00236606957526454
0.0175849388789897
0.0166000870850595
0.0156012779856023
0.0146318712660708
0.013680478517811
0.0127340942993791
0.0117740275731109
0.0108002354583498
0.00986674330504133
0.00902537651561036
0.0083073678876892
0.00771102294213322
0.00717532805164062
0.00656151979591821
0.00187175802945075
0.00130798500951201
0.000785128386878746
0.000326918208754662
-0.000126207196047088
-0.000516087913227106
-0.000865351248100792
-0.0012353248793281
-0.00152048839005844
-0.0017739083265531
-0.00198409427072765
-0.00216400069923785
-0.00230661535953008
-0.00241247845011113
-0.00248406616659659
-0.00252144878057897
0.00195705557218644
0.00157052249231754
0.00118450672973585
0.00084853342415803
0.000564147390422184
0.000278181739842104
3.01093355620523e-05
-0.000172028054412525
-0.000337249228035516
-0.000478801749489512
-0.000602775803951347
-0.000707080285105811
-0.000785057905024608
-0.000828210832748355
0.00609345119767002
0.00569750481302772
0.00533823264199898
0.00499082928338584
0.00467000056393748
0.0043709555264577
0.00410656817199613
0.00386183530161453
0.00362359429474323
0.00340222808243655
0.00320785564090939
0.00303675275561836
0.00287836576541281
0.00272430530255204
0.00641712279769199
0.00628868397592451
0.00619579627674222
0.00612078713638617
0.0060561334655643
0.00601907666191085
0.00601111891415813
0.00602873736815628
0.00607118980343796
0.00613458646709367
0.00621637975126498
0.00630332939209904
0.00640503711406754
0.00651296405495019
0.00662170567741741
0.00672037222887173
0.00680887134517913
0.00688673487407529
0.00694437344680733
0.00697899752228671
0.00698899345071433
0.00697273055553313
0.00693015731859959
0.00686471585570213
0.00678283347963578
0.00669145772139211
0.00660715910597051
0.00655136647988084
0.00654311626348168
0.00660832693726659
0.00678268023625337
0.00263177104894585
0.00254233854814552
0.00245558695932686
0.00237160706802678
0.00229157627252378
0.00222214418107084
0.00216602821104224
0.00211255297373427
0.00205887862104159
0.00200890685209336
0.00195935187057693
0.0019112041921282
0.00186101738145495
0.00180531592999673
0.00175074248907687
0.00169886236308672
0.00164226252094284
0.00158511380213886
0.00153299213308417
0.00148929880734579
0.00145390195462738
0.00142741091243983
0.00141459700903242
0.00141826349967768
0.00143989493705737
0.00148367111847188
0.00266248482846867
0.00261787723675302
0.00258847266680666
0.00177076068739988
0.00216019418155389
0.0026386742212567
0.0031566859652423
0.00368456480880661
0.00423884179930352
0.00122592005837233
0.00093654092527151
0.000755869764892526
0.000640305073673369
0.0047918939883463
0.00525200286667113
0.00557652597162627
0.00575387111998049
0.00430721495066784
0.00435199844548769
0.00437397635724913
0.0070891264978346
0.00756011026641112
0.00816925790389451
0.00896249273202712
0.0100192111314596
0.0113282655993867
0.00680435652786378
0.00698228304824654
0.00733090358759236
0.00786441411876103
0.00860778280567102
0.00950406505117513
0.0107190874824072
0.0121341253495065
0.0138427603719573
0.0158436214668479
0.0180638725706477
0.0205637041903285
0.0232038928991659
0.0260256407056203
0.0288725235373493
0.031581187623373
0.0343445346253225
0.0136629167995041
0.0158711939461169
0.0183560266592362
0.0208734688733658
0.0236275641753518
0.026397311151167
0.0291351056380339
0.0317826837366165
0.0343119293870966
0.0366414477254329
0.0388180679723562
0.0408183000265531
0.0425758080552188
0.0440330189528536
0.045180733591962
0.0460446413503272
0.046655432099469
0.0470413369433038
0.0472332799925094
0.0104637821559836
0.00986575235640777
0.00940665531111535
0.00910500057582157
0.00892453753792267
0.00883617022850081
0.0366487107964989
0.0389829551808314
0.0410272513415473
0.042599478810804
0.043815276125225
0.0445954613786035
0.0449931820348181
0.0356601292966707
0.0368419098531264
0.0376912600892646
0.0381217081382895
