4.52881808744211e-05
4.52881808744211e-05
4.52881808744211e-05
4.52881808744211e-05
4.52881808744211e-05
4.52881808744212e-05
4.52881808744212e-05
4.52881808744211e-05
4.52881808744211e-05
4.52881808744212e-05
4.52881808744212e-05
4.52881808744213e-05
4.52881808744213e-05
4.52881808744213e-05
4.52881808744213e-05
4.52881808744211e-05
4.5288180874421e-05
4.5288180874421e-05
4.52881808744209e-05
4.52881808744209e-05
4.52881808744209e-05
4.52881808744209e-05
4.5288180874421e-05
4.5288180874421e-05
4.5288180874421e-05
4.5288180874421e-05
4.52881808744211e-05
4.52881808744211e-05
4.52881808744212e-05
4.52881808744212e-05
4.52881808744213e-05
4.52881808744213e-05
4.5288180874421e-05
4.52881808744211e-05
4.52881808744211e-05
4.5288180874421e-05
4.5288180874421e-05
4.5288180874421e-05
4.5288180874421e-05
4.5288180874421e-05
4.52881808744212e-05
4.52881808744212e-05
4.52881808744213e-05
4.52881808744213e-05
4.52881808744214e-05
4.52881808744211e-05
4.52881808744212e-05
4.52881808744212e-05
4.52881808744214e-05
4.52881808744215e-05
4.52881808744215e-05
4.52881808744215e-05
4.52881808744215e-05
4.52881808744216e-05
4.52881808744216e-05
4.52881808744216e-05
4.52881808744216e-05
4.52881808744216e-05
4.52881808744216e-05
4.52881808744216e-05
4.52881808744216e-05
4.52881808744217e-05
4.52881808744216e-05
4.52881808744216e-05
4.52881808744217e-05
4.52881808744217e-05
4.52881808744217e-05
4.52881808744217e-05
4.52881808744217e-05
4.52881808744217e-05
4.52881808744217e-05
4.52881808744216e-05
4.52881808744216e-05
4.52881808744216e-05
4.52881808744216e-05
4.52881808744216e-05
4.52881808744216e-05
4.52881808744216e-05
4.52881808744216e-05
4.52881808744217e-05
4.52881808744216e-05
4.52881808744216e-05
4.52881808744215e-05
4.52881808744216e-05
4.52881808744216e-05
4.52881808744216e-05
4.52881808744217e-05
4.52881808744217e-05
4.52881808744217e-05
4.52881808744217e-05
4.52881808744217e-05
4.52881808744217e-05
4.52881808744217e-05
4.52881808744212e-05
4.52881808744213e-05
4.52881808744214e-05
4.52881808744212e-05
4.52881808744213e-05
4.52881808744213e-05
4.52881808744214e-05
4.52881808744215e-05
4.52881808744215e-05
4.52881808744214e-05
4.52881808744214e-05
4.52881808744214e-05
4.52881808744215e-05
4.52881808744215e-05
4.52881808744215e-05
4.52881808744215e-05
4.52881808744215e-05
4.52881808744215e-05
4.52881808744215e-05
4.52881808744215e-05
4.52881808744216e-05
4.52881808744216e-05
4.52881808744216e-05
4.52881808744216e-05
4.52881808744216e-05
4.52881808744215e-05
4.52881808744215e-05
4.52881808744216e-05
4.52881808744216e-05
4.52881808744217e-05
4.52881808744218e-05
4.52881808744215e-05
4.52881808744216e-05
4.52881808744216e-05
4.52881808744219e-05
4.52881808744219e-05
4.5288180874422e-05
4.52881808744221e-05
4.52881808744221e-05
4.52881808744222e-05
4.52881808744222e-05
4.52881808744222e-05
4.52881808744222e-05
4.52881808744222e-05
4.52881808744221e-05
4.52881808744221e-05
4.52881808744221e-05
4.52881808744221e-05
4.5288180874422e-05
4.5288180874422e-05
4.5288180874422e-05
4.5288180874422e-05
4.5288180874422e-05
4.5288180874422e-05
4.52881808744219e-05
4.52881808744219e-05
4.52881808744219e-05
4.5288180874422e-05
4.5288180874422e-05
4.5288180874422e-05
4.52881808744221e-05
4.52881808744221e-05
4.52881808744221e-05
4.52881808744222e-05
4.52881808744222e-05
4.52881808744222e-05
4.52881808744222e-05
4.52881808744222e-05
4.52881808744218e-05
4.52881808744218e-05
4.52881808744218e-05
4.52881808744219e-05
4.52881808744219e-05
4.52881808744219e-05
4.52881808744219e-05
4.5288180874422e-05
4.5288180874422e-05
4.5288180874422e-05
4.5288180874422e-05
4.52881808744221e-05
4.52881808744221e-05
4.52881808744221e-05
4.52881808744221e-05
4.52881808744221e-05
4.52881808744221e-05
4.52881808744221e-05
4.52881808744221e-05
4.52881808744221e-05
4.52881808744221e-05
4.52881808744221e-05
4.52881808744221e-05
4.52881808744216e-05
4.52881808744216e-05
4.52881808744216e-05
4.52881808744216e-05
4.52881808744216e-05
4.52881808744216e-05
4.52881808744217e-05
4.52881808744217e-05
4.52881808744217e-05
4.52881808744217e-05
4.52881808744218e-05
4.52881808744218e-05
4.52881808744218e-05
4.52881808744217e-05
4.52881808744217e-05
4.52881808744217e-05
4.52881808744218e-05
4.52881808744218e-05
4.52881808744219e-05
4.52881808744219e-05
4.52881808744219e-05
4.52881808744219e-05
4.52881808744219e-05
4.52881808744219e-05
4.52881808744219e-05
4.52881808744218e-05
4.52881808744218e-05
4.52881808744218e-05
4.52881808744218e-05
4.52881808744218e-05
4.52881808744218e-05
4.52881808744218e-05
4.52881808744218e-05
4.52881808744218e-05
4.52881808744218e-05
4.52881808744218e-05
4.52881808744219e-05
4.52881808744219e-05
4.52881808744219e-05
4.52881808744219e-05
4.5288180874422e-05
4.5288180874422e-05
4.5288180874422e-05
4.5288180874422e-05
4.5288180874422e-05
4.5288180874422e-05
4.5288180874422e-05
4.5288180874422e-05
4.5288180874422e-05
4.5288180874422e-05
4.52881808744213e-05
4.52881808744213e-05
4.52881808744213e-05
4.52881808744213e-05
4.52881808744213e-05
4.52881808744213e-05
4.52881808744213e-05
4.52881808744213e-05
4.52881808744213e-05
4.52881808744214e-05
4.52881808744214e-05
4.52881808744214e-05
4.52881808744214e-05
4.52881808744215e-05
4.52881808744215e-05
4.52881808744215e-05
4.52881808744215e-05
4.52881808744215e-05
4.52881808744215e-05
4.52881808744215e-05
4.52881808744215e-05
4.52881808744214e-05
4.52881808744214e-05
4.52881808744214e-05
4.52881808744215e-05
4.52881808744215e-05
4.52881808744215e-05
4.52881808744215e-05
4.52881808744214e-05
4.52881808744214e-05
4.52881808744214e-05
4.52881808744214e-05
4.52881808744215e-05
4.52881808744214e-05
4.52881808744215e-05
4.52881808744215e-05
4.52881808744215e-05
4.52881808744215e-05
4.52881808744215e-05
4.52881808744216e-05
4.52881808744216e-05
4.52881808744216e-05
4.52881808744216e-05
4.52881808744215e-05
4.52881808744215e-05
4.52881808744215e-05
4.52881808744215e-05
4.52881808744215e-05
4.52881808744212e-05
4.52881808744212e-05
4.52881808744213e-05
4.52881808744213e-05
4.52881808744213e-05
4.52881808744214e-05
4.52881808744213e-05
4.52881808744213e-05
4.52881808744213e-05
4.52881808744213e-05
4.52881808744213e-05
4.52881808744213e-05
4.52881808744213e-05
4.52881808744214e-05
4.52881808744214e-05
4.52881808744215e-05
4.52881808744215e-05
4.52881808744215e-05
4.52881808744216e-05
4.52881808744216e-05
4.52881808744216e-05
4.52881808744217e-05
4.52881808744217e-05
4.52881808744218e-05
4.52881808744218e-05
4.52881808744219e-05
4.5288180874422e-05
4.5288180874422e-05
4.52881808744221e-05
4.52881808744221e-05
4.52881808744221e-05
4.52881808744221e-05
4.52881808744221e-05
4.52881808744221e-05
4.52881808744221e-05
4.52881808744221e-05
4.52881808744221e-05
4.52881808744221e-05
4.52881808744221e-05
4.52881808744221e-05
4.52881808744221e-05
4.52881808744221e-05
4.52881808744221e-05
4.52881808744213e-05
4.52881808744213e-05
4.52881808744213e-05
4.52881808744214e-05
4.52881808744214e-05
4.52881808744214e-05
4.52881808744214e-05
4.52881808744215e-05
4.52881808744215e-05
4.52881808744215e-05
4.52881808744215e-05
4.52881808744215e-05
4.52881808744215e-05
4.52881808744213e-05
4.52881808744214e-05
4.52881808744214e-05
4.52881808744215e-05
4.52881808744215e-05
4.52881808744215e-05
4.52881808744214e-05
4.52881808744213e-05
4.52881808744213e-05
4.52881808744212e-05
4.52881808744212e-05
4.52881808744212e-05
4.52881808744211e-05
4.52881808744211e-05
4.52881808744211e-05
4.52881808744211e-05
4.52881808744211e-05
4.52881808744211e-05
4.52881808744211e-05
4.52881808744211e-05
4.52881808744211e-05
4.52881808744211e-05
4.52881808744211e-05
4.52881808744211e-05
4.52881808744211e-05
4.52881808744211e-05
4.52881808744212e-05
4.52881808744212e-05
4.52881808744212e-05
4.52881808744213e-05
4.52881808744213e-05
4.52881808744213e-05
4.52881808744213e-05
4.52881808744215e-05
4.52881808744216e-05
4.52881808744216e-05
4.52881808744216e-05
4.52881808744217e-05
4.52881808744218e-05
4.52881808744218e-05
4.52881808744219e-05
4.52881808744219e-05
4.52881808744219e-05
4.5288180874422e-05
4.5288180874422e-05
4.5288180874422e-05
4.5288180874422e-05
4.52881808744221e-05
4.52881808744221e-05
4.52881808744222e-05
4.52881808744222e-05
4.52881808744223e-05
4.52881808744223e-05
4.52881808744223e-05
4.52881808744223e-05
4.52881808744223e-05
4.52881808744223e-05
4.52881808744215e-05
4.52881808744216e-05
4.52881808744216e-05
4.52881808744216e-05
4.52881808744217e-05
4.52881808744217e-05
4.52881808744217e-05
4.52881808744217e-05
4.52881808744217e-05
4.52881808744217e-05
4.52881808744218e-05
4.52881808744218e-05
4.52881808744214e-05
4.52881808744214e-05
4.52881808744214e-05
4.52881808744215e-05
4.52881808744215e-05
4.52881808744215e-05
4.52881808744215e-05
4.52881808744215e-05
4.52881808744216e-05
4.52881808744216e-05
4.52881808744216e-05
4.52881808744216e-05
4.52881808744216e-05
4.52881808744216e-05
4.52881808744217e-05
4.52881808744217e-05
4.52881808744217e-05
4.52881808744218e-05
4.52881808744218e-05
4.52881808744218e-05
4.52881808744218e-05
4.52881808744218e-05
4.52881808744218e-05
4.52881808744214e-05
4.52881808744214e-05
4.52881808744214e-05
4.52881808744215e-05
4.52881808744215e-05
4.52881808744215e-05
4.52881808744215e-05
4.52881808744215e-05
4.52881808744215e-05
4.52881808744216e-05
4.52881808744216e-05
4.52881808744216e-05
4.52881808744216e-05
4.52881808744216e-05
4.52881808744216e-05
4.52881808744216e-05
4.52881808744216e-05
4.52881808744216e-05
4.52881808744216e-05
4.52881808744216e-05
4.52881808744217e-05
4.52881808744217e-05
4.52881808744217e-05
4.52881808744217e-05
4.52881808744217e-05
4.52881808744218e-05
4.52881808744218e-05
4.52881808744218e-05
4.52881808744218e-05
4.52881808744218e-05
4.52881808744218e-05
4.52881808744218e-05
4.52881808744218e-05
4.52881808744218e-05
4.52881808744218e-05
4.52881808744213e-05
4.52881808744213e-05
4.52881808744213e-05
4.52881808744213e-05
4.52881808744213e-05
4.52881808744213e-05
4.52881808744213e-05
4.52881808744213e-05
4.52881808744213e-05
4.52881808744213e-05
4.52881808744213e-05
4.52881808744212e-05
4.52881808744212e-05
4.52881808744212e-05
4.52881808744212e-05
4.52881808744213e-05
4.52881808744213e-05
4.52881808744213e-05
4.52881808744213e-05
4.52881808744213e-05
4.52881808744213e-05
4.52881808744213e-05
4.52881808744213e-05
4.52881808744213e-05
4.52881808744213e-05
4.52881808744213e-05
4.52881808744212e-05
4.52881808744212e-05
4.52881808744212e-05
4.52881808744212e-05
4.52881808744212e-05
4.52881808744212e-05
4.52881808744213e-05
4.52881808744213e-05
4.52881808744213e-05
4.52881808744214e-05
4.52881808744214e-05
4.52881808744214e-05
4.52881808744214e-05
4.52881808744213e-05
4.52881808744213e-05
4.52881808744213e-05
4.52881808744213e-05
4.52881808744213e-05
4.52881808744213e-05
4.52881808744212e-05
4.52881808744212e-05
4.52881808744212e-05
4.52881808744212e-05
4.52881808744212e-05
4.52881808744212e-05
4.52881808744213e-05
4.52881808744213e-05
4.52881808744213e-05
4.52881808744213e-05
4.52881808744213e-05
4.52881808744213e-05
4.52881808744213e-05
4.52881808744213e-05
4.52881808744213e-05
4.52881808744213e-05
4.52881808744213e-05
4.52881808744213e-05
4.52881808744213e-05
4.52881808744213e-05
4.52881808744213e-05
4.52881808744213e-05
4.52881808744214e-05
4.52881808744214e-05
4.52881808744214e-05
4.52881808744214e-05
4.52881808744214e-05
4.52881808744214e-05
4.52881808744214e-05
4.52881808744214e-05
4.52881808744214e-05
4.52881808744214e-05
4.52881808744214e-05
4.52881808744214e-05
4.52881808744214e-05
4.52881808744213e-05
4.52881808744213e-05
4.52881808744213e-05
4.52881808744213e-05
4.52881808744213e-05
4.52881808744213e-05
4.52881808744213e-05
4.52881808744213e-05
4.52881808744213e-05
4.52881808744214e-05
4.52881808744214e-05
4.52881808744214e-05
4.52881808744214e-05
4.52881808744214e-05
4.52881808744213e-05
4.52881808744213e-05
4.52881808744213e-05
4.52881808744213e-05
4.52881808744213e-05
4.52881808744213e-05
4.52881808744213e-05
4.52881808744213e-05
4.52881808744213e-05
4.52881808744213e-05
4.52881808744213e-05
4.52881808744213e-05
4.52881808744213e-05
4.52881808744213e-05
4.52881808744213e-05
4.52881808744213e-05
4.52881808744214e-05
4.52881808744214e-05
4.5288180874421e-05
4.5288180874421e-05
4.5288180874421e-05
4.52881808744209e-05
4.52881808744209e-05
4.5288180874421e-05
4.5288180874421e-05
4.52881808744209e-05
4.52881808744209e-05
4.52881808744209e-05
4.52881808744209e-05
4.52881808744208e-05
4.52881808744208e-05
4.52881808744208e-05
4.52881808744208e-05
4.52881808744208e-05
4.52881808744208e-05
4.52881808744208e-05
4.52881808744208e-05
4.52881808744208e-05
4.52881808744208e-05
4.52881808744209e-05
4.52881808744209e-05
4.52881808744209e-05
4.5288180874421e-05
4.5288180874421e-05
4.5288180874421e-05
4.5288180874421e-05
4.5288180874421e-05
4.5288180874421e-05
4.52881808744211e-05
4.52881808744209e-05
4.52881808744209e-05
4.52881808744209e-05
4.5288180874421e-05
4.5288180874421e-05
4.52881808744211e-05
4.52881808744212e-05
4.52881808744208e-05
4.52881808744208e-05
4.52881808744207e-05
4.5288180874421e-05
4.52881808744211e-05
4.52881808744212e-05
4.52881808744213e-05
4.52881808744215e-05
4.52881808744208e-05
4.52881808744208e-05
4.52881808744209e-05
4.5288180874421e-05
4.52881808744206e-05
4.52881808744206e-05
4.52881808744205e-05
4.5288180874421e-05
4.52881808744211e-05
4.52881808744212e-05
4.52881808744213e-05
4.52881808744213e-05
4.52881808744214e-05
4.52881808744214e-05
4.52881808744215e-05
4.52881808744215e-05
4.52881808744216e-05
4.52881808744217e-05
4.52881808744217e-05
4.5288180874421e-05
4.5288180874421e-05
4.52881808744211e-05
4.52881808744211e-05
4.52881808744212e-05
4.52881808744212e-05
4.52881808744212e-05
4.52881808744213e-05
4.52881808744213e-05
4.52881808744213e-05
4.52881808744213e-05
4.52881808744214e-05
4.52881808744214e-05
4.52881808744215e-05
4.52881808744215e-05
4.52881808744215e-05
4.52881808744216e-05
4.52881808744216e-05
4.52881808744216e-05
4.52881808744217e-05
4.52881808744217e-05
4.52881808744217e-05
4.52881808744217e-05
4.52881808744217e-05
4.52881808744217e-05
4.52881808744217e-05
4.52881808744218e-05
4.52881808744218e-05
4.52881808744218e-05
4.52881808744218e-05
4.52881808744218e-05
4.52881808744218e-05
4.52881808744218e-05
4.52881808744218e-05
4.52881808744218e-05
4.52881808744218e-05
4.52881808744218e-05
4.52881808744218e-05
4.52881808744218e-05
4.52881808744218e-05
4.52881808744218e-05
4.52881808744218e-05
4.52881808744218e-05
4.52881808744218e-05
4.52881808744218e-05
4.52881808744218e-05
4.52881808744218e-05
4.52881808744218e-05
4.52881808744218e-05
4.52881808744218e-05
4.52881808744205e-05
4.52881808744205e-05
4.52881808744205e-05
4.52881808744205e-05
4.52881808744205e-05
4.52881808744206e-05
4.52881808744206e-05
4.52881808744206e-05
4.52881808744206e-05
4.52881808744207e-05
4.52881808744207e-05
4.52881808744207e-05
4.52881808744207e-05
4.52881808744207e-05
4.52881808744205e-05
4.52881808744205e-05
4.52881808744204e-05
4.52881808744204e-05
4.52881808744204e-05
4.52881808744203e-05
4.52881808744203e-05
4.52881808744203e-05
4.52881808744203e-05
4.52881808744202e-05
4.52881808744202e-05
4.52881808744202e-05
4.52881808744202e-05
4.52881808744202e-05
4.52881808744202e-05
4.52881808744203e-05
4.52881808744203e-05
4.52881808744203e-05
4.52881808744207e-05
4.52881808744207e-05
4.52881808744208e-05
4.52881808744208e-05
4.52881808744208e-05
4.52881808744208e-05
4.52881808744209e-05
4.52881808744209e-05
4.5288180874421e-05
4.5288180874421e-05
4.52881808744211e-05
4.52881808744211e-05
4.52881808744211e-05
4.5288180874421e-05
4.5288180874421e-05
4.5288180874421e-05
4.5288180874421e-05
4.5288180874421e-05
4.52881808744207e-05
4.52881808744208e-05
4.52881808744208e-05
4.52881808744208e-05
4.52881808744208e-05
4.52881808744209e-05
4.52881808744209e-05
4.52881808744209e-05
4.52881808744209e-05
4.52881808744209e-05
4.52881808744209e-05
4.52881808744216e-05
4.52881808744217e-05
4.52881808744218e-05
4.52881808744219e-05
4.5288180874422e-05
4.5288180874422e-05
4.52881808744221e-05
4.52881808744221e-05
4.52881808744222e-05
4.52881808744222e-05
4.52881808744223e-05
4.52881808744215e-05
4.52881808744216e-05
4.52881808744216e-05
4.52881808744216e-05
4.52881808744217e-05
4.52881808744217e-05
4.52881808744217e-05
4.52881808744218e-05
4.52881808744218e-05
4.52881808744218e-05
4.52881808744218e-05
4.52881808744219e-05
4.52881808744219e-05
4.52881808744223e-05
4.52881808744224e-05
4.52881808744224e-05
4.52881808744225e-05
4.52881808744225e-05
4.52881808744225e-05
4.52881808744225e-05
4.52881808744225e-05
4.52881808744225e-05
4.52881808744223e-05
4.52881808744223e-05
4.52881808744223e-05
4.52881808744223e-05
4.52881808744223e-05
4.52881808744223e-05
4.52881808744223e-05
4.52881808744224e-05
4.52881808744224e-05
4.52881808744224e-05
4.52881808744223e-05
4.52881808744223e-05
4.52881808744223e-05
4.52881808744224e-05
4.52881808744224e-05
4.52881808744225e-05
4.52881808744225e-05
4.52881808744226e-05
4.52881808744226e-05
4.52881808744227e-05
4.52881808744227e-05
4.52881808744227e-05
4.52881808744213e-05
4.52881808744213e-05
4.52881808744214e-05
4.52881808744214e-05
4.52881808744215e-05
4.52881808744215e-05
4.52881808744216e-05
4.52881808744216e-05
4.52881808744217e-05
4.52881808744217e-05
4.52881808744217e-05
4.52881808744217e-05
4.52881808744218e-05
4.52881808744218e-05
4.52881808744219e-05
4.52881808744219e-05
4.52881808744212e-05
4.52881808744213e-05
4.52881808744214e-05
4.52881808744214e-05
4.52881808744215e-05
4.52881808744216e-05
4.52881808744216e-05
4.52881808744217e-05
4.52881808744217e-05
4.52881808744217e-05
4.52881808744217e-05
4.52881808744217e-05
4.52881808744218e-05
4.52881808744218e-05
4.52881808744219e-05
4.5288180874422e-05
4.5288180874422e-05
4.5288180874422e-05
4.5288180874422e-05
4.5288180874422e-05
4.5288180874422e-05
4.5288180874422e-05
4.5288180874422e-05
4.5288180874422e-05
4.52881808744221e-05
4.52881808744221e-05
4.52881808744221e-05
4.52881808744221e-05
4.52881808744221e-05
4.52881808744221e-05
4.52881808744219e-05
4.52881808744219e-05
4.52881808744219e-05
4.52881808744219e-05
4.52881808744219e-05
4.52881808744219e-05
4.52881808744219e-05
4.52881808744219e-05
4.52881808744219e-05
4.52881808744219e-05
4.52881808744219e-05
4.52881808744219e-05
4.52881808744218e-05
4.52881808744218e-05
4.52881808744218e-05
4.52881808744219e-05
4.52881808744219e-05
4.52881808744219e-05
4.5288180874422e-05
4.5288180874422e-05
4.52881808744221e-05
4.52881808744221e-05
4.52881808744221e-05
4.52881808744221e-05
4.52881808744221e-05
4.52881808744221e-05
4.52881808744221e-05
4.52881808744221e-05
4.52881808744218e-05
4.52881808744218e-05
4.52881808744218e-05
4.52881808744218e-05
4.52881808744218e-05
4.52881808744219e-05
4.52881808744219e-05
4.5288180874422e-05
4.5288180874422e-05
4.5288180874422e-05
4.5288180874422e-05
4.5288180874422e-05
4.5288180874422e-05
4.5288180874422e-05
4.52881808744221e-05
4.52881808744221e-05
4.52881808744221e-05
4.52881808744222e-05
4.52881808744222e-05
4.52881808744222e-05
4.52881808744223e-05
4.52881808744223e-05
4.52881808744223e-05
4.52881808744223e-05
4.52881808744224e-05
4.52881808744224e-05
4.52881808744224e-05
4.52881808744224e-05
4.52881808744225e-05
4.52881808744225e-05
4.52881808744225e-05
4.52881808744221e-05
4.5288180874422e-05
4.5288180874422e-05
4.52881808744221e-05
4.52881808744221e-05
4.52881808744221e-05
4.52881808744221e-05
4.5288180874422e-05
4.5288180874422e-05
4.52881808744221e-05
4.52881808744221e-05
4.5288180874422e-05
4.5288180874422e-05
4.5288180874422e-05
4.52881808744219e-05
4.52881808744219e-05
4.52881808744219e-05
4.52881808744219e-05
4.52881808744219e-05
4.52881808744219e-05
4.52881808744219e-05
4.52881808744219e-05
4.52881808744219e-05
4.52881808744218e-05
4.52881808744217e-05
4.52881808744217e-05
4.52881808744221e-05
4.52881808744221e-05
4.5288180874422e-05
4.52881808744217e-05
4.52881808744217e-05
4.52881808744217e-05
4.52881808744217e-05
4.52881808744217e-05
4.52881808744216e-05
4.52881808744217e-05
4.52881808744216e-05
4.52881808744216e-05
4.52881808744216e-05
4.52881808744216e-05
4.52881808744216e-05
4.52881808744216e-05
4.52881808744216e-05
4.52881808744216e-05
4.52881808744216e-05
4.52881808744216e-05
4.52881808744225e-05
4.52881808744226e-05
4.52881808744226e-05
4.52881808744226e-05
4.52881808744227e-05
4.52881808744228e-05
4.52881808744225e-05
4.52881808744225e-05
4.52881808744225e-05
4.52881808744225e-05
4.52881808744225e-05
4.52881808744225e-05
4.52881808744224e-05
4.52881808744224e-05
4.52881808744224e-05
4.52881808744224e-05
4.52881808744223e-05
4.52881808744223e-05
4.52881808744223e-05
4.52881808744223e-05
4.52881808744223e-05
4.52881808744223e-05
4.52881808744223e-05
4.52881808744229e-05
4.5288180874423e-05
4.52881808744231e-05
4.52881808744232e-05
4.52881808744232e-05
4.52881808744233e-05
4.52881808744233e-05
4.52881808744234e-05
4.52881808744234e-05
4.52881808744234e-05
4.52881808744235e-05
4.52881808744235e-05
4.52881808744235e-05
4.52881808744235e-05
4.52881808744235e-05
4.52881808744235e-05
4.52881808744235e-05
4.52881808744235e-05
4.52881808744235e-05
4.52881808744227e-05
4.52881808744227e-05
4.52881808744226e-05
4.52881808744226e-05
4.52881808744226e-05
4.52881808744226e-05
4.52881808744222e-05
4.52881808744222e-05
4.52881808744222e-05
4.52881808744222e-05
4.52881808744222e-05
4.52881808744222e-05
4.52881808744222e-05
4.52881808744223e-05
4.52881808744223e-05
4.52881808744223e-05
4.52881808744223e-05
