0.05
0.0372161145323541
0.0347313484000654
0.03070128522036
0.0356260198298295
0.0334731537282853
0.0313343170230861
0.0371686061877667
0.034975522900521
0.0315433212018602
0.0294051442167114
0.0277732520815309
0.0265010887684658
0.0246518258468315
0.0220896733842211
0.0372699017700055
0.0303674895089101
0.023953350717182
0.0229800476994229
0.0188949302827309
0.0148344758299311
0.0138746270687975
0.0133692348914119
0.0128712150457595
0.0121462374718665
0.0109163411992433
0.00948157975400558
0.00825723327007514
0.00723691500794284
0.00638109495453658
0.00565619221133134
0.00500540456903692
0.0370325468893542
0.0352389686985632
0.0328566567696914
0.0309234947677513
0.0293326322679228
0.0281117871178779
0.0271572569594896
0.0262307693621544
0.0287574346661108
0.0268842320387802
0.0246471982413887
0.0223402183085416
0.0194170513385288
0.0282460025920825
0.0260584531405446
0.0238328337943633
0.0179453816323356
0.0163427023135
0.0147713934180925
0.0134163679257529
0.0121021683289545
0.0108476861427607
0.0097774181382
0.00877398965773784
0.00780999254386159
0.00696753335859807
0.00619011333082922
0.00548706806967272
0.00483389150677636
0.00425776890300354
0.0037544783611834
0.00328558770109867
0.00286556070933721
0.0024714165473497
0.00208775113506665
0.00172371297222591
0.00139947768475993
0.00111845422478222
0.000884033582798961
0.000695494891141346
0.000500878789441809
0.000306527637761942
0.000142696877994597
6.63916427723067e-06
-9.64610421470151e-05
-0.00017488167380854
-0.000231158740230836
-0.000268670317483651
-0.000291394385137856
-0.000302375387922323
0.018318069491716
0.0174857685548407
0.0166332791253059
0.015783713458683
0.0150486687785888
0.0144251717592109
0.013856795438813
0.0134525548298047
0.0131440553297639
0.0129197927313932
0.0128029562470033
0.0226300576148662
0.0211068093022824
0.0190967298618402
0.0211304903927566
0.0177522681656427
0.0143156985409061
0.01853657549243
0.0179195308734053
0.0172361552377234
0.0178020927438707
0.0157966200077209
0.0134714165812692
0.0118362078748301
0.010430586863623
0.00895090413657096
0.00751025323123593
0.00638976318908957
0.00544764487334198
0.00455016566995209
0.00379397352440496
0.00314480870036042
0.00263526163380923
0.00227654798888672
0.00205148971614547
0.00192675544905057
0.0160721496142552
0.0143997716503394
0.0124096839281211
0.010553121958998
0.00902574500448947
0.00761276034267589
0.0163728917996007
0.0155630785263386
0.0147241102438997
0.00697552769441855
0.00647466237933543
0.00618316313182779
0.00609988379660247
0.00623610064322036
0.00660621635307047
0.00719016544445644
0.00802308858798722
0.00919647955613002
0.0107891891202061
0.0128376289873172
0.0153253372453023
0.0182214362447394
0.0215170501218405
0.0251218403928922
0.0288595899258591
0.0325155846279977
0.0359274263743694
0.0390061428040934
0.0414573855076367
0.0432601787570474
0.0440494560643051
0.0435580234271041
0.0411282290524677
0.0375383165007048
0.030979582947189
0.024553867174293
0.0188272841861548
0.0143471120952048
0.0111178133181316
0.00866385266845601
0.00688861555140585
0.00593496749350367
0.00529023069999668
0.00700447549248094
0.00658492235547845
0.00636166672761069
0.00632289105820872
0.00650608298721732
0.00692797054852118
0.0075707163755214
0.00854071893486458
0.00982236870813309
0.0114860773620617
0.013542038386644
0.0160350383742052
0.0189630866299081
0.0221691920161082
0.0254614066741932
0.0289016121542528
0.0321796971101462
0.0350881080308282
0.0376362167971381
0.0398305468648721
0.0415851599351517
0.0427962138298895
0.0434269243022349
0.0134079402284043
0.0121741618343591
0.011057990281654
0.0100736822319347
0.00920615717677309
0.00843108634622535
0.00773361926100007
0.00713385283088517
0.00663996270509232
0.00624368421946268
0.00594346867237748
0.00574220231822861
0.00563815913305691
0.0135524706714749
0.0123987997441223
0.0113066940394563
0.0103431010517014
0.00946665255322776
0.00868372350331174
0.00802049786307626
0.00743167556543171
0.00682531129493064
0.00622352111029847
0.00567693182007115
0.00523022894756568
0.00488584874667173
0.00462753029764099
0.00446598509584576
0.0043993851348976
0.00442790911974995
0.00453989945131892
0.00474056216538807
0.00513850253644223
0.0057608935533231
0.00644920366621808
0.007385796137159
0.00841235912946864
0.00962437172556533
0.0111277945697161
0.012951997710667
0.0150314602232817
0.0172045953693514
0.0193215642192716
0.0213836059417234
0.0233907195029534
0.0250989159985346
0.0266544021463961
0.0280647385693884
0.029023370170918
0.0295350215758557
0.0128051362476717
0.0114510438951454
0.0102137450392407
0.00896991450198017
0.00788720302101649
0.00672442066083622
0.00569557861863819
0.00481307481237189
0.00388301911805286
0.00302668286713117
0.00242263520087301
0.00153718104631343
0.000961148641030587
0.000261885828633956
-0.000450454033852256
-0.000980126866193045
-0.00131595155209981
-0.00165373914157539
-0.00193868688871086
-0.00214752202526763
-0.00229125156821383
-0.00236017514123738
0.013084985568921
0.0119035276524362
0.010764289479648
0.00967203496182913
0.00867320307053911
0.00776167890930489
0.00691944006309736
0.00608334033071678
0.00538597339311155
0.00468563593686383
0.00398517497793604
0.00331357830767694
0.00238401205888124
0.00147249672538351
0.000656410439760192
-8.17149349644812e-05
-0.000724994440247406
-0.00129866223147292
-0.00176763606314895
-0.00224077516113661
-0.00265894391795106
-0.00299983224082815
-0.00326792340858458
-0.00347261282470987
-0.00360557575703506
-0.00367630614781029
0.0307031847976703
0.0299515728689378
0.0289559015537843
0.0304240876319698
0.0296354452362668
0.0288275927101475
0.0284681525735478
0.0278454249147234
0.0270075588363435
0.0283496346736171
0.0274040496392976
0.0260086067792213
0.0245249350061443
0.0230867096428443
0.0214839653118875
0.0197215333492983
0.0179816039242713
0.0164344765085541
0.0149647855006932
0.0136713834481405
0.0125434508649
0.0114781720045738
0.0102271206174299
0.00883218553464419
0.00773304479631842
0.00652999635807239
0.00561264784475179
0.00472272434039733
0.00395919218585708
0.0031894109914326
0.00249411975171365
0.00189050397274694
0.0013334230469981
0.000827431553062882
0.000380517616377723
-1.43513469502182e-05
-0.000330825918600047
-0.000592204619626241
-0.000832649427947515
-0.00100737679636415
-0.00112848817856039
-0.00120667453827391
-0.00124667675211828
0.0267583929778573
0.0263444229807014
0.0256550891639033
0.0246789744028877
0.0235304935411839
0.0222712745429069
0.0209999474387314
0.0197720860761692
0.0187145407990204
0.0178378100934762
0.0171696743825779
0.0167254958410771
0.0164927285956064
0.0234440651093649
0.0203308864015579
0.0167856447158223
0.0153144325085398
0.0138229282316562
0.0122830095930077
0.0153958975975872
0.0138894365079715
0.0122011025773299
0.0107393467728244
0.0094326505443824
0.00823744873350294
0.00718339329856107
0.0062613924434318
0.00544108865309807
0.0047379422742514
0.00412744736989935
0.00359688928227627
0.00314982598446257
0.00276879959177923
0.00245902680823444
0.00221504401399038
0.00203471735385847
0.00190839602278806
0.00183624324225174
0.00181071735894612
0.00182394770981952
0.00187237001531679
0.00194520360987882
0.00202686006658377
0.00210269123684937
0.00215526210813407
0.00218842937375445
0.0111743487193467
0.00998543935310746
0.00873770300204374
0.00754709456685233
0.00657267949879989
0.00569381469368986
0.0048520439517928
0.00415735404923569
0.00360470619327716
0.00304422895916876
0.00251236422646513
0.00204194644819957
0.0016659132830197
0.00138233600404974
0.00110826741000144
0.000882287318911054
0.000698201436737704
0.000560035081354451
0.000462380390900324
0.000404755646259464
0.000367415231734193
0.000340795421028879
0.000325502805358041
0.000319660519413166
0.0108982072637703
0.00957289850137404
0.00846367291290337
0.00740233946081493
0.00653991015252841
0.00569378579947599
0.00495048190825217
0.00440752812768851
0.00395710024304796
0.0035656191910989
0.00329523339098361
0.00313610725596545
0.0283382986222776
0.0275997361556565
0.0265014961295278
0.0249210263710957
0.0231914030898372
0.0215883059119378
0.0199171613182178
0.0182496792929824
0.0167211031025794
0.0152437777667209
0.0138202180753614
0.0125444326614758
0.0114475226844233
0.0103374521446095
0.00921569050216519
0.00821847473072614
0.00738446662220003
0.00667250876818212
0.00607224207037961
0.00559403932357417
0.00524784003726865
0.0050208345162191
0.00488906335787566
0.0283132024476738
0.0275990627263152
0.0265807648150665
0.0251046402191883
0.0232589884839101
0.0212993131746134
0.0193557060562319
0.0174562368216149
0.0156491497393291
0.0139557081016943
0.0123758256710314
0.0109556540727978
0.00959023740503752
0.0082772024269681
0.00709117668243225
0.00602647838045095
0.00505130999228665
0.00414531379311296
0.0033045251849514
0.00253839241484897
0.00183357460046116
0.00118674650399355
0.000609964310620377
7.14403771061785e-05
-0.000511361358308076
-0.00109379004118968
-0.00162660469200125
-0.00210693049889234
-0.00251837938169343
-0.00286780159751134
-0.00316338819114982
-0.00339194085563529
-0.00357169466203035
-0.00368221311641512
-0.00374303084027566
0.0204907949619467
0.0185000517496972
0.0159776449714445
0.0221070324501019
0.0221162575319329
0.0221191666797964
0.0146096634696499
0.0132710052770497
0.0120742034486859
0.011041050178106
0.0102679447406071
0.00962554790236392
0.00914324868856682
0.00882700094246416
0.00866902211808141
0.013603573089008
0.0115654426328305
0.0096975856405275
0.00791954496443376
0.00717011631699149
0.00658331514502995
0.00605660905865748
0.00561629873478677
0.00527381882337686
0.00500501682656362
0.004813185553337
0.00469612096629173
0.00465287303444924
0.00468509047573098
0.00479631653461163
0.00499044092017912
0.00526907115474983
0.00562617077455068
0.00605677708095784
0.00660808946327537
0.0073048649472467
0.00808055916909573
0.00892986661878421
0.00982209055491936
0.0106974573755735
0.0115173921830819
0.0122612540168361
0.0128657179743214
0.0132877773067052
0.0135144875725258
0.00710858389926655
0.00648347675434733
0.00601931385901688
0.00555580179819456
0.00534138724953374
0.00518827758909809
0.00476399501053926
0.00457280454055768
0.00443983672319043
0.00437980902617982
0.00440151081274687
0.00450672216922925
0.004697104732454
0.00497875716100961
0.0053724337365688
0.00590139773689409
0.00656243262772653
0.00735076400055403
0.00834502563404065
0.00961501256077189
0.01113916210181
0.0129647959640117
0.0151201685396847
0.0175936437895605
0.0203289371320327
0.0232267285772628
0.0261704214094117
0.0290592630315674
0.0317926067056891
0.0342724340933561
0.0364261553712344
0.0381977212348095
0.0395428109839134
0.0404366638027916
0.040895659302622
0.00462389979331409
0.00434845342694389
0.00413089901501546
0.00398209956364911
0.00390501713626819
0.00389838950903493
0.00395197496755962
0.00408151155304824
0.00430177290799042
0.00459453184051047
0.00495120733582665
0.00541930281878053
0.00605691177825993
0.00695224548239417
0.00803710890222832
0.0092734494131662
0.0107296849983207
0.0124379046854128
0.0144297436885388
0.0167784385794443
0.0192654473597798
0.0222712760938639
0.0244576869577562
0.0268139278506833
0.0297604507915168
0.032479692075015
0.035030357454273
0.037366996006939
0.0391959032754313
0.0406066097453523
0.0415491266659907
0.0420434028248561
0.0252060131081425
0.0239507475900477
0.0227542522968543
0.021765139090067
0.0209174297839477
0.0258129635605569
0.0250060658021735
0.0239032602095908
0.0229583831223521
0.0219006772577561
0.0206838132124097
0.0195680177878484
0.0184046302277072
0.0170848915862388
0.0156112825266844
0.0143266907198227
0.0130932094427746
0.0119239514522575
0.010823824638904
0.00980973677627311
0.00889015490378228
0.00804783565267195
0.00733661747088139
0.00649193587972061
0.00573079405329006
0.00513274677282677
0.00461929950844375
0.00419347219671855
0.00388351472981936
0.00368939864013584
0.00357984394127206
0.0213802503757676
0.0223862842432857
0.0238929638234043
0.0194067192270194
0.0174757507297317
0.0154629292939165
0.0136091657893413
0.0251349038100349
0.0261178069482117
0.0269359131907681
0.0238163627343732
0.0240680532596881
0.0246757262649842
0.02542471151424
0.026780538769454
0.0276344057126146
0.0295794858265066
0.0325957991421835
0.0359932161813693
0.0277245130392669
0.0286507036141477
0.0297861894469465
0.0377939121440371
0.0398295104973702
0.041829559518251
0.0432343451860506
0.0440758532321253
0.0439689537533601
0.0425677401536715
0.0391690444538206
0.0334329120495268
0.0265122057818224
0.0198933109988819
0.0133156090682427
0.0377981679450443
0.039675089831465
0.04158924717101
0.0428687298446617
0.0442311544387802
0.0449631598362696
0.0453538343074643
0.0450093907548966
0.0438637304121663
0.0416795381914441
0.0381458961622047
0.0333849124734101
0.0285784767746199
0.0241156257680601
0.0196027380940662
0.0160793407324069
0.0129593759769488
0.010665653342103
0.00879055481534713
0.00731668044720937
0.00625050275677855
0.00543329034001959
0.00484142362292638
0.0044960065927635
0.00432690813772985
0.010710315866772
0.0086614935833372
0.00712552093346598
0.00611880797167415
0.0052907791208362
0.00481559858230595
0.00456245766362376
0.010341087388688
0.0079417527385078
0.00596559698080105
0.00444253994871029
0.00318929319039095
0.0021344710167766
0.00126537655326081
0.000543997112365745
-4.70361910929729e-05
-0.000528789406502317
-0.000940211632654893
-0.00128601969853558
-0.00156511563000764
-0.00177803251771108
-0.00193446283338926
-0.00205167197270565
-0.00213028377195058
-0.00216933251425818
0.0305607600489373
0.0316122992437036
0.0329926039782848
0.0346698742488566
0.0364444152932011
0.038144175352477
0.0397123774624172
0.0410871482136786
0.0422009291253477
0.0429789013381267
0.0433344388144806
0.0431602546989381
0.0423200186594333
0.0405920584521517
0.0301710677364821
0.0306898294013513
0.0313224860587925
0.0320496428624272
0.0327726533716551
0.0335568595704212
0.0343915161752509
0.0352377086355715
0.0360939178416406
0.0370199695180901
0.0380165011372987
0.0389750831154896
0.0397979260368232
0.0404888423729384
0.0410225389353583
0.0414491774569025
0.0417250594845058
0.0418801868981922
0.0388831877477815
0.0363317714605219
0.0332880876483103
0.029464586958804
0.0258631056706893
0.0228254278107483
0.0194692748182136
0.0159266600822872
0.0129519382911953
0.0106843545172065
0.00895252115658213
0.00757248200656383
0.00641942769196683
0.00548907679191643
0.00479292292711427
0.00432577192330274
0.00402606299361286
0.00386236002268886
0.0392947061131092
0.0373276396580606
0.0348698217242577
0.0321058383187568
0.0291909556920954
0.0262730768801563
0.0235992515267879
0.0214174417653769
0.0198030084483588
0.0187456769252603
0.0182076293629553
0.0283964595326193
0.0304503498406149
0.0328921420577445
0.0352755195369869
0.0374637363473124
0.0394165949074844
0.0408842153457627
0.041764255404788
0.0416478027711746
0.0401663067469065
0.0367076550545852
0.0271174137845289
0.0277961288724267
0.0286223203565968
0.0297415281292958
0.0308092032872019
0.0321683860322383
0.0334253169445718
0.0345797720646137
0.035729984762129
0.0364141949168108
0.0370968701223174
0.0375372957181372
0.0377615876644522
0.0343190826421887
0.0309608244781953
0.0274065568309331
0.0236413357966393
0.0206212312163591
0.0181415896582474
0.016452316094432
0.0152329849103209
0.0145365946164035
0.033590079232128
0.0295025679571737
0.0251453312028915
0.02102495872532
0.0173730697373765
0.0142671802186402
0.0116650911908808
0.00945904748422986
0.00763271568004951
0.0061291745577032
0.00483350882620935
0.00377213478609361
0.00290260908175538
0.00217559807304919
0.00156907986399776
0.00104282193084089
0.000593204697981307
0.000234532803231085
-2.5474666865056e-05
-0.000218221439841839
-0.000346871987965151
-0.000410203762188368
0.012926427912779
0.0123843007801749
0.0120692670961468
0.0120208374835512
0.012229157650907
0.0126993313542865
0.013517068722462
0.0146169962457355
0.0156032248436543
0.0170905591719668
0.0191217682755132
0.0211462863177842
0.0234483834825389
0.0260711184032145
0.0286885707172006
0.0314952365970216
0.0128698551492354
0.0123251032135771
0.0120127498176435
0.0119313982414857
0.0120752933784261
0.0124632849932798
0.0131468866372816
0.0141988633153629
0.015622733314647
0.0173304102236184
0.0191614311625734
0.0209732273436989
0.0228390410412566
0.0252535621288176
0.0333519389635547
0.0356478997539761
0.0379082218884811
0.039953556832968
0.0419801276008466
0.0436589854236245
0.0450467414703177
0.0463144733229666
0.0470807710356357
0.0475496639543543
0.0477381951132039
0.0477046569783378
0.0475030943264504
0.047216687145279
0.0469354854330195
0.0467533638984352
0.0332094290006916
0.0349993365725057
0.0369456957492309
0.0387580821709866
0.0403660116743338
0.042033471722467
0.0434945626701737
0.0446723082325008
0.0456095105836028
0.0463816374749174
0.0470251020276882
0.0475365405391409
0.0478980056653954
0.0480896246835309
0.0271079152844045
0.0289003853231847
0.0307210956031382
0.0326638364653368
0.0346155617699391
0.0365621318678244
0.0383671779932896
0.0400813060865921
0.0417472765521797
0.0432293719441447
0.0444010820731156
0.0452481046552451
0.0457818846104062
0.0459528560214248
0.0260800021447237
0.0271421983024475
0.0282783007914316
0.0296902385055207
0.0316313626471683
0.0336966972652386
0.0355655799884406
0.0375672825047079
0.0395060052912039
0.0412297950425791
0.0426729964256574
0.0436548300953688
0.0442642330114006
0.0443123256284124
0.0436279320299472
0.0420903090830225
0.039513781747084
0.0356594637762549
0.0310568912818464
0.0263405420989977
0.0219171979344373
0.0179966563057565
0.0146313732464381
0.011809286053843
0.00944455360535388
0.00739637098275937
0.00564914793161107
0.00418730502571003
0.00288756096007989
0.00173060559360903
0.000611853691359043
0.044932180169628
0.0432509875638285
0.0406198929020604
0.0367952104144925
0.0319121501432943
0.0270146937897967
0.0229518420306315
0.0192376259396802
0.0158436991797186
0.0130748729697072
0.0107272564257508
0.00881247789581176
0.00716236770564698
0.00566701101060661
0.00445399444161623
0.00347610430602683
0.00255864820481615
0.00174564496460031
0.00106545930116974
0.000507837575601671
2.70250442243815e-05
-0.000417165853757135
-0.000814031699943118
-0.00115714189587504
-0.0014645071166791
-0.00175886529018817
0.0469422179055564
0.0475576397940328
0.0479171688968008
-0.00201990318838139
-0.00231283970404692
-0.00262434454056201
-0.00292264784930718
-0.00319310947938137
-0.00344896044162573
-0.00187877921517374
-0.00199460960640232
-0.00206052143543565
-0.00210008616992394
-0.00360869993040415
-0.00372377759565566
-0.00379681255661943
-0.0038341666283147
-0.00354825063029772
-0.00361055884004736
-0.00363965218476127
3.53678663451192e-05
-0.000460380556464806
-0.000872083552874094
-0.00124882288925466
-0.00161837946770014
-0.00197238737930793
8.05037511410349e-05
-0.000358883515211355
-0.000747022783124098
-0.00109489968256115
-0.00141421383116389
-0.00168912164380059
-0.00196725168494936
-0.00221646859366657
-0.00245568680990183
-0.00268366702602286
-0.00289526960895094
-0.00309997168855749
-0.00329094140719387
-0.0034760867879257
-0.00364981767562486
-0.00380732230014701
-0.00396350106113332
-0.00225661712827774
-0.00249056771387629
-0.00272353847744867
-0.00293617347470304
-0.00314978449107173
-0.0033509067948428
-0.00354058153982925
-0.00371819424495617
-0.0038843213260042
-0.00403552589449853
-0.00417641357952833
-0.00430695225062611
-0.0044241835534128
-0.00452496436465063
-0.00460822790967983
-0.00467439098326411
-0.0047237477356944
-0.00475638816008363
-0.00477314375978986
-0.00202659659000934
-0.00206306399855495
-0.00209071861117149
-0.00210887080093335
-0.00211977763932193
-0.00212514595967602
-0.00409252168829185
-0.00422215008553359
-0.00433631464244755
-0.00442580437859429
-0.00449698213752758
-0.00454406461642213
-0.00456864472867127
-0.0040360645711983
-0.00409818532011533
-0.00414113794097192
-0.00416240611146448
