0.05
0.0367408176784056
0.0340286926867771
0.0296081502967476
0.0349748772369999
0.032522188297209
0.0298104692162222
0.0366761505605279
0.0338092635615151
0.0286310362920545
0.0248957568735538
0.0219403191541177
0.0198045027585985
0.0171305961238336
0.0141912417885567
0.0368413467148616
0.0311049231553607
0.0259068308290482
0.0251305283644504
0.0219035213633718
0.0186985582790423
0.0179550299696081
0.0175832890495502
0.0172529220260243
0.016852654098719
0.0163418797120141
0.0159531817378923
0.0158523960816078
0.0160005891791809
0.0163312170161805
0.0167621335757301
0.0172192919275718
0.0365475019028932
0.0346015416209516
0.0319461479434442
0.0297072057745971
0.0277726483842417
0.026202689822809
0.0248901928876507
0.0235239016564306
0.0262104189289865
0.0230074043187239
0.0195356009483265
0.0164727451298577
0.0132106360559661
0.0275305022937616
0.0258771582466774
0.0244131175146526
0.0126520022613708
0.0123197180590515
0.012272860184739
0.0124905609056422
0.0129886840914199
0.0137996002377709
0.014818858902014
0.0161172105773667
0.0177508880634013
0.019552463460722
0.0215772529680146
0.0237440769142641
0.0260666970332594
0.0283718486427461
0.0305856011706796
0.0328186583414492
0.0349504228127104
0.0370356590876275
0.0390890048366102
0.0409808982166788
0.0425241348970981
0.0436338932553768
0.0442444659699475
0.0443517331527787
0.0438655940042025
0.0424410541096605
0.0400282452132902
0.0365756197811766
0.0326546344824621
0.0286955267624371
0.0252395247453793
0.0226025185174509
0.0208493673849794
0.0199510504136153
0.0110716123111283
0.0096024282339199
0.00820415293530342
0.00689544830820789
0.00581674234918761
0.00493376104577061
0.00415102199414356
0.00360502289777477
0.00319388675404502
0.00289790603719242
0.00274462696775295
0.0233018858957609
0.0220863391282055
0.0206882878431019
0.0239713844297822
0.0241426607728744
0.0249215825358787
0.0203778538149784
0.0200552225248231
0.0197175059276979
0.0196097669840851
0.0184135576934773
0.017578956709326
0.0174003843634963
0.0175666139713311
0.0180832717989772
0.0189413845912971
0.0198680757423776
0.0208414671917072
0.0219494945052059
0.0230240040680376
0.0240509133071631
0.0249239571455323
0.0255744159886668
0.0259984691347546
0.0262393016655735
0.0205521080993519
0.0226378309844404
0.0259866731430111
0.0299281476722696
0.0337204071695379
0.0375881764520312
0.01908463732556
0.0185315947790751
0.0179989898263017
0.0393904009523265
0.0409680289375663
0.0419495334117984
0.0421161747169241
0.0411411399660808
0.038689969532871
0.0349145226633627
0.0301762556514488
0.0250437699216977
0.0202737344580995
0.0163100773360596
0.0131999506007696
0.0107744327182562
0.00882785207741186
0.00723323851573272
0.00590914546758517
0.00479780716417197
0.00384429236055782
0.00299027055179977
0.00224075907978981
0.0015188443258844
0.000850934346324976
0.000220846807189652
-0.000415140036343445
-0.000881761453346218
-0.00145213904848306
-0.00194487189835051
-0.00240630644419999
-0.0028113649955831
-0.00313966524686833
-0.00341637365795995
-0.00363473230999388
-0.00375876064585078
-0.00384636505023206
0.0393736099575344
0.0407371165665841
0.041459429314471
0.0412591765229598
0.0395567969404242
0.0359355444021203
0.0309543353225903
0.0250874311993542
0.0197941415368585
0.0153190354347826
0.0117166055558817
0.00879746822144003
0.00642170914702936
0.00452540197599817
0.00301990770260387
0.00174626636320358
0.000723454901266554
-7.11213917602792e-05
-0.000700190993913099
-0.00120307660013385
-0.00158629247229879
-0.0018444362738717
-0.00197773217618332
0.0165654590895638
0.015444982462939
0.0146175440526908
0.0140386059620601
0.0136497948797385
0.0134024975121338
0.0132640585880991
0.0132110061847425
0.0132146943835649
0.0132497027982183
0.0132958382392162
0.0133365296966935
0.0133607806533098
0.0180849217664895
0.0185014937574719
0.0192375509535667
0.0202282191875304
0.0214752566320446
0.0229397331776876
0.0245203367639997
0.026266181408462
0.0284549437317082
0.0310271205962902
0.0337310185395452
0.036280629622343
0.0385685283142335
0.0406133310494625
0.0422414634826088
0.0433880314856796
0.0439601270895121
0.0439564835356586
0.0433456239478981
0.0415061801671317
0.0378527698043745
0.0333313718366767
0.0274836358111518
0.0223318799207451
0.0177822708746966
0.0137536573893461
0.0103573738364061
0.00765842972998828
0.00562153701387232
0.0041090832312011
0.00293018619918481
0.00198092786771403
0.00128922453220332
0.000733740042482421
0.000277339033343714
-1.37629194644759e-05
-0.000163394699085363
0.0255808234509769
0.0264490874891692
0.027470984323724
0.0287221320526743
0.0299980998401203
0.0315689115773851
0.0331326557098202
0.0346071402415919
0.0362952757922001
0.0379536234484007
0.0391664508348058
0.0409937298051072
0.0421924591056164
0.043638839153333
0.0450684338851368
0.0460762361697326
0.0466809632010692
0.047254550299612
0.0477070369198545
0.0480184091972595
0.048221660693793
0.0483158459995504
0.0252255221479398
0.0257593904607536
0.0265028640831259
0.0274369509121417
0.0284929036524842
0.0296333624493186
0.0308422793381054
0.0321933194409492
0.0334356420147552
0.034791525949614
0.036241381686291
0.0376803052063917
0.0396808291735308
0.0415706721248178
0.0431185374344474
0.044312039781452
0.0451114748067839
0.0455544433718331
0.0456440640147971
0.0453559149391909
0.0446019944582362
0.043460299505688
0.0421160793285463
0.0407434261028546
0.039657455696719
0.0390054437428121
0.0293858450006749
0.0289337223561577
0.0284068031372554
0.0277223750447951
0.0255770419171816
0.02318169774884
0.0284119200418385
0.0284449559251692
0.0285159781309215
0.0268041214019521
0.0241522414830665
0.0206986103124101
0.0178235899409087
0.0157035183020681
0.0138782337405671
0.0123004113646613
0.0110682664690162
0.0102240796238456
0.00966659278518037
0.0094224154157385
0.00947981244821921
0.00986410810911703
0.010764491733702
0.0123115413193855
0.0140440888701026
0.0166478293160743
0.0192562406069391
0.0223847583326594
0.0255361216626554
0.0291038818161757
0.0325743916875325
0.0356953908079819
0.0385796816602319
0.0410920374706185
0.04308744626107
0.0445121334229072
0.0452589180302413
0.0454368024588046
0.0449978023307003
0.044046651895643
0.0428652495429799
0.0417626726225929
0.0410600661942262
0.0266232302471401
0.0240758888013812
0.0212670453673808
0.0185453119758988
0.016140269446628
0.0139916789606608
0.0121140223975393
0.0104730622958374
0.00914897375152085
0.00809578417745792
0.0073134581696666
0.00680109062619262
0.0065347624916588
0.0304248245029324
0.0321248116172477
0.0339858429843406
0.0344199171179895
0.0348510126075425
0.0353041547202642
0.0353355946078385
0.0368218842828472
0.0384635778867593
0.0397573841660622
0.0406355847869941
0.0409382628232535
0.0404435929066084
0.0389710461928477
0.0363525863156427
0.0327954198656607
0.0286806058907429
0.0244885170406857
0.0206790125538893
0.0173093956544687
0.014478248719323
0.012121655739979
0.0101935820774746
0.00857418573290297
0.00727390140065045
0.00623025913821026
0.00537150480220413
0.00458855676229428
0.00392316670179512
0.00340287549720533
0.00302409505228107
0.0027976696653024
0.00266785383799514
0.036555281297377
0.0380194369403341
0.0395794179232771
0.0409101501125045
0.0416573897225372
0.0417763957211486
0.0409646551250702
0.0391171106289431
0.0365256596395656
0.0326524167468582
0.0279065006461653
0.023180391094117
0.0192946503568335
0.0163800726009391
0.0135925737093611
0.0112941515450984
0.00937761816468227
0.00785501419610624
0.00667071401299041
0.00587877708398119
0.00527993860199674
0.00475487774417262
0.00437399222528411
0.00419926796278344
0.0349035749297885
0.0345783835636315
0.0344008232473752
0.0343472048991247
0.034406636691191
0.0345699750839599
0.0348084530143901
0.0350447454930108
0.0352880475617595
0.0355349467892086
0.035721969007544
0.0358387838977434
0.0215765368414674
0.0196417490483814
0.0173967715760336
0.0148393644780211
0.0125635443486884
0.0107642588447349
0.00910432796766467
0.00759344959248522
0.00629398265178804
0.00509450905968492
0.00397976578130968
0.00301010694019969
0.00219747206519471
0.00139407369894958
0.00059889881983371
-9.45950915062375e-05
-0.000664530429227171
-0.00114331901977295
-0.0015410965822794
-0.00185391768261903
-0.00207805484476328
-0.00222392222191106
-0.00230814136082121
0.0219505338498735
0.0205957229356026
0.0191158222555417
0.0174782035285963
0.0159134675645851
0.0146326927727934
0.0136618779335354
0.0129767043675861
0.0125758393612643
0.0124522480666282
0.0126002010081274
0.012998584586845
0.0136737727122079
0.0146559193519194
0.015885104045307
0.0173184474229889
0.0189482682667437
0.020766931525902
0.0227392785006433
0.024786304122542
0.0268824179328315
0.0289829121445369
0.0309986455334916
0.0330032677810923
0.0352808782175387
0.0376196237787347
0.0397819659610779
0.0417200191410172
0.0433427755449004
0.0446694809696665
0.0457361730564815
0.046515022316218
0.0470928804846948
0.0474315168982803
0.0476115676967817
0.0130977481297407
0.0118982232108377
0.0105322102918581
0.0134381765385976
0.0128584742579075
0.0125636143620863
0.00873846908429621
0.00704150340500354
0.00556211341693731
0.00430854995582104
0.00338247668844801
0.00262025058433719
0.00205204268364439
0.00168129340810099
0.0014966316527746
0.0105129636704954
0.0108292899278838
0.0114882217744222
0.0125345728352467
0.0151586170712408
0.0178018534967548
0.0208223517885765
0.0240271675642662
0.027156419738673
0.030257783073362
0.0331746570997802
0.0358243603947632
0.0381477902933918
0.0400556616806047
0.0414698277631629
0.0422660771756209
0.0423119116179259
0.0414983071485854
0.039771399195346
0.0368799345059356
0.0327794807099264
0.0282952858097793
0.02393052528872
0.0200825810447066
0.016961028628433
0.0145117554727512
0.0126077330611894
0.0112414218498119
0.0103692049393239
0.00992632394862986
0.0111491218090674
0.0101362374694131
0.00942158719270486
0.00874736258111013
0.00844687583078591
0.00823860367055203
0.0173881607836464
0.0174040655895593
0.0171744844679481
0.0166496790487333
0.0158573280635039
0.0148609014369084
0.0137349413138985
0.0125347927094603
0.0112736090735357
0.0099847064393797
0.00875077116341409
0.00760948452815251
0.00648677262630545
0.00537463388500104
0.00433920793911247
0.0033679487619647
0.00245890325354445
0.00161606846758538
0.000842571836369462
0.000140324973447472
-0.000491097222860092
-0.00105496140678157
-0.00155102542273296
-0.00197664670381158
-0.00233133487777556
-0.00261504014468195
-0.00282700629195314
-0.002966847282661
-0.00303848489937359
0.0174415058669929
0.0174861071921905
0.0173300510155546
0.0169429934204565
0.0163382859563265
0.0156217189384977
0.0148227602875892
0.013860371494646
0.0127971362896436
0.0117773858417348
0.0108268594889539
0.00985420845789055
0.00880875053493988
0.0076256818214486
0.00646497128010807
0.00540342608694294
0.00441090716394159
0.00348753455905891
0.00262467153423112
0.00179869447662786
0.00107175309185943
0.000325719034685502
-0.00015756061350169
-0.000634625248585051
-0.00117803370709608
-0.00164168524352268
-0.00205604680995339
-0.00242400015717936
-0.00270729140079305
-0.0029245961456107
-0.00307001313805325
-0.00314656814807739
0.0220198360124961
0.0200361181937554
0.0179954996713073
0.0161428199245405
0.0143441086240557
0.0227256435233771
0.0208671710051695
0.0182341747918505
0.0161675011287839
0.0142074733559742
0.0123743902438591
0.0110063541473272
0.00982073566417254
0.00867110583161959
0.00757068892359154
0.00675183231501199
0.00608202591324731
0.00554775141837928
0.00513482691314515
0.00483480583578874
0.00463427503909265
0.00451628697200169
0.00447020727610984
0.00447905837359043
0.00454191229689571
0.00462868934029891
0.00473153788587492
0.00483792796343504
0.00492781704188412
0.00498956238538261
0.00502651067125126
0.0130747483569651
0.011150124856249
0.00884341917011583
0.0132728384844627
0.0118852196368011
0.0103739596477215
0.00886958169257879
0.00782645825715935
0.00716799036311525
0.00673281405867218
0.00785446308371874
0.00712713243701768
0.00654481107818176
0.00621204875014792
0.00595828809325348
0.00681672004434589
0.00730121281363569
0.00826833671245083
0.00963785125799011
0.00620965127513593
0.00585434220832852
0.00562287463758116
0.01069470454041
0.0123663068677817
0.0146943090911086
0.0172626177110784
0.0204301322390802
0.0240959366820412
0.0278335049890353
0.0318639962407844
0.0358179757830221
0.0393691016024855
0.0422360111270318
0.0444129734334167
0.010399058911288
0.0115090083254729
0.0130623175792058
0.0144837359025943
0.0166596561554435
0.0186063657286059
0.0212427825473641
0.0241317373536573
0.0267809011294437
0.0294532728546693
0.0321731977612123
0.0348564886470325
0.0372147663248024
0.0393720714092985
0.0416544637897362
0.043530359903556
0.0452378659664373
0.0464638386106173
0.0473811179192702
0.0479803983171382
0.0482942850778206
0.0484248156245217
0.048429266105172
0.0483843435388909
0.0483455491151
0.0458139104067979
0.0464203400499762
0.0464136029151744
0.0460560155018646
0.0453980888269928
0.0448076574129905
0.0443991460039864
0.0440431877104821
0.0423936178152463
0.0390175257536144
0.0342549975897748
0.0286905368361299
0.0231717322633333
0.0184059057473965
0.0144848254383013
0.0113685011937122
0.00892002914439066
0.00690764494894242
0.00527938605084754
0.00401114387082552
0.00307297192372193
0.0024006930972978
0.00190698384406903
0.00158087437051971
0.00142042604874548
0.00605550855098384
0.00670003008213433
0.00762468635448843
0.00886123507889106
0.010326248468151
0.0119444906776048
0.0137269791310558
0.0156796327326143
0.0177993561080353
0.0200707894667103
0.0224651510962882
0.0249438958450028
0.027462124314918
0.030104923471936
0.00504751482010412
0.00450620272197021
0.00400804287290789
0.00356023624197783
0.00320605479644329
0.00290103336581274
0.00264860104048698
0.0024533078524003
0.00230381234740858
0.00218225805921773
0.00208557724450171
0.00201899971545416
0.00198033428863741
0.00196075180143751
0.00195372002561939
0.00195327585783938
0.00195531230011888
0.00195732850136503
0.0318407047565023
0.0335145813819898
0.035125835901162
0.0369274479563887
0.0385786152212214
0.0400198406353495
0.0417088518883997
0.0435964624252924
0.0452134973123251
0.0464001207943634
0.0472162164320408
0.0477544337787212
0.0480742728423327
0.0481952039423871
0.0481628994519288
0.0480561816800604
0.0479384102834871
0.0478522616083844
0.0314180704689986
0.032661133092405
0.0338407802127974
0.0349704325636745
0.0360685655966152
0.0371398685899844
0.0381305069521255
0.0389598515705389
0.0395918282528258
0.040016292299244
0.0402360250756156
0.0068920604662818
0.00817178471918388
0.00987324575781912
0.0118252728935839
0.0140267041967053
0.0165953076820472
0.0194102610487677
0.0227056772511321
0.0261555970916306
0.0296733851987973
0.0333635717164011
0.00494519354897353
0.0039295637183692
0.00313592888535307
0.00238509666915701
0.00184996435034975
0.00132728839194631
0.000947232950092886
0.000662289921108865
0.000427577969149035
0.000305665242120364
0.000197406795916884
0.000133641747502719
0.000102958301517983
0.0350607064511816
0.0366396596710929
0.0380991745247795
0.0396086808876602
0.0408637625592852
0.0419501759082937
0.0427258919384891
0.0433069454075379
0.0436477656541548
0.0356021385174486
0.0377685582555542
0.0398088228677834
0.0416600367794929
0.0432473225099784
0.0444750058591145
0.0452656250707011
0.0455422844805383
0.0451810546139246
0.044038928199982
0.0418074015072429
0.0384037956105293
0.0340683323265719
0.0292833277960569
0.0246784528990229
0.0204656683037127
0.0168499806604828
0.0140121752555827
0.0119981888773954
0.0105345251784935
0.00957328998311982
0.00910500519360991
0.00830109672997359
0.0077299388408778
0.00721491147898416
0.0067977557951035
0.00647353938874645
0.00622852877307058
0.00605214085555365
0.00597030830177344
0.00596530847583365
0.00602510227533631
0.00618848849178808
0.00641763960974397
0.0067433392650831
0.00719370257317547
0.00773152968129037
0.00841314992987383
0.00817172762357398
0.00751586982730768
0.00694181405449367
0.00645742691437061
0.00604621398583553
0.00569985116377652
0.00541656531513273
0.00520893149912352
0.00510083415607984
0.00509946991706278
0.00519040797330497
0.00534750968635381
0.00556679569147706
0.00592697950961083
0.00926073908675815
0.0104827371199219
0.0118985628129975
0.0134204094690271
0.0152438024123877
0.0171135543497707
0.0190607978871116
0.0214400204327102
0.0235031260679014
0.0255107883182395
0.0272977122933405
0.0289121928269084
0.0302436527387561
0.0312590200077463
0.0319577583547468
0.0323263747912538
0.00863829027078071
0.00900490657312767
0.00954065424019177
0.0101709533346576
0.0108500747522814
0.0116976109855183
0.0125916298517962
0.0134496154958604
0.0142523178921101
0.0150230444877567
0.0157675507773271
0.0164475173835918
0.0169888981134279
0.017300731585328
0.00640833565277273
0.00696013069394193
0.00761140657065654
0.00841537155688172
0.00935324770454366
0.0104454407833517
0.0116360030070834
0.0129775657956496
0.0145625978013016
0.0163425334788578
0.0182011243995207
0.0201041692950854
0.0221153184036033
0.0243125791152577
0.00593105604933948
0.00605767890630423
0.00630069230642386
0.00671878041999693
0.00743430753451619
0.00835768079819371
0.00937476376183594
0.010710422504522
0.0123232238768799
0.0141721581682033
0.0162832186647718
0.0184179940901114
0.0208809839586456
0.023523808800768
0.0262736861121778
0.0289089462848375
0.031477397572746
0.0340542742601974
0.0364242418695446
0.0385284732842195
0.0403292073001582
0.0417377976422541
0.0426274853451038
0.0428391264756864
0.0421853646754672
0.0403302396500365
0.0369242459193415
0.0321300948272079
0.0263654579003344
0.0204815472587714
0.0145372787158531
0.0264402058056352
0.028746133145772
0.031213306937848
0.0337980049306497
0.0363996182075119
0.0386994039264283
0.0405108256295771
0.0421107367743049
0.0434811097791854
0.0444309834639205
0.0449617217097831
0.0449937046286497
0.0444177910952593
0.0429236183018934
0.0404637091789441
0.0371538210891083
0.0326308277825066
0.0275437499810951
0.0228089192729254
0.0188334603816793
0.0154623703280759
0.0124652091178161
0.0099225416894243
0.00784836664446981
0.00609978277766378
0.00452555410013816
0.0243967096051398
0.0244662192777828
0.0245183153818356
0.00346014412913368
0.00240686461232902
0.00141059310001694
0.000550588513970977
-0.00016184741052028
-0.000789878505732201
0.00360296522579867
0.00273321677784372
0.00224675485939769
0.00195848675293093
-0.00114231071854123
-0.00137935646308342
-0.00152267015865708
-0.00159380563422675
-0.00104561684657964
-0.00119930473209688
-0.00126928485892344
0.0114869930054559
0.00891751630572788
0.00685733748338237
0.00505281089082357
0.00337177494473037
0.00184650577382037
0.0116913314511507
0.00938631743993231
0.00742899164792141
0.00576993940487416
0.00435114458401648
0.00322444378329539
0.00218459272780261
0.00134223112350079
0.000613925872685117
-9.26400978664025e-06
-0.000529504792616837
-0.000983570322155238
-0.00136782249122266
-0.00170793320988278
-0.00200165459581524
-0.00224963452006733
-0.00248132332787822
0.0010289204256354
0.000419445661473462
-0.000131415754219076
-0.000588900854274109
-0.00100818634638738
-0.00136951017670586
-0.00168339838071728
-0.00195601354521515
-0.00219417415624477
-0.00239819011364311
-0.00257832517549386
-0.00273739807318133
-0.00287437754263905
-0.00298804073494831
-0.00307928800052343
-0.00315017494622195
-0.00320216163829495
-0.00323613306015554
-0.00325344489695634
0.0012557879705534
0.000835862507992285
0.000500628325296657
0.000270794796788517
0.000128157543482405
5.64640826400715e-05
-0.00264524058538304
-0.00279986099934362
-0.00292910584377895
-0.00302633111714693
-0.00310122583813107
-0.00314965731556044
-0.00317459083823245
-0.00260506944766571
-0.00270637934576812
-0.00277418279160434
-0.00280709909656812
