0.05
0.037705368933939
0.0355734320923933
0.0322507683643814
0.0357087971615755
0.0329945537476167
0.0299240613860492
0.0376156645488882
0.0350591407474381
0.0306708291138478
0.0280252851687794
0.0264729414832166
0.0257388106750349
0.0254091913680725
0.0259892333702502
0.0377438968215128
0.0314859575465428
0.0258506126079516
0.025167733377398
0.0231539916979848
0.021453202935591
0.0211744226631519
0.021153123073045
0.0213327028756345
0.0220011818425032
0.0238909396072871
0.0268768427431031
0.0301378133110342
0.0334704152900448
0.0367683788745206
0.039926479037867
0.0429647378417929
0.0374870191618488
0.0356827144948391
0.033245650008944
0.0312661484790918
0.0296721968947065
0.0285118316877495
0.0276954598115366
0.0270313220164073
0.0300625018863004
0.028664186733285
0.0278366116044538
0.0277992326272377
0.0286216909295951
0.0307405888892525
0.0296919070535378
0.0289374086454524
0.0294120613644857
0.0306516380758124
0.0322118260880849
0.0338229944377618
0.0356203679598743
0.0375371296267463
0.0392991497720576
0.0410216159763791
0.0426895776183278
0.0440958882111372
0.0452835582186643
0.0461921996358599
0.0468096549632974
0.0470724908291588
0.0469604099968177
0.0463735961935401
0.0451461755594391
0.0429644480575293
0.0394276406209257
0.0345859843486585
0.0292946391074762
0.0243556337980903
0.0202726634889193
0.0171469477049383
0.0141248527160131
0.0113018917759628
0.0090448518544596
0.00723442378450192
0.00587878076544906
0.00483691280101156
0.00406701158727963
0.00353275638212209
0.00319558976932914
0.00302738182307501
0.029019300893054
0.0296080989301663
0.0304478084351502
0.031507466210582
0.0325912703802274
0.0336254294002241
0.0346565081230208
0.0354354732742131
0.0360544123732863
0.0365173040859177
0.0367625925500344
0.0286715139898615
0.0286156248201024
0.0288357465783171
0.0285231967884665
0.0289994958400778
0.030293555831062
0.0290035445494175
0.0292147480241727
0.0294749826532976
0.0287500051957619
0.0292692921439446
0.0306024544779253
0.0320363607025544
0.0336221634052344
0.0356271018133062
0.0378712903807927
0.0397799607176891
0.0414703817663286
0.0431237673658137
0.0445147327129731
0.045678395750555
0.0465526251776125
0.0471378038414444
0.0474885568270373
0.0476764092685568
0.0299077642392852
0.0314185069166508
0.0340485377989515
0.0372899421659771
0.0405091908070206
0.04379818300214
0.0299007043706534
0.030356045829562
0.0308814054202754
0.0452280018462834
0.0462970823309361
0.046708967325582
0.0462744442316705
0.0445230355332005
0.0407381204042906
0.0349664246476156
0.0282090704858414
0.0216842186159819
0.0162489697766577
0.0120977148910806
0.009055016231026
0.00683080646757392
0.00516687451113908
0.0039112703172905
0.00296652281085069
0.00226160989196401
0.00173481361148883
0.00133302248236763
0.0010383911662793
0.000806175477176926
0.000633528862658607
0.000503900576452798
0.000401286983202789
0.000340661827086346
0.00028133975458886
0.000240492236842774
0.000209515282781734
0.000187130657755667
0.000171767582669913
0.000160535637379862
0.00015267347113619
0.000148542053024667
0.000145799046452158
0.0452884586722992
0.0463375101889516
0.0468413003860495
0.0466553106380644
0.0453403097909167
0.0421774039379449
0.0368165404165176
0.0294385026963993
0.0225298820814654
0.0168957940589987
0.0126441729816195
0.00944838733304703
0.00705091335886851
0.00529356710427321
0.00401373614912675
0.00302332659915347
0.00229630659100601
0.00177749712882991
0.00139764418024884
0.00111497367340592
0.000912738862598693
0.000783196865401249
0.000718519550908285
0.0318568114451556
0.0331129906589754
0.0345255257594564
0.0359831138023795
0.0374255466354706
0.0388304363785459
0.0401776539760613
0.0413872283165104
0.0424086928467497
0.0432378187222987
0.0438674674283733
0.0442885648621525
0.0445055104411446
0.0317729286753737
0.032973193677075
0.0343973094841775
0.0358937092543981
0.0374519543376094
0.0389992651653473
0.040420720059658
0.0417571827903884
0.0431731468290895
0.0445556703113535
0.0457113457413434
0.046474904068328
0.0467900507711844
0.0465989854498115
0.0457916036682625
0.0441985111201788
0.041742283286429
0.0386092365624073
0.034802430775078
0.0292192222259107
0.022867919375707
0.0180109379051359
0.0136672885253621
0.0105840294085092
0.00817503887832706
0.00621428442766648
0.00467154216165193
0.00351926044533315
0.00269734026862568
0.00211711089629384
0.00168519934110119
0.00135246626076724
0.001119793568077
0.00093993129213593
0.00079713643872489
0.000708343589129042
0.000663452357267241
0.0311055505447579
0.032137299122743
0.0333144699202623
0.0347108073735729
0.0360873870916841
0.037719452393714
0.0392736866307929
0.0406701903773668
0.0421804713970176
0.0435683326470503
0.0445228395793802
0.0458550578903851
0.046651355595333
0.0475164678813368
0.0482532487326476
0.0486887692218004
0.0489099560659878
0.0490834580694799
0.0491898666175883
0.0492436972182154
0.0492679464174735
0.0492758090789772
0.0309073891523447
0.0317710692815132
0.0328421000909414
0.0340774670779398
0.0353752968037008
0.0366862079318337
0.0379881960142793
0.039346105490016
0.0405061594620528
0.0416726180807606
0.0428054210751688
0.0438255253515069
0.0451032139796661
0.0461527984893845
0.0468347008720126
0.0471354456539395
0.0470313682279137
0.0464802867346338
0.0454766916411616
0.0435609642332612
0.0405717313262761
0.0368851109777581
0.0331727976923751
0.0299033528527031
0.0276187541014475
0.0263612715097568
0.0292569834810977
0.0285230047912081
0.0276554666572176
0.0280612897447361
0.0263681608270437
0.0247614196842687
0.0274259335621408
0.0271773899222421
0.0268961439953233
0.0264393373808834
0.025217708660585
0.0244320293769151
0.0244291931368796
0.0249860241685908
0.0260553865150781
0.0276288599574053
0.0295194861672488
0.031462644349305
0.0335309420439261
0.0355197440672084
0.0373759082266825
0.0392060666404314
0.0413581880923564
0.0436086358449988
0.0451081293448095
0.0462532509523449
0.0465392657144195
0.0460085714807845
0.0444077629481298
0.0408402336068157
0.0351366204844561
0.0287038523162632
0.0225408052885886
0.0173785788057196
0.0133467277988786
0.0102129069454768
0.00797068416230709
0.00628597321961652
0.00486225207457537
0.00389408559839082
0.00325347513130714
0.00285265627578913
0.00265143459795706
0.0255460102453033
0.0246684343229735
0.0245147674418251
0.0250539485417046
0.0260834005996736
0.027462880661939
0.0290431733602863
0.0307227198463534
0.0322809617973211
0.0336475132096622
0.0347317448613323
0.0354716662100223
0.0358654072635872
0.0272228256889096
0.0281427732231374
0.0298194749748695
0.0308809365155464
0.0321306821460392
0.0335774201824778
0.0302901510124269
0.0313212728445227
0.0329921893053613
0.0348607053794723
0.0368820033257299
0.039007290494852
0.0410504672004734
0.0428925508052672
0.0444727348047129
0.0456577906215685
0.0464095901556604
0.0466539959857474
0.0462685627869066
0.0450098430832644
0.042502941374681
0.0384017202333731
0.0330723745999147
0.0273268776968217
0.0222542587022398
0.0181452999879241
0.0148710851331304
0.0120288085287614
0.00973348387918802
0.00802329531615247
0.00682879331045575
0.00613537293999014
0.00574591661320098
0.0347703152346419
0.0363820991743405
0.0383784393436196
0.0404962597295274
0.0423063788010707
0.0439123388482725
0.0453018977614412
0.0461942492929128
0.0466070964651817
0.0465705304272445
0.0457544239738169
0.0437142331733646
0.0402583271141084
0.0359564555760177
0.0301947743973873
0.0245257883313535
0.0195049755712181
0.0155154148799726
0.0124822293494113
0.0105069797323233
0.00905070354294816
0.00780590156545175
0.00692187913021356
0.00652156047905358
0.0350151051559757
0.0366724927697042
0.0382627984017796
0.0399451792694679
0.0414052061958523
0.0428957787286713
0.0442238614095841
0.0451851046158362
0.0459635829316516
0.0466167995218042
0.0470522731877429
0.0473008950569735
0.0240221803817654
0.0235716770173353
0.0234858570919534
0.0238580004286692
0.0246313650117155
0.0256054972569738
0.0268606641025585
0.0283475120948838
0.0299136691870881
0.0316149997171435
0.0334358858536791
0.0352274947548679
0.0368947341529305
0.0386938618961701
0.0405919045852668
0.0423144932570398
0.0437535757202392
0.0449579643420253
0.0459377352343412
0.0466826764980515
0.0471963908520146
0.0475194575375272
0.0477009921953765
0.0239720397204632
0.0234393657369365
0.0232238405454514
0.0234188790207425
0.0241016762913841
0.0251819869212582
0.0265591215453443
0.0281897122556207
0.0300046248781732
0.0319404654779051
0.0339477818293376
0.0359057916310803
0.0379046071413201
0.0398981778039821
0.0417088786422154
0.0432857822703163
0.0446298020413859
0.0457295746723551
0.046555454042673
0.0470741134397292
0.0472725564219216
0.0471110842708541
0.0465239565062902
0.045330083657567
0.0429768767483037
0.0392437995676246
0.0344293778185328
0.0291653491375459
0.0243506356897672
0.0202955042137975
0.0170038222347151
0.0145806267692155
0.0127610731453957
0.0116803367988401
0.011099341857667
0.0274434919168504
0.0295135727950135
0.0323999685740408
0.0248296640288833
0.0239386656403779
0.0234871598702629
0.0337124433863914
0.0353183525812361
0.0370493135928971
0.0387764788199304
0.0402001133223049
0.041460613490442
0.0424436653082084
0.0431006080867398
0.0434313278046971
0.0357190348634061
0.0388954204007712
0.041981159817215
0.0448729273147971
0.0459158997152158
0.0465261771291198
0.0467613307361763
0.0464684638907312
0.0455049762738422
0.043558169855067
0.0403032714426784
0.0357123234956636
0.030337492109722
0.0250276361132392
0.0202790443753068
0.0163061676024833
0.0131228455606118
0.0106713710671663
0.00879146087620742
0.00719259904222852
0.00579814152588299
0.00469175569467621
0.0038048500676353
0.00310492603631433
0.00257119537425985
0.00216754084392132
0.00186126846436011
0.00164511114838548
0.00150863581819795
0.00143979866404085
0.046193585471266
0.0471208514338502
0.0477522883578438
0.0483226705411989
0.0485671817648263
0.0487313411837516
0.0442920526642777
0.0454491929811959
0.0463195671086587
0.0466820491023349
0.0462874943525727
0.0447978193979246
0.0416797830018913
0.036557529778421
0.0299923944401656
0.0234676177656352
0.0181403866969626
0.0141061353078493
0.0108875197822938
0.00831797733931074
0.00638404087537032
0.00490663965643587
0.00377361134174868
0.0029072573549412
0.00224661440149976
0.00174391577706788
0.00136141317500953
0.00106940264445482
0.000847323899569524
0.000680423818562809
0.000556715204392448
0.00046716600574056
0.000405428514707974
0.000367032978512004
0.000348083370459903
0.0445969117496769
0.0457239693458414
0.0464769597735155
0.046712377707269
0.0462778827737878
0.0450551971992866
0.0428198130300778
0.0388439463152768
0.0331895701752495
0.0275030941169957
0.0226637451675906
0.0184817814593388
0.0148458499015371
0.0115281256877592
0.00887362756427023
0.00687966494149427
0.00534728470964682
0.00417122978072793
0.00325811185384468
0.00252933323622787
0.00199018555709169
0.00152627749437754
0.00126645790207517
0.00104122659234891
0.00082337618266627
0.00066639156736836
0.000543932694626429
0.000447428403995524
0.000380263219920412
0.000332792158208518
0.000302915135756961
0.000287802005552346
0.0267823590494657
0.0268652621700208
0.0273566347665942
0.0281944736262426
0.0294141469896849
0.0264215117039547
0.0254615006359974
0.0245338422006329
0.0241455751671783
0.02416436374178
0.0246247712498678
0.0253534752491482
0.026357197848628
0.0277082207925405
0.02943360720041
0.0311159280456422
0.0328816514788298
0.03468013547929
0.0364723427631975
0.0381988796889869
0.0398128307875351
0.0413161107099745
0.0425870009325682
0.0440736178484021
0.0453622676800299
0.046319506099147
0.0470876133282929
0.0476777292328845
0.0480765606015383
0.0483120853597019
0.0484394620380189
0.031203258085318
0.0344828280177572
0.0388488436890563
0.0296582622441579
0.0305483025462106
0.0320829147149801
0.034161069708074
0.041227125499018
0.0428834689420504
0.044073737033518
0.0401850903746313
0.0414985237601643
0.0429357176181318
0.0440787336667341
0.0455033263047713
0.0445349108791207
0.0453072563686267
0.046048085329007
0.0462395050452276
0.0452408601873367
0.046164710790043
0.0469087317081601
0.0459437478386727
0.0443904581496535
0.0408838981761011
0.0358196873445751
0.0293126545157976
0.0228863593396387
0.0177790295636623
0.0135205995980018
0.0101864909649382
0.00761304715843256
0.00559268694077195
0.00373979015477916
0.0458625925024786
0.0445442656737958
0.0417145954932733
0.0383835858856541
0.0326920679902862
0.0279126198935843
0.0224030766503987
0.0176888658264175
0.0143093236950986
0.0115800188087257
0.00932536535963386
0.00750089722248472
0.00616336349378542
0.00511789686210536
0.00414573768091475
0.00340641493149183
0.00275386211823312
0.00227045925359165
0.0018707331284738
0.00155247843033034
0.00131948777408061
0.00113900422885578
0.00100711198932632
0.000929655150760802
0.00089159229545683
0.00299004895132928
0.00241533751131299
0.00199163623081024
0.00171659939680377
0.00149181761439262
0.00136326466030923
0.00129490260640572
0.00295663804679064
0.0023510638361584
0.00187100713139246
0.00151379647058551
0.0012297373649576
0.000999037335033539
0.000816053951430663
0.000670237750080615
0.000555836704777882
0.000466698838156318
0.00039409457567778
0.000336014776371152
0.000291387734796839
0.000258846617514636
0.000235841765612125
0.000219151451860816
0.000208237023724477
0.000202902473337312
0.047080283878283
0.0470973724343394
0.046862277010229
0.0462285287240156
0.0450568446320315
0.0431849915228916
0.0403986725318977
0.0366408478094153
0.032172608531812
0.0274651975058351
0.0229336488828451
0.0187984460136535
0.0151119519785733
0.0116688556064207
0.0472463911646983
0.0474318934341703
0.0474420340061716
0.0472389526847173
0.0468122908769842
0.0460581114256742
0.0448416389292025
0.0430727499151315
0.0406784994582969
0.0374622527463855
0.0334583991102757
0.029302827249334
0.0256635195120833
0.0226493760029396
0.0203881038918738
0.0186379752670561
0.0175354619004007
0.0169270714863371
0.00985432508202707
0.00840730380494073
0.0072168187587288
0.00607920591592294
0.00519272743137686
0.00452367394377835
0.0038321195537851
0.00312676736969662
0.00254269336883796
0.00210009013114717
0.00176320230320726
0.00149547906870963
0.00127238959458258
0.00109288007900384
0.000958904970973856
0.000869191855975193
0.000811726068440738
0.00078037282770252
0.00991506828489429
0.00850175242961151
0.00735667309771437
0.00641379451632144
0.00561694469167348
0.00493000290060487
0.00435621448968437
0.00391263775433592
0.00359426513199288
0.00338916662505375
0.00328565734020645
0.046136185815704
0.0465485977217511
0.0465358816555291
0.0458412566318858
0.0442125298238625
0.0411333459918657
0.03646205939741
0.0301843019139556
0.023867402962729
0.0181810887378567
0.0129663731914859
0.0462825653055288
0.0468971272611206
0.0471418190596401
0.0469637676412476
0.0462893016068534
0.0445941236744333
0.0418333626796364
0.0380191514673277
0.0330101214165777
0.0296805792119204
0.0262008390657941
0.0239422544539841
0.0227994740387772
0.0103644424182043
0.00843015226843048
0.00695724553222939
0.00568180634598594
0.00476509511984884
0.00405662260132438
0.00358907429608672
0.00325783939823047
0.00307076639915279
0.0104982258340537
0.00850231386077868
0.00689283949037501
0.00559142076555346
0.00453621246182292
0.0036879259400461
0.00300691802615308
0.0024511149432104
0.00200749377326864
0.00165506623684196
0.00136201878076194
0.00113029918528161
0.00094692923207332
0.000798876882561581
0.000679593798094809
0.000579487025197612
0.000496534633990429
0.000432181288717794
0.000386603258769742
0.000353446610466436
0.000331634246830222
0.000320993615228783
0.0351513858832652
0.0364874591048086
0.0380287618852704
0.0395904149585294
0.0410905492774403
0.0425033847280699
0.0438532211999653
0.0448835785766093
0.045409617906499
0.045766278425456
0.0456340695889469
0.0448704936263865
0.0432020656122429
0.0400472613033461
0.035435272042195
0.0294013649256856
0.0352686405532837
0.0366072956695293
0.0380410182487222
0.0394715103127826
0.0408703364133687
0.0421984864719576
0.0433955775654526
0.0443216822378626
0.0447345554538491
0.0444212551496934
0.043260203528217
0.041224152218723
0.0381204396410334
0.0328479038194524
0.0255094768909277
0.0209935421091337
0.0170727485023123
0.0139606912200655
0.0112135139652704
0.00910947082627569
0.00742259813112219
0.00583517458287224
0.00473963952319541
0.00385703759319992
0.00318671252858745
0.00265614672616693
0.00226276226800377
0.00198588345891519
0.00180591415718411
0.00171430509346225
0.0254268179789941
0.0215504145064048
0.0178169697398818
0.0147848448232987
0.0124092573081341
0.0102118962182112
0.00846097567730144
0.00714063072475869
0.00613293183778915
0.00532113972150103
0.00464894558985868
0.0041107999730595
0.0037242975956063
0.0035160159393466
0.0290237298682376
0.0253208535707658
0.0218530093218886
0.0185804344445291
0.0157231353680649
0.0132415926536117
0.0112051902432039
0.0094546211744912
0.00787400107137162
0.00651138252613581
0.00539547617246694
0.00447227400107356
0.00366374976446607
0.00291437624247128
0.0302764568191521
0.027061663634637
0.0240787390337506
0.0210205661561597
0.0175574653525004
0.0144933739056772
0.0121604103871999
0.0100226180999828
0.00819068254241303
0.00668279969553815
0.00543314655561903
0.0044894938780296
0.00366034695771546
0.00297487645851572
0.00241371322530265
0.00197842192471863
0.00162596228951666
0.00132716714585893
0.0010893395919343
0.000899765351336332
0.000746135083883812
0.000621201992617296
0.000519963713398366
0.000438960777166688
0.000374080424424806
0.000320528341813468
0.000277211204736736
0.000242980495489417
0.000214337887416307
0.000190392337484964
0.00016860304739004
0.00250981981954666
0.00214144462576268
0.00180580709220479
0.00150235518532711
0.00123491741757182
0.00102282213542913
0.000867433346929727
0.000735038315384234
0.000619358941870702
0.000527890006756129
0.000452397471513376
0.000392491299123101
0.000342459140494021
0.000298811172558491
0.000264867724321281
0.000238717962178817
0.000215456727769703
0.000196135928234488
0.00018112020906131
0.000169745507810574
0.000160727080577896
0.000153134322105934
0.000147008667106958
0.000142244378623763
0.000138408186212691
0.000135103201861463
0.00258488173782374
0.00235606155927641
0.00220960015462792
0.000133113996072288
0.000131322287779704
0.000129784297755389
0.000128579654969753
0.000127672624134704
0.000126937130262015
0.000133038137195012
0.000131170897223916
0.000130156771362708
0.000129568886260794
0.000126569189054292
0.000126344823030977
0.000126219159732348
0.000126159864519589
0.000126630880791045
0.000126456926518293
0.000126380407935995
0.000158156515070003
0.000150147887606995
0.000144263788924984
0.000139515034077976
0.000135430851350186
0.000131974817500574
0.000158546959117218
0.00015109581023903
0.000145289390479062
0.000140772157278413
0.000137234037703096
0.000134659468285629
0.00013249441519339
0.000130904669726805
0.000129664170225497
0.000128712717483331
0.000128004113249285
0.000127455642308717
0.000127046067298765
0.000126727785801964
0.000126487142101621
0.000126308329017292
0.000126159827197402
0.000130439336447432
0.000129407488836099
0.000128569837729626
0.000127947764493128
0.000127441376725895
0.00012705660261785
0.000126763087347356
0.000126540003615138
0.000126369908224159
0.000126242736107986
0.000126144738626112
0.000126069268476743
0.000126012463306698
0.000125970944691954
0.000125941212819991
0.000125920280469152
0.000125906111365685
0.000125897387661313
0.000125893107680206
0.000130451454000497
0.000129419432588058
0.000128630244954159
0.000128107851610963
0.000127791759437071
0.000127635417608882
0.000126076321038223
0.000126009255882802
0.000125961117353001
0.000125929490179229
0.000125907818773577
0.000125895014753775
0.000125888802127053
0.000126074436219025
0.000126011525481407
0.000125972809104927
0.000125955003955143
