0.05
0.0371282633969105
0.0341885429714054
0.029258119813806
0.0353772069993136
0.0329099327724865
0.0301275665093989
0.0371116821582721
0.0346604048651111
0.0305200124751137
0.0276479152841987
0.0253151913797774
0.0235177454719283
0.0210581499290426
0.0180117052050063
0.0372574905767271
0.0318908689080983
0.0270764408057106
0.0263412259783167
0.0231764676535666
0.0199675456563501
0.0191876873890351
0.0187595084002903
0.0183135551183207
0.0176241416536714
0.0164036664622381
0.0149728749727696
0.0138091349092345
0.012961883040216
0.0124386439048198
0.0122468390371359
0.0124029703091585
0.0370283078679384
0.0354018191915743
0.0332870792371689
0.0316085513246206
0.0302533916911667
0.0292246952555675
0.0284188095694865
0.0276202080476408
0.0268012134280696
0.0243844623905646
0.0215902908699637
0.0189058874767585
0.0157608634776467
0.0262151176418542
0.0235113353568329
0.0208130179150865
0.0144208811047594
0.0130437490326961
0.011756878778737
0.0106929228310366
0.00970426624824097
0.0088062510994566
0.00808290330089688
0.00744979699567858
0.00689472970583135
0.00646600856494841
0.00613274931950189
0.00590068689664431
0.00576528603291753
0.00573346988500751
0.00579831761294437
0.00596845118309105
0.00624749525763207
0.00665540253608539
0.00722258351892413
0.00795437259489072
0.00881927186585721
0.00980753739017785
0.0108957911504106
0.0120357015542954
0.0135480056301018
0.0154586462617218
0.0174479870284058
0.0194668414916999
0.0213142450121273
0.0229892008806867
0.0244013835048555
0.0254826733590318
0.0262131298907641
0.0265929367680629
0.0144289553126391
0.0134816915846576
0.012555396737048
0.0116674076852438
0.01092119623237
0.0103012169520313
0.00974484076905646
0.0093532513746116
0.00905648095092113
0.00884179797187788
0.00873028017432269
0.0193581178320445
0.0175924327851563
0.015344086429636
0.0177413841836453
0.0141902496689363
0.0107896132270736
0.0147539769506902
0.0141104459048747
0.013403946510083
0.0137781782525377
0.0114932180743481
0.00896601762737143
0.00725001929534947
0.00581202925146882
0.00433105843985628
0.00291813486265826
0.00183790957265924
0.000942630710062342
0.00010128081029064
-0.000598907917857553
-0.00119359486985307
-0.00165624593794346
-0.00197969723312227
-0.00218161591193197
-0.00229315220755795
0.0125286330628327
0.0114964241306519
0.0104857711235672
0.00979886393718662
0.00951790125500208
0.00962943863761235
0.0124678813184859
0.0116006454948018
0.0107118389228952
0.00979102522458053
0.010414106196748
0.0114935588953098
0.0130359348261486
0.0151442666443452
0.0177294625920425
0.0205821517565268
0.0237262265044311
0.0271907373267954
0.0307928096480247
0.0342372027136008
0.037242756196163
0.0396151258788125
0.0411857682198407
0.041669693549358
0.0406726632609328
0.037792738550068
0.0330351615519305
0.0271846690903681
0.02168609235302
0.0167292573971064
0.0127098669719013
0.00946669561180734
0.00670667982259631
0.0049669239914363
0.00314035588906761
0.00178325002056979
0.000672448532145527
-0.000193619555249947
-0.00083102666844269
-0.00132769633125498
-0.00169563701235151
-0.0018965214167394
-0.00203414038111238
0.00999647867195106
0.0108049782963021
0.0120687256350372
0.0141157726192981
0.0168216782113606
0.0200678052159754
0.0235248814169906
0.0274093572663061
0.0312190623345631
0.0348486879869682
0.0380572965783043
0.0407045078975519
0.0425767610705349
0.0433989394831433
0.0429507371206327
0.0408071119477664
0.0366982596760628
0.031379996086739
0.025981692802925
0.0212510049964225
0.0175949097256027
0.0151667487806367
0.01393375220976
0.00917693705201292
0.00777379897999333
0.00652791140664923
0.0054447563882497
0.00450072973357247
0.00366497113874707
0.00291867181347043
0.00228106574937716
0.0017587964705452
0.00134153118837799
0.00102646454642188
0.000815748471411996
0.000706983945084187
0.00966000555202284
0.00868708876914333
0.00782517760032194
0.00712105097373598
0.0065376148461354
0.00607630789652586
0.00574789480086722
0.00552570942580555
0.00538717620230294
0.00536145647830175
0.00547016343303766
0.00572030015000151
0.00611490452763427
0.00668023294393119
0.00739929116872157
0.00828114702836752
0.00930555894046342
0.0104621892048043
0.0118917225803459
0.0142576681184587
0.0175774708332118
0.0208886392655706
0.0248438750316793
0.0284928848095397
0.0320384273704242
0.0355472663087891
0.0388324224247087
0.0416399551343202
0.0437895373979431
0.0452918913702606
0.0462973344243127
0.0468907035495701
0.0471020905655497
0.0470415115717392
0.0467558000234441
0.046421612456379
0.046186118456666
0.00932263845675319
0.0080711564855667
0.00697624423365599
0.00592141856507708
0.0050410664254945
0.00413661621114943
0.0033731106087778
0.00274791543090537
0.00212145562306969
0.00157391330945453
0.00120338262291767
0.000684922454529661
0.000363462983622134
-8.54644972292549e-06
-0.000366448408566914
-0.000618405945954614
-0.000771644909399059
-0.000920031129149442
-0.00104057138334395
-0.00112615304210052
-0.0011836087276801
-0.00121074356666266
0.00963141930215079
0.00858296850557257
0.00762969118842172
0.00677182713938496
0.00604069615305189
0.00542378710829665
0.00490252396907861
0.00443877059224955
0.00410039174794649
0.00381531340172357
0.00359312727239028
0.0034362389669
0.00328991036427142
0.00321509137441086
0.0032133060837124
0.00327563076477366
0.00338754056796146
0.003540146275791
0.00370885246481882
0.00392935601149449
0.00417535166275193
0.00441621696036989
0.00463192476092508
0.00481335158671302
0.0049394167907591
0.00500939783261751
0.029317996706579
0.0283156866892273
0.0269525236575625
0.0287293326707731
0.0273437899744289
0.0257949603059129
0.026308751469159
0.0254877409820442
0.0243885801621113
0.0259458729127204
0.0243407897631636
0.022193879869946
0.0202673594571199
0.0186970859392928
0.0171816420079676
0.0156879438990106
0.0143221887582292
0.0131709667664118
0.0121225860677799
0.0112346383186379
0.0104920814267629
0.00982600075955258
0.00908940012314983
0.00832222968157768
0.00777005525799854
0.00724215592704519
0.0069177519128154
0.00669615285854623
0.00660930769406741
0.00665755250145764
0.00686608073802321
0.0072248407826931
0.00775881700494523
0.00847658763323686
0.00936503598145611
0.010424738058151
0.011527547729698
0.0126677128118528
0.0139650437051454
0.0150961711742335
0.01599541813919
0.0166355889541502
0.0169840462867339
0.0233770300011044
0.0221878309038893
0.0209453777565745
0.0197273189982502
0.0186025454592453
0.0175454781302011
0.0165775949086298
0.0156979666830819
0.0149664604983424
0.0143714900079548
0.0139224292707259
0.0136251866373343
0.0134696913901993
0.0203288582471701
0.0170304727091983
0.0135275469007724
0.0120613428195201
0.010632158966859
0.00920876185282648
0.0123751843587987
0.0113409900317142
0.0104135835912798
0.00984274308032555
0.00958756117068165
0.0096492856437597
0.0100305745284481
0.0107240674908488
0.0117523678793539
0.0130841924480361
0.0147334299149078
0.0167094522902944
0.0189438951070755
0.0214500327687845
0.0240999360678408
0.0268116901374811
0.0294622546167343
0.0320553982613593
0.0344329087060452
0.0365801776472182
0.0385367970416958
0.0404689114018534
0.0421950430786268
0.0435789504794019
0.0445923179712501
0.0451951122140472
0.0455382693413351
0.0087287416197717
0.00840856256840328
0.00830505989069528
0.00847175875504052
0.00886776427736702
0.00951239945912908
0.0104981332038857
0.0116964525379373
0.0129918944122496
0.0147256020363483
0.0168986948911423
0.0193977462644563
0.021905226274493
0.024178551169328
0.026788992615118
0.0293548297624578
0.0318616238381814
0.0341492378183187
0.0361471919401313
0.0376029675745424
0.0387796138602098
0.0398720860437989
0.0406973974572159
0.0410841450164945
0.00752201776821052
0.00596269247436884
0.00469586695699171
0.00351557689002286
0.00257839074567592
0.00167809074401787
0.000902636091328035
0.000345502752308876
-0.000109954938402441
-0.000500913866007567
-0.000768694436294866
-0.000925377503214486
0.0248167232140669
0.0235199446107234
0.0218683021510233
0.0198224447205649
0.0178662866722483
0.0162298319452761
0.0146472178923137
0.0131467348534661
0.0118111866890744
0.010540223728696
0.0093234386147246
0.00823327962346294
0.00729279970666042
0.00633601749435818
0.00536342954374246
0.00449367874448953
0.00376234038789175
0.00313508319074041
0.0026040888045977
0.00217967041923193
0.00187164247760187
0.00166931788402314
0.00155173449183156
0.0248688924559399
0.0237178031536787
0.0222903679935076
0.0204932686779121
0.0185218003299914
0.0166380574701137
0.0149100406285651
0.013314602897815
0.0118587886389863
0.0105377831089781
0.00933874206847564
0.00828810653633756
0.00730426812899435
0.00638584305879549
0.0055834990056888
0.00488919609054831
0.00427863309310798
0.00373688550670124
0.00325996212616581
0.00285084314772328
0.00249956566229621
0.00220187529223569
0.00196033220947009
0.00175972091797195
0.00157090532190797
0.00140823872527584
0.00128398156434181
0.0011951556277739
0.00113914880261405
0.00110818873891288
0.00109541044342481
0.00109471028740607
0.00110037052862296
0.00110660223459722
0.00111104990631347
0.0165194427468343
0.0147375380795801
0.0125389842511563
0.0175902898025825
0.0172557616595653
0.0170822202673695
0.011177654608618
0.00986572149348837
0.00870308681740988
0.00770391043197071
0.0069575121682007
0.00633758941106448
0.00587208640090776
0.0055667403458569
0.00541415996322717
0.0106961293575004
0.00917709685494133
0.00784936488204911
0.00665878967703931
0.00664501950651678
0.00675841751831295
0.00701049531642322
0.00740803539010833
0.00793633941175337
0.00862995734651742
0.00949509797916418
0.0105477329010029
0.011813608471637
0.0133069141022892
0.0150540395351536
0.0170410054782119
0.0192166218193361
0.0214772135061278
0.0237562041131747
0.0262362784257841
0.0289214317325235
0.03148937143386
0.0339144786044049
0.0361248477194668
0.0380274703391716
0.0396134220049258
0.0409117030094851
0.0418799786042077
0.0425139211998549
0.0428405540869641
0.00568356695756041
0.00493017481787746
0.00436981529935383
0.00380935063894618
0.00354983666099442
0.00336439016285231
0.0125959225882797
0.0132539470525291
0.0144927366662515
0.016323595507018
0.0186557495406715
0.0213962975045538
0.0244201095541953
0.0276070827858127
0.0309040952140222
0.0341705961236692
0.0371218112473376
0.0395904553159921
0.041625904606712
0.0430439818776734
0.0435425543799474
0.04289749836715
0.0407498502394643
0.0367949953399188
0.0313875228605042
0.0256341262912165
0.0204445876182264
0.0161207125324423
0.0126522308742494
0.00993952798770792
0.00786064501617416
0.00631226589666549
0.00521942361463427
0.00452766952942282
0.00418236779923541
0.0127704007123831
0.0134619115759463
0.0145570178161595
0.0160528740838498
0.0179212361836104
0.0199363524061233
0.0220966350249208
0.0246539595171706
0.0274528914282091
0.0301074569199513
0.032536319359995
0.0349428679711378
0.0373831967463087
0.03987712295122
0.0419089336968881
0.0431982736703916
0.0436302959969603
0.0429949071455977
0.0410025083089471
0.0372473535933505
0.0322862797818072
0.0261256558618342
0.0220856672146843
0.0182711370225402
0.0143226523801175
0.0113299061645071
0.00890756718222795
0.00693630471657284
0.0055256315208668
0.00450504900284936
0.00385103551800282
0.00351620950110793
0.026947078497038
0.0260606198463526
0.0250768504461422
0.0240506792364386
0.0228701527014212
0.0269240993896501
0.0252077217594071
0.0226344711616872
0.0204841373912432
0.0183035204613848
0.0161167853966224
0.0143644538054458
0.0127305833334789
0.0110265543266551
0.00925165427568658
0.00778939829106235
0.00644619580611822
0.00521817684613958
0.00409768410086082
0.0030922657815868
0.0022021501113093
0.00140466619133272
0.000744538441751924
-2.48962456373301e-05
-0.000706690144820616
-0.00123512444147403
-0.00168364442955688
-0.00205199851018264
-0.00231808180555342
-0.00248385856824186
-0.00257709530078928
0.0214950387625985
0.0190801681812767
0.0158836491311518
0.0224798358102259
0.0216733424618535
0.0204816074124724
0.0189768839761721
0.0141842244470763
0.0129669972125853
0.01205738022594
0.0147627880621267
0.0137086528034322
0.0125956683007629
0.0117011701020563
0.0105076390060671
0.0116171854457217
0.0106676158117551
0.00936084084933758
0.00798560041857812
0.0111460118108318
0.010308169740221
0.00945891766041702
0.00729663945006366
0.00652364813923973
0.00570553435392673
0.00499081282460997
0.00426613408199545
0.00355365424989346
0.00290583165314378
0.00225331004555302
0.00162452038352374
0.00103191499919734
0.000476008161685696
-0.000119223900847063
0.00724956041274768
0.00649321586839063
0.00569736469254226
0.00511420743297646
0.00437817492984686
0.00382048210734447
0.00316287488442285
0.00252465255614283
0.00198711301362439
0.00147509101178175
0.000973816406743167
0.000490777566285762
6.9603602183468e-05
-0.000319297200467554
-0.0007443512764748
-0.00111669497609526
-0.00149233724877994
-0.00180682121082447
-0.00209720050101906
-0.00235288933268394
-0.00255661220030877
-0.00272599539156858
-0.00285717709790866
-0.00293735188395408
-0.00297770435294334
-0.000281789620484084
-0.000427787928732924
-0.00055148464062741
-0.000640723015305668
-0.000720467221552549
-0.000769017177999477
-0.000795896844222951
-0.000501231761008611
-0.000866655934229785
-0.00122834505422802
-0.00156336032761582
-0.00189334556133073
-0.00222573890442926
-0.00255217661965802
-0.00287244237512823
-0.00317886462026475
-0.00346603333081985
-0.00374431411592711
-0.00400640975798463
-0.00423969513292568
-0.00443227452543625
-0.00458254324309873
-0.00470045011035051
-0.00478225154808257
-0.00482373227680177
0.00901643907671566
0.0084876389569427
0.00785354051582648
0.00712512509852024
0.00637315639648951
0.00564778423219439
0.00494813376263612
0.00427386079367026
0.00362486304092984
0.00300104294309716
0.00240219258503759
0.00182759733442375
0.0012765724908435
0.000721708352693386
0.00913049286673213
0.0087908385121043
0.0084483418801002
0.00810997081968279
0.00781368796629311
0.00752689239385963
0.00725269471926458
0.00700015812949804
0.00676413964229034
0.00652434685233809
0.00627849691803111
0.0060504428218322
0.0058597867322328
0.00570272365358932
0.00558299237216537
0.00548813033280062
0.00542710200504138
0.00539288833571294
0.000339443720571147
-1.17435240311763e-05
-0.000338326160566371
-0.00069366110457458
-0.0010138480590801
-0.00129322794343887
-0.0016270672902474
-0.00201997142209637
-0.00239127374535883
-0.00270779022369597
-0.0029745821421347
-0.0032064260184256
-0.00341598599035214
-0.00359743274189722
-0.0037414505762425
-0.00384244117495787
-0.003909262312551
-0.00394652340743567
0.000477816679920719
0.000263236771662415
7.38289096963505e-05
-9.56163038680855e-05
-0.000250598960577029
-0.000394284976784821
-0.000522094286995465
-0.000626176708664425
-0.000704020098469164
-0.000755692083158862
-0.000782265155522283
0.00964983138008455
0.00870568250183537
0.00768880219044689
0.00674398527960978
0.00586834621510931
0.00501809573171683
0.00422840867659169
0.00342699300549043
0.00267644207024467
0.00196563983052555
0.0012506362343226
0.00997378054588013
0.00938107071367148
0.00887104899082141
0.00833667381580725
0.00791492300087196
0.00745511513448907
0.00707973789129888
0.00676541207461817
0.00647501890341352
0.00631013020896987
0.00615137738840507
0.00605146544554424
0.00600129887606271
0.000990943984876061
0.000772095686929435
0.000586138555600774
0.000407106814671557
0.000265691241485965
0.000147207239245563
6.3982673457057e-05
2.10655720409278e-06
-3.40953506248027e-05
0.000775184703894778
0.000322974047862625
-0.000107394422516308
-0.000518890747780584
-0.00091394015483486
-0.00128987109627161
-0.00164639939828458
-0.00198970158346192
-0.00231202558058882
-0.00261133385295699
-0.00290106880421351
-0.00316618165484608
-0.00340716506924325
-0.00362983614312598
-0.00383403461321966
-0.00402699404333316
-0.00420452361086655
-0.00435553082927163
-0.00447074337045157
-0.00455962559963274
-0.00462074089298871
-0.00465138047747283
0.01817565890368
0.0171559239591972
0.0160201024632029
0.0148831513164941
0.0137738790514878
0.0126747369931471
0.0115071045855852
0.0104171198172556
0.00965604898370231
0.008720254962809
0.00768646735426286
0.00682494491381591
0.00597455239694785
0.00511510970344631
0.00433331786870143
0.00355040955403956
0.0183043630006445
0.0175115902910192
0.0166679758513317
0.0158145349373572
0.0149462303855639
0.0140545576588361
0.0131236131642354
0.0121541510597586
0.0112025704962271
0.0103272248325134
0.00956741346746096
0.00892753534741498
0.00834593431552573
0.00767177138496731
0.00302937835204284
0.00243184278700049
0.00187496885651593
0.00138492356452317
0.000898540455443748
0.000478738442104562
0.000101711103404564
-0.000298611966270258
-0.000607749391512957
-0.000882874188478684
-0.0011113233734543
-0.00130703829086
-0.00146229150234621
-0.00157759361811546
-0.00165559101241166
-0.00169632923328154
0.00312025839238013
0.00271119066492655
0.00230037663858621
0.00194103539583699
0.001635576742279
0.00132720540970475
0.00105873170463487
0.000839312279338256
0.000659521579614167
0.000505165732108683
0.000369736042808446
0.000255621888264056
0.000170211403152999
0.000122909900352819
0.00717073081608561
0.00674159907267025
0.00634754114533898
0.0059618701227972
0.00560124956935658
0.00526081877966225
0.00495596436730477
0.0046700816449098
0.00438785716829194
0.00412158211002
0.00388399648817663
0.00367137834801262
0.00347109451521329
0.00327253570757943
0.00749202007327564
0.00732020265690264
0.00718231260903182
0.00705201067478404
0.00691064259007496
0.00678935027640019
0.006700895312719
0.00662535585530847
0.00656735993133731
0.00652694064622676
0.0065007902744635
0.00648671857032394
0.00647890177915955
0.00647473609327021
0.00647026150484019
0.00646181733578868
0.00644586486620144
0.0064175738830242
0.00637471726622721
0.00631525403926954
0.00623658372641183
0.00613696801910558
0.00601631730947295
0.00587795526729195
0.0057261053712724
0.0055619536139843
0.00539793469783661
0.00525113756289873
0.00512823485930735
0.00504720839084811
0.00502272622260425
0.00313856682309048
0.00300407037686895
0.00286825908374372
0.00273118395462574
0.00259491210042043
0.00247195446343353
0.00236937663790302
0.00226916307841721
0.00216671143056156
0.00207043096742511
0.00197486010384715
0.001882501606227
0.0017870691257743
0.00168206623464206
0.00157954522791843
0.00148155455837356
0.00137269159786231
0.00125822820819556
0.00114593498973748
0.00104024545326687
0.000937738995455349
0.000832825838038437
0.000730755939550209
0.000636752057448289
0.000548922346174715
0.000462897693494901
0.00320743798422308
0.00316044074288273
0.00312944870575163
0.000463403307200057
0.000470382562247216
0.000480409458601456
0.000492087367338213
0.00050783247104303
0.000530748216284799
0.000327769648750922
0.000170994044033165
7.11031779074374e-05
6.30484323553429e-06
0.000616369385670194
0.000696305627107811
0.000756877116262404
0.000791307304096786
0.000482722960062184
0.0004508065217365
0.000435672061363135
0.00504382540028549
0.00517023944216718
0.00539691281133461
0.00574382992800834
0.00625907717027836
0.00695288486603878
0.00506083494735501
0.0051938045716498
0.00543314542989477
0.00578928025282687
0.00628002458153226
0.00686986465353665
0.00767067659287184
0.00860917091326044
0.00975528328242106
0.0111225269498798
0.0126821979172414
0.0145059893806296
0.0165266270944168
0.0188068754964974
0.0212397986428579
0.0236737682613587
0.0262618360842973
0.00866518412737118
0.0103097489781952
0.0122046092698329
0.0141928730937933
0.0164688185549549
0.0188834827671442
0.0214037296646033
0.0239659934933184
0.0265215782234245
0.0289634003507561
0.0313243520972443
0.0335753171542947
0.0356402267270818
0.0374401309389481
0.0389369794373148
0.0401268283203339
0.0410110220100049
0.0415925688656267
0.0418897270759561
0.00605485496096001
0.00539793905826619
0.00486278753896583
0.00449092724751145
0.00425823906741879
0.00414074132585606
0.0286411722418757
0.0311367474617286
0.0333980514671059
0.0352005850946832
0.0366468797822835
0.0376062598109448
0.0381071956158494
0.0273613474160555
0.0283866621084951
0.0291415112761489
0.0295293326297533
