0.05
0.0373848178335418
0.0352696401858848
0.0320070351559645
0.0354523279358914
0.0328767209579154
0.0300976256156147
0.0372805219819294
0.0348415651275483
0.0309401691426268
0.0287279430505372
0.0274789962160949
0.0268944182951103
0.0266161660026537
0.0270080023411163
0.0374084962675728
0.0309389494502856
0.0251130365706602
0.0243263216674669
0.0214887816752025
0.0188513114970276
0.0183220587623714
0.0181449383353458
0.0181367131526769
0.018467624747451
0.0196717629048867
0.0217297582346767
0.0240026711590518
0.0261508145413254
0.0278495437234749
0.028804579490303
0.0288388579401495
0.0372401388639361
0.035786001884188
0.0339956335736492
0.032696245873955
0.0317875767573342
0.0312386082732956
0.0309604879238379
0.0308605894965601
0.0317605314596214
0.0321778867431864
0.0330503793128281
0.0339865635692937
0.0348948403813401
0.0296378306647693
0.0275590461190935
0.0254520996624444
0.0332551012473783
0.0310250807734219
0.0284083665490815
0.0258635925296768
0.0232092663564967
0.0205866013119872
0.0183383579473954
0.0162528328106643
0.0142863026452116
0.0126023257554985
0.0110760932265003
0.00971489266784695
0.00846131305057011
0.00735892046425214
0.00639338077124541
0.00548659733670553
0.00466313307584352
0.00387607545879349
0.00309283209011561
0.00233052741838312
0.00163126318229451
0.00100327890135653
0.000455914140781993
-7.42481738351728e-06
-0.000514642989725453
-0.0010556881072781
-0.00154556058477307
-0.00198751757323042
-0.00235569401973306
-0.00266651345191953
-0.00291535514672192
-0.00309938278724197
-0.00322103387912986
-0.0032835236925188
0.0372505191675107
0.0387897339091624
0.0401575041965238
0.0413256286554347
0.0421941747712417
0.0428354480764498
0.0433470755701647
0.0436723156168211
0.0438990969850904
0.0440521762285622
0.0441280261260327
0.024361407846091
0.022960651848733
0.0210834596299857
0.0227478981823468
0.0192935377255232
0.0157302189446468
0.0205491019653644
0.019957562534644
0.0192995895726682
0.01989583899211
0.0179864698841271
0.0157101439790663
0.0140826971175776
0.0126718681773856
0.0111799121248995
0.0097244061990083
0.00859189318840178
0.00763980838509012
0.00673315095925409
0.00596951860635326
0.00531417983754548
0.00479991046714642
0.00443792968506166
0.00421084315524562
0.00408499140921748
0.0181217454280887
0.0163468826663791
0.0141740301352974
0.0120962783246822
0.0103411358632981
0.00866164474481954
0.0184698574905801
0.0176861816408686
0.0168696167099149
0.00783453032908316
0.00709398428432604
0.00653219050395538
0.00614402254116963
0.00591732365347303
0.0058702896278876
0.00599295343555221
0.00628627121933762
0.00679179965498794
0.00755841596160232
0.00862106676386719
0.00999801892802958
0.0117199447245053
0.0138640438753887
0.0164921178909114
0.0195996790963955
0.0230713807527632
0.026736095204244
0.0304747264428092
0.0339427684020463
0.0372302926720791
0.0399539222267529
0.0419322227053189
0.0429543684146486
0.0427317567697387
0.0408146220360678
0.037010297918771
0.0314439730284522
0.0256099200924533
0.0208260095236386
0.0169954502642007
0.0141683516546797
0.0126401915952251
0.011604108104435
0.00793974879159852
0.00737643967779775
0.00697712394979986
0.00668635210124973
0.00655290063460176
0.00659279458823502
0.00680175793702817
0.0072216698876459
0.00785777463981833
0.00875440124745144
0.0099332938951347
0.0114474801491106
0.0133437974070677
0.0155840742843204
0.0180851670136188
0.0209272302325745
0.0238427119442173
0.026577535906678
0.0290747805744311
0.0313015091059002
0.0331426419736374
0.0344546067725646
0.0351551789657307
0.0156228609735658
0.0144363681782847
0.0133524819665258
0.0123909536780891
0.0115406105866172
0.0107795200148908
0.0100941006444466
0.00950462566943675
0.00901933238604665
0.00863011069994993
0.00833536912024738
0.0081378457467602
0.00803576339664812
0.0156717282768997
0.0144690192817851
0.0133126606157543
0.0122784042424931
0.0113254191775466
0.0104622234609897
0.00971891725715801
0.0090454411243522
0.0083338612433723
0.00760463108090777
0.00691428362487526
0.00631515884396955
0.00580908023554547
0.00537021890508366
0.00501527800729342
0.00474007979256401
0.00454933818375382
0.00443096477707817
0.00435966506498512
0.00431858060747315
0.00432662346230051
0.00438374565032551
0.0045095639169369
0.00468726020645224
0.00493265220113029
0.00527591002531669
0.00573742650104085
0.00631455543380076
0.0069725626115309
0.00766961810459508
0.00840737314085035
0.00919044017353611
0.00991740675665908
0.0106359815793948
0.0113379262972863
0.0118428494080254
0.0121226182855087
0.0141626691673701
0.0127521273161669
0.0114608102204127
0.010161402277294
0.00902978817127664
0.0078141771087243
0.00673839873577893
0.00581546118189417
0.00484254868108613
0.00394646301870345
0.00331418413638132
0.00238700125680179
0.00178356250796959
0.00105070438487408
0.000303730773154553
-0.000251989489422279
-0.000604469649401902
-0.000959136966637068
-0.00125842793316995
-0.00147783767814859
-0.00162887811400921
-0.00170131708105421
0.0144439488052933
0.01320306419413
0.0120027844795
0.010849627385681
0.00979360836473873
0.0088289015273575
0.00793678144466599
0.00705048840718793
0.00631073349352784
0.00556730313144235
0.00482321626692106
0.00410939691433203
0.00312098572029807
0.00215150086724142
0.00128336478580639
0.000498090112621555
-0.000186301090716187
-0.000796629771638247
-0.00129556642500363
-0.00179892849993007
-0.00224381092352574
-0.0026064843919219
-0.00289171619265051
-0.00310949831483628
-0.00325096894178806
-0.00332622613708707
0.0291510782316086
0.0280019409293753
0.0264754957439822
0.0291549128250657
0.0284723581370496
0.0280056630687723
0.0258819171204764
0.0251410685807116
0.0241676511470797
0.0247605396239551
0.0221603942953819
0.0190547023250596
0.0167053712829259
0.0151808518991943
0.0141017547697134
0.0134533471985812
0.0132789044838706
0.013532799885107
0.0142052630353078
0.015246988401696
0.0166439090615545
0.0185299043755118
0.0214362657579109
0.0253206625473695
0.028714965688975
0.0325781825583303
0.0353692378564159
0.0376767755333215
0.0390112803823458
0.0392980995475354
0.0380460539558092
0.0352592439091851
0.031076363553003
0.0262331870818827
0.0215934425525558
0.0175009639273585
0.0143197866864099
0.0117744839384363
0.00949538175417944
0.00786680753092574
0.00674696771561284
0.0060261632661229
0.00565758323042665
0.0222218926127793
0.0199559147324182
0.017703937725291
0.0156448401672131
0.0138630283808574
0.0122715524716927
0.0108668046498632
0.00962147768777178
0.00860154216212795
0.00777923865995995
0.00716152517890792
0.00675359345176645
0.00654041587358267
0.0215283954585247
0.0196327997830722
0.0179081147681553
0.0170292880810682
0.0162684101060732
0.0156133525921079
0.0179680959035122
0.0185448344863285
0.0197528616663266
0.0213398549797577
0.0232995213657263
0.0256302005279719
0.0281668796059485
0.0307908953162224
0.0334611866011022
0.0359954021613301
0.0383478760520824
0.040440587931625
0.0421298053549444
0.0433529906269722
0.0439617085320345
0.0438375825505692
0.0428480666016356
0.0408037115912398
0.0377350204805769
0.0338999239741517
0.0297189011689879
0.0252859033047441
0.021301493755263
0.0181651567303067
0.0159127257949637
0.0145877469752335
0.0138381769540588
0.016533714483784
0.0180300760498629
0.0201741787198762
0.0227960459280096
0.0253975584092988
0.0281338513485401
0.0311186239608761
0.0338346300394381
0.0361331271848306
0.0385501003388923
0.0408389808528311
0.042721288148954
0.0439594318226534
0.0445689454080889
0.0446485522270838
0.043944153806646
0.0422220910541309
0.0393837316375893
0.0356717086407691
0.0322694402449158
0.029155841662261
0.0260624558786703
0.0236646359908198
0.0225346652225857
0.014000575346479
0.0126427995836043
0.0116542188165592
0.0108430510519532
0.0102837582939209
0.00982731542268038
0.00950459103391753
0.00931823533478573
0.00920068376646537
0.00912625123030988
0.00908786387908316
0.00907064402930625
0.0276236366404748
0.027434782997256
0.0274660578654081
0.0277631951443194
0.0282831019057072
0.0289212096476273
0.0297512874473992
0.0307584062689375
0.0318496575049822
0.033069545160298
0.0344136207853855
0.0357735526201967
0.0370710574728222
0.0385027820398797
0.0400446555294046
0.0414749053726987
0.0426992855713696
0.0437528034043137
0.044637269057607
0.0453327741272459
0.0458279040894146
0.0461475045171426
0.0463306896065559
0.0281147737999679
0.0285234936469671
0.0292174461446895
0.030178293421454
0.0311669685726333
0.0318765084848656
0.0321419637110909
0.0318615205246507
0.0309781354463861
0.0295159908718352
0.0275713455457004
0.0253853552627287
0.0229720480917293
0.0204637568296783
0.0181253624136934
0.0160199482424712
0.0141156738391935
0.0123831116086383
0.0108155270956831
0.00942560731051363
0.00818198482878708
0.00707185310848493
0.00610892116545098
0.00523497072832618
0.00431474417741042
0.0034159144484774
0.00261049425801647
0.00189782019944713
0.0012970555494177
0.000793651608860921
0.000372533386496636
4.97677493823185e-05
-0.000202335576350642
-0.00035661312583932
-0.000441256912420293
0.0282596386471081
0.0299806004860514
0.0322892587631741
0.0258348795997455
0.0248726570357333
0.0243647581419606
0.0330049871520065
0.0338292411712922
0.034728870170918
0.035663515850682
0.0364701945117281
0.0372176270601921
0.0378263743771934
0.0382481312446848
0.0384656672449197
0.0350980371854886
0.0374084450158995
0.0391336425690726
0.0400566431883545
0.0381417328257228
0.0355628475521799
0.0320485493507241
0.0280221874358679
0.0241063681041372
0.0204017531073606
0.0171174482414582
0.0142704299409464
0.0118067048982299
0.00968295729546047
0.00783059700577359
0.00622345504020525
0.00484756839927281
0.00369880166921556
0.00273744701387988
0.00184182225123372
0.000986081787999322
0.000244494469636496
-0.00040251394680893
-0.00095575589883754
-0.00140938196747883
-0.00177481886675428
-0.00206749353405655
-0.00228325512053318
-0.00242387265734042
-0.00249624027302343
0.0420303621244066
0.0432372542365859
0.0439513520851309
0.0444889985221785
0.044688572938104
0.0448045331313781
0.0287030369791516
0.0275533091565864
0.0253962685825091
0.0225935420017277
0.0196561630171308
0.0168831788462342
0.0143965293929969
0.0121984816698817
0.0102196543235154
0.0084433910196399
0.00691449399372591
0.00561541426605986
0.00442343597157664
0.00330967912369881
0.00231960157621648
0.00142248936293021
0.00060326999585441
-0.000144281355080541
-0.000824450496185102
-0.00144021792940319
-0.00199464479982003
-0.00249180972629173
-0.00293169309886746
-0.00331146848678328
-0.00362985627845352
-0.00388588175203676
-0.00407800180221121
-0.00420516092957597
-0.00427043663411991
0.0280185191765528
0.0265083975010303
0.0243676907702052
0.0219004726217445
0.0193869563819489
0.0171795313589314
0.0152146186466716
0.0132615738029513
0.0114408734468023
0.00992116791415382
0.00865480889986149
0.00748233335096487
0.00632943592969692
0.00511517781845881
0.00398898590238681
0.00300440803982314
0.00211680096318433
0.00131359106870719
0.000577308728601458
-0.000119113416839048
-0.00072885356881566
-0.00135472934974951
-0.00176205094425532
-0.00216675976774135
-0.00263273403698066
-0.00303564104119307
-0.00339983150590078
-0.0037265444193717
-0.00398025624861257
-0.00417621161984466
-0.00430800949977995
-0.00437762235808567
0.0309364518689485
0.0313145088594675
0.0319147382363752
0.0325933656371808
0.0333113554464147
0.03091268637064
0.0315346476958775
0.0328110262350785
0.0340421631113484
0.0353997217566421
0.0368145938016754
0.0379368394649449
0.0389210893297368
0.0398260689269145
0.0405452901742548
0.0408352213263496
0.0407203375612572
0.0401509391264919
0.0390861978449619
0.0375328309930143
0.0355676695438531
0.033267728398822
0.030975538492439
0.0279326463608751
0.0250345094663765
0.0227259136530567
0.020758549004598
0.0191568659076096
0.0180154504898505
0.0173128824361448
0.0169213738847443
0.0332986184306344
0.0329177046035456
0.031724301453605
0.0342572413301979
0.0355810353933175
0.0371691190407013
0.0389464287667598
0.0299986634842041
0.0284261370949979
0.0270155124324489
0.0323418260809608
0.0318724814877503
0.0304066642477876
0.028606551112164
0.0255295505208767
0.0263393972840661
0.0241498595567573
0.0207399316603713
0.0170606883795612
0.0252223110280847
0.0232714921980141
0.0211151424311313
0.0151640210414573
0.0131649489734342
0.0111953165647119
0.00959677992828156
0.00808933307142835
0.00671065308571467
0.00553743412996107
0.00442521834719676
0.00341116149003545
0.00250001712783662
0.00167856607276759
0.000828070380649611
0.015218603879812
0.0134276774807379
0.0116631706650993
0.0104493707528971
0.0090133848525561
0.00799149646032426
0.00685740745133718
0.00582433546503916
0.00500174019802169
0.00425608683904753
0.00355942774498151
0.0029177149596824
0.00238141258903143
0.00190487871432227
0.00140197528477453
0.000974083894279881
0.000553570966917496
0.000209522954128144
-0.00010191290581048
-0.000371413464267445
-0.000583134768761927
-0.000757171341357736
-0.000890734299909092
-0.000971865521261412
-0.00101255153595599
0.000615986686441266
0.000440405465853387
0.000301817911934932
0.000207032808788022
0.000126034896803376
7.8233680580876e-05
5.22918782722209e-05
0.000281293143584202
-0.000221682516044607
-0.000697212215967181
-0.00111625818884633
-0.00150813279892083
-0.0018819150393708
-0.00222917426976124
-0.00255182799474901
-0.00284504836615551
-0.00310727916548254
-0.00335082868967813
-0.0035716403348086
-0.00376190909451428
-0.00391498030862806
-0.00403212460783707
-0.00412269760743236
-0.00418486385469018
-0.00421618203004397
0.0200739719597001
0.0188193626256378
0.017335492588378
0.0156796674121833
0.014034507008976
0.0125161852595505
0.0111178632306495
0.00983047433102381
0.00864419944500699
0.00754916654377608
0.00653584821703083
0.00559469274704806
0.00471711544168392
0.00385376823795955
0.0201421568469593
0.0191063174924175
0.0180533479079507
0.0170187405600628
0.0161265696871738
0.01528241563791
0.014499469657161
0.013803501070735
0.0131763344481818
0.0125608685070514
0.0119498797644953
0.011399439283953
0.0109509501546492
0.0105896441840975
0.0103192885460298
0.0101082841241992
0.0099739510263867
0.00989916399329585
0.00330564942019817
0.00281836289110099
0.00237693991792477
0.00190892650439877
0.00149844772101263
0.00114911952604374
0.000741174692785534
0.000271005603691285
-0.000165363351830942
-0.000531749714110874
-0.000836752060348598
-0.00109905295616218
-0.00133399725882293
-0.00153582554732306
-0.00169499857241307
-0.001806096566748
-0.00187936915149062
-0.0019201405542111
0.00345165021313578
0.00310663926668202
0.00280903047705798
0.00254833961017524
0.00231441115218915
0.00210114503229157
0.00191407332953323
0.00176342381307053
0.00165172010342709
0.00157802678809216
0.00154027328941166
0.023182024721044
0.0204853782780389
0.017629565351902
0.0151215952797451
0.0129563363833239
0.011005052910622
0.00931833176138466
0.00771850849772088
0.00630871275904135
0.00504034824975173
0.00381678953737472
0.0238950281036677
0.0218715154606983
0.0200681037978458
0.0181838863276066
0.0167383546897132
0.0152275930895926
0.0140544401155488
0.0131175050752776
0.0122909279434212
0.0118368036029191
0.0114114784912747
0.011149351034812
0.0110193961726134
0.00332660451229603
0.0029361871205477
0.00261934906025099
0.0023268578321742
0.00210392192460301
0.00192253882118839
0.00179790316840127
0.00170676552818575
0.00165407708970553
0.00307686531299768
0.00240338404325434
0.00178862040382889
0.00122382847799892
0.000702140991070605
0.000223895699862463
-0.000213623616325931
-0.000620406239549107
-0.000989605624481637
-0.00132160673664385
-0.00163323219899087
-0.00191015474137092
-0.00215507636780637
-0.00237554716751285
-0.00257284226507338
-0.00275526934201131
-0.00292001602407015
-0.00305793598802775
-0.00316184953455268
-0.0032412400707581
-0.00329543696532922
-0.00332248854428138
0.0398042827247569
0.0408236336771501
0.0418665013066762
0.0427710152128964
0.0434510300605804
0.0438345624846242
0.0437809219069007
0.0430936835604977
0.0420874961679826
0.0400735414321863
0.036608592939949
0.0327424780487109
0.0283164074537961
0.0236285800163471
0.019472864545056
0.0155409950121035
0.0397379010709346
0.0406114708680681
0.041485486148685
0.0422945153364067
0.0430028428323557
0.0435495888766525
0.0438275641446954
0.0436324619001678
0.0426863399411992
0.040775644464737
0.0379382029465345
0.0345308880449287
0.0306921007447861
0.0256532026328735
0.013282818810579
0.0109763911490027
0.00906158847528464
0.00754958436027265
0.00619777301427958
0.00513838211020966
0.00426475925577655
0.00341262646115382
0.00280121982021653
0.00228924464767295
0.00188535176110516
0.00155384324978373
0.00129982224821003
0.00111606391204696
0.000994078455360274
0.000931114948146556
0.0133416359411884
0.0114517525973086
0.00973387955236965
0.00836785537331212
0.00730237770194875
0.00631375608528254
0.00551953371058242
0.00491424131297643
0.00444690600859426
0.00406586611134307
0.0037464399310199
0.00348763018745543
0.00329980250085208
0.00319784503921956
0.0225471600655918
0.0199301696591843
0.0176406170339706
0.0155451123040623
0.0137324139580644
0.0121554447858498
0.0108516151560573
0.00971818082045112
0.00867908578950198
0.00776526920855329
0.00699861346453942
0.00634659715945499
0.00575731560045101
0.00519125016384614
0.0234634476987215
0.021219691903897
0.0193529183495965
0.0175510360325781
0.0155639862577996
0.0138185903451526
0.0124881525418387
0.0112616906522233
0.0101987877975791
0.00930753253889345
0.00854749034580071
0.00795040131128307
0.00739707236870089
0.00690520930471223
0.00646324197199794
0.00607991171105107
0.00572699632007192
0.00537921418852093
0.00505073615674436
0.00473569774731702
0.00442458119184875
0.00411244863607558
0.00379715737308103
0.00348073858117431
0.00316217696924194
0.00283061041467021
0.00249217385128057
0.00215778736068597
0.00181174404250887
0.00145878588387654
0.00107492592248516
0.00481710147992758
0.00444752090346542
0.00407849626082863
0.00370874425512437
0.00334289654926849
0.00301406476512286
0.00274100376798591
0.00247601707775767
0.00220795843620489
0.00195986251870221
0.00171838743341361
0.0014905166891952
0.00126141263844173
0.00101683307160554
0.000784848052673388
0.000568686969445632
0.000333955530579007
9.17548050662606e-05
-0.000143184453056612
-0.000363859124529157
-0.000579454807669371
-0.000804037744289691
-0.00102918586886354
-0.00124541410745686
-0.00145835353860648
-0.00168056857595872
0.00500767724857371
0.00488035927160154
0.00479892402860099
-0.00195640997185952
-0.00229625518005273
-0.00268477502440788
-0.00307800310871387
-0.00344999958137477
-0.00381265081925427
-0.0016974270624846
-0.0017127802406485
-0.00172110913047794
-0.00172591627993718
-0.0040511031407935
-0.00422730809843842
-0.00434103966838062
-0.00439979221789243
-0.00394823631583558
-0.00403468241228423
-0.00407539850799182
0.000813572592650416
0.000549655416375981
0.000299047363116317
4.32587744030272e-05
-0.000231967325357655
-0.00051555857172515
0.000918354578317556
0.0007589451757495
0.000586843594499498
0.000400198683351665
0.000195219993219801
-1.2014920575144e-05
-0.000255215215312058
-0.000504827870810502
-0.000774833868988552
-0.00106107535690033
-0.00135232762101975
-0.0016572314949298
-0.00196129878829272
-0.00227293034764138
-0.00257883679390668
-0.00286589677694394
-0.00315800406231049
-0.000747453203089294
-0.000950246323515131
-0.0011649578532562
-0.00137359462286449
-0.00159681957117694
-0.00182063155006654
-0.00204464976929977
-0.00226628764959604
-0.00248415137824594
-0.00269122732756146
-0.00289148242714883
-0.00308297480819651
-0.00325943183311924
-0.00341418384555037
-0.00354394506998562
-0.00364816922516879
-0.00372651290807658
-0.00377858884219229
-0.00380540317790906
-0.000569047793125653
-0.000615090295832895
-0.000658085499984563
-0.000691313211406363
-0.000713700507038446
-0.000725535070562141
-0.00341307613158327
-0.00367420449118777
-0.0039072515880707
-0.00409152844579159
-0.0042389252065921
-0.00433675804177396
-0.0043879285762242
-0.00328582153476993
-0.00339735254832985
-0.0034754274002828
-0.00351436176069075
