0.05
0.0371709996560319
0.0340916685149235
0.0289471680949965
0.0356124236520178
0.0334243862019293
0.03125688318514
0.0371639453997351
0.0346800888778296
0.0305028511336634
0.0276281090479996
0.0253093038984255
0.0235290772178667
0.0210977228419457
0.0180865977862361
0.0372976746063985
0.0311051432797526
0.0255020915510666
0.0246960783758874
0.0214971631094515
0.0183623526861083
0.0176379775890776
0.0172733186462986
0.0169398043581181
0.0165028682535479
0.015836068051366
0.0150978074404218
0.0144499259177522
0.0138399907340749
0.0132204001650249
0.0125649855328949
0.0118295688194377
0.0371096234612145
0.0355930121580627
0.0336794248494991
0.0322283882409777
0.0311334153104766
0.0303783284709024
0.0298689290480492
0.029459410388258
0.0260476644017414
0.0233096464070477
0.0202703491830589
0.0174692086155168
0.0143056523752121
0.0259900273240174
0.0234650188617537
0.0210553424052756
0.0131206648972033
0.0119578329246931
0.0109280659113696
0.0101308820347906
0.00945282950963111
0.00891434473074731
0.00856233949449351
0.00834914101654155
0.00828526201521014
0.00838135745955569
0.00863995224359656
0.00906390992934498
0.00967817406691893
0.0104597874160257
0.0113933796126547
0.0125543528450893
0.0139194222222178
0.0155567079501809
0.0175342820247491
0.0197979743398676
0.0221739830692211
0.0245628715920531
0.0268527271211722
0.0289433401525642
0.0313734395149748
0.03407769761446
0.0365860430465679
0.038874129896655
0.0407775538053451
0.0423643676138493
0.043607373529358
0.04450274279455
0.0450800700202507
0.0453712546961227
0.0128341080306961
0.0118019216089603
0.0108009346097066
0.00984622856875281
0.00904574900894272
0.00838096732622772
0.00778404303025125
0.00736348119092835
0.00704441706029578
0.00681338273457104
0.0066932878421274
0.019524127746513
0.0177513384838447
0.0155916587327409
0.0191556691191877
0.0174337217040507
0.0162555419714646
0.0150672435370714
0.014505686190614
0.013899836160154
0.0139817624888576
0.0118577934179972
0.00977752802812443
0.00855932489946308
0.00768702797633372
0.00694364569245967
0.00639186522814942
0.00608384565102724
0.00591449110963427
0.00583702357393611
0.00583874353773392
0.00589190053720445
0.00596853772212742
0.00604222100206683
0.00609764495634505
0.00613181791213275
0.014097813224716
0.0151203216586981
0.0171319077347617
0.019950418989597
0.0231645837429549
0.0270320867111532
0.0129496318755493
0.0120894803642568
0.0112281896769154
0.0290697608159349
0.031517132152088
0.0340323614805543
0.0364767304329771
0.038793001360198
0.0406620273717553
0.0418325380959849
0.0421978580156488
0.0414325363691122
0.0390090205571306
0.03467483518463
0.0291795170224007
0.0237330016044109
0.0189391141285991
0.0149485974304048
0.0117103513005119
0.00911404716832888
0.00701918917861077
0.00527637374447094
0.00386627358338257
0.00262074569429353
0.00156552288666335
0.000650225206549031
-0.000202563115710628
-0.000789762954041414
-0.00146760426694471
-0.00202429652712799
-0.00252515028722201
-0.00295132105283529
-0.0032890994311043
-0.00356924721123545
-0.003787776273519
-0.00391107508816785
-0.00399775162321561
0.0291819446327434
0.0315226793396658
0.0339017421419437
0.0365803410969954
0.0389980165389336
0.0407107431152124
0.0413183475314121
0.0404696491510352
0.0376786065983013
0.0328516710394132
0.0270254008095987
0.021378107816478
0.0165116163935185
0.0126062136334814
0.00954635924941342
0.00701093445929073
0.0050239459177046
0.00351831419755235
0.00235447818676336
0.00144476994877345
0.000765331386326389
0.000314982753818141
8.49474821744107e-05
0.00940164609667457
0.00782693351239702
0.00650591464372701
0.00541806544606686
0.00451725812134677
0.0037575278457035
0.00310986430591262
0.0025799156935121
0.00216214368943372
0.00183912904747775
0.00160167761706709
0.00144602712143345
0.00136671333755003
0.010664441544014
0.0103447103411117
0.0102861400234433
0.0104864398721951
0.0109389056513428
0.0116394526026422
0.0125500002420628
0.0137141452569253
0.0153700613811072
0.0175540723863974
0.0201175048186234
0.0228219539064625
0.0255476371893101
0.0283195264314272
0.0309224224961872
0.0332896586409158
0.0352921927354926
0.0369176174758007
0.0383580637430218
0.0400343491855467
0.0415702886042388
0.0422872585306324
0.0420234545642163
0.0404572612577564
0.03735948309762
0.0325239942716232
0.02670320376203
0.021212549630926
0.0167847326280785
0.0134175123189404
0.0107688891544977
0.00862894919895798
0.0070688855402302
0.00581734018737028
0.00479094007279064
0.00413750170941832
0.00380210039584066
0.0160791454268794
0.0162038975845872
0.0165615479329406
0.017174045716728
0.0179346240424224
0.0190148498367754
0.0202214636349109
0.0214675973951201
0.0230160749314737
0.0246541351856817
0.0259208857843498
0.0279478296597432
0.0293693074926875
0.0312076625038534
0.0332013692164569
0.034757409696742
0.0357746458324553
0.0368230476748064
0.0377258923903054
0.0383974235560105
0.0388642853417294
0.0390894051768681
0.0158329448085476
0.0156684837560437
0.0157460112241975
0.0160620703627674
0.0165890493683181
0.0172985197266736
0.0181765958267515
0.0192914029818947
0.0204351701499649
0.0218169147906941
0.023451474435252
0.0252238954801205
0.0279032096333795
0.0306973321040617
0.0333108615735261
0.0357503383939588
0.0379189683392324
0.0398709342393431
0.0414647665913438
0.0430538089747184
0.0444198066634921
0.0454877947725722
0.0462889389899112
0.0468716939644159
0.0472346376439991
0.0474219410625538
0.0309844340009883
0.0307432295334234
0.03052396442781
0.0295640231358694
0.0278681648221722
0.0259716564733675
0.0305870738122542
0.0306918346286819
0.0308546136240929
0.0296747708708217
0.0283550691737994
0.0264812349502446
0.0246089076531494
0.0229152814291748
0.0211441454414048
0.0193008953895654
0.0175617429743159
0.0160720674208836
0.0147044016934289
0.0135411018153233
0.0125647581937408
0.0116841488618087
0.0107015737654826
0.00966364165067042
0.00889781288808467
0.00813235066605654
0.00762083088407873
0.0072097310509555
0.0069512696598014
0.0068147763178629
0.00684236301355412
0.00702863555983017
0.00738511177266902
0.00791941398984053
0.00861998199352818
0.00948439795546187
0.0104029294605189
0.0113658272805461
0.0124737707436674
0.0134487830931957
0.0142296528781875
0.0147887354112463
0.0150942409447762
0.0325863519362657
0.0349554234840527
0.0373149136928298
0.039342350278917
0.0409719059893036
0.0423328668018952
0.0434646425735068
0.0444140641856213
0.0451525223299083
0.0457202086312727
0.0461291213261473
0.0463903640114864
0.0465238793045411
0.0304712874016832
0.0299614118159541
0.0289753054161421
0.0285887144490291
0.0280241202726908
0.0272722552044793
0.0280310667290155
0.0264381829817817
0.0241222089073254
0.0217536666584883
0.0194029594706722
0.0171119905027657
0.0150134989732225
0.013128582594106
0.0114095314809025
0.00989350465957954
0.00852984429009289
0.00728951821457369
0.00618143917953988
0.00516284240245641
0.00424836495938966
0.00342684233970692
0.00270138303053165
0.0020463258923813
0.00148382203760471
0.00100321811198728
0.000584391900718379
0.00018270173252427
-0.000172893697619377
-0.000460282785933334
-0.000674895263969922
-0.00080534259370422
-0.000880969831841685
0.0256614791659715
0.0235293103148228
0.0209864320978575
0.0183895426662137
0.0162017333761404
0.0142059356498585
0.0122864807309339
0.01069828368893
0.00942926467881175
0.00813208813391607
0.00688320096910298
0.00575238577093545
0.00481802444742817
0.00408416238673111
0.00333613874537525
0.00267192441922642
0.00207495660664953
0.00156587473758766
0.00114418958841113
0.000847944948297189
0.000614749934580254
0.000402689423529576
0.000244447523197828
0.000170656184843478
0.0272780704313607
0.0270153767263404
0.0265775319527784
0.0259602296940154
0.0253160402588364
0.0245592543826798
0.0237976364451018
0.0231870101608293
0.0226442554509769
0.0221484257190126
0.021795823365864
0.0215844840207266
0.024863415115168
0.0234376805582807
0.0216623038423417
0.0195019005952014
0.0174657982959551
0.0157806090657828
0.014163974888601
0.0126402875691013
0.0112894431903995
0.0100073947845832
0.00878240231531981
0.00768646758601213
0.00674201549782888
0.00578200099202764
0.00480675334030967
0.00393506764061758
0.00320240341828708
0.0025742245177327
0.0020426058318206
0.00161779231399018
0.00130953585547299
0.00110708831560498
0.000989444559525178
0.0247829699231905
0.0233512335872012
0.0216432417364513
0.0195823539036419
0.0174218776317009
0.0154499435099578
0.0137231259978664
0.0122066752628158
0.0108994556930569
0.00979035824722771
0.00886349806326859
0.00813131580583847
0.00753401560105388
0.00707891552336949
0.00679112710307623
0.00665573812557963
0.00665771398494675
0.00679322260595023
0.00706271655440304
0.00745952471822142
0.00798423368181553
0.00863405722516821
0.00938780356313167
0.0102844313841418
0.011486256930735
0.0129116874225418
0.0144337207108273
0.0160112967242774
0.0175348062860872
0.018962965972724
0.0202716240910707
0.0213464804685174
0.0222308464661816
0.0227904919492703
0.023104000531302
0.0166065679555734
0.0148382130279567
0.0126555144886415
0.017676193295083
0.0173506326791557
0.0171817986828863
0.0112897329524081
0.00997146374644511
0.00880154865720816
0.00779484643684389
0.00704207104884877
0.00641634383471131
0.00594617929051064
0.00563763347508366
0.00548341123489164
0.0108396416079409
0.00934440602270539
0.00803968033810934
0.00687274195996191
0.00688592562610137
0.00702438909509179
0.00730394228107786
0.00773102783813845
0.00829060862271638
0.00902006637379162
0.00992656405226052
0.0110274362565077
0.012349704167781
0.0139073164194748
0.0157254304087026
0.0177853388824804
0.0200286567858561
0.0223440149842502
0.0246616446704829
0.0271665353366244
0.029861961256199
0.0324264354114619
0.0348376150260457
0.0370260582870082
0.0389014481970594
0.0404572136354629
0.0417243892748623
0.0426649385470319
0.0432782993070358
0.0435934721089757
0.00589271209426741
0.00513510132492537
0.00457127952183374
0.0040070207452505
0.00374565591155864
0.00355883554715995
0.0114766790084489
0.0110166816163763
0.0104388167240165
0.00977736356388497
0.00908428204375003
0.00838560289208322
0.00769730442453457
0.00702391746231127
0.00635351222155699
0.00569068401779995
0.00506727734864454
0.00449450300025715
0.00393042603669516
0.00336735453938242
0.00283620940183572
0.0023296418454771
0.00184674596487226
0.00139090863319301
0.000966163509077129
0.000576623512987583
0.000225314732160003
-8.66548942733753e-05
-0.000357009879153334
-0.00058342111568173
-0.00076624662714298
-0.000907406237655826
-0.00100929727992738
-0.00107461320660291
-0.00110742135833874
0.0113246295488922
0.0108241736574093
0.0102676273961803
0.00967946957168678
0.00907761486867992
0.00852058224773451
0.00798854349556172
0.00741450013844397
0.0068287328535647
0.00629519336424331
0.00581367842190458
0.00533134565563147
0.00481916231336735
0.00424170612874046
0.00367349993055396
0.00314979847349694
0.00265458815911227
0.00218764179402723
0.00174514732919506
0.00131585819915271
0.000933875034931992
0.000538850259470483
0.000282578198178269
3.04006013579905e-05
-0.000253521035932817
-0.000490144741086391
-0.000695839114957858
-0.000872510575651594
-0.00100361290277848
-0.00110059836405404
-0.00116351636403161
-0.00119591581720632
0.0296540191342884
0.0301300474907795
0.0307601923141862
0.0313753866135971
0.0319067166856717
0.028600372666411
0.0265514923046638
0.0235378138875411
0.021062431063661
0.0185973809266453
0.0161703746430488
0.0142581589872893
0.012502030117179
0.0106940276936046
0.00883435801937305
0.00732108134329407
0.00594689663559649
0.00470411479902569
0.0035818132769461
0.00258468488698326
0.00171014343862699
0.000933663405084337
0.000296286655486837
-0.000440604432154223
-0.00108870047772469
-0.00158790647458044
-0.00200937929880593
-0.00235392961809513
-0.00260191465459819
-0.00275603110479379
-0.00284256451402636
0.0307119760556562
0.0282498815786341
0.0245268465903104
0.0336860944229321
0.0359054250557561
0.0381731136327838
0.0402919252004814
0.0222265733001168
0.0204866436597403
0.0191371943982615
0.0234258678598749
0.0220695747210831
0.0204149991965995
0.0189841429038511
0.0169953199664448
0.0184622011916183
0.0169057094812498
0.0147328756952144
0.0124665606042974
0.0177388558724413
0.0164170096322208
0.0150642671471871
0.011299768226006
0.0100345023755152
0.00874024325688994
0.00764601743595588
0.00657042727995367
0.00554422924089609
0.00463591523522943
0.00374287032627663
0.00290089749829427
0.00212216401745635
0.001403149379923
0.000643954254677085
0.0113187467137483
0.0101760126150628
0.00901279766454121
0.00818545374486703
0.0071714182806014
0.00642405123801303
0.0055655266778042
0.00475441867204649
0.00408718466714569
0.00346463599383753
0.00286691894378691
0.00230171480828625
0.00181763040377743
0.00137787907830139
0.000904398620340865
0.000494834974022441
8.63634378091371e-05
-0.000252127906651156
-0.000561897593145755
-0.000832510166540182
-0.00104673073822076
-0.00122390252955365
-0.0013605333736403
-0.00144379821673916
-0.00148563424717737
0.000472497461817265
0.00032649857807355
0.000208323456605037
0.000125916573275325
5.43210842329642e-05
1.15717511291361e-05
-1.18047431084267e-05
0.00012935856178484
-0.000353358531452316
-0.000818549257191155
-0.00123590221047937
-0.00163280734857826
-0.00201762645901905
-0.00238081915755426
-0.00272335581359705
-0.0030389978172214
-0.00332485055479605
-0.00359340034868655
-0.0038394280733166
-0.0040533507441516
-0.00422672172973318
-0.00436015385147378
-0.0044637712657715
-0.00453512032540888
-0.00457113575376435
0.0143843494715749
0.0135807248169197
0.0126316749189669
0.011560506639364
0.010475168662033
0.00944836481394593
0.0084767562829922
0.00755728588314721
0.00668708035347326
0.00586331906239864
0.00508319609552773
0.00434347170752004
0.00364119331885529
0.00293985209752819
0.0145176501271458
0.0139560319654887
0.0133949344220268
0.0128468366851518
0.012373090117141
0.0119211549571823
0.0114962246646204
0.0111117391451484
0.0107584883104441
0.0104051172658561
0.0100478267345789
0.00972043534667326
0.0094496052523989
0.00922849574019617
0.00906118369233219
0.00892940662095782
0.00884497585656619
0.00879777040452344
0.00247201628156375
0.00204711881247054
0.00165558807616774
0.00123343086816483
0.000856646017247043
0.000530798670413523
0.000144637150325725
-0.00030638987912146
-0.000729768191673841
-0.00108860604568228
-0.00138961597013239
-0.0016501254679023
-0.00188474302410566
-0.00208723863101878
-0.00224754227140363
-0.00235973583477934
-0.00243386978166455
-0.00247517159778827
0.00262355592801112
0.00234771611594808
0.00210616033346206
0.00189160455555977
0.00169661337866827
0.00151683660252187
0.00135765356752703
0.0012284914622752
0.0011321592870305
0.00106834080874877
0.0010355612977568
0.0155637297496202
0.0140006367086592
0.0123519608289034
0.0108636190370693
0.00952493662095691
0.00826232422922953
0.00712063928800861
0.00599009924059579
0.00495411845734968
0.00399079464329121
0.00303634742738125
0.0160867889777513
0.0150748400059321
0.0142110098863875
0.0133191180666505
0.0126278754032407
0.0118894539314872
0.0112991055840567
0.0108138198002362
0.0103731583435075
0.0101259344429231
0.00989025370748435
0.00974302460274169
0.00966942921062837
0.0026839275869302
0.00239449954502379
0.00215367534175267
0.00192621804888282
0.00174945440218355
0.00160332495453074
0.00150170752223818
0.00142672828858897
0.00138309943046017
0.00241707719276709
0.00183771032093523
0.00129551868474921
0.000786016969991426
0.000305624164247323
-0.000143051832230612
-0.000560484601239595
-0.000954589083526648
-0.00131729222373377
-0.00164752835196233
-0.00196102075923034
-0.00224245916481303
-0.00249366146951647
-0.00272169956414598
-0.00292733636320122
-0.00311874805374874
-0.00329258029577843
-0.00343879682862564
-0.00354936900484593
-0.00363408644354423
-0.00369204068530017
-0.00372100448855156
0.0411258356649718
0.0419145470025617
0.0425258442299766
0.0428275736298523
0.0427353324965523
0.0421324747502077
0.0407255876638895
0.0384595824159889
0.0362492688228282
0.0328345692200985
0.0284097972322413
0.0245456465935188
0.0208065887096948
0.0172499465092066
0.0142549755408531
0.0114729059343105
0.0411844853505364
0.0419896100577829
0.0426550095228292
0.0431421850668909
0.0434155946942422
0.0433921236846672
0.0429095173068487
0.0416850790550118
0.0394406355227968
0.0361724831110398
0.0323579044644024
0.0286030632969794
0.0249487336065899
0.0206314373209561
0.00985612829326757
0.00818773930623019
0.00677815753974653
0.00564102521564484
0.00459910998908141
0.00376110634382061
0.00305224377310436
0.00234151353440323
0.00181831575221699
0.00137025300950056
0.0010097470605663
0.000708766055052136
0.00047485548077631
0.000303785226937091
0.000189317625325476
0.000129936500096515
0.00993588182617404
0.00860799311407151
0.00738754781327462
0.00640255794400659
0.00562154099770755
0.00488320485871591
0.0042779961820507
0.003807773942674
0.00343824078087767
0.00313199051849065
0.00287134946975904
0.00265729127179605
0.00250022293516045
0.00241433663223313
0.0181012549219271
0.0160720703931114
0.0143410248946214
0.0127746534616987
0.01142250061157
0.010241412485419
0.00925704898081172
0.0083923444710045
0.00758957967376481
0.00687360582031293
0.00626444119766887
0.00573963718971662
0.00525984919903838
0.00479453005288033
0.0188486175921672
0.0171529932930288
0.0158085192310142
0.01455207314996
0.0131922525152544
0.0120081013731344
0.0111077436365748
0.010276559750385
0.00955280052057563
0.00894125875753386
0.00841422286472739
0.00799478871984461
0.00759990604236393
0.0072418727093116
0.00691246481293774
0.00661908269617563
0.00634119256872666
0.00605880883854563
0.00578351768977994
0.00551134302443087
0.00523489594074258
0.00495053888638848
0.00465728589875727
0.0043584276343773
0.00405480901878995
0.00373816464788793
0.00341701752149317
0.00310462739068536
0.00278938032950484
0.00247905740245975
0.00215663423128719
0.00448275938208885
0.00417270223789628
0.00386148971845957
0.00354848808678456
0.00323801203255906
0.00295851037206607
0.00272614613671239
0.00250036157476397
0.00227149747457816
0.00205898829582577
0.00185116507931975
0.00165375604269492
0.0014535559829566
0.00123746200819583
0.00102990743148475
0.00083390282705683
0.000617832729366647
0.000390970649505949
0.000166779053086761
-4.77332390003596e-05
-0.000261139199647357
-0.000487580384507477
-0.000718911126779278
-0.000945200074316777
-0.00117203746774842
-0.00141291764756354
0.00464569929874191
0.00454138178350504
0.00447409845842177
-0.00173392322067339
-0.00213610250836707
-0.0026023271537324
-0.00307940292411079
-0.00353437883031272
-0.00398032032289612
-0.00140994088027415
-0.0014053317042116
-0.00140203695001448
-0.00139976773166006
-0.00427894050198043
-0.00450061502079222
-0.00464405975303759
-0.00471826108714652
-0.0041434233060415
-0.00424729489550372
-0.00429615759824427
0.00187488288291573
0.00161701882074161
0.00139899510820209
0.00120492244569627
0.00103006186774018
0.000887657437899432
0.00210537708118064
0.00206655550775445
0.00203541248501846
0.00200976536810872
0.00198738761831453
0.00196813313822474
0.0019478161627023
0.00192841753938715
0.00190897638138336
0.00189099848668683
0.0018773232752058
0.00187074641762644
0.00187573517880175
0.00189727535041604
0.00193970143191341
0.00200348833279
0.00209601618975348
0.00112439431771747
0.00135835468053218
0.0016304984920749
0.00191670779324916
0.00224596579545636
0.00260124575062502
0.00298514390365123
0.00339745922737421
0.00384017791338866
0.0043020578815792
0.00479410451210291
0.0053141878701743
0.00584402052314438
0.00635508845444664
0.00682169286144787
0.00722446677335569
0.00754508158436999
0.00776725178827152
0.00788467046102906
0.000528645115519049
0.000245886660205772
-5.08285167712661e-07
-0.000181510585434839
-0.00029941903471488
-0.000360498433613061
0.00239316386860711
0.00274621859588701
0.00310389219332686
0.00341796727830326
0.00369144398787413
0.00388458777224453
0.00398964676559673
0.00194045117972956
0.00180547615703495
0.00171249692673895
0.00166678890023347
