0.05
0.0372782792890091
0.0341442842722111
0.0288796556031554
0.0357578507920407
0.0336254189852964
0.0316085537963745
0.0372987886654544
0.0351773971132053
0.031963825701848
0.0300830474276903
0.0287302547302665
0.0276945265396934
0.0261651904762887
0.0239289406880732
0.0374618218645727
0.0339867672238265
0.0313111378427505
0.0310210201898398
0.030210602650658
0.0293676684685833
0.0290787103262266
0.028822711215021
0.0283996855282682
0.0274386464300447
0.0251959640184458
0.0220356188825215
0.0189619351757206
0.0161555834546639
0.013636358656453
0.0113817722709416
0.00925830474475889
0.037203186687887
0.0356018720434809
0.033543351058821
0.0319332133731225
0.030654476314435
0.029698227126516
0.0289573171055004
0.0282241713109853
0.0263338528596498
0.0239471035037669
0.0212732519459133
0.0187531187062329
0.0158274681612661
0.0256455517506454
0.0228273584565795
0.020080701713163
0.0145209692309904
0.0131730715639677
0.0119080146458403
0.0108574931163939
0.00987702309958012
0.00898251943420231
0.00825921547931201
0.00762412700729718
0.00706595788643074
0.0066343711629493
0.00629923822780981
0.00606715015483159
0.00593434252247509
0.00590820847428602
0.00598197106077327
0.00616533743255063
0.00646206777765593
0.0068933334639271
0.00749104162397672
0.00826040475897014
0.00916775983509972
0.0102021340213211
0.0113381046932464
0.0125244836571315
0.0140934137054427
0.01606828131284
0.0181156751356771
0.0201832847237201
0.0220657684072485
0.023764560259571
0.025191112424591
0.0262800319021164
0.0270140581450854
0.0273952247674345
0.0146608377415839
0.0138323792985994
0.0130212035996067
0.0122410134211833
0.0115825603524809
0.0110330877643037
0.0105378424799914
0.0101880128970955
0.00992213909722383
0.00972937352564233
0.00962909277385698
0.0185040091491941
0.0166462868228391
0.0143417978865416
0.0173654943541491
0.0145161181980231
0.0120768998337992
0.0137656402839232
0.0131433166978693
0.0124661612988357
0.0126499670232497
0.0103011924396319
0.00783578050964834
0.00624997836283633
0.00498495904604189
0.00374561343433633
0.00262420872704969
0.00180831296254228
0.00116172799683002
0.000580851555395083
0.000118025057323476
-0.000259703821484465
-0.000543506431138803
-0.000736381716319107
-0.000854257720666859
-0.000918433315889946
0.0121496514080482
0.0122111110631766
0.0128334138162376
0.0140964083890063
0.0158774851172879
0.0184162727924908
0.0114879912728913
0.0105926370528749
0.00968562761912664
0.0198701487139166
0.0219862563689226
0.0244975699874716
0.0272687537785295
0.0302924486630873
0.0332764696786575
0.0359478168496995
0.0383204867345025
0.0403130819713381
0.0416124821918009
0.0418150616908032
0.0405366774552398
0.0374818785466345
0.0326894510717465
0.0270009057117499
0.0215305245184371
0.0168719686878875
0.0130766769949243
0.00996149183200862
0.00750734795359119
0.00541777943219052
0.00372577838994735
0.00233084733869307
0.00110223328490922
0.000298161120092706
-0.000583545407636035
-0.0012717870817531
-0.0018637820648399
-0.00234825827793444
-0.00272048637291233
-0.00302162736724312
-0.00325196502610036
-0.00338036450119897
-0.00346979561919243
0.0200973848328407
0.0222804751978978
0.0248386981881406
0.0281471498577626
0.0316860221319508
0.0350741453444899
0.037900852114387
0.0402353361511309
0.0415585009322231
0.0415680654440448
0.0398429314055487
0.0360211573827138
0.0304243485071917
0.0244900592810669
0.0193025138589647
0.0148577176581127
0.0113611002201969
0.00872548120483318
0.00670322584150369
0.00513457015147526
0.00397121647722693
0.00320454605425878
0.00281445924946322
0.00794858191174947
0.00640599652671089
0.00507131232681337
0.00393746983712842
0.00296941106820214
0.00212813784204326
0.00138954624786427
0.000768014368897774
0.000265466239160642
-0.000131750816717348
-0.0004291223524221
-0.000626757422272007
-0.000728365239542064
0.00884233914313911
0.00816367525761138
0.00767456650866538
0.00739847277546625
0.00731237881335708
0.00741580131508308
0.00769724406138211
0.00816756998801355
0.00894256453680451
0.0100729448049513
0.0115214937360725
0.0132040371705745
0.0150924787447829
0.0172448022155444
0.0195125935269309
0.0218281242965017
0.0240380901598297
0.0260775040086795
0.0281600007270836
0.0310409832569792
0.0344340457809347
0.037222815860183
0.0398533247199912
0.041611427713148
0.0425958166209861
0.0425800383619818
0.0410883999968541
0.0377472901048
0.0329959484887471
0.0280074441451434
0.0234039110750431
0.0194050763037889
0.0164104970037641
0.0139882337166691
0.0120005390711963
0.010737437686644
0.0100902482027493
0.0112424706391092
0.0106985915372343
0.0103748414440989
0.0102288498697096
0.0102650973969665
0.0104981396932546
0.0108984058549729
0.0114161831684192
0.0121716435483838
0.013077391692796
0.0138401100180537
0.0151654711821752
0.0161713658993938
0.0175644469474281
0.0191876175585392
0.0205308636860341
0.0214431603928509
0.022412517693401
0.0232699415746003
0.0239207486969003
0.0243798441932804
0.024603105743349
0.0112186257579619
0.0105714850699853
0.0101184674331672
0.00985922784782008
0.00979676043804165
0.00991185931292423
0.0101924822141734
0.0106719177771447
0.0112621017642108
0.0120796573319927
0.0131676148170818
0.014461315013645
0.0165756008608583
0.018959375468024
0.0213652007780642
0.023770739387015
0.0260365172317263
0.0281820015644782
0.0300200646463815
0.0319557849761938
0.0337364215221762
0.0352342014984694
0.0364367846550308
0.0373677989680244
0.037977750024033
0.0383038250553939
0.0312505452107294
0.0309025206667547
0.0305417862223058
0.0303383270587996
0.0291713304601808
0.0279418402403608
0.0303612087094348
0.0301523945512013
0.0298934497415461
0.030635300766239
0.0313773792269574
0.0326767376109107
0.0337691719770851
0.0343790660907471
0.0345170504552677
0.0340156193571966
0.0328106455680396
0.0310866323705328
0.0288539636467059
0.0264503727164532
0.0240762558462057
0.0216828291478036
0.0188271205558075
0.0157019790429355
0.0133255735051791
0.0108323854897431
0.00900701168244573
0.0072978682029825
0.00587581735515089
0.00448031945866877
0.00324825366922971
0.00219645339803619
0.00123651614428059
0.000369090210224385
-0.000398382614916101
-0.00108269228175186
-0.00164005991033669
-0.00211040911959984
-0.0025554709783404
-0.00288918304476646
-0.00312715932138244
-0.00328437369314456
-0.00336609941214183
0.02855954793062
0.0269758225842913
0.0254752800459367
0.0242752456721684
0.0234469465953778
0.0229159122615278
0.0226331400123296
0.0225397415415974
0.0225771118458942
0.0226839954375865
0.0228099800266105
0.0229148963948923
0.0229769072355296
0.029886972259235
0.0297610247172883
0.0292039802173123
0.0288269914248605
0.028228476927656
0.0273934349558781
0.0286697571208164
0.0274066659589606
0.0253027349661239
0.0229684245320786
0.020529541524135
0.0180770096454928
0.015791484330278
0.0137206849826526
0.0118249051261859
0.0101515743607471
0.00864778211399262
0.0072828411870759
0.00606694973675509
0.00495309501495333
0.00395690923645788
0.00306554817101193
0.00228154458089729
0.00157636871165779
0.000973100790472639
0.000459552558643356
1.35802804122956e-05
-0.000412784861751046
-0.000789226114687504
-0.00109279142276592
-0.00131908849197253
-0.00145647763412493
-0.00153606639275666
0.0258926915450391
0.0237893341758665
0.0211984779611476
0.0185033619845216
0.0162094331525381
0.0141032900816208
0.0120683245401358
0.0103794157774939
0.00902758641022054
0.0076444575905669
0.00631263085177419
0.00510759037539361
0.00411328222615674
0.00333364663613349
0.00254052717990873
0.00183787102570039
0.00120786615977873
0.00067189065673178
0.000228912690390569
-8.17269607080553e-05
-0.000325881882477917
-0.000547596045966909
-0.000712857726024486
-0.000789872277292635
0.0270723836605887
0.026382647457439
0.0255102609749996
0.0244253203580814
0.0233807909556975
0.0222283195875456
0.0211301839486336
0.0202876299740224
0.0195660759513017
0.0189265700790593
0.0184807078518415
0.0182170437525794
0.0273938200073651
0.0266453530166402
0.0255966543339857
0.0241362414552645
0.0225644203610888
0.0211156445109298
0.0196042786903931
0.0180891378045966
0.0166913427512274
0.0153313207324903
0.0140119136529601
0.0128218854377503
0.0117928531606275
0.0107461781252114
0.00968400906423621
0.00873644567734387
0.00794168607322693
0.00726162779474279
0.00668712657327484
0.00622872179228439
0.00589645952107347
0.00567841270457476
0.00555176988811355
0.0270230066787676
0.0258611765889466
0.0243790463611768
0.0224563050846817
0.0202933335974416
0.0181938960561247
0.0162535886419958
0.014458400068419
0.0128222121597649
0.0113419982642458
0.010003966300764
0.00883714867933599
0.00775042589280344
0.00674229862329052
0.0058677349010965
0.00511663096446709
0.00446151485854962
0.00388551647779784
0.00338366695252414
0.00295823463303187
0.00259791902742603
0.00229748027405522
0.0020585494561716
0.00186535366057241
0.00168991401838903
0.00154524947357863
0.00144152203252644
0.00137475157871814
0.00134049417342553
0.00133023002644557
0.00133667796425448
0.00135198550077282
0.00137099397433873
0.00138576610458605
0.0013950361458237
0.0223164060322079
0.0202698026821651
0.0176461582042194
0.0241919336803919
0.0244014058080746
0.0245098053893724
0.0162151536003221
0.0148025551417938
0.0135340058701242
0.012437099481977
0.0116162627180312
0.010934633438988
0.0104233225030871
0.0100883164486181
0.00992105732217018
0.0151623536564474
0.0130226492782624
0.011060695512466
0.00919280216370032
0.00836695021339349
0.00771232290133101
0.00711472546505458
0.0066027927565839
0.00619070760490743
0.00585062910171326
0.0055872893500598
0.00539896907167714
0.00528487726169653
0.00524758136581465
0.00529071920188711
0.00541948463754296
0.00563707546013345
0.00593927901699474
0.00632094334886135
0.00682399628180264
0.00747204398589341
0.0082028349357476
0.00900988190641278
0.00986237879184348
0.0107014307524789
0.0114886557410836
0.0122034134341956
0.0127844310437011
0.0131901821066136
0.0134081485630878
0.00837821084417472
0.00775246756041211
0.00728900892866536
0.00682726911616526
0.00661395195983732
0.006461769228588
0.00836071860694303
0.00753004786942112
0.00678055021718776
0.0061666644357291
0.00573133995477209
0.00547688728031796
0.00539662980738588
0.00548506731323917
0.00575198419218487
0.00621786753332023
0.00687561953887227
0.00770914269345078
0.00879338283354113
0.0101974905364904
0.0118855905055633
0.0138945905110833
0.0162368098811568
0.0188791265020509
0.0217447754373877
0.0247234655015825
0.0277012804052477
0.030589290846512
0.0333000864802339
0.0357456762168407
0.0378592562160758
0.0395886725435057
0.0408943147813146
0.0417573475690563
0.0421987735555391
0.00803507718419061
0.0070902967896072
0.00626752790376204
0.00559789727966626
0.0050858264013894
0.00474847734308487
0.00454203321350444
0.00444672176019947
0.00449333325706932
0.00467532533368589
0.00497153364989665
0.00541918551787238
0.00607819152080999
0.00704259741264036
0.00823622446340677
0.00960818872668551
0.0112231346551824
0.0131032232780365
0.0152682035571819
0.0177796697216886
0.020389883629945
0.0234836139502974
0.0256987188071984
0.0280573001607723
0.0309716291245136
0.0336380320072655
0.0361269376212948
0.0383982516338359
0.0401689630012108
0.0415288941986607
0.0424337076159175
0.0429066916961977
0.0275120467708127
0.0265237192633217
0.0253714239959506
0.0241271600643689
0.0226752289970247
0.0276865961115475
0.0263478903844373
0.0242807952461951
0.0224725760024022
0.0205447978516133
0.0185230929675873
0.0168482943555305
0.0152493343258882
0.0135546491275318
0.0117671373565984
0.0102791545813341
0.00890026882525334
0.00762954378264438
0.00646129322941096
0.00540529694504166
0.0044637182017688
0.00361416352559842
0.00290622639478381
0.00207563095424989
0.00133513849438002
0.000758268691535
0.000266492784543472
-0.000138925531841123
-0.000432663693688136
-0.000616047508152124
-0.00071932979876913
0.0211281095994587
0.0184253348540432
0.0148769441818148
0.0220426950835679
0.0208534633931323
0.0192147259579348
0.0172754616107889
0.0130179274341833
0.0116938308446692
0.0107092037718947
0.013609132532556
0.0124415026000362
0.0112284386343308
0.0102654065720175
0.00899448848696699
0.0102808085276613
0.00937849043033555
0.00815298954099097
0.00687573071458322
0.00969788551402572
0.00877512777596835
0.00784583941296799
0.00628209905732592
0.00562588478630895
0.0049391426652168
0.00434409937183615
0.00374450967821861
0.00315822090898502
0.00262832401649425
0.00209913670828204
0.00159626508495615
0.00113229102355804
0.000709505408835695
0.000273362228556144
0.00615859173201728
0.00542507253041161
0.00465561744978498
0.00409246272077718
0.0033815944011508
0.00284195796899651
0.00220356614977042
0.00158058473799246
0.00105222613421465
0.000544973318221615
4.37949388588173e-05
-0.00044431995612992
-0.000874943273505297
-0.00127734941797579
-0.00172242393906959
-0.00211652517770123
-0.00251823803072932
-0.00285777400870019
-0.00317397047142265
-0.00345453424612849
-0.00367949212346284
-0.00386749818404404
-0.00401370897137841
-0.00410332170826772
-0.00414850020725217
-9.45643340456382e-05
-0.00042818837940584
-0.000712475437846055
-0.000918173114579461
-0.00110229771043129
-0.00121448429658741
-0.00127661718275898
0.000252786718096388
0.000251866109748739
0.000264218735369442
0.00028302784240934
0.000305545482840603
0.000330632717579382
0.000357559954228859
0.000387600361434465
0.000422274708010499
0.000463253249289992
0.000514469611100521
0.000576987191716544
0.000647788524798524
0.000719383978506411
0.00078479319760263
0.000842720806606405
0.000886622217228841
0.000910102760649097
0.00739767753371827
0.0068673019816763
0.00623671824800377
0.00551757665762883
0.00477981869547082
0.00407224592368245
0.00339337881372423
0.00274231406336189
0.00211841959780301
0.0015210946498139
0.000949655509843982
0.000402957585542143
-0.000120092820736335
-0.000645894623730794
0.00745226130953708
0.00704639444553084
0.00663817114755984
0.00623583561222268
0.00588437912210695
0.00554501433442936
0.00522142887726421
0.00492423383886665
0.00464720786496467
0.00436641347227252
0.00407912414031526
0.00381311245143844
0.00359106847983632
0.00340839077877965
0.00326928574022952
0.00315917126662116
0.00308837386561209
0.00304869963023805
-0.000998889860391817
-0.00132252423331685
-0.00162331738946453
-0.00195081433849438
-0.00224661950211532
-0.00250569372706908
-0.00281672601719709
-0.00318485352101809
-0.00353491299633563
-0.00383521291235461
-0.0040898464950694
-0.00431234247454177
-0.00451449298752611
-0.00469035850776431
-0.00483051416544458
-0.00492910011483777
-0.00499447327633161
-0.00503098107088976
-0.000883977768738435
-0.00109365506966275
-0.00127895873076294
-0.00144496026527499
-0.00159701783553823
-0.00173820204268129
-0.00186395971539415
-0.00196649554165016
-0.00204325915316115
-0.00209425280351115
-0.00212048972295815
0.00816931660359209
0.00727368830264149
0.00632170387347527
0.00544831492592799
0.00464806800507592
0.00387913645821843
0.00317170899606991
0.00245991047555786
0.00179820934117797
0.0011751566115796
0.000550880727468035
0.00835006757745418
0.00763914504182923
0.00703068999776422
0.0063964311965166
0.00589811195999294
0.00535717224750148
0.00491731128479813
0.0045502041246609
0.00421206043512724
0.00402044935380613
0.0038362764269441
0.00372051104178255
0.00366242802170881
0.000243327813685774
-2.12178212185388e-05
-0.000249783886740348
-0.000473206329815891
-0.00065197529797284
-0.000803343472767024
-0.00091050634181808
-0.000990653771071814
-0.00103774558866349
0.000204361194333939
-0.000123838031262939
-0.000437433634817048
-0.00074095122776665
-0.0010382005857322
-0.00132871149357724
-0.00161316010538613
-0.00189705571723932
-0.00217398359110404
-0.00244120867123015
-0.00270991435831129
-0.00296493348910852
-0.00320475246049716
-0.00343349622367125
-0.00364937436138588
-0.00385842309193048
-0.0040546402331901
-0.00422428721458688
-0.00435532235115761
-0.00445734157775974
-0.00452795564975548
-0.00456349882373901
0.0163215588647323
0.0151776220497785
0.0139592075107075
0.0127811538131728
0.0116614033038332
0.0105735531536258
0.00943592415895229
0.00838662186412719
0.00765965398192628
0.00677145926350023
0.0057964620561706
0.0049881774071202
0.00419374906670609
0.00339396640776247
0.00266883447395627
0.00194461709512063
0.0164169163038314
0.0154796198838809
0.0145405218282884
0.0136356551469635
0.0127510644623079
0.0118725127432006
0.0109811713836704
0.0100759143769306
0.00920640454863353
0.00842111616581521
0.00774990152070682
0.00719189651904545
0.0066904705254696
0.0061160790245631
0.00146344422358851
0.000913219531688792
0.000401708726427109
-4.75087597583151e-05
-0.000492615635870047
-0.000876279039241803
-0.00122050651643702
-0.0015857036048885
-0.0018675603843627
-0.0021183188408215
-0.00232649239119608
-0.0025048173227955
-0.00264626970559018
-0.00275132212376393
-0.00282238713488788
-0.00285950523003411
0.00154769231666333
0.00117154312707567
0.000794959883464823
0.000466459359282946
0.00018785747465812
-9.2808944125173e-05
-0.000336702654245813
-0.000535726749260372
-0.000698603806441237
-0.000838295933981703
-0.000960754350242122
-0.00106386563110141
-0.00114099936520746
-0.00118370259412889
0.00567231468583465
0.00529732775844404
0.0049575854829627
0.00462973969394856
0.00432779693839854
0.00404733272084096
0.00380042863849017
0.00357304913144966
0.00335312605640928
0.00315044886905044
0.00297424271659413
0.00282092071833374
0.00268094896244996
0.00254710558166725
0.0059876427494231
0.00587600579329057
0.0057987284424211
0.00574162858745519
0.00570116639405264
0.00569089738216018
0.00570949492898307
0.00575959931706385
0.00583959590436145
0.00594501821228543
0.00607446291178707
0.00621005874563182
0.00636928438856267
0.00654165204130175
0.00672169272233763
0.00689410291450695
0.00706101771472084
0.00722595910474773
0.00737390186251293
0.00750119347470851
0.00760706851267633
0.00769000654345284
0.00774978038174471
0.00778910235684771
0.00781578182352724
0.00784321623063765
0.00789079126460768
0.00798197518420123
0.00815067158558699
0.00843043649102695
0.00888388741142424
0.00247698262138851
0.00241279154782682
0.00235453117970402
0.00230257806066318
0.00225787702262075
0.00222352974734514
0.00219915839391292
0.00217896943357732
0.00216163415951771
0.00214781583753615
0.00213591044232406
0.00212567746318948
0.00211617402519129
0.00210697392931168
0.00209965921685383
0.00209505838195547
0.00209414131202789
0.00210046753028382
0.00211746877453015
0.0021473867584736
0.00219411263894763
0.00226645459254634
0.00236953111264551
0.00250382611527214
0.00267624770906379
0.00290436610393016
0.00248309975889415
0.0024368686903418
0.00240637143826476
0.00360101511526691
0.004555615212133
0.005755119594641
0.00708953557688906
0.00848418269213319
0.00997607955910201
0.00248135646466631
0.00202304501018838
0.00174320117393536
0.00156694617976676
0.0113234259211864
0.0124462259690738
0.0132380290250853
0.0136702893673034
0.0103026014428603
0.0105317458155127
0.0106465998732012
0.0095594891750436
0.0104704002133207
0.0115631757351448
0.0129135567196739
0.0146298797768406
0.0166537210026536
0.00890067044539023
0.00914259566522885
0.00962573251170549
0.0103656130653642
0.0113912377803438
0.0126168991590546
0.0142575376024519
0.0161327056858389
0.0183401768734115
0.0208387465721861
0.0234987353466411
0.026359931049341
0.0292474958304623
0.0322096405673909
0.0350949148866117
0.0377575253913705
0.0403926836717594
0.0193914411001464
0.021906835632636
0.0246367756812526
0.027293012265626
0.0300850510335423
0.0327916486195806
0.0353827125487454
0.0378134419774731
0.0400583851201535
0.0420413971690094
0.043798472700987
0.0453088624294592
0.0465340810895092
0.047463429958769
0.0481308702558867
0.0485902745242715
0.0488900506544444
0.0490676871406458
0.049152330975132
0.0161058754985789
0.0157799739440774
0.0155771612653979
0.0154755646092414
0.0154309664211765
0.0154147964478542
0.0423724915530366
0.0442592851711451
0.0457937586717612
0.0468821880993734
0.0476583016520031
0.0481226010376619
0.0483478828142773
0.0417684024386048
0.0429479667802196
0.0437626867301921
0.0441646130721266
