0.05
0.0369691049130021
0.0341096466630153
0.0293442866393769
0.0353510074762423
0.033108548181426
0.0308662501800141
0.0369680643481299
0.0349063059382771
0.0318107028660221
0.0300272776797012
0.0287644987413836
0.0278024950154139
0.0263751241820641
0.0242530742862292
0.0370690060581338
0.0306203782824519
0.0247797684443169
0.0239877320764301
0.0211274008449578
0.0184878335229425
0.0179799120206332
0.0178406177915063
0.0179162836728563
0.0184728912944335
0.0202796515336867
0.0233287335326709
0.0268014431520868
0.0303564194329704
0.0336963966986949
0.0365620123206975
0.038867930263684
0.0368118774282842
0.0349665961466303
0.0324862303064036
0.0304321913278864
0.0286899683186057
0.0272983973473056
0.0261496743573704
0.0249619689936662
0.027188300244089
0.0251322630445981
0.0227578212996042
0.0204272656676854
0.0176125717524761
0.0263370202961756
0.0236670412107971
0.0210008989500373
0.0162357430165365
0.014772396722205
0.0133616263983743
0.0121592271965
0.0110042235722655
0.00991197766652922
0.0089890763452292
0.0081330759779525
0.00732171704895051
0.0066245111536434
0.00599446004864153
0.0054396878647615
0.00494177270287587
0.00452180812969895
0.00417527628839536
0.00387649253066032
0.00363653000524674
0.00344312927687516
0.00329164592766398
0.00318945949679221
0.00314384488875864
0.00315485765503601
0.00321976623662432
0.00332785275542814
0.00351054774905374
0.00377900638502055
0.00408971607728118
0.0044345465219735
0.00477693964226051
0.00511167611038054
0.00541394914287089
0.00565919652577427
0.0058323543129654
0.00592501197100769
0.0165739170936707
0.0158173181274567
0.0150630406179858
0.0143271822355875
0.0136999767780533
0.0131732295540344
0.0126964263535476
0.0123587984357286
0.0121018423469981
0.0119153904021898
0.0118183543471757
0.0195730630131755
0.0178366045676208
0.0156205583490041
0.0179337996187594
0.0143764251896073
0.0109631821299927
0.0150346470202529
0.0143951063484837
0.0136923818695216
0.014095683473081
0.0118608486160902
0.00937764125782836
0.00768330541724713
0.00625721902044177
0.00478205339320091
0.00336826153952947
0.00228291848449725
0.0013801809908831
0.000528904430304383
-0.000181787098525184
-0.000787058485738069
-0.00125902651611503
-0.00158958303456709
-0.00179620541391212
-0.00191043872429357
0.0127342296638707
0.0115474503906063
0.0103140547253398
0.00936910150663502
0.00881658212475656
0.00859672820202444
0.0127763412595205
0.0119266632471474
0.0110548404110504
0.00850333913425179
0.00878794427305563
0.00947236520194823
0.0105661963944074
0.0121609923645315
0.0142222663884293
0.0166199567847566
0.019416588324644
0.0226945783857804
0.0263261249595534
0.0300214672407261
0.0334782197660531
0.0365057946634194
0.0389816686978307
0.0406823259141503
0.0412888707521155
0.0404233004044302
0.0377146880253215
0.0330372678907737
0.0274731329741558
0.0217570746318183
0.0168623357420541
0.0128366774381258
0.00938740718345283
0.00720898267425503
0.00492057914441358
0.00322129098521624
0.00183219533873098
0.000751110615822913
-4.29358987970069e-05
-0.000660384113670231
-0.0011168986763911
-0.00136579600528777
-0.00153610788910999
0.00882407184215851
0.00944034873499155
0.0104614801500211
0.0121688203914908
0.0144883531059453
0.0173671833560048
0.0205651385005809
0.0243284884688378
0.0281877467557519
0.0320147548592307
0.0355515563427378
0.03867426369349
0.0411985996353159
0.0428590350450571
0.0434683054709801
0.0427813160296833
0.0404215649302048
0.0364381041906665
0.031430396353249
0.0263401255869459
0.0220666886713867
0.0191183295813008
0.017598179351943
0.00958156482669082
0.00823119501697307
0.00702911380904741
0.00598153545051943
0.00506647648708129
0.00425467732188438
0.00352835848593148
0.00290671939884603
0.00239674315211917
0.00198877271522405
0.00168040499734789
0.00147401144042763
0.00136742640755711
0.0099851459578343
0.0089834454897526
0.00808256635379145
0.00733202081836709
0.00669363784574909
0.00616954413542722
0.00577350931159614
0.00547520319728567
0.00523745882334463
0.00508777498358426
0.00505421095629249
0.00515243989759605
0.00538611868306932
0.00577325384112468
0.00630420386620387
0.00698750918572279
0.00780962564071243
0.00876236268114807
0.00996317867297992
0.0119834758900939
0.0148698202008682
0.0178282956259836
0.0215000308336063
0.0250394872077215
0.0286162302660197
0.0322864355031578
0.0358600882650674
0.0390800744436229
0.0417390818249659
0.0438016453260027
0.0454060676134083
0.0466379662449177
0.0474571355780319
0.0480351560537214
0.0484379866690827
0.0486557401709674
0.0487537116645521
0.00948730783149547
0.00822602772063816
0.00712075716151748
0.00605419220469536
0.00516254017909588
0.00424480812150086
0.00346855982624378
0.00283166795482303
0.00219208250751979
0.0016317732397673
0.00125189120197227
0.000719201610281529
0.000388170249468048
4.19089408527107e-06
-0.000366297616066311
-0.000627874886543964
-0.000787333278798431
-0.000942082449505268
-0.00106807782801807
-0.00115771033349272
-0.00121798195202471
-0.00124647526282179
0.00980126835676589
0.00874767827236684
0.00778798849578693
0.00692254139445614
0.00618310749351075
0.00555733871028976
0.00502665976880924
0.00455222160625054
0.00420374061903105
0.00390718533243049
0.00367200261545856
0.00350130918553264
0.00333418591696856
0.00323735353372772
0.00321433168649428
0.00325595370481393
0.00334846247236935
0.00348249567659895
0.00363492962033835
0.0038377290895337
0.00406671435221955
0.00429258914019983
0.00449574566343302
0.00466708801098805
0.00478634987887656
0.00485262050431868
0.0302354227631415
0.0295124758920151
0.0286053226129724
0.0298945943410239
0.0290900673053111
0.0283189518787308
0.0281596364642875
0.0276099787437625
0.0268955974829977
0.0282722674565157
0.0282311994592867
0.0283944692107431
0.0283848510327174
0.0280275051481833
0.0272085403261002
0.0258586007309613
0.0241410095067726
0.0223502438555617
0.0204669713732231
0.0187048999267919
0.0171138498829404
0.0155866862723409
0.0137902690355848
0.0118036611716146
0.0102597999048117
0.00859913958921668
0.00735682859850112
0.00617457652514659
0.00518008889820257
0.0041980924630223
0.00333041614686369
0.00259315501178928
0.00192694376241749
0.00133442305781153
0.0008216767826081
0.000377480843877863
2.78219802266444e-05
-0.000256339097840464
-0.000513586926389448
-0.000697849398417619
-0.000824097029835362
-0.000904881101398189
-0.000945968284090288
0.0268260759325489
0.0272461479740998
0.0280440477855116
0.0290703446886301
0.030185294348759
0.0313633285221783
0.0325483951108734
0.0337138703830552
0.0347474391879153
0.0356317359302119
0.0363251571485986
0.0367964374309394
0.0370470279900929
0.0240648501914366
0.0219664975489145
0.0199781041026679
0.0187177671951162
0.0175563179120327
0.0164762412164278
0.0204481416053443
0.0214835819906937
0.023195281588957
0.0251733202815378
0.0274038236461101
0.0298731868633421
0.0324089305015174
0.0349042824374227
0.0373220101016741
0.0394894109528022
0.0413534307049343
0.0428262245386237
0.0437756783487054
0.0441100539468844
0.0436664947084958
0.0422610056225873
0.0397492433476904
0.0360687788755574
0.0317727446975278
0.0274789758316604
0.0235556410705337
0.0198639021999149
0.0167563268676775
0.0143896344316928
0.0127163522656734
0.0117386858187485
0.0111874451607469
0.0173979633767128
0.0189020026989157
0.0210488791050342
0.0236542283728893
0.026217496949235
0.0288936148150142
0.0317956094721672
0.0344266809243822
0.0366492331040989
0.0389844320782047
0.0411972411512621
0.0430246266392463
0.0442430584144501
0.044869141944544
0.0450168749526165
0.0444500810995823
0.0429562036665177
0.0404107359984008
0.0369642625370045
0.033695131009901
0.0306172102888987
0.0274851540568704
0.0250174458502826
0.0238449726326492
0.0141780044068135
0.0121241028970375
0.0105209243148618
0.00909009297210936
0.00800095946001119
0.00699762981829238
0.00616885771983086
0.00559500010075668
0.00514155291657026
0.00476374016445406
0.00451020826438785
0.00436398653963873
0.0280113932619629
0.027569916662375
0.0268712458709909
0.0257671357075055
0.0244342957203593
0.0230922773139159
0.0215960427051499
0.0200215970940189
0.0185227917914525
0.0170353335254481
0.0155745118569418
0.0142482005049355
0.0130981580404495
0.0119278586600995
0.0107414279965418
0.00968492175925167
0.00880061143942206
0.00804546322181404
0.00740873460797904
0.00690151307955016
0.00653434297827359
0.00629361026209521
0.00615388178673529
0.0277376548264948
0.0269830370507305
0.0259512750378228
0.0244897072316872
0.022684290542626
0.0207791452643533
0.0188952577326745
0.017056099462479
0.0153061300783392
0.0136650503267704
0.0121329186581817
0.0107552486041041
0.00943113705684299
0.00815932699641986
0.00701295628003234
0.005986821058509
0.00505028750081157
0.00418375503077199
0.00338329007341485
0.00265751077790971
0.00199325759458836
0.00138687559764247
0.000849102627569948
0.000349900997435526
-0.000187212972314252
-0.000721234698098087
-0.00120725336399388
-0.00164304969443902
-0.00201432702925042
-0.00232795136805943
-0.00259189238697641
-0.0027950432778468
-0.00295418922366636
-0.00305176017724943
-0.00310535056211039
0.0226481633543782
0.020599830550699
0.0179641876005669
0.0245903027793549
0.0248616497364091
0.0250031022757851
0.0165370906953882
0.0151235384142048
0.0138513454327366
0.0127498489598894
0.0119250291386826
0.0112398612288011
0.0107258186270014
0.0103890058498809
0.0102208430870036
0.0154496196770691
0.0132777521704782
0.0112827290697255
0.00938029637485389
0.00851739686506707
0.00782856392568028
0.00719412556172176
0.00664396848958428
0.0061936677304988
0.0058130175343383
0.00550688976120658
0.00527296608209606
0.00510941124243478
0.00501806105312952
0.00500104485143452
0.00506294307674573
0.00520688545438084
0.00542981867909749
0.00572656899301863
0.00612949977843283
0.00665819612634488
0.00726174323564439
0.00793408709669781
0.00864895835494753
0.00935617273486562
0.0100225128296639
0.0106297425465756
0.0111249137560823
0.0114715717137123
0.0116581052843661
0.00857035799704153
0.00794862644064658
0.00748839506793438
0.00703011630206778
0.00681846529706273
0.00666750689778964
0.039801661485774
0.0399229810983161
0.0388822332284034
0.0363669978732684
0.0324694552186535
0.0277987633363567
0.0231507359834347
0.0189817067735271
0.0153474916671612
0.0122538741642273
0.00974266191987023
0.00772581578319239
0.00597239302453675
0.0044186010289634
0.00310540484906736
0.00197054127626539
0.00097946990987679
0.000112235242375548
-0.000646689989002197
-0.00130969394072557
-0.00188779746161487
-0.00239166370399908
-0.00282660979744678
-0.00319438898206022
-0.00349752294513312
-0.00373803335189951
-0.00391669488769564
-0.00403411367019839
-0.00409412977661661
0.039597376501675
0.0393875048389331
0.0381330330855063
0.0356815928016702
0.0321665200869872
0.0283864632220037
0.0246760243880946
0.0208671017606929
0.017373603936437
0.0145783659380017
0.0123628867340575
0.0104220767781284
0.00862096859035896
0.00682321072050565
0.00523412261785952
0.00390557387407627
0.00275860957337303
0.00176298124961938
0.000885571813943253
8.67402377071761e-05
-0.000587826463968671
-0.00125571870124504
-0.00167763576699393
-0.0020861330363586
-0.00254193699694759
-0.00292415403219802
-0.00326184051461938
-0.00355918647180103
-0.00378673486531696
-0.00396053881975496
-0.00407651567485967
-0.00413746824102547
0.0234751701198464
0.0214852257081462
0.0194125199480529
0.0175121158471298
0.01565449126699
0.0244958589671963
0.0234740552181624
0.0220059068177764
0.020769890594022
0.0194671735351105
0.0180838989204785
0.0169072951544516
0.0157507714958324
0.014492315026285
0.0131308654802573
0.0119704611197239
0.0108727587293301
0.00984240905773891
0.00887915817034929
0.00799482261393681
0.00719483193208679
0.0064630385069403
0.00584550385797359
0.00511218886933712
0.00445125185465746
0.00393173356918472
0.00348550556327324
0.00311525463416479
0.0028456410745654
0.0026767407755594
0.00258139748064863
0.0143084006477458
0.0122616884949923
0.0098122749547113
0.0145779227975242
0.0131787621088935
0.0116473140516759
0.0101101471306077
0.00876469467590119
0.00809427986386729
0.00765890201811356
0.00871276424294201
0.00790915701818455
0.00727241157348374
0.00691483160423321
0.00665407639272716
0.00776954075334076
0.00835810732255009
0.00951377697888216
0.0111307414494979
0.00713532611683693
0.00680041453294722
0.0066110530336304
0.0122920939851219
0.0141180953088101
0.016628395648886
0.0193394778963684
0.0225909523484325
0.026223207674576
0.0297859065249714
0.0334671485258935
0.0368767176064113
0.0396548569364821
0.0414627136963049
0.041993552469877
0.0120825191480114
0.0134250636991488
0.0152577841769095
0.0168982284138443
0.019353880787071
0.0214942839630742
0.0243163953128432
0.0273165400810674
0.0299945379558492
0.0326342044457614
0.0352604441298758
0.0377833880643696
0.0399238019370164
0.0417910352551928
0.0436396904092935
0.0450228313105564
0.0461010348495803
0.0466609621968575
0.0467834019583096
0.0464161331660065
0.0456080232233533
0.0443663326342716
0.0428573028153848
0.0416233375906181
0.0408905224617471
0.0426097028337664
0.0418554337379566
0.0399976013712273
0.0378204273780482
0.035166971135994
0.0332425481676933
0.0320725077280288
0.0403176892515811
0.0368954966382536
0.0318698114514595
0.026602334770173
0.0216414589984259
0.0172807359071987
0.0136864308910607
0.0107501087799059
0.00839447484219019
0.0065160589042119
0.00494684376101611
0.00365647809081556
0.00263655051207044
0.00187278362408083
0.00132025383003435
0.000911493250325128
0.000640033042696458
0.000506032666388376
0.00710822039224608
0.00784877539898505
0.00891149085618034
0.0103329948185868
0.0120164347206904
0.0138722052980705
0.0159067219801634
0.0181167302744649
0.0204854983499736
0.0229819002119598
0.0255633805401065
0.0281835789521375
0.0307971411133066
0.0334977381438824
0.0060236906926475
0.00548233303341795
0.00499507262134073
0.00456820982425198
0.00424109262774579
0.00397102281774184
0.00376116713604091
0.00361389457312875
0.00351721103730296
0.0034567070153182
0.00342953850847522
0.00343326209785068
0.00345772478064788
0.00349334256273197
0.00353047679944911
0.00356639590471539
0.00359245354461907
0.00360817441809295
0.0351927434005566
0.036791232662182
0.0382969612681425
0.0399344659274621
0.0413755239625809
0.0425688022093675
0.0438744627827731
0.0451922882595356
0.0461391895817675
0.0466125611506618
0.0466592277857205
0.046301225579413
0.0454675839898703
0.044103520852495
0.0423559747991533
0.0406456256259395
0.0392389389409212
0.0383390073296558
0.0348704691758054
0.0361470078938647
0.037339186388879
0.0384633902607137
0.0395395222577009
0.0405733036502436
0.0415151335779037
0.0422927865881422
0.0428782328500995
0.043267710583094
0.0434680620784759
0.0076468488769436
0.00902110878250801
0.0108621665847607
0.0129848871587827
0.0153818086450453
0.0181691905915555
0.0211965313030452
0.0246891791039803
0.0282773240487908
0.031866655841434
0.0355665497143133
0.0056032677014699
0.00456561323288918
0.00376706890912371
0.00302476866861722
0.0025058263811329
0.00201059598022258
0.00166032649414562
0.00140552256022761
0.00120306313114333
0.00110120401603859
0.0010136431810961
0.000963567862732807
0.000939960301362389
0.037335797215386
0.0389356625280676
0.040379467818316
0.0418372253702017
0.0430207756943909
0.0440224658195134
0.044724042976685
0.0452412004617361
0.0455407991664667
0.0376986113086332
0.0396989292204074
0.0415030573522535
0.0430371195360766
0.0442157389317064
0.0449357096710816
0.0450986579311956
0.0445623178133093
0.0431277409325185
0.0405965517765212
0.036727188248478
0.0320399856930593
0.027242175886683
0.0227808057703332
0.0189294845737513
0.01559722330945
0.0128016295176286
0.0106222741193955
0.00907592616887212
0.00795014036205392
0.00720926562306876
0.0068477857565431
0.00952921640161532
0.00893202207065488
0.00837701311413182
0.00790818728774923
0.00752164066661314
0.00720244979762376
0.00693273850604655
0.00674942010305947
0.00666497088649668
0.00661689942151012
0.00664770317294564
0.00675545022539781
0.00695130145920447
0.00726000638046976
0.00765943848342907
0.00819292970664917
0.00938429319768722
0.00868762456062026
0.00806207010107608
0.00751727035201613
0.00703583727979658
0.00660785401515008
0.00622860950008153
0.00590876719062418
0.00567761858854377
0.00555094926362283
0.0055228394068159
0.00557141471185077
0.00568461877960304
0.00591186372024787
0.00897487775286792
0.0101126048957197
0.0114416911942661
0.0128813431222453
0.0146196950017901
0.0164167866327457
0.0183033388858147
0.0206280308104263
0.0226597526690875
0.0246494053631722
0.0264290411316472
0.0280427870360946
0.0293769836185337
0.0303960831335978
0.0310980913648375
0.0314686404364479
0.00829948463441886
0.00854053522441598
0.00893609754891418
0.00943008323956535
0.00998116874135321
0.0106858364209927
0.0114427521012128
0.0121789092079161
0.0128747656323
0.0135486336678886
0.0142044656996448
0.014807394754718
0.0152900285021724
0.0155690390813577
0.00631255813827429
0.00678455616250871
0.00735158571348609
0.00806075754597647
0.0088967766673266
0.0098790658182535
0.0109584665217018
0.0121842040299028
0.0136444347717503
0.0152996667306953
0.0170458794582708
0.0188531552210387
0.0207844938474296
0.0229186975708639
0.00584951584226921
0.00589523684143753
0.00605381979456639
0.00636671350294717
0.00693364768729469
0.00769013519321767
0.00854346411395305
0.00968464890009259
0.0110838573107475
0.0127119619246104
0.0146011698090867
0.0165460792732066
0.0188348276788616
0.0213462311470846
0.0240197382528532
0.0266360365152024
0.0292328339347196
0.0318825005850595
0.0343623499079285
0.0366109047727621
0.0385932107590018
0.0402223962018118
0.0413701068260892
0.041872072223493
0.0415451229897788
0.0400815422985202
0.0371255574490802
0.0327229383877032
0.0271787634727711
0.0213388350243311
0.0153373059785749
0.0250679842317056
0.0274171363781114
0.029948757984976
0.0326171464406705
0.0353180188851536
0.0377200831185466
0.0396258502511765
0.0413250399866368
0.0428012766105674
0.043849641449083
0.0444716815600297
0.044581672059701
0.0440750689765369
0.0426495766016921
0.0402594334812953
0.0370221406411508
0.0325762669232174
0.0275476435083944
0.0228401440610248
0.0188664325751333
0.0154798265544407
0.0124535039658057
0.0098727154110825
0.00775681407131434
0.0059645640367646
0.00434394872825488
0.0229208831031178
0.0229322903698802
0.0229464821261815
0.00323579452770841
0.00213212471499128
0.00108097618104586
0.000168004447272503
-0.000592401675762238
-0.00126557828361476
0.00339974306659645
0.00250571737735868
0.00200420103421417
0.00170637747932307
-0.00164532386839794
-0.00190175321006312
-0.00205722046440417
-0.00213452195699497
-0.00153940414655067
-0.00170440401101056
-0.0017796520185738
0.0122257647881281
0.00957191516991962
0.00742136642086981
0.00551996573862026
0.00373328413877034
0.00210037405223773
0.0124498111417159
0.0100825386375716
0.00805040087592758
0.00631026354611713
0.00480732152567149
0.00360262972234487
0.00248039176225326
0.00156287482220833
0.0007624608786247
7.14902752057022e-05
-0.000510257825629418
-0.00102219320148591
-0.00145882136532725
-0.0018481724520823
-0.00218675195214553
-0.00247434908221211
-0.00274445846034255
0.00120570677204676
0.000532532304303519
-8.13481245121888e-05
-0.000595547680192533
-0.00107073984689336
-0.00148354258739855
-0.00184485612097537
-0.00216085487599354
-0.00243869000355606
-0.00267806901537236
-0.00289052763023529
-0.00307902724245453
-0.00324202149636358
-0.0033777498277396
-0.00348702623356906
-0.00357211412400482
-0.0036346240118772
-0.00367552196442344
-0.00369637921752838
0.00148093927776326
0.00103848915811158
0.000683823279754581
0.000439884077833959
0.000288151595884781
0.000211779948838181
-0.00293861628055574
-0.00312297978109763
-0.00327796720468257
-0.00339509952561391
-0.00348566385612004
-0.00354438519894415
-0.00357466682127811
-0.00288680547696042
-0.00300368345561418
-0.00308206889976947
-0.00312016969050051
