0.05
0.0369406126806944
0.0340002921991302
0.0290797348667612
0.0353706884861384
0.0331864689418343
0.0310479100832543
0.0369418701737706
0.0347877085600814
0.0314462325408608
0.0293992259161301
0.0278619747205373
0.0266707684786224
0.0249361070646341
0.0225072667595234
0.0370528063133792
0.0308273054841664
0.0252450777826532
0.0245102707119703
0.021967063190341
0.019658282906548
0.01922848066779
0.0191281078846849
0.0192363424453634
0.0198230369814804
0.0216295709336383
0.0245784887948765
0.0278007461247718
0.0309316021502525
0.0336647088038773
0.0357186889088734
0.0369170248244825
0.0367886112608179
0.0349307225863334
0.0324300355579714
0.0303570664471115
0.0285982650419477
0.0271944384197811
0.0260378325498566
0.0248455658273253
0.0268042166513746
0.0246288910123696
0.0221332520953893
0.0197166509072424
0.0168414683481121
0.0259902541455177
0.0232547022418469
0.020535357451843
0.0154899830290579
0.014069767047592
0.0127135003644877
0.0115672172291892
0.010475512649218
0.00945332787308495
0.0085994112998995
0.00781791497106094
0.00708982315410498
0.0064778438356342
0.00594025194657212
0.00548445032570118
0.0050962424470063
0.00479242134407436
0.00456782645437629
0.00440689655807701
0.00431844813921215
0.00429963959426721
0.00435604704952296
0.00449463997076249
0.00471194700453825
0.00500597269179138
0.00536917158246082
0.00578111307071935
0.00636088569994668
0.00712988651673368
0.00796800196034145
0.00886218296649575
0.00972691319837365
0.0105572459192261
0.0112977128562418
0.0118933078227002
0.012311384155945
0.0125343013716062
0.0157399457990718
0.0149469485710654
0.0141634280873296
0.0134048904882869
0.0127621581386778
0.0122246674955154
0.0117397220931602
0.0113970784539685
0.0111366850894174
0.0109479323283003
0.0108497590384971
0.0190700562583331
0.0173003624477955
0.015054976183154
0.0174665026675096
0.0139606730519605
0.0106449673479242
0.0144680434946642
0.0138285625749147
0.0131270606416957
0.0134860340200884
0.0112081546998651
0.00869891876712615
0.00700041302824398
0.0055803822488071
0.0041208493639037
0.00273094674318658
0.00166993775710877
0.000791683426694392
-3.27098797661351e-05
-0.000718070378985552
-0.00129963902346896
-0.00175174575618687
-0.00206764064697213
-0.00226475840726451
-0.00237361185733006
0.0122662741232742
0.011271364941478
0.0103222556333406
0.00971331792600459
0.00951768879051988
0.00973290621761999
0.01219782513207
0.0113378777635981
0.0104573801784844
0.00989239665583378
0.0105208308143749
0.0116105167135102
0.0131647030140636
0.0152830078095137
0.017870992731085
0.0207158553000303
0.0238400518773621
0.0272713339426509
0.030827737916549
0.0342162649272964
0.0371566746315726
0.0394521585870053
0.0409263508975521
0.0412815969982422
0.0401117457395171
0.0370412730946428
0.0321860045004115
0.026403890141929
0.0210559690365459
0.016256494451479
0.0123592433809653
0.00920372744638204
0.00650673510866421
0.00479982105633679
0.00299992714490959
0.00165644190414885
0.000551817650565761
-0.000313188896494164
-0.000952280125329565
-0.00145196113157451
-0.00182322004802424
-0.00202630723163648
-0.00216565080187016
0.0102130270018323
0.0111478635526878
0.0125495974058715
0.0147721281784099
0.0176662295892805
0.0210843311155906
0.0246596990836353
0.0285979554296413
0.0323784940745745
0.0358928149505391
0.0388904381126742
0.0412078083339907
0.0426001298144835
0.0427614705844622
0.0414225163964201
0.0380935612857999
0.0329673417144422
0.0273937869347483
0.0223534525921755
0.0181964190238473
0.0150642359714824
0.0130011757042335
0.0119555792035659
0.00893258012888856
0.00754177283875564
0.006308750987375
0.00523795119436179
0.00430541674991034
0.00348029795792907
0.00274380821278157
0.00211477572519749
0.00159964117658207
0.00118813909321124
0.000877456952514023
0.000669687619464159
0.000562448434293756
0.00942392288919912
0.0084734706973966
0.00763710638755941
0.00695981096816469
0.00640534151394906
0.00597493403400974
0.00567814636487792
0.00549028897828025
0.00539540789545953
0.00542341292171313
0.00559320467639039
0.00590807722530424
0.00637071576640461
0.00701063583259821
0.00780740232080505
0.00876978899356871
0.00987414528910543
0.0111086702310841
0.0126221694976876
0.0151091435127537
0.0185710372268403
0.0219852132474837
0.026004697534162
0.0296566273433698
0.0331569322430942
0.0365722066441184
0.0397101238629751
0.0423148242053386
0.0442182547783655
0.0454474260888946
0.0461453081268254
0.0463733858988943
0.046177509714994
0.045611392361668
0.0446976815352425
0.0438143130173257
0.0432329023676283
0.00924086873143469
0.00806512127009804
0.00705587706243047
0.00610410832551031
0.00532864346680695
0.00455453077578514
0.00392357371973312
0.0034271335048383
0.00295401692043216
0.00256488176289676
0.00231602439231157
0.00199238856611366
0.00180907282978577
0.00161854777570957
0.00146239546829518
0.00137242865260079
0.00132761188667953
0.00129345325950926
0.00127354191181194
0.00126430671005208
0.00126077649472583
0.00125990386053556
0.00951540372303361
0.00851120354230207
0.00761733504895095
0.00683407332096946
0.00618923924535064
0.00566935013936492
0.00525666893667876
0.00492304227375145
0.00471490413601245
0.00458689560416164
0.00455432858527485
0.00461059907705697
0.00480204655754434
0.00510473480483968
0.00548990950808561
0.00595489919632677
0.00646902216541425
0.00703040534881502
0.00757721159639304
0.00823147396773726
0.00891602595227352
0.00955939810404652
0.0101217713660254
0.0105874233375446
0.0109078320997697
0.0110846694871444
0.0305217450719026
0.0299421288837605
0.0292444270684186
0.0299799574857909
0.0290507550404241
0.0281096795342394
0.0289504260130101
0.0285981286931148
0.028151685288703
0.0287950841034241
0.0284703000033302
0.0281499813957358
0.0276394566290275
0.0268578402704036
0.0256648954619461
0.0240389513497559
0.0221922757668701
0.0204026990587044
0.0186118849902735
0.0169914737324597
0.0155621582847774
0.0142133662090483
0.0126450343677206
0.0109236787051251
0.00959488194461419
0.00817742116525067
0.00712883099254575
0.00614483733221199
0.0053322446176709
0.00454929021572756
0.00388037848017636
0.00333593105654058
0.00287048163753522
0.00248606261687617
0.00218477825480453
0.00195675739789674
0.00180701985869361
0.00171187369004806
0.00165432462749868
0.00163485577631692
0.00163501374463934
0.00164223545976814
0.00164845376170083
0.02869650879524
0.0298849254444885
0.0314107240715016
0.0330271843810892
0.0345784684254015
0.0360818534606343
0.0374996856315331
0.0388242837589731
0.0399509982382916
0.0408825230216585
0.0415929902719377
0.0420659686004433
0.0423140889080851
0.026073631554668
0.0245869404692325
0.0232411164077235
0.0221912237339865
0.0212286740049291
0.0203414785930192
0.0240284921458974
0.025361994513694
0.027342882213504
0.0294743105686363
0.0317477433402215
0.0341454799716005
0.0364918851092663
0.0386727409121115
0.0406238664804554
0.0421681616690313
0.0432285771604241
0.043685314199655
0.0433837280905369
0.042114554434548
0.0396715409189118
0.036004600381048
0.0315535251438821
0.026858664146298
0.0226688621444716
0.0191967085201655
0.0163637948836178
0.0138531759744873
0.0117922368881542
0.0102360497614451
0.00913746397649228
0.00849504817206648
0.00813240272935676
0.0215452893399953
0.0233237512035215
0.0256971812042803
0.0284220426200853
0.0309804687602889
0.033543729407116
0.0362065937750404
0.0385018788645273
0.0403241306218104
0.0420744458642826
0.0434822240185165
0.0442822647416695
0.0443236276636552
0.0436832245087375
0.0420224120129689
0.0391745186450359
0.0350813569237426
0.0304144199392372
0.0259792352217396
0.0227444084204224
0.0202075257404636
0.0179537788410016
0.016319719353849
0.015573051098319
0.018062383099838
0.016007179599323
0.0143984325295111
0.0129651629981713
0.0118800226912562
0.0108882959973368
0.0100775484927288
0.00952230377581182
0.00908856737421396
0.00873115945048497
0.0084932808537107
0.00835691907807238
0.0276431631767362
0.026972113545711
0.0259830762034194
0.0245488704437136
0.0229567138464598
0.0214585749441975
0.019874402601132
0.018272978905717
0.0167890564594271
0.0153420457262428
0.0139368505885406
0.0126690902870177
0.0115729445169341
0.010458306313339
0.00932755640058993
0.00831919561451041
0.00747377297416808
0.00675064477684507
0.00613999164500296
0.00565291229294505
0.00529996972968985
0.0050684023315807
0.00493392818829231
0.0274493949037917
0.0265850864557203
0.0254198056976257
0.0238112479003897
0.0218849531671681
0.0199103559429989
0.0180033701484533
0.0161755913157408
0.0144607764903596
0.0128702871920663
0.0113989869404261
0.0100867640723834
0.00883549161507251
0.00764358001496033
0.00657850831097417
0.00563356116257658
0.00477896486046423
0.00399576624560229
0.00327953743221921
0.00263693378208256
0.00205517471292926
0.00153004969226071
0.00106982083436092
0.00064806246308636
0.000200239877593585
-0.000239720410330926
-0.000635310772227791
-0.000985571984940765
-0.00128017641827664
-0.00152591398637226
-0.00173021241986133
-0.00188574419809053
-0.00200642937354092
-0.00207990968023398
-0.00212007950902802
0.0209427167515505
0.0189858486881132
0.0164995960274633
0.0225793402946037
0.0226331314578725
0.0226595060450738
0.0151192325183378
0.0137640178816625
0.0125498746572538
0.0115004207899902
0.0107145815884309
0.0100613512266586
0.00957081305509905
0.00924912737498281
0.0090884237731889
0.0141875829607163
0.0122056828959465
0.010394937744577
0.00867795858134659
0.00798790865222632
0.00745600361020794
0.00698838983757758
0.00660966102146195
0.00632980030403782
0.00612978751897038
0.00601451622384935
0.0059849873032752
0.00604467302518611
0.00619928812743682
0.00645832008847977
0.00682953513256446
0.00731652515351286
0.00791063583178343
0.00860620599153247
0.00947965849387583
0.0105678147730785
0.0117636240483806
0.0130549888118728
0.0143900527432394
0.0156761828636691
0.0168575248559145
0.0179082027742832
0.0187464752531889
0.0193232456487019
0.0196300043113408
0.00786562944510817
0.0072395811982042
0.00677471322870554
0.00631043839080393
0.00609564205510385
0.00594224062919339
0.0373151901933009
0.0365027456821222
0.0341885126168063
0.030504687830518
0.026166232924405
0.0218966153518897
0.0181022939197155
0.0148598930822675
0.0120640413407153
0.00966525378484954
0.00768713063518088
0.00606973199917161
0.00463734134269967
0.00334371574475451
0.00222993293682929
0.00125028425615005
0.000380306553187237
-0.000393100255811258
-0.0010799840983144
-0.00168827745566834
-0.00222528548172503
-0.00269857078904274
-0.00311115822173463
-0.00346300350404959
-0.00375507044624268
-0.00398813367155239
-0.00416202841514913
-0.00427667185647149
-0.0043353821899979
0.0366724787663545
0.0353506965913517
0.0328788714951703
0.0295013091286524
0.0257154407985233
0.022278312907381
0.0192303830188654
0.0162746056878821
0.0136211508720732
0.0114944609130556
0.00978897257769114
0.00826942239655456
0.00683101380377949
0.00536700534887979
0.00404952714233859
0.00292946202157618
0.00194676860809467
0.00108056983053184
0.000306212705032118
-0.000408516476747192
-0.00101985415641246
-0.00163288781306982
-0.00202421239747739
-0.00240655434774008
-0.0028379417377604
-0.00320368649187316
-0.00352952948809728
-0.00381844885309733
-0.00404078970517765
-0.00421135435032043
-0.00432552702768338
-0.00438565084851573
0.0233843301526358
0.0214420510659115
0.0194332751941006
0.0176060815750938
0.0158363897867267
0.0243468530116734
0.0232474684184555
0.0216680455740563
0.0203454470465389
0.0189635364104386
0.0175108993278465
0.0162865010788125
0.0150915496429734
0.0137977327167503
0.0124031287592611
0.011217365677191
0.0100973742772706
0.00904708548586196
0.00806577637188098
0.00716523571430053
0.00635086122016313
0.00560615585211681
0.00497793718105274
0.00423220556346875
0.00356033264985405
0.00303240683958781
0.00257910902498228
0.00220311006108292
0.00192938275049595
0.00175793751563725
0.00166117016093003
0.0146406294906646
0.0128597669998254
0.0107737812790819
0.0147392182467296
0.0133275005543432
0.011797880072304
0.0102803966366332
0.009980642751973
0.00950537003475384
0.00922810675893473
0.00971275266263353
0.00898064693601665
0.00845667466806439
0.00821980122146579
0.00816495648294319
0.00945662539118757
0.0103701779993585
0.0120433193638305
0.0142770715219516
0.00886165870021535
0.00870367865744554
0.00872846072999923
0.0157406585117572
0.0179305033496961
0.0207963387219052
0.0237189315683356
0.0270106053160119
0.0304366407710162
0.0335472531112227
0.0364585371446444
0.0387262044015893
0.0399100444181173
0.0395256868256757
0.0366135911283683
0.0156109960414576
0.0173754308278314
0.019657766400775
0.021603203665832
0.0243798739606042
0.0266850971266346
0.0295908206108924
0.0325434734718202
0.0350775694556985
0.0374819494402397
0.0397653656346253
0.0418190097393563
0.0433989546079411
0.0445892534800267
0.0454993460241607
0.0458548768821618
0.0455930857052522
0.0445824254084517
0.0425507484678436
0.0393394494805024
0.0355097316267102
0.0314268532008104
0.027808844358873
0.0254711087049087
0.0242704921312775
0.0351432294559088
0.0321746797857402
0.0286549730207259
0.0257609384885087
0.0230375307325276
0.0213666170711823
0.0204459906420595
0.0332734172215767
0.028646413677985
0.0236352389199554
0.0193030691340864
0.0155797082062972
0.01240056698524
0.00977480487794226
0.0076012371495294
0.00583059517023932
0.00439885120626497
0.00318846535046428
0.00218342227282588
0.0013830677031065
0.000780531877513626
0.000343070551810907
1.86387701972684e-05
-0.000197170024791355
-0.000303797179066484
0.00934263327456901
0.0102509748873074
0.0115481062832086
0.0132750061561635
0.0153064432925124
0.01752088667504
0.0199073387913915
0.0224397482992383
0.0250785233670746
0.0277763740336202
0.0304853081475884
0.0331629134626471
0.0357717081770571
0.0384090108052824
0.0082465636658791
0.00784086907807826
0.00751515898910114
0.00727217128213592
0.00712808416871442
0.0070584977448425
0.00706609672309405
0.00714527902875711
0.00728504764144385
0.00748901860813261
0.00775679553652356
0.00805512301565574
0.00834233144639042
0.00860693931975955
0.00882708006113548
0.00901367156638461
0.00913930561564423
0.00921186448543423
0.0399282355735102
0.0412870433387787
0.0424970474351486
0.0437171711323505
0.0446722581022833
0.0453359785822447
0.0458706683935138
0.0460806239926722
0.0456956371918662
0.0446121382609844
0.0427641397478606
0.0400532011475581
0.0364002773795896
0.0322383545947486
0.0283851255186557
0.0254919589309925
0.0235272255682717
0.0224225866227735
0.0398021866276928
0.0410507566601536
0.0421719748851746
0.0431862064089082
0.0441156798395727
0.0449698434787349
0.0457153917246028
0.0463070875837762
0.0467374768078182
0.0470162058646309
0.0471570712263945
0.00933742771898791
0.0109621912878475
0.0131397895838208
0.0156415033786408
0.0184361556609718
0.0216214895758993
0.02498070972585
0.0287212456335581
0.0324257507507935
0.0360069666793596
0.0395696863558298
0.00723097703266306
0.00637151607572814
0.00576452965853758
0.00526387083836588
0.00496705664070027
0.00474949157232743
0.00465544344500577
0.004637851236446
0.00467524989474797
0.00471834409252459
0.00477764522290555
0.00482362554332853
0.0048493823808889
0.0414397250830879
0.0430072132622415
0.0443241968431952
0.0455577643618259
0.0464871040068886
0.0472197427066397
0.0477026242924681
0.0480409707227511
0.0482294468469165
0.0413475224170847
0.0428580939969395
0.0440282953505712
0.0447742541296003
0.0449887160424024
0.0445269730573743
0.0431947162210655
0.0406955457160904
0.0369365561666428
0.0322903961394168
0.0272054850456486
0.0225525665938697
0.0186030709805375
0.0153051309933555
0.0126031203200285
0.0103145223883845
0.00840708968184308
0.00692091127701879
0.00586476817929344
0.0050943510920097
0.00458643629864265
0.0043383207732105
0.0097235231541992
0.00916838760829126
0.00867306690629406
0.00827884172020702
0.00798197643044911
0.00777142338653177
0.007643386623591
0.00762258487789948
0.00767284872124067
0.0078188870726503
0.00810843846532045
0.0084756764877494
0.00897510892684781
0.00964798340589446
0.0104376152219963
0.0114244270016964
0.00956176574232568
0.00888463985976546
0.00828990680279208
0.00778620500875298
0.0073572807186163
0.00699565938077712
0.00670128085870593
0.00649020037980453
0.00639102660774343
0.00641379472064541
0.00654301072452257
0.00674877656847574
0.0070285045170901
0.0074815038957342
0.0125003847548597
0.0140525509473774
0.0158377502303231
0.0177279746600598
0.0199429261106347
0.0221495426703929
0.0243772265695271
0.0270078608768882
0.0292189153819202
0.0313185253089069
0.0331526486833198
0.0347869185247475
0.036121154310469
0.0371313660614451
0.0378230762747492
0.0381868315069717
0.0118553819965706
0.0124750555237502
0.0133248185336606
0.0142831940828166
0.0152836523166468
0.0164970974700973
0.0177412590362669
0.018903427627222
0.0199634651630055
0.0209570625825122
0.0218949401799111
0.0227333092412144
0.023388817273207
0.0237617233307266
0.00810614431462324
0.00881226785513026
0.00963770977056749
0.010648483271543
0.0118181042563095
0.0131676793755989
0.0146222579006709
0.0162384562283757
0.0181134698141163
0.0201703768550499
0.0222606370205442
0.0243404352012278
0.0264753337008201
0.0287424500657573
0.00746074401086681
0.00758402397919086
0.00784690972915186
0.00831270322709279
0.00911848859075395
0.0101620043233683
0.0113103495909538
0.0128118239347372
0.0146100037227576
0.0166451270651053
0.01892767123982
0.0211865938663668
0.0237313813488373
0.0263922336145433
0.0290913606226348
0.0316173910161777
0.034022608583771
0.0363700739977018
0.0384479679505451
0.0401883180338989
0.0415343595799588
0.0423762166573684
0.0425596385879521
0.0418916719467547
0.0401391271343203
0.0369631814758759
0.0324033811902501
0.0271999747742644
0.0217992213829085
0.0166899058576115
0.0116714226749074
0.0307756710147102
0.0329287668944458
0.035176988527279
0.0374646921162559
0.0396760473816237
0.0415161188899591
0.0428430474035149
0.0438606830923788
0.0445032690900054
0.0446195221946475
0.0441337243205871
0.0429350027884301
0.0407654228771773
0.0372270630176354
0.0329323697043712
0.0285504404597219
0.0238624956441114
0.0194813969055142
0.0158074869093558
0.0128630431162613
0.0104104731199497
0.00824094126569755
0.00639815356264096
0.00488867348753017
0.00360913499558451
0.00244997734387101
0.0289712101258125
0.0291369281727987
0.0292490946182665
0.00164066154071762
0.000826325958710359
4.20576622527382e-05
-0.00064685338063382
-0.00122696810675829
-0.00174535691969244
0.00179141198707765
0.00116907670411976
0.000820383258726399
0.000613476794516916
-0.00204264384038833
-0.00224562768584361
-0.00236971666758039
-0.00243174472857351
-0.00195456635209589
-0.00208135440357657
-0.00213937587130175
0.00911584831398804
0.00697404707846791
0.00525908020406366
0.00375574190365222
0.00235183459006159
0.00107314417959777
0.00928092767573205
0.0073542882627291
0.00571978987439166
0.00433169138674829
0.00313928809921193
0.00218598719836418
0.00129807533907902
0.000570299172037083
-6.77631612405234e-05
-0.000622683249803477
-0.00109431752849579
-0.00151399655869626
-0.00187638445182603
-0.00220379736575113
-0.00249233117753975
-0.00274049813704991
-0.00297620313331259
0.000347859621789086
-0.000201411103795237
-0.000706467320226743
-0.00113374161287074
-0.00153312531144477
-0.00188448721451638
-0.00219610850365105
-0.00247231212434445
-0.00271838045372807
-0.00293307320033821
-0.00312589585959871
-0.00329889362889988
-0.00345001780273555
-0.00357699010266752
-0.00367998371398711
-0.00376066396941185
-0.00382021082004739
-0.00385929845181567
-0.00387927297865204
0.000614483712618911
0.000290321977338478
3.28708706758859e-05
-0.000142895396935399
-0.000251648788367811
-0.00030620674073534
-0.00315149220165816
-0.00332036296535643
-0.00346411975900826
-0.0035738860126379
-0.00365945494444408
-0.00371526753903424
-0.0037441561546513
-0.00309681591458809
-0.00319663014880799
-0.00326397669963783
-0.00329683587337861
