0.05
0.0372991104590873
0.0345824710612754
0.0300692680806798
0.0355687614517097
0.033156048436471
0.0304375155173894
0.037259097195581
0.0347633376140714
0.030483031717965
0.0274609218809972
0.024989432591288
0.0230877390207931
0.020494055113183
0.017283417819415
0.0374308591689196
0.0333361025540189
0.0299037297443241
0.0294319776147346
0.0275735936767892
0.0256300689170139
0.0250930760940961
0.0247297064844831
0.0242450548360088
0.0232926309144063
0.0212551519189529
0.0185122933147706
0.015904534864807
0.013536648888629
0.0114033187087893
0.00948145569503744
0.00766062140481605
0.0371517306924104
0.035411040645022
0.0330905673481598
0.0311804300129619
0.0295623398011409
0.0282636645137414
0.0271787043354012
0.0260365345559065
0.0275555883739072
0.0249980676896899
0.0219717791691787
0.0190108797103534
0.0154911608724701
0.0273857215755713
0.0249845385632276
0.0225538327945696
0.0140335938378557
0.0125167822496998
0.0110766608745474
0.00986268648472809
0.00870697987526553
0.00762290875618243
0.00671351156186395
0.00587566725064076
0.00508681498064579
0.00441324503417865
0.00380804620038885
0.00327773892364587
0.00280339433730524
0.00240364982457413
0.00207279310291973
0.0017848344876477
0.00154869939632373
0.0013506010854108
0.00118327686814441
0.00105149432576057
0.00096171688041337
0.000912812968760827
0.000902252486575296
0.000922842303393185
0.000980002304554022
0.00107933604270078
0.00120366977086374
0.00134821092017285
0.00149613083453091
0.00164375205149599
0.00177895443434709
0.00188965419052039
0.00196823988735221
0.00201041399624173
0.0139244292615501
0.012796877255075
0.0116855063892336
0.0106134314889866
0.00970838065474825
0.00895392502455355
0.00827508385943286
0.00779640726451594
0.00743315699394512
0.00717012470500297
0.00703340752617597
0.0211933224936676
0.0194974148439239
0.0172899990521224
0.0197821915731322
0.0164108772909157
0.013035050779934
0.0166794058811497
0.0160091297013358
0.0152689544700664
0.0158821445494951
0.0137579544363385
0.0113424418561672
0.00966475687533665
0.00823385362754731
0.00673645816425765
0.00528577413343553
0.00416195513489261
0.00322014877220861
0.00232577662218636
0.00157438823128948
0.000930995507832775
0.00042706539827147
7.29041802421842e-05
-0.000149025599415439
-0.000271925402113535
0.0140658207896572
0.0123862582840621
0.0104097059843652
0.00856573523883299
0.00703342079245676
0.0055876097524625
0.0143295905262052
0.0134519812597028
0.0125458127364385
0.00494996604361872
0.0044116456758783
0.00404179044069291
0.00383516278670032
0.0037885930576428
0.0039134763904921
0.00419512166688181
0.00464529303510415
0.00531443899508968
0.00625021670302053
0.00747918090234072
0.00900658664623827
0.0108490297640338
0.0130675528738839
0.0157018720980574
0.0187311274175002
0.0220493292987688
0.0255265894536993
0.0291009759190703
0.0325010119399627
0.0358892696954436
0.0389825473915862
0.0417125723011719
0.0441067402737509
0.0455091852854962
0.0466826901959268
0.0470436919255164
0.0465409051517275
0.0448462298530734
0.0417431153678285
0.0371197920280976
0.0319607730385405
0.0285946119544887
0.026057874551705
0.00491581682498163
0.00439587790514107
0.00403304365515776
0.00377795049893214
0.00367410406257542
0.00373322597460412
0.00394560173758297
0.00434555758211767
0.00492713347676627
0.00572027523888281
0.00673413245393858
0.00800775673184084
0.00958105293176527
0.0114373103803025
0.0135389874170945
0.0159989020736186
0.0186311736724778
0.0212133388320784
0.0236657115990249
0.0259207130650377
0.0278249162652289
0.0291982144527374
0.0299355761968249
0.0110771762056504
0.0097103727863451
0.00847996086602025
0.00739860931091098
0.00644787217649374
0.00560001651351408
0.00483817571910322
0.00418384329270945
0.00364554746342798
0.00321398016876519
0.00288723202245078
0.0026682761461854
0.00255512033177883
0.011341588598134
0.0101706425580484
0.00907262197894438
0.00811105651452885
0.0072418310448653
0.00646952803138451
0.0058185632919716
0.00524343226614129
0.00465405247168386
0.00407190844620095
0.00354574073588022
0.00311827978218742
0.00279151030922278
0.00254984717740774
0.00240325324838917
0.00235002253060569
0.00239007106808207
0.00251208080438417
0.00272282843605134
0.00313504115016303
0.00377484735268837
0.00447686815723307
0.00542230449460998
0.00644481559993765
0.00763555424993655
0.00909291009963811
0.0108425382734485
0.0128285576062652
0.0149122242179934
0.0169631287571445
0.0189882727931085
0.0209893377198331
0.0227165464966342
0.0243079965739586
0.025764127662234
0.0267593573388768
0.0272920733625305
0.0115553209658694
0.0102368847332461
0.00903697536133563
0.00783435914237366
0.00678992875642484
0.00567042233205379
0.00468145196161875
0.00383419876866912
0.00294224547394525
0.00212168793262975
0.00154318292303356
0.000695584974034007
0.000144399202546868
-0.000524471175440761
-0.0012055967093327
-0.0017118870805958
-0.00203280601258769
-0.00235552872813559
-0.00262771168154339
-0.00282716032718184
-0.00296441464157405
-0.00303022920037366
0.0118361536343223
0.0106935184349459
0.00959771922423345
0.00855178688128154
0.0075989211020078
0.00673215549962819
0.00593354646614769
0.0051428438984692
0.00448486434422077
0.00382547993287281
0.00316723300641075
0.00253694061145431
0.0016652719696063
0.000810842515592949
4.58444448472077e-05
-0.000646308819904335
-0.00124985002698092
-0.00178842259589157
-0.00222899041468612
-0.0026737678848344
-0.0030671238775369
-0.0033879508430215
-0.00364036260820615
-0.00383314142738773
-0.00395839843894807
-0.00402504091687292
0.0296606773272551
0.0286942403115901
0.0273693383966208
0.0290246388294638
0.0276072474482645
0.0260114923869767
0.0267486085445897
0.0259520802496694
0.0248787847120962
0.026311355224606
0.0245118683217989
0.0220334243024697
0.019787600002775
0.0179540233324333
0.0161862669130511
0.0144457876522191
0.0128538344233617
0.0115089788278263
0.0102793597877393
0.00923173516570186
0.00834825306158966
0.00754619855006253
0.00664508896118281
0.00568682806132983
0.00497361059553436
0.00424930650387098
0.00374779818137291
0.00331503153655147
0.0029958954620526
0.00273469004388835
0.00256332976167249
0.0024766501328359
0.00246147097485896
0.00251710282222436
0.00263866606478096
0.00282228726906223
0.00303926141708971
0.00328205714782097
0.00357550775358157
0.00384342069916633
0.00406359879839943
0.00422410059628634
0.00431281070925343
0.0233108878138773
0.0212367166805773
0.0190010973235802
0.0168555874780605
0.0149587951075366
0.0132568211230582
0.0117616314754623
0.0104483564087349
0.00938409107885813
0.00853454068531853
0.00790168437093706
0.00748634667800033
0.00727016566586183
0.0212415627711467
0.0181448876038011
0.0146760237012139
0.013221341662719
0.0117494390883275
0.0102308107639647
0.0133646737969726
0.0119530022309755
0.0103712403440988
0.00899580691749957
0.00775707969686222
0.00661242051684934
0.00558988407394862
0.00468119150629521
0.00385654834813437
0.00313187674828813
0.00248273231372312
0.00189548682822244
0.00137436017170921
0.000899104835975953
0.000476370504969909
0.000100729979271619
-0.000226669265021373
-0.000517545478067279
-0.000762162554290751
-0.000965468301808945
-0.00113644737754836
-0.0012936285954692
-0.00142663204292553
-0.00152914864043968
-0.00160232501816755
-0.00164530807881255
-0.00166959661936032
0.00917802213093277
0.00805136585558443
0.00686926775833738
0.00573987825350094
0.00481312657870549
0.0039737902961669
0.00316459806461478
0.00249036215595035
0.00194750714957079
0.00138812793230131
0.000844731957836035
0.000348158529967065
-6.554596039185e-05
-0.000392455820825513
-0.000727033000544164
-0.00102430338871392
-0.00129028293547858
-0.00151468495654935
-0.00169749325395737
-0.00182345568664601
-0.00192057291856698
-0.00200687540602798
-0.0020699796363055
-0.00209904186318326
0.00882786789085621
0.00748286486286545
0.00635584831650612
0.00527674424380599
0.00439965056697181
0.00353918533080569
0.00278353246386996
0.00223183008928944
0.00177441088400935
0.00137708568656261
0.00110278123100405
0.000941399916760281
0.0249219035458069
0.0234834540754576
0.0216688060384487
0.019443761193344
0.0173354408385326
0.015583852193745
0.0138988500939902
0.012307581287828
0.0108950395101082
0.00955340101442127
0.00827094915877699
0.00712353074185991
0.00613493557140077
0.0051305138041991
0.00411080247631728
0.00320008708819657
0.0024352709398798
0.00178009383662903
0.00122609508233586
0.000783735568819601
0.000462945133036595
0.000252360009508283
0.000130026358397263
0.0251292860109839
0.0240322306274929
0.0226630145100024
0.0209192476530185
0.0189759212254302
0.0170863316240302
0.0153224455221938
0.0136655443464275
0.0121272715289962
0.0107065168294007
0.00939262792677819
0.00821829292814621
0.00709431073903716
0.00601811098978411
0.00505036099009098
0.00418564360828075
0.003397436533245
0.00266872712828881
0.00199576365032153
0.00138538782433439
0.000826193378537464
0.000314830007508891
-0.000139818572699621
-0.000563276676694388
-0.0010206933115671
-0.00147724243560739
-0.00189440702646778
-0.00226991428456733
-0.00259093441261668
-0.0028628890406155
-0.00309230137686639
-0.00326919953289122
-0.0034079800157182
-0.00349315236466062
-0.00353996446618272
0.0156746592197188
0.0137411552077171
0.0113377850367844
0.0168813936738555
0.0165635607396878
0.0163990578949582
0.00992345430540398
0.00854499841970401
0.00731195154820281
0.00624429832034552
0.00544239235604612
0.0047736260735021
0.0042698982004424
0.00393878101453185
0.0037731171251525
0.00921743626396236
0.00741540284496575
0.00577599461629643
0.00422872872790669
0.00370783287787322
0.00332960311071783
0.0030245818706982
0.00280996254086599
0.00268715358414498
0.00264324165902764
0.00267745342646061
0.00278728545428696
0.00297311856222224
0.00323590694516324
0.00358145015135666
0.00401188875151641
0.00452560506039491
0.00511106918275534
0.00576384091215605
0.00655560971638955
0.00751899178488645
0.00856281261851845
0.00968374350838144
0.0108452064384267
0.0119738641860787
0.0130238291720238
0.0139712814499883
0.0147377871989564
0.0152711225458044
0.0155569147352853
0.00340264877265032
0.00276307869829912
0.0022867601879973
0.00180990488744376
0.001589023017657
0.00143114935396816
0.00688323985394869
0.00616079553796223
0.00550936787774573
0.00498069223387984
0.00461625282712648
0.004421420632871
0.00439286551762667
0.00452805974070346
0.00483958204787084
0.00534850258166768
0.00604554943094217
0.00691304350750061
0.008026857591852
0.00945391147365455
0.0111546068270227
0.0131651844000392
0.0154991817683742
0.0181278891135791
0.02098143604757
0.0239559211999715
0.0269404018164315
0.0298454009659664
0.0325812925218365
0.0350576456994538
0.0372051810694448
0.0389683891707785
0.0403034235380278
0.0411877003320519
0.0416405394861689
0.00661418190036019
0.00580615033961502
0.00510621227098442
0.00454461839091852
0.00412833887152082
0.00387175079013485
0.00373892128701009
0.00372254306690712
0.00385305516222897
0.00411810987325519
0.00449793036780184
0.00504106883712744
0.00581718786338993
0.00693329579110667
0.00829721740622101
0.00984687436464351
0.0116493383738356
0.0137209489095886
0.0160732467431043
0.0187595833982652
0.021505375939359
0.0247051493250713
0.0269653982086154
0.0293472871688352
0.0322601066425429
0.0349041296683385
0.037358900584259
0.0395867265506065
0.041311699868924
0.0426260474905663
0.043493658621886
0.04394441474044
0.0246464276376005
0.0227315185376949
0.0206698034873154
0.0187074541535628
0.0167116804565124
0.0254857996267769
0.0241521117928323
0.0221583586292136
0.0204715461128307
0.0187200483457095
0.0169106932424174
0.0154186430961019
0.013993000559152
0.0124771514201745
0.0108709002920428
0.00952676898334012
0.00827485341628853
0.00711555495393741
0.00604483396757376
0.00507272597403268
0.00420231502083349
0.00341379577538153
0.00275426272414916
0.00197767548671577
0.00128307878742035
0.000740523408783547
0.000276966389824061
-0.000105922378294186
-0.00038375533900919
-0.000557388411092674
-0.000655246808580559
0.0150965994732378
0.012513545762362
0.00927515050955115
0.0156353622466961
0.0141394136983995
0.0124241481045885
0.010640477790272
0.00766074548881215
0.00653820687622419
0.00572360251869747
0.0080619711073515
0.00702427661275429
0.00601243023661419
0.00525290906212312
0.00430772343738161
0.0054955904449266
0.00512493409757149
0.00472868000682418
0.00443668357564924
0.0048384392844013
0.00406832941264893
0.00332859735450389
0.00460424989292098
0.00496392021240496
0.00553880477425056
0.00623284792294319
0.00716052882761173
0.00834659286543374
0.00972419418748395
0.0114778412073854
0.0136080957344218
0.0160979128778474
0.0189058403591913
0.0223799364694109
0.00412128657886116
0.00389512158650266
0.00377105834199457
0.00376504308028524
0.00387641628950674
0.00406415806155515
0.00442177690936728
0.00494016071781511
0.00553932438504565
0.00628103091869605
0.0072069252749222
0.00833767196510386
0.00957656087714718
0.0109867085145417
0.0128541597106536
0.0147864809395174
0.0170573012154775
0.0192321656961585
0.021477630018233
0.0236434919488712
0.0254872224992023
0.0270933590851622
0.0283769095786997
0.0291749842627648
0.0295801571186481
0.0232554964059801
0.0242934904738455
0.0253678551622775
0.0262483300198574
0.0271116230901422
0.0276677071728641
0.0279859280378452
0.0249637039543827
0.0276743021814698
0.0305248604724461
0.0332366260562797
0.0359034404898165
0.0385134890493746
0.0409285353412213
0.0430818286355838
0.0448744538727808
0.0462631403135861
0.0472969728074834
0.0479535133087169
0.0482404193602832
0.0482156965046184
0.0479720187898592
0.0475814651014567
0.0471643620575877
0.0468936048360075
0.00324104350501067
0.00317748152259404
0.00314558136504787
0.00315408338494134
0.0032055109841436
0.00329611147378149
0.00342408744909989
0.00358893968164681
0.00379144250106826
0.00403357419454761
0.00431829704083178
0.00464935252707931
0.00503047127951712
0.0054867726900196
0.00275558823665206
0.00216878515708806
0.00158215375519876
0.00100728375393606
0.000507933344071557
2.85996783203311e-05
-0.000425458468607424
-0.000839575895694029
-0.00122292027337159
-0.00160893593247378
-0.00200143915697556
-0.00236276105765534
-0.00266273953073717
-0.00290831990870531
-0.00309452112649375
-0.00324138710483072
-0.00333557287564829
-0.00338826265278522
0.00625998718518306
0.00710454045071609
0.00801546921412584
0.00917386655951706
0.0104167269789987
0.0116977428153097
0.0134818298826687
0.0159044218445436
0.0185053660182051
0.0209722716901604
0.023232989977514
0.0253286214696376
0.0273213797571243
0.0291143870824914
0.0305753460013289
0.0316158247716778
0.0323102994375647
0.0326995135010264
0.00539732172146858
0.00536337817857829
0.00537658055902596
0.0054294329071376
0.00551644109188052
0.00563226741622601
0.00576386640457048
0.00589123155508548
0.00599891820666551
0.00607658327301446
0.00611856263580997
0.00421752180754143
0.0041976677321793
0.00426357844768902
0.00441069433530626
0.00462838031934911
0.00492564527945403
0.00529250356999349
0.00577584430930306
0.00635818732957064
0.00705710380953068
0.00793535890633626
0.00336155248459963
0.00232716569788698
0.00144871699821534
0.000540067891080127
-0.000168501081816785
-0.000931626562521176
-0.00154705864661825
-0.0020567346279019
-0.00252255259368897
-0.00278498260604253
-0.00303595983345246
-0.00319310106949225
-0.00327175460129576
0.00762573893876736
0.00748819593493736
0.00747004821275689
0.00755043170928781
0.00768771220961527
0.00785846019619641
0.00801004988218737
0.00814158239123021
0.00822684120413264
0.00923531764956839
0.0107090840190264
0.0123754424554354
0.0142530691343025
0.0163521437053398
0.0186402872154909
0.0210762727041743
0.023655103969669
0.0262619403881109
0.0288184420988756
0.0313947241840888
0.0338209016311903
0.0360704062126585
0.0381741343613267
0.0401073463107113
0.0419137629199558
0.0435314256828013
0.044849073428077
0.0458024263006497
0.0464983102120305
0.0469530708268316
0.0471730326149158
0.00987982235090828
0.00905611663712283
0.00824754727989497
0.00751941714362643
0.00687038254893473
0.00627739488341979
0.00569609172093288
0.00519548326094857
0.00486944116673641
0.0044960571657013
0.00412079251430696
0.00384082524380801
0.00359770593971903
0.00339093884705786
0.00324298865439518
0.00313901160394865
0.00985057603687322
0.00907553200666496
0.00836576154139358
0.00773532054903011
0.00716579053955565
0.00664524716774727
0.00616542743720458
0.00573408699551561
0.00538347530477881
0.0051344884667876
0.0049872367824676
0.00492353464394293
0.00492303749240785
0.00500205203605397
0.00336983076585676
0.003726382279828
0.00416078056547296
0.00464732410264156
0.00525417497630181
0.00590513674776583
0.00661816980291085
0.00754669498917588
0.00841555884813866
0.00932951755296334
0.0102102849649047
0.011069818202751
0.0118305080039781
0.0124457156171074
0.0128885129747897
0.0131290695709962
0.00289036748089542
0.00268946695385314
0.00252678923859796
0.00242197678900544
0.00236589046666413
0.00234638402313789
0.00236511558880067
0.00240964136491967
0.00246919171123663
0.00253942994679309
0.00261730169342838
0.00269567067235845
0.00276234200612372
0.00280228286795545
0.0052142182043977
0.0055000636341635
0.00587021629724346
0.00635644788199569
0.00694994646147289
0.00766554103984836
0.00846803644331473
0.00939538250338497
0.0105195683490362
0.0118188775966973
0.013220228565167
0.0147068196058703
0.016339738309145
0.0181990818323834
0.00496137270830195
0.00501638637815571
0.00516919718151791
0.00545900127134441
0.00597644430868115
0.00666192550269808
0.00743244551741217
0.00846176823583048
0.00972501991659921
0.0111993755527674
0.012919463500469
0.0147044868590381
0.01682752696269
0.0191904075497105
0.0217492401659844
0.0243011682327977
0.0268860013020621
0.0295869233059938
0.032194019572405
0.0346633890456358
0.0369930706806706
0.0391425547149644
0.0410419838532449
0.0425914505728592
0.0437057802305965
0.044289283798911
0.0441267249208497
0.0429570468451578
0.0402151819213905
0.0351677919966333
0.0275700271792627
0.0202307624518668
0.0225118119503766
0.0250410022204054
0.0277885925347321
0.0306662358640986
0.0333358422848911
0.0355715257133433
0.0377185997904349
0.0398169715631502
0.0416340609763941
0.0432264168422932
0.0445100529906953
0.0455269165771571
0.0462540185965718
0.0465572054927245
0.0464310899540263
0.045720776969995
0.0441123702765855
0.041352639806042
0.0374971101997666
0.0327976362782061
0.0275497097908255
0.0225545449505782
0.0183079841867662
0.0147057445778126
0.0114900294001408
0.018064692064742
0.0179879348892146
0.01794880058053
0.00944365465697519
0.00750266322429373
0.005746950042344
0.00429820353068246
0.00314970665701345
0.00217497986406696
0.00950330497374715
0.00764844079667036
0.00661894008890761
0.00601250026611292
0.00165929253087445
0.00132773123585168
0.00113408340468284
0.00104010753182038
0.0017703129985065
0.00153294055804509
0.00142642894280877
0.0230482726478971
0.0187651857132493
0.0152003895436121
0.0120559042813751
0.0091412030189254
0.0065227581584544
0.0234645557874883
0.0196861759853949
0.0163228827477395
0.013443846223488
0.0110004965241466
0.00909213148493252
0.00737122087789701
0.00601742760137822
0.00488677216696512
0.00395795559770838
0.00321745391697098
0.00260350616461419
0.00211223284189471
0.00170271350686445
0.001370466256123
0.00110645051788236
0.000873270562839999
0.00527182598816512
0.00437462908675055
0.00359822779663904
0.00298416073896663
0.00245136847022109
0.0020194336336605
0.00166796988842295
0.00138306459726347
0.00115137083313901
0.000966755845389923
0.000815173864082163
0.000690725555453618
0.000590922250337455
0.000513421732688027
0.000454761667840965
0.000411409531410507
0.000380863431082787
0.000361480084115122
0.000351783725817401
0.00537389405697305
0.00455340574686958
0.00389577463432734
0.00344349028789141
0.00316218073838412
0.00302059417268274
0.000730808433090694
0.000607111457646457
0.000511416420608777
0.000444140828169549
0.000395208290047945
0.00036491206766171
0.000349747365576646
0.000737858904580878
0.000631796612102885
0.00056324365943194
0.000530696850477637
