0.05
0.0376036390923819
0.0362231541743209
0.0344776900580765
0.0357327162135611
0.0333668243483135
0.0310493110963804
0.0374284603999705
0.0350449384233413
0.031317745657318
0.0292949830414165
0.0282408515376661
0.0278219469287933
0.0277798635927884
0.0284519780246898
0.0375540546099927
0.0310662908688278
0.0251784381953959
0.0243496075139027
0.0211842939826745
0.0181769355538507
0.0175517880487206
0.017319725346331
0.0172548453417653
0.0175097895300457
0.0186375516837871
0.0207652415199728
0.0234349735834784
0.0264429855418634
0.0295320955491992
0.0323727519491256
0.0347603088428137
0.0373492224379756
0.0357293085498251
0.0336651551748428
0.0320819386815619
0.0308698556237944
0.0300170739612854
0.0294215522944748
0.0289139505905937
0.0325935437533098
0.0314928565969678
0.0308846422823382
0.0308412585054215
0.0313311985673908
0.0342861164999314
0.03447964828656
0.0349792776715447
0.0327188724447774
0.0344163737133856
0.0362010522781796
0.0377745658751923
0.0392551674796311
0.0405112105415687
0.0413225829413884
0.0417017641862861
0.0414936808657587
0.040580507751211
0.0388309178185896
0.0362327093594527
0.0328252841747257
0.0291107050357733
0.0255058818111541
0.0220255912905673
0.018945801352313
0.0161667028841302
0.0135957430889052
0.0112825498741791
0.00932324427238047
0.00770049305078767
0.00639845110203469
0.00538112490871746
0.0043512824384926
0.00332985650132796
0.00246077058960677
0.00171854645363442
0.00112859675425385
0.000649750178795826
0.0002784876437082
1.05861203833723e-05
-0.000163457743166781
-0.000251905612921245
0.0304682555767098
0.029966753314169
0.0295851616191995
0.0293355488965438
0.0292225450457429
0.0292013231801283
0.0292429370851403
0.0293066144981141
0.0293748580509323
0.0294355911808556
0.0294709905450214
0.0352756322928984
0.0358330731690845
0.0367293515419474
0.0361535201365755
0.0381425881100547
0.0403839697236031
0.0370179922302849
0.0373462924445758
0.0377191418949354
0.0372531323619498
0.038325649769157
0.0398348475701664
0.0410502423209475
0.0421779395582868
0.0434057743642994
0.0445789976741992
0.0454224840250753
0.0460456396117945
0.0465283370403405
0.0468197848722038
0.0469600793912924
0.0469803674653392
0.0469348905905615
0.046874751548214
0.046828458985663
0.0380306051251441
0.0384889231341546
0.038607044456077
0.0374670246781092
0.0344721738844203
0.0290459469842995
0.0382831343228851
0.0388284482719619
0.0394076225322258
0.0258647643236334
0.0220823883452364
0.0185903794130279
0.0155896358476481
0.0129816199436559
0.0108473345272332
0.00916663203592672
0.00775833002221299
0.00651650187686596
0.00542668935486606
0.00448966450737874
0.00369401459201173
0.00300957023572812
0.00239832363761612
0.00183863437868836
0.0013188984190905
0.000832988850576079
0.000372188092792609
-7.98180986338709e-05
-0.000509081427749233
-0.000951765709668542
-0.00138577442635965
-0.00181520743962779
-0.00226668170946812
-0.00260817535389793
-0.00303691067862589
-0.00341643397103514
-0.00377926857537635
-0.00410350407402482
-0.00437013539798459
-0.00459755059630825
-0.00477874832820587
-0.00488229410537355
-0.00495578203688627
0.0257001157892987
0.022104918454238
0.018797555950367
0.0154316142448326
0.01244572245741
0.00992550476036739
0.00791017548786491
0.00610225471400448
0.00459360867312039
0.003291986078898
0.00217917888660549
0.00120802072012739
0.000352899940729709
-0.000384788107263767
-0.00101459804625581
-0.0015851464405872
-0.00207285132323496
-0.0024724903695128
-0.00280332531353209
-0.00307787941041021
-0.00329356200281516
-0.00344218763508842
-0.00352004903155634
0.0402659544668813
0.041158586739942
0.0420406087946989
0.0428742178313323
0.0436469306095937
0.0443610906841914
0.0450164840947667
0.0455840073858082
0.046050006466921
0.0464205353107122
0.0466979377294263
0.0468817973760959
0.0469760483458595
0.0403400950252334
0.0413042524958371
0.0422043002650381
0.0429163374599983
0.043402937143215
0.0435806533516466
0.0433683558189749
0.0426705583318811
0.0411506629083241
0.0384963691459977
0.0347358084441823
0.0303804841251796
0.0259906560798377
0.0217930293523256
0.0181921835994021
0.0152307314186781
0.0129700656380039
0.0112926686464561
0.00988606586791869
0.00823319516739958
0.00647193554443925
0.00507422416205351
0.00370777341768458
0.00262181852097584
0.00166692683392868
0.000783557893424802
-1.45629968862554e-05
-0.000701953835398234
-0.00126446432596473
-0.00171440784170418
-0.0020894403416576
-0.00241088044382914
-0.00265854713003553
-0.00286745475486767
-0.00304646030931215
-0.00316408002800648
-0.00322568514581029
0.0412980101983272
0.0420661406752531
0.042677012861084
0.0431427470646784
0.0433553481719406
0.043284524381203
0.0428337876555822
0.0420146184004231
0.0405356696355481
0.0384677467069042
0.0365761860288499
0.0331200268044279
0.0305192890928745
0.0270766866207657
0.0234383111196982
0.0207649248334666
0.0191142073611417
0.0175044634072738
0.0161932958144158
0.0152619508282816
0.0146367809669445
0.0143415913649505
0.0412510860786249
0.042062226773983
0.0427912988745681
0.0433972456518365
0.0438165988149702
0.0440246246765931
0.0439974342258621
0.0436673373120536
0.0430524742883343
0.0419780712775001
0.040288186619427
0.0380531862672591
0.0341719919896753
0.0297865792491601
0.0256364476790712
0.0219242653576579
0.0188476450884369
0.0162813768058318
0.0143257127230653
0.0124973859010898
0.0110053850192311
0.00987132170911205
0.00902584187506633
0.00840657108903694
0.00801604969758368
0.00781221504136537
0.0306325091536542
0.030233538456707
0.029838051662343
0.0296164702098988
0.0283891178959049
0.0272890434810259
0.0298485154193603
0.0299031624054993
0.0300210045707087
0.0288594409611872
0.0278306612035122
0.0270505312061327
0.0268407606415749
0.0270749741478148
0.0277081009598434
0.0287562098475419
0.0301107737802303
0.0315808097518919
0.0332144217075532
0.0348348766321438
0.0363673243746236
0.0378490066953549
0.0394585530769078
0.0408098285457706
0.0411559687339645
0.0401894363856322
0.0378476226944946
0.0337717389635851
0.028995718894346
0.0235705496183855
0.018744708618425
0.0148609694212633
0.0115976209659789
0.00890518191984051
0.00672884554060472
0.00494847012887385
0.0036047143896572
0.00254246618369717
0.00159695717249092
0.000923205272584414
0.000460560795385037
0.00016299372725911
1.08939382535672e-05
0.0277075476483903
0.0250904363418936
0.0227137078234953
0.0208485116879118
0.0195430346774533
0.018657593000028
0.0181151289671176
0.0178321676390828
0.0177425035583374
0.0177658898295823
0.0178405589501721
0.017917106851864
0.0179661476342278
0.0326535289400034
0.0351562425732943
0.0379921243839678
0.0391788624578249
0.0402881423032668
0.0413137700227725
0.0388711283627664
0.039519201988595
0.0397667293430431
0.0392941119678065
0.0379209560192937
0.0354473503032917
0.0320348661849236
0.0281052518523374
0.0240595769853779
0.0203868777972026
0.017163653196911
0.0143796984406596
0.0120430209808525
0.0100295669173274
0.00833143143441789
0.00689149158028675
0.00568388242188832
0.0046421724314553
0.00378311564597642
0.00307539476063632
0.00247844063335337
0.00192184537891441
0.00144005175230935
0.00105761860408192
0.000775942542010133
0.000606269994612011
0.000508492659887777
0.0412454782221642
0.0405475775442137
0.0388511606202865
0.0359530322942433
0.0324372477670162
0.0284014725871806
0.0240149699104484
0.0202834540538012
0.0173653971771631
0.0145111072230311
0.01192465489358
0.00973309906998454
0.00803065044383454
0.00676028413135207
0.00552542811728219
0.00447670881261139
0.00357083120933011
0.0028243205961033
0.00222326422078112
0.00180982005222925
0.00148969551437513
0.00120277412247499
0.00099099901319501
0.000892857579156942
0.0426895186861721
0.043759678821667
0.0444545124857317
0.0449182252468168
0.0451198725815277
0.0451229628216842
0.0449167354237024
0.0445960591444951
0.0441717104145189
0.0436589749343033
0.0432247324240401
0.0429318193994909
0.0265900693762489
0.0260522365201798
0.0257190010195529
0.0256488986267992
0.0258864748726733
0.0263352041466329
0.0270219986509923
0.0279286346664106
0.0289593846225733
0.0301483905985733
0.0314902228852741
0.0328754355218361
0.0342210742069772
0.0357319710339287
0.0373875562284963
0.0389523095648606
0.0403186817537801
0.0415186876087934
0.04254717924432
0.0433719656050028
0.0439690354619736
0.0443593644013071
0.0445851713152572
0.0269777719723005
0.0269443301454519
0.0272316752541899
0.0279212485418006
0.0289942284964911
0.030300053330594
0.0317459074481263
0.0333055227961205
0.0349216561151832
0.0365361158635117
0.0380908870998552
0.0394672627077779
0.0406841925116995
0.0416291782052174
0.042131938094262
0.042116259186619
0.0415053384102549
0.0401888213606473
0.0380837709914903
0.0352747613213513
0.0319550401599315
0.0284509561843894
0.02515494740419
0.0221027450720439
0.0189589741682956
0.0160194560345319
0.0135253785151068
0.0114423990752226
0.00978029747416605
0.00845435396767751
0.00739196575247414
0.00660599058514895
0.00600941610716721
0.0056514747453966
0.00545759650164891
0.02980118002199
0.0316119975637711
0.0339887720958778
0.0273487012906392
0.0264339354632943
0.02594774401714
0.0350038620549649
0.0360764348451387
0.037163205053162
0.0382315747348348
0.0391195363679802
0.039919927907399
0.040558347320887
0.0409942005285142
0.041217010608109
0.0365087862942991
0.0384130904319164
0.0395640672025838
0.0396913853549611
0.0373367913077625
0.0343244076474685
0.0304416901767782
0.0262377320748319
0.0223284563545437
0.0187429560436976
0.0156261193058007
0.0129567773135687
0.0106651300055362
0.00870130243058692
0.00699685699285213
0.00552482645162703
0.00427042953988803
0.00322818231587153
0.00236039274711431
0.00155619144146603
0.000791876726872263
0.000132959539576448
-0.00043902842142036
-0.000925776235469996
-0.00132314468092752
-0.00164204908983764
-0.00189663004138041
-0.00208381962825293
-0.00220558468687177
-0.00226817472584342
0.0412208736188767
0.0419428267491217
0.0421943999371334
0.0421493571418158
0.0420388044067242
0.0419084575737985
0.0358040436941601
0.0359951837532098
0.0350158982147365
0.0326983455398256
0.029298528996082
0.0253812124265081
0.021521749229156
0.0180222181145469
0.0149068921382603
0.0121877101431029
0.00992307611402602
0.00805955937773359
0.00640172496224719
0.0049000099392967
0.00360561236854545
0.00246814557711453
0.00146107649174692
0.000570332185418372
-0.000215348798459797
-0.000905426471617185
-0.00150910733377568
-0.00203612055094225
-0.00249123194201717
-0.00287590151902848
-0.00319267403250661
-0.0034437328776445
-0.00363003298850933
-0.0037523655155079
-0.0038148565519258
0.035473239849868
0.0352462223759565
0.03403987084818
0.0318346626022111
0.0288563889871419
0.0257669200161747
0.0227669401486549
0.0196661066334808
0.0167651798544596
0.0143854224415535
0.0124505629216047
0.0107089785572164
0.00904640525654591
0.0073426833751456
0.00580120025104322
0.00448513466415435
0.00332696731686975
0.00230454590441845
0.0013906952835509
0.000548847316916115
-0.000168596435788969
-0.000884168304685962
-0.00133821709458762
-0.00177911411050323
-0.00227226353936491
-0.00268629225084631
-0.00305216965074919
-0.00337425223086251
-0.0036205995250427
-0.00380864958177694
-0.00393406556703094
-0.00399995369345739
0.0283687929481072
0.0277212868798669
0.027016463026274
0.0262310277051756
0.0252246064441317
0.0287755378310534
0.028758033163438
0.0289933110059545
0.0293641039679234
0.0299224064351865
0.0306884163600114
0.0314868432135081
0.0324107588154376
0.03355279253719
0.0349394975680357
0.0362516018454052
0.0376029732282867
0.0389590827801857
0.0402904897304869
0.0415512473503841
0.0427061006423646
0.0437563645300563
0.0446214060917685
0.0456049189717337
0.0464335528103592
0.0470343206799803
0.0475065890249975
0.0478631792321358
0.0481009980910745
0.0482401758903231
0.048314979265168
0.0237767849865367
0.0210850032253344
0.0174039246406303
0.0250167504856398
0.0242548151035036
0.022890806904416
0.0209921186401569
0.0154077599609446
0.013963864707144
0.0128776695108856
0.0161163156818781
0.0148573724305635
0.0134985640258572
0.0123943169550996
0.0109120251139035
0.0123678355398309
0.0112545441598714
0.00971695934034442
0.00810002100343409
0.0117696604245119
0.0107454655968839
0.00970527903413525
0.00727850611570087
0.00636499500334183
0.00540867998695015
0.00458367560346516
0.00375851746774938
0.00295925266760313
0.00224314648481632
0.00153203097419318
0.000856000936855071
0.000226525509400202
-0.000357863536803956
-0.000977843182384564
0.00725044183813158
0.00638459308334268
0.00548253432734554
0.0048282656042073
0.00401148532238163
0.00339965361499742
0.0026864913920454
0.00200309067687061
0.00143420498003152
0.000898034062136942
0.000378418530709506
-0.000117374735483799
-0.000545676412720218
-0.000937876322979461
-0.00136334244063578
-0.00173377762797553
-0.00210548607454946
-0.00241524049132922
-0.00270013686406621
-0.00295015687564411
-0.00314883183110817
-0.00331366733525764
-0.0034411137567669
-0.00351891923258725
-0.00355805374721328
-0.00114602884303271
-0.00129390919387211
-0.00141699047203091
-0.00150463677462279
-0.00158213059816091
-0.00162896947246674
-0.00165478314743365
-0.00137267781714534
-0.00174555981971332
-0.0021091497327918
-0.00244061521231648
-0.00276192928911706
-0.0030804346681936
-0.00338842598296503
-0.00368631159104314
-0.00396775024385523
-0.00422871541078407
-0.00447936629800341
-0.00471372992129926
-0.00492117033890596
-0.00509173199857274
-0.00522445765653036
-0.00532840105693283
-0.00540042070416566
-0.00543691321911847
0.00919805343416773
0.00859494744954469
0.0078758086554784
0.00705454466772198
0.00621184333748941
0.00540416094822304
0.00463028130946173
0.00388946323608021
0.00318113701099062
0.00250466439712852
0.00185923669777513
0.00124347363276564
0.000656023075474486
6.71761114236497e-05
0.00926677199388151
0.00881222152204439
0.0083535522946075
0.0079006247816216
0.00750460776246008
0.00712214896340557
0.00675766906350181
0.0064233054297714
0.00611211689484388
0.00579723221859427
0.00547562618054344
0.00517834796162812
0.00493060205567121
0.00472707574173355
0.00457228972327746
0.00444989017394429
0.00437125247598705
0.00432720662488658
-0.000327267387038542
-0.00068682364343836
-0.00101905423871289
-0.00137820723778395
-0.00169962127023332
-0.00197828547099667
-0.00230932268729253
-0.00269686195242922
-0.00306143339725627
-0.00337104184855687
-0.00363121259493291
-0.00385673078557988
-0.004060128273318
-0.00423590945262811
-0.00437522048261077
-0.00447280436158164
-0.00453732350566066
-0.00457328334914155
-0.000198514494050388
-0.000431157357663041
-0.000635573773285928
-0.000817656366673447
-0.000983527159079151
-0.00113675035426943
-0.00127262418193134
-0.00138299702890881
-0.00146538353471653
-0.00151999407586965
-0.00154805361121432
0.009909055161311
0.0088099541895772
0.00763411551282222
0.00655118468205861
0.00555721572867327
0.00460191640640113
0.00372386807629769
0.0028421039149461
0.00202474712554057
0.001257941227018
0.000493105577679473
0.0101847884853594
0.00937471712923528
0.00867770556782844
0.00794892608190807
0.00737572312598517
0.00675351260997777
0.00624804581269689
0.00582674828454879
0.00543930386952188
0.00522003842351868
0.00500952637245149
0.00487732671464986
0.00481103628689311
0.000190594257743586
-6.20563803238918e-05
-0.000275112596574716
-0.000478778650639733
-0.000638658476497563
-0.000771920751011198
-0.000865158903597294
-0.000934272849812459
-0.000974621877970379
1.03824701350262e-05
-0.00044336726999144
-0.000870352480016844
-0.00127426818525097
-0.00165816347283042
-0.00202010692002178
-0.00236049601829209
-0.00268578155270672
-0.00298914640012754
-0.00326922889792838
-0.00353900443419312
-0.00378481475996526
-0.00400747059858593
-0.00421259730314857
-0.00440024448108375
-0.00457721784554842
-0.00473979538770874
-0.004877923378582
-0.00498322073387874
-0.00506440439812374
-0.00512020242827311
-0.00514816927942815
0.0200165947619721
0.0187295398288894
0.0172769616265988
0.0158232194263365
0.0144158426629616
0.013037535986913
0.0115940359855396
0.010266790283315
0.00935157724491931
0.00823931971690383
0.00702683081517512
0.00602867523694026
0.00505390833562693
0.00407871321793346
0.00319955925332362
0.00232580845395181
0.0200434974192615
0.0188991362313542
0.0176790487118651
0.0164566887091593
0.0152327130153106
0.0139997505428518
0.0127391430014354
0.0114542821456516
0.0102186108739629
0.00910191304347664
0.00814636192307306
0.0073504419163876
0.00663325813515234
0.00580841748911679
0.00175909702560931
0.00111585263203811
0.000521987570271194
3.6828812923687e-06
-0.000506887615245864
-0.000944640815857137
-0.00133557008411481
-0.00174840521939948
-0.00206574849174726
-0.00234713274532701
-0.00258006634687984
-0.00277912084199505
-0.00293670539084254
-0.00305356165844805
-0.00313252517256476
-0.00317374019743909
0.00183946423406536
0.00138099462322175
0.000924184284282659
0.000527425110129345
0.000192201046404293
-0.000144295805550889
-0.000435725936511488
-0.000672859614490837
-0.000866456912851352
-0.0010321521148942
-0.00117714152833599
-0.00129903426047967
-0.00139010646082722
-0.00144048649054743
0.00525676805310033
0.00479136716569513
0.0043700647600955
0.00396359189161495
0.00358906196719541
0.00324080606472029
0.00293374514296426
0.00265041884063448
0.00237574792597524
0.00212195704174064
0.00190074729642771
0.00170784064368768
0.00153144357174978
0.00136266323725801
0.00552998438180559
0.00525989115371538
0.00503887070319531
0.00482478557495971
0.00458606024011593
0.00437493425984122
0.00421554559163264
0.0040739920354395
0.00396106386047068
0.00388031456920549
0.00382945791449434
0.00380811860656837
0.00380995788257864
0.00383530114132096
0.00388206390960935
0.00394371981787805
0.00401868904174951
0.00410887243167711
0.00420662746352115
0.00430892919830024
0.0044151272272879
0.00452417192749877
0.00463514191384451
0.00474714092745644
0.00486230785132033
0.00498901061715778
0.00513298333082954
0.00530014715208603
0.00551242395857189
0.00578631069200371
0.0061671956056596
0.00127440461391921
0.00119418830312633
0.00112258371191065
0.00106085502118908
0.0010111793532654
0.000977617232937643
0.000958766544021938
0.000949182332797743
0.000948856621554582
0.000957261800542524
0.000973664407117035
0.000996728312124778
0.00102758309842636
0.0010690785929223
0.00111659231827485
0.00116879124290217
0.00123570513526567
0.00131863174046902
0.0014163439778399
0.00152799303690959
0.00166050861069756
0.00182921133374512
0.00203731808198641
0.00228214535533346
0.00257478055328982
0.00294275257833887
0.00128195679074198
0.00122376241911831
0.00118542371248308
0.0038881529642835
0.00518685039051931
0.00683059255630802
0.00867656659768492
0.0106242840300104
0.0127225470287944
0.00246393145555692
0.00195559564727696
0.00164937567296982
0.00145838670189868
0.0145123661709079
0.015994125178713
0.017030393464019
0.0175921381619185
0.0132802826620213
0.013674950911139
0.0138728651997836
0.00661735025968742
0.00721081578807612
0.00791682480700046
0.00879119299036956
0.00991686982895069
0.0112779390106167
0.00624911492671669
0.00647114624161753
0.00685361301349314
0.00741279704371374
0.00817503313970611
0.00908274609141702
0.0103027741042622
0.0117137763627789
0.0134074075509981
0.0153801623655791
0.0175599551862181
0.0200078384354726
0.0225919904123374
0.0253588107042979
0.0281608003156137
0.0308396041989474
0.0335854362325343
0.0133762019394246
0.0153653321389333
0.0176119352576088
0.0199011955475304
0.0224257961411053
0.0249911210933114
0.0275565929597321
0.0300681902827063
0.0324983659645655
0.0347676141282568
0.0369217631543067
0.038939884323776
0.0407546896542174
0.0422992040201313
0.0435490329283593
0.044514462174127
0.0452127143956875
0.0456618021653716
0.0458878080990893
0.0106945529720396
0.010324474694903
0.0100697058845144
0.00992184287933674
0.00984337447246457
0.00980845441297313
0.0358475674478108
0.0381536498915759
0.0401915369072887
0.0417750531783908
0.0430120998766643
0.0438126261708475
0.0442230481595238
0.0349374036118365
0.0361605974011985
0.0370424106776769
0.0374897540234966
