0.05
0.03729921739141
0.0341568014569212
0.0288716146654449
0.0358600314819172
0.0338445812817362
0.0320389958587539
0.0373102571751809
0.0350250094392249
0.0313739961826806
0.0290251628550767
0.0271916999075709
0.0257634236173814
0.0237241483109145
0.0210033313316772
0.0374343894866934
0.0313764670709928
0.0258866211783696
0.0250751962228922
0.0217394984444136
0.0184270314181866
0.0176484230528391
0.0172448547909235
0.0168583441365804
0.0163184648099907
0.0154406425879032
0.014441744315701
0.0135884378011635
0.0128487317655581
0.0121750441024164
0.0115313897179456
0.0108614320540191
0.0372495645815332
0.0357589283524431
0.0338911983060968
0.0324893483317935
0.0314461332743352
0.0307391592181238
0.0302732162170182
0.0299090923265956
0.0262772266735741
0.0238189845200084
0.0210543424807681
0.0184521772160698
0.0154437654998942
0.0256298342486857
0.0227970953194818
0.0200278398197658
0.0141469445697878
0.012819737179913
0.0115843794763164
0.010567523561504
0.00962815272641239
0.00878232564867548
0.00810954935679331
0.00753128146017851
0.00703873347219337
0.00667606540951393
0.00641723419223109
0.00626820706313644
0.00622881495327435
0.0063028346103391
0.00648288658657154
0.00678753762924019
0.0072185334898804
0.00780511292584868
0.00858761354123121
0.00956938747502173
0.0107044888657578
0.0119756586949469
0.0133471085337708
0.0147541998770155
0.0165815090112612
0.0188362047601596
0.0211233755750401
0.0233800910490595
0.0253893032075011
0.02716753504723
0.0286375906596944
0.0297469641460599
0.0304891192403637
0.0308728072713284
0.0141997713041866
0.0133193223062444
0.0124600194872953
0.0116363335543357
0.0109433322179445
0.0103665444157122
0.00984787139252084
0.00948213449299313
0.00920453008586586
0.00900345794984032
0.00889892181208346
0.0184597832436309
0.0166065245918125
0.0143007964488994
0.0172161700337711
0.0142182720719126
0.011598822330294
0.0137208406693804
0.0130936368349748
0.0124103646521265
0.0126185958555377
0.0102686847062958
0.00778456404814411
0.00617413379325804
0.00487975141049688
0.00360141997395287
0.00243433471360375
0.00157767686288321
0.000893088503111869
0.000272642116585358
-0.000226116916295418
-0.000636627140812904
-0.000947429626379296
-0.00116001238569283
-0.00129057318346543
-0.00136189792078798
0.0120159761244556
0.0119272837502767
0.0123259861328826
0.0133231539215443
0.0148294545318842
0.0170632289881106
0.0114351471179252
0.010541138177103
0.00963413855980015
0.0183597361204697
0.0203321273547391
0.0227475995830444
0.0254814545477944
0.0285307444009396
0.0316026815558131
0.0344154238486178
0.0369931420711242
0.0392825860948299
0.0409974623929274
0.0417549618900616
0.0411902553026459
0.0389771168892202
0.0349061319888758
0.0294528434684795
0.0237732216918889
0.0187448863255266
0.01458711274158
0.0111588693808554
0.00845726703299542
0.00616095172102101
0.00430743738201164
0.00278589422167786
0.00145298770937592
0.000585383042033208
-0.000360333370040923
-0.00109382786571687
-0.00172091688151898
-0.00223123357939952
-0.00262145899722759
-0.00293591152302709
-0.00317565174186615
-0.00330901911619662
-0.00340176215827823
0.0186059224084726
0.0206816915892823
0.0231826493208409
0.0264956926781232
0.0301159750144504
0.03366126254649
0.0367121998138361
0.0393800026975437
0.0411474722791871
0.0417494368869797
0.04078947331478
0.0378412100990512
0.0328315845666717
0.0269099977385778
0.0214172550522165
0.0165895724702897
0.0127600630873101
0.00986745084690527
0.00764738325784125
0.00592569260779301
0.0046493022690298
0.0038084136464216
0.00338066123989566
0.00791448295029045
0.00638149965880935
0.00505053584102908
0.00391635065935092
0.00294532385287303
0.00209937101607007
0.00135498322631845
0.000727302715592768
0.000218902442867653
-0.000183518588011382
-0.000485131665521359
-0.000685754662457792
-0.000788953623896293
0.00876571127599227
0.00805116296500056
0.00751616852089986
0.00718695366391312
0.00703866919420349
0.00707096915009129
0.00727510052196325
0.00765716661154089
0.00831535742517057
0.00929803392523943
0.0105768527816184
0.0120822316378096
0.0137948422513007
0.0157759080760228
0.0178989087950906
0.0201091028684149
0.0222646582029747
0.024297228808442
0.026413664780456
0.0293934636628755
0.0329605059113827
0.0359512518474207
0.0388671654051509
0.0409512823626572
0.042337678575841
0.0428539820454575
0.0420796159534189
0.0396062078881472
0.0355393978827904
0.0307713280402459
0.0260322287357851
0.0217311862057767
0.018441686261108
0.0157561454746164
0.0135448600012094
0.0121387033765275
0.0114182659152112
0.0106592800147179
0.0100028334592644
0.00955961636731424
0.00927545155519465
0.00917428265555303
0.00923878998219646
0.00946858986411796
0.00982094782005751
0.0103794177953705
0.0110822730174043
0.0116904149556831
0.0127721962166681
0.0136112268571558
0.0147953407709312
0.0162050249455123
0.017395478843894
0.0182162339717279
0.0190997791018781
0.0198911444340058
0.0204979438543521
0.0209292847723047
0.0211400129686828
0.0106809896691631
0.0099620611764794
0.00942519358668005
0.00907031641211778
0.0089051179454894
0.00891151284320138
0.00907682487115822
0.0094251823054354
0.00989112754224445
0.010567545705518
0.0114969281544243
0.0126256241206065
0.0145006965908589
0.0166518421880374
0.0188667311543743
0.0211291179334857
0.0233024104636408
0.0253946598329873
0.0272101231578898
0.0291421061038478
0.0309337570574295
0.0324491019015219
0.0336702219768448
0.0346181814100383
0.0352405029817005
0.0355736531363137
0.0318721921881948
0.0317885856624204
0.031819082801642
0.0306279867619747
0.0292829311618695
0.0278172449546853
0.0319974757484734
0.0322592860766485
0.0326449306299359
0.0312873615729385
0.0307081263233498
0.0299331739796611
0.0289514294538019
0.0277705200894784
0.0262134605281989
0.0242819396211075
0.0222219323478797
0.0203092126044679
0.0184532408193097
0.0168108933818017
0.015386126277074
0.0140580373325072
0.0125252936563496
0.0108472810788926
0.00954976125379345
0.00815862636143292
0.00712095249610912
0.00613737661849745
0.00531562992282687
0.00451335822550839
0.00381768945973145
0.00324247135610298
0.00274196949499792
0.00231960097889029
0.00197913649345068
0.00171097965151316
0.00152422996755871
0.00139418879697937
0.00129981924254082
0.00124994187290639
0.00122673512433088
0.00121766229055394
0.00121511096253151
0.0324413315605438
0.0324059245183636
0.032509301799685
0.0327471081956142
0.0331062030433351
0.0335788504661945
0.0341329383061079
0.0347405006897755
0.0353219055580713
0.0358464487828221
0.0362731626263054
0.0365702388753236
0.0367304791260868
0.0347912019468145
0.0366588166290184
0.038569937031678
0.0395590878756021
0.0404213783897839
0.0411511406881605
0.0385353173659313
0.0378790884785234
0.0362888112748095
0.0339460955462766
0.0308919766353384
0.0273141535695532
0.0237066324329649
0.0203722831255656
0.0173741950607481
0.0148276989639963
0.0126424680079158
0.0107512014892209
0.00914066215708458
0.00772466880229394
0.00650348486913859
0.00544451161438037
0.00453731617818827
0.00373916434015393
0.00306891040712433
0.00250733521406614
0.00202623617575362
0.00157144644691114
0.00117335983215113
0.000854482578602605
0.000617954022768496
0.000474811413778304
0.000392063871897667
0.0403250837795571
0.0386438444302725
0.0358010716533323
0.0319501759888693
0.0280700190111991
0.0241997797505633
0.0203929731811925
0.0173242771835906
0.0149787663404806
0.0127057092752263
0.0106471826938469
0.00889430061808005
0.00752228217740132
0.00649030257320365
0.00547853733489883
0.00461139159273912
0.00385556081109216
0.00322738417003164
0.00271776893611466
0.00236513515352256
0.00209076964427134
0.00184377699809872
0.00166085044939987
0.00157591023553462
0.0426853516947955
0.0438820406361287
0.0446930145440889
0.0453108235313476
0.0457030248677706
0.0459892046143812
0.046156539229233
0.0462236074512557
0.0462356475267243
0.0462113179854431
0.046177015408961
0.0461492099269549
0.0270214241751681
0.025936759486093
0.024485761643746
0.0225901903004308
0.0206869808271038
0.0190356264788359
0.0173964526830989
0.0158157747398512
0.0143960703591773
0.0130395193232018
0.0117396033417607
0.0105763235835946
0.00957506094713471
0.00855929007780596
0.00752965449792122
0.00661133847329337
0.00584095481734541
0.00518150606434016
0.00462417810870698
0.00417929865325421
0.00385673579806802
0.00364500525187377
0.00352201115885763
0.0268252559797328
0.025571847468845
0.0239908733342018
0.0219740580956254
0.0197472240941936
0.0176218761348832
0.0156851983799831
0.0139155360981104
0.0123215462130525
0.0108967689491248
0.00962558322101186
0.00853307472577171
0.00753268728789384
0.00662399145370094
0.00585591965233009
0.00521680656036541
0.00468086544791506
0.00423304210522086
0.00386876660362327
0.00358815184038133
0.0033814597210354
0.00324333626206715
0.00317105018050944
0.00315748427720808
0.00320507343128468
0.00331096629101596
0.00346369553165814
0.00365471790201599
0.00386495652382903
0.00408236338350622
0.00429794626366132
0.0044865355853605
0.00464981524170733
0.0047568974773741
0.00481831547099469
0.019454744102681
0.0175531069015483
0.0151647141040804
0.0208543981843962
0.0207300390553255
0.0206632799350054
0.0137947964776406
0.0124605415990109
0.0112707816069506
0.0102449380735242
0.00947755233524659
0.00883986980726333
0.00836099865588713
0.00804691892973807
0.00788999398984875
0.0130118137061615
0.0111853881028144
0.00953267992735159
0.00798240064496715
0.00747941072807259
0.00712234675824122
0.00684561913375304
0.00666814410930795
0.00659315759511708
0.00661501182327677
0.00673880366475688
0.00696969624922211
0.00731783958823528
0.00779364831081361
0.00841550942848256
0.00919399339705132
0.010130822632151
0.0112060964133966
0.0124083072309778
0.0138615334903347
0.0156088362021711
0.0174580206126758
0.0193733574271104
0.0212648718080142
0.0230037741736747
0.0245319272802562
0.0258381285634242
0.0268465378750627
0.0275237973282717
0.027878533823371
0.00714135855434777
0.00649186128918669
0.00600882049710731
0.0055256712820675
0.00530194486573006
0.00514206106688622
0.0105350276097344
0.0101336023213942
0.00964107424084036
0.00907729926591183
0.00847717582690922
0.00785615490509876
0.00722420884621308
0.006583442257666
0.00592095494524561
0.00523996266847345
0.00457464200937466
0.0039414910974486
0.00329716348835961
0.00263337063749757
0.00198845464938453
0.00135633721799487
0.000737807702940699
0.000138577655431105
-0.000435053245311523
-0.000976760155234384
-0.00148154705196176
-0.00194678905344231
-0.00236735121871686
-0.00273640793370385
-0.00304954621861843
-0.00330352355388786
-0.00349524047900263
-0.00362262278836356
-0.0036881590991882
0.0104371193640212
0.0100310415301607
0.00958463121324075
0.00911012461736494
0.00861557148876388
0.00814588200156748
0.00768400557661185
0.00716874543541029
0.00662238952158672
0.00610470461217953
0.0056194268507446
0.00511425547891537
0.00455710953030382
0.00390751640635125
0.00324898075140222
0.00262472901872632
0.00201785179321638
0.00142976939581203
0.000857259945049676
0.000286121709555132
-0.000237200907860998
-0.000796579454462268
-0.00117152972223779
-0.00155278297131363
-0.00200283092415158
-0.00240028368619075
-0.00276457273895028
-0.00309467999857025
-0.0033528353245953
-0.00355317944203745
-0.00368834879734939
-0.00375987231895978
0.0300180807399988
0.0303571583854052
0.0308330596469796
0.031314519035603
0.0317515944872544
0.0292415382690935
0.0276746441185124
0.0253183874586095
0.0232875486230016
0.0211456524946403
0.0189175985892986
0.0170832556600347
0.0153408339764768
0.0135018383260626
0.01157016045966
0.0099691699795574
0.00849205619222054
0.00713694023779834
0.00589692484420407
0.00478148459100638
0.00379178913259515
0.00290329608848647
0.00216650518212706
0.00130624392511423
0.000542799838403381
-4.96592068731123e-05
-0.000553051392017556
-0.000966845370466411
-0.00126596563612778
-0.00145241622090174
-0.00155731477120633
0.0316064570392724
0.0309505698177484
0.0294312501814727
0.0323360751186257
0.0330067095990234
0.0337522600966853
0.0346544605222313
0.0277414168112074
0.0262700432305802
0.0249938146715008
0.0297162842067061
0.0291310498628193
0.0277563842050689
0.0261898870929537
0.0236134042569784
0.024338632882083
0.0223898504925296
0.0194212818269571
0.0162280679251993
0.023463935406838
0.0218343314318374
0.0200456455988518
0.0145664445279813
0.0127905623211625
0.0110149121114772
0.0095528114907836
0.00815441550382196
0.00685715665354268
0.00573842752049057
0.00466449676366936
0.00367379605970496
0.00277445004860711
0.00195672570678445
0.00110424782994348
0.014626975258926
0.0130532775813847
0.0114835905874841
0.0103914896687759
0.00908447605728738
0.00814397272248545
0.00708874183022575
0.00611620700035079
0.00533349304113461
0.00461702365075778
0.00394121332533928
0.00331274405910298
0.00278262093161642
0.00230747906640654
0.00180195953320632
0.00136886362018691
0.000940533432062851
0.000588107368385603
0.000267509277235647
-1.11365919190303e-05
-0.000230827520187861
-0.000411942741469518
-0.000551264048064027
-0.000636026969636223
-0.000678574058354726
0.000898121186723356
0.000725986633041646
0.000589054220664155
0.000494832418217188
0.000413896510313877
0.000365955655105247
0.000339875791662361
0.000546567305292769
3.04764283839416e-05
-0.000460007045315594
-0.000894065514265051
-0.00130135856410532
-0.00169092449650829
-0.00205364204346117
-0.00239122492520166
-0.0026983919289318
-0.00297333415534561
-0.00322884315991639
-0.00346058909746656
-0.00366032528836813
-0.00382103048521253
-0.00394402150172473
-0.00403911505039364
-0.00410438300797742
-0.00413726322163218
0.0191374687898238
0.0180367014392674
0.0167243577304612
0.0152466810270998
0.0137648430237805
0.0123843794599736
0.0111014576706866
0.00991018084688056
0.00880371007986194
0.00777484122540711
0.00681638112872639
0.00592082914504786
0.00508135976114012
0.00425178198248019
0.0192835500813837
0.0184676208133227
0.0176320461298632
0.0168040582996599
0.0160835464407392
0.0153952065484171
0.0147500936187791
0.0141705983589504
0.0136433086275724
0.0131214427470219
0.012599558199962
0.0121264657087688
0.0117390114147413
0.0114255439724384
0.0111901827553109
0.0110059961625806
0.0108885210485875
0.0108230405462554
0.00371467343872619
0.00323361191717351
0.002795130966891
0.00232729122943869
0.00191414585511183
0.00156023708835418
0.00114437261123757
0.000662284322327489
0.000212550726835165
-0.000166723508534455
-0.000483620954951446
-0.000757006455273093
-0.00100255807273668
-0.00121401158336277
-0.00138110799672311
-0.00149790700664319
-0.00157501764057603
-0.00161795360786587
0.0038709423147262
0.00354269644669239
0.00325832132876006
0.00300819826825619
0.00278288833106409
0.00257676329261841
0.00239541780429517
0.00224902398655567
0.00214026825762294
0.00206842053547454
0.00203158067728042
0.0215752903577167
0.0192462828593589
0.0167664554674713
0.0145622705104477
0.0126325393982286
0.0108687332489598
0.0093235306088679
0.00783931920823871
0.00651630636462848
0.00531426952677824
0.0041452444112882
0.0223635377683634
0.0208176182992567
0.0194264325392461
0.0179508500605687
0.0167997062476011
0.0155755124461017
0.0146092607841625
0.0138271603534172
0.0131289795253579
0.01274240897929
0.0123780923899782
0.0121525431013058
0.0120404221424747
0.00369149268578396
0.00332709409413515
0.00302930373472215
0.00275258467897109
0.00254045554844759
0.00236702753516574
0.00224741666086747
0.00215970474102344
0.00210889197280506
0.00341961889464358
0.00275293213709277
0.00213906097374834
0.00157054685981207
0.00104152726842874
0.00055328229314109
0.000103894294085104
-0.000316222441499971
-0.000699396964217523
-0.00104544236247694
-0.00137148166404296
-0.00166216997335491
-0.001919998371968
-0.00215267130627705
-0.00236134227452139
-0.00255464094852356
-0.00272946358727871
-0.00287599440029132
-0.00298649540781238
-0.00307097559225594
-0.00312867488381187
-0.00315748295945666
0.0352887942911174
0.0362063497605069
0.0373383411610798
0.0385543930847077
0.0397742960345942
0.0409503927036384
0.0420643413767877
0.0428417197736441
0.0431333805500809
0.0430908014914776
0.0422829743770764
0.0406853007954016
0.0379684526144011
0.0338673901106748
0.0291405062425293
0.0239237982630126
0.0350007599156546
0.0355488690604707
0.0362724890466219
0.037128645420913
0.0380983011458876
0.039155263369831
0.040260142101237
0.041307456548049
0.0420738473149708
0.0423421430204705
0.0420040203074111
0.041085918083115
0.039548911220408
0.0367527534173139
0.0207327395765684
0.0172581416770841
0.0142836293452216
0.0119028184074177
0.00976287989456341
0.00808609880308286
0.00670816572388312
0.00537280628872203
0.00442270976831358
0.00363425252562759
0.00301793396280921
0.00251656317222805
0.00213549040282134
0.00186167589252316
0.0016808432907919
0.00158782130995367
0.0207941806691041
0.0179243886847035
0.0152182906461962
0.013022409252681
0.0112903743752426
0.00967212711740422
0.00836747051515165
0.00737211408624684
0.00660398829707198
0.00597860005200765
0.00545542524823585
0.0050325575832551
0.00472638481644382
0.00456047503524103
0.0341024524547485
0.0311410422577726
0.0280144452422172
0.0247716905042443
0.0217450386324288
0.0190010037924079
0.0166896639269833
0.0146687546902174
0.0128196224142411
0.0112053839555217
0.00986566632595052
0.0087407083518161
0.00773840548933042
0.00679054539474758
0.0356192380038873
0.0337142671289117
0.0315285115067142
0.0288718138732745
0.0254738232026647
0.0222270396603616
0.0196424402744423
0.0172124424821464
0.0151016389970776
0.0133481772584411
0.0118795391582387
0.0107532679370495
0.00974035121688397
0.00887271319485191
0.00812586679294296
0.00750738160796386
0.00696441101410138
0.00645508323543839
0.00599695224974721
0.00557707602273447
0.00517922358966353
0.00479461657497801
0.00441864411780153
0.00405191451845607
0.0036916746551545
0.0033248376903325
0.00295777910974262
0.00260163256583835
0.00223931307867745
0.00187582388643485
0.00148679188485537
0.00621075828966416
0.005654332837692
0.00511537271430061
0.00459218731137754
0.00409121492484757
0.00365520103529061
0.00330351120320826
0.00297134927106567
0.00264429817185018
0.00234915582259315
0.00206833208922676
0.00180860070305849
0.00155206794556874
0.00128243916490742
0.00102973773807957
0.000796334954623788
0.000544616939227267
0.000286222429433646
3.63708896966365e-05
-0.000197970653988761
-0.000426880724992555
-0.000665536857687123
-0.000905220163810983
-0.00113598185628475
-0.00136391867894188
-0.00160261162357835
0.00643922473780211
0.00619570487921787
0.00604002665253581
-0.0019053846697128
-0.00227995091453703
-0.00270964028619923
-0.00314572177532869
-0.0035590955344103
-0.00396264140539153
-0.00161393577610035
-0.00162317355151171
-0.00162772270009037
-0.00163012972626581
-0.00422945943456894
-0.00442690400534276
-0.00455445409702006
-0.00462037690592852
-0.00411248165332911
-0.00420797906574856
-0.0042529426206574
0.00120362635649251
0.000925797958367092
0.000669592783650819
0.000415667860782751
0.000150928943102019
-0.000113068322936969
0.00135246566961331
0.00121961023986557
0.00107863342905613
0.000926800791436392
0.000759829608914282
0.000589787866192598
0.000388034617029173
0.000178154218817833
-5.20436636118365e-05
-0.000299387645271936
-0.000554038902611626
-0.000823142081496734
-0.00109322676844077
-0.00137085487666092
-0.00164316249818312
-0.00189756253838641
-0.00215451352984716
-0.000238069466682113
-0.000343104585762354
-0.000451869481940928
-0.00055675881034921
-0.00066922661413461
-0.00078286768228343
-0.00089760239551692
-0.00101181237211032
-0.00112420625454637
-0.00123046834546937
-0.00133195826711307
-0.00142705958711643
-0.00151228310486409
-0.00158455092241619
-0.00164299515638751
-0.00168831221502971
-0.00172133424771113
-0.00174275865063717
-0.00175361579625519
-0.00025000597393888
-0.000362127179176116
-0.000462941463443148
-0.000538765699249634
-0.000588951532671347
-0.000615201405917589
-0.00234831701810807
-0.00254156065074275
-0.00270965736277833
-0.00283946625595804
-0.00294114041823998
-0.00300753167782774
-0.0030418855453758
-0.00229699202146354
-0.00242282133234503
-0.00251157923193146
-0.00255603249053501
