5.20412336909367e-05
5.20412336909367e-05
5.20412336909367e-05
5.20412336909368e-05
5.20412336909368e-05
5.20412336909368e-05
5.20412336909369e-05
5.20412336909367e-05
5.20412336909368e-05
5.20412336909368e-05
5.20412336909369e-05
5.2041233690937e-05
5.2041233690937e-05
5.2041233690937e-05
5.20412336909371e-05
5.20412336909367e-05
5.20412336909367e-05
5.20412336909366e-05
5.20412336909366e-05
5.20412336909366e-05
5.20412336909366e-05
5.20412336909366e-05
5.20412336909366e-05
5.20412336909366e-05
5.20412336909367e-05
5.20412336909367e-05
5.20412336909368e-05
5.20412336909368e-05
5.20412336909369e-05
5.20412336909369e-05
5.2041233690937e-05
5.2041233690937e-05
5.20412336909367e-05
5.20412336909367e-05
5.20412336909367e-05
5.20412336909367e-05
5.20412336909367e-05
5.20412336909367e-05
5.20412336909366e-05
5.20412336909366e-05
5.20412336909368e-05
5.20412336909369e-05
5.2041233690937e-05
5.20412336909371e-05
5.20412336909372e-05
5.20412336909368e-05
5.20412336909368e-05
5.20412336909369e-05
5.20412336909372e-05
5.20412336909373e-05
5.20412336909373e-05
5.20412336909373e-05
5.20412336909374e-05
5.20412336909374e-05
5.20412336909374e-05
5.20412336909374e-05
5.20412336909375e-05
5.20412336909374e-05
5.20412336909374e-05
5.20412336909374e-05
5.20412336909375e-05
5.20412336909375e-05
5.20412336909375e-05
5.20412336909375e-05
5.20412336909375e-05
5.20412336909375e-05
5.20412336909375e-05
5.20412336909375e-05
5.20412336909375e-05
5.20412336909375e-05
5.20412336909375e-05
5.20412336909375e-05
5.20412336909375e-05
5.20412336909374e-05
5.20412336909374e-05
5.20412336909375e-05
5.20412336909375e-05
5.20412336909375e-05
5.20412336909375e-05
5.20412336909375e-05
5.20412336909374e-05
5.20412336909375e-05
5.20412336909373e-05
5.20412336909373e-05
5.20412336909374e-05
5.20412336909375e-05
5.20412336909375e-05
5.20412336909375e-05
5.20412336909376e-05
5.20412336909375e-05
5.20412336909375e-05
5.20412336909375e-05
5.20412336909375e-05
5.20412336909369e-05
5.2041233690937e-05
5.20412336909371e-05
5.20412336909369e-05
5.2041233690937e-05
5.20412336909371e-05
5.20412336909371e-05
5.20412336909372e-05
5.20412336909372e-05
5.20412336909371e-05
5.20412336909372e-05
5.20412336909372e-05
5.20412336909372e-05
5.20412336909373e-05
5.20412336909373e-05
5.20412336909373e-05
5.20412336909373e-05
5.20412336909373e-05
5.20412336909373e-05
5.20412336909373e-05
5.20412336909374e-05
5.20412336909374e-05
5.20412336909374e-05
5.20412336909374e-05
5.20412336909374e-05
5.20412336909372e-05
5.20412336909373e-05
5.20412336909374e-05
5.20412336909375e-05
5.20412336909376e-05
5.20412336909377e-05
5.20412336909373e-05
5.20412336909373e-05
5.20412336909374e-05
5.20412336909377e-05
5.20412336909378e-05
5.20412336909379e-05
5.2041233690938e-05
5.2041233690938e-05
5.20412336909381e-05
5.20412336909381e-05
5.20412336909381e-05
5.20412336909381e-05
5.20412336909381e-05
5.20412336909381e-05
5.2041233690938e-05
5.2041233690938e-05
5.2041233690938e-05
5.2041233690938e-05
5.2041233690938e-05
5.20412336909379e-05
5.20412336909379e-05
5.20412336909379e-05
5.20412336909379e-05
5.20412336909379e-05
5.20412336909379e-05
5.20412336909379e-05
5.20412336909379e-05
5.2041233690938e-05
5.2041233690938e-05
5.20412336909381e-05
5.20412336909381e-05
5.20412336909381e-05
5.20412336909382e-05
5.20412336909382e-05
5.20412336909382e-05
5.20412336909382e-05
5.20412336909382e-05
5.20412336909377e-05
5.20412336909377e-05
5.20412336909377e-05
5.20412336909377e-05
5.20412336909378e-05
5.20412336909378e-05
5.20412336909378e-05
5.20412336909379e-05
5.20412336909379e-05
5.2041233690938e-05
5.2041233690938e-05
5.2041233690938e-05
5.2041233690938e-05
5.20412336909381e-05
5.20412336909381e-05
5.20412336909381e-05
5.20412336909381e-05
5.20412336909381e-05
5.20412336909381e-05
5.20412336909381e-05
5.20412336909381e-05
5.20412336909381e-05
5.20412336909381e-05
5.20412336909374e-05
5.20412336909374e-05
5.20412336909374e-05
5.20412336909374e-05
5.20412336909374e-05
5.20412336909375e-05
5.20412336909375e-05
5.20412336909375e-05
5.20412336909375e-05
5.20412336909376e-05
5.20412336909376e-05
5.20412336909376e-05
5.20412336909376e-05
5.20412336909374e-05
5.20412336909375e-05
5.20412336909376e-05
5.20412336909377e-05
5.20412336909377e-05
5.20412336909377e-05
5.20412336909378e-05
5.20412336909378e-05
5.20412336909378e-05
5.20412336909378e-05
5.20412336909378e-05
5.20412336909377e-05
5.20412336909377e-05
5.20412336909377e-05
5.20412336909377e-05
5.20412336909377e-05
5.20412336909377e-05
5.20412336909377e-05
5.20412336909377e-05
5.20412336909377e-05
5.20412336909377e-05
5.20412336909377e-05
5.20412336909378e-05
5.20412336909378e-05
5.20412336909378e-05
5.20412336909378e-05
5.20412336909379e-05
5.20412336909379e-05
5.20412336909379e-05
5.20412336909379e-05
5.20412336909379e-05
5.20412336909379e-05
5.20412336909379e-05
5.20412336909379e-05
5.20412336909379e-05
5.20412336909379e-05
5.20412336909379e-05
5.20412336909371e-05
5.2041233690937e-05
5.2041233690937e-05
5.2041233690937e-05
5.2041233690937e-05
5.2041233690937e-05
5.2041233690937e-05
5.2041233690937e-05
5.20412336909371e-05
5.20412336909371e-05
5.20412336909372e-05
5.20412336909372e-05
5.20412336909372e-05
5.20412336909373e-05
5.20412336909373e-05
5.20412336909373e-05
5.20412336909373e-05
5.20412336909373e-05
5.20412336909373e-05
5.20412336909373e-05
5.20412336909372e-05
5.20412336909372e-05
5.20412336909371e-05
5.20412336909372e-05
5.20412336909372e-05
5.20412336909373e-05
5.20412336909373e-05
5.20412336909372e-05
5.20412336909372e-05
5.20412336909372e-05
5.20412336909372e-05
5.20412336909373e-05
5.20412336909372e-05
5.20412336909373e-05
5.20412336909373e-05
5.20412336909373e-05
5.20412336909373e-05
5.20412336909373e-05
5.20412336909373e-05
5.20412336909374e-05
5.20412336909374e-05
5.20412336909374e-05
5.20412336909374e-05
5.20412336909373e-05
5.20412336909373e-05
5.20412336909373e-05
5.20412336909373e-05
5.20412336909373e-05
5.20412336909369e-05
5.20412336909369e-05
5.20412336909369e-05
5.2041233690937e-05
5.2041233690937e-05
5.20412336909371e-05
5.2041233690937e-05
5.2041233690937e-05
5.2041233690937e-05
5.2041233690937e-05
5.2041233690937e-05
5.2041233690937e-05
5.20412336909371e-05
5.20412336909371e-05
5.20412336909372e-05
5.20412336909372e-05
5.20412336909373e-05
5.20412336909373e-05
5.20412336909374e-05
5.20412336909374e-05
5.20412336909375e-05
5.20412336909375e-05
5.20412336909376e-05
5.20412336909376e-05
5.20412336909377e-05
5.20412336909378e-05
5.20412336909379e-05
5.20412336909379e-05
5.2041233690938e-05
5.2041233690938e-05
5.2041233690938e-05
5.2041233690938e-05
5.2041233690938e-05
5.20412336909381e-05
5.20412336909381e-05
5.2041233690938e-05
5.2041233690938e-05
5.2041233690938e-05
5.2041233690938e-05
5.2041233690938e-05
5.2041233690938e-05
5.20412336909381e-05
5.20412336909381e-05
5.2041233690937e-05
5.20412336909371e-05
5.20412336909371e-05
5.20412336909371e-05
5.20412336909372e-05
5.20412336909372e-05
5.20412336909372e-05
5.20412336909372e-05
5.20412336909372e-05
5.20412336909373e-05
5.20412336909372e-05
5.20412336909372e-05
5.20412336909372e-05
5.20412336909371e-05
5.20412336909371e-05
5.20412336909372e-05
5.20412336909372e-05
5.20412336909373e-05
5.20412336909373e-05
5.20412336909371e-05
5.20412336909371e-05
5.2041233690937e-05
5.2041233690937e-05
5.20412336909369e-05
5.20412336909369e-05
5.20412336909368e-05
5.20412336909368e-05
5.20412336909368e-05
5.20412336909368e-05
5.20412336909368e-05
5.20412336909368e-05
5.20412336909368e-05
5.20412336909368e-05
5.20412336909368e-05
5.20412336909368e-05
5.20412336909368e-05
5.20412336909368e-05
5.20412336909368e-05
5.20412336909368e-05
5.20412336909369e-05
5.20412336909369e-05
5.20412336909369e-05
5.2041233690937e-05
5.2041233690937e-05
5.2041233690937e-05
5.2041233690937e-05
5.20412336909373e-05
5.20412336909374e-05
5.20412336909374e-05
5.20412336909374e-05
5.20412336909375e-05
5.20412336909376e-05
5.20412336909377e-05
5.20412336909378e-05
5.20412336909378e-05
5.20412336909378e-05
5.20412336909379e-05
5.20412336909379e-05
5.20412336909379e-05
5.2041233690938e-05
5.2041233690938e-05
5.20412336909381e-05
5.20412336909381e-05
5.20412336909382e-05
5.20412336909383e-05
5.20412336909383e-05
5.20412336909383e-05
5.20412336909383e-05
5.20412336909383e-05
5.20412336909383e-05
5.20412336909373e-05
5.20412336909374e-05
5.20412336909374e-05
5.20412336909374e-05
5.20412336909375e-05
5.20412336909375e-05
5.20412336909375e-05
5.20412336909375e-05
5.20412336909375e-05
5.20412336909376e-05
5.20412336909376e-05
5.20412336909376e-05
5.20412336909371e-05
5.20412336909372e-05
5.20412336909372e-05
5.20412336909372e-05
5.20412336909373e-05
5.20412336909373e-05
5.20412336909373e-05
5.20412336909373e-05
5.20412336909374e-05
5.20412336909374e-05
5.20412336909374e-05
5.20412336909374e-05
5.20412336909374e-05
5.20412336909374e-05
5.20412336909375e-05
5.20412336909375e-05
5.20412336909375e-05
5.20412336909376e-05
5.20412336909376e-05
5.20412336909376e-05
5.20412336909376e-05
5.20412336909376e-05
5.20412336909376e-05
5.20412336909371e-05
5.20412336909371e-05
5.20412336909372e-05
5.20412336909372e-05
5.20412336909372e-05
5.20412336909373e-05
5.20412336909373e-05
5.20412336909373e-05
5.20412336909373e-05
5.20412336909374e-05
5.20412336909374e-05
5.20412336909374e-05
5.20412336909374e-05
5.20412336909374e-05
5.20412336909374e-05
5.20412336909374e-05
5.20412336909374e-05
5.20412336909374e-05
5.20412336909374e-05
5.20412336909374e-05
5.20412336909375e-05
5.20412336909375e-05
5.20412336909375e-05
5.20412336909375e-05
5.20412336909376e-05
5.20412336909376e-05
5.20412336909376e-05
5.20412336909376e-05
5.20412336909376e-05
5.20412336909377e-05
5.20412336909377e-05
5.20412336909377e-05
5.20412336909376e-05
5.20412336909376e-05
5.20412336909376e-05
5.20412336909371e-05
5.20412336909371e-05
5.20412336909371e-05
5.20412336909371e-05
5.20412336909371e-05
5.20412336909371e-05
5.2041233690937e-05
5.2041233690937e-05
5.2041233690937e-05
5.2041233690937e-05
5.2041233690937e-05
5.2041233690937e-05
5.20412336909369e-05
5.20412336909369e-05
5.20412336909369e-05
5.20412336909371e-05
5.2041233690937e-05
5.20412336909371e-05
5.2041233690937e-05
5.2041233690937e-05
5.2041233690937e-05
5.2041233690937e-05
5.2041233690937e-05
5.2041233690937e-05
5.2041233690937e-05
5.2041233690937e-05
5.2041233690937e-05
5.20412336909369e-05
5.20412336909369e-05
5.20412336909369e-05
5.20412336909369e-05
5.20412336909369e-05
5.2041233690937e-05
5.2041233690937e-05
5.20412336909371e-05
5.20412336909371e-05
5.20412336909371e-05
5.20412336909371e-05
5.20412336909371e-05
5.20412336909371e-05
5.20412336909371e-05
5.2041233690937e-05
5.2041233690937e-05
5.2041233690937e-05
5.2041233690937e-05
5.2041233690937e-05
5.20412336909369e-05
5.20412336909369e-05
5.20412336909369e-05
5.20412336909369e-05
5.20412336909369e-05
5.2041233690937e-05
5.2041233690937e-05
5.2041233690937e-05
5.2041233690937e-05
5.2041233690937e-05
5.2041233690937e-05
5.2041233690937e-05
5.2041233690937e-05
5.2041233690937e-05
5.2041233690937e-05
5.2041233690937e-05
5.2041233690937e-05
5.2041233690937e-05
5.2041233690937e-05
5.2041233690937e-05
5.2041233690937e-05
5.20412336909371e-05
5.20412336909372e-05
5.20412336909372e-05
5.20412336909372e-05
5.20412336909372e-05
5.20412336909372e-05
5.20412336909371e-05
5.20412336909371e-05
5.20412336909371e-05
5.20412336909372e-05
5.20412336909372e-05
5.20412336909372e-05
5.20412336909372e-05
5.2041233690937e-05
5.2041233690937e-05
5.2041233690937e-05
5.2041233690937e-05
5.2041233690937e-05
5.2041233690937e-05
5.2041233690937e-05
5.2041233690937e-05
5.2041233690937e-05
5.20412336909371e-05
5.20412336909371e-05
5.20412336909371e-05
5.20412336909371e-05
5.20412336909371e-05
5.20412336909371e-05
5.2041233690937e-05
5.2041233690937e-05
5.2041233690937e-05
5.2041233690937e-05
5.2041233690937e-05
5.2041233690937e-05
5.2041233690937e-05
5.2041233690937e-05
5.2041233690937e-05
5.2041233690937e-05
5.2041233690937e-05
5.20412336909371e-05
5.20412336909371e-05
5.20412336909371e-05
5.20412336909371e-05
5.20412336909371e-05
5.20412336909371e-05
5.20412336909366e-05
5.20412336909366e-05
5.20412336909366e-05
5.20412336909366e-05
5.20412336909366e-05
5.20412336909366e-05
5.20412336909366e-05
5.20412336909366e-05
5.20412336909365e-05
5.20412336909365e-05
5.20412336909365e-05
5.20412336909365e-05
5.20412336909365e-05
5.20412336909364e-05
5.20412336909364e-05
5.20412336909364e-05
5.20412336909364e-05
5.20412336909364e-05
5.20412336909364e-05
5.20412336909364e-05
5.20412336909365e-05
5.20412336909365e-05
5.20412336909365e-05
5.20412336909365e-05
5.20412336909366e-05
5.20412336909366e-05
5.20412336909366e-05
5.20412336909366e-05
5.20412336909367e-05
5.20412336909367e-05
5.20412336909367e-05
5.20412336909365e-05
5.20412336909365e-05
5.20412336909365e-05
5.20412336909366e-05
5.20412336909367e-05
5.20412336909368e-05
5.20412336909369e-05
5.20412336909365e-05
5.20412336909364e-05
5.20412336909363e-05
5.20412336909367e-05
5.20412336909368e-05
5.2041233690937e-05
5.20412336909371e-05
5.20412336909372e-05
5.20412336909364e-05
5.20412336909364e-05
5.20412336909365e-05
5.20412336909366e-05
5.20412336909362e-05
5.20412336909361e-05
5.20412336909361e-05
5.20412336909367e-05
5.20412336909368e-05
5.20412336909369e-05
5.2041233690937e-05
5.2041233690937e-05
5.20412336909371e-05
5.20412336909372e-05
5.20412336909372e-05
5.20412336909373e-05
5.20412336909374e-05
5.20412336909375e-05
5.20412336909376e-05
5.20412336909367e-05
5.20412336909367e-05
5.20412336909368e-05
5.20412336909368e-05
5.20412336909369e-05
5.20412336909369e-05
5.20412336909369e-05
5.2041233690937e-05
5.2041233690937e-05
5.2041233690937e-05
5.20412336909371e-05
5.20412336909371e-05
5.20412336909372e-05
5.20412336909372e-05
5.20412336909373e-05
5.20412336909373e-05
5.20412336909374e-05
5.20412336909374e-05
5.20412336909374e-05
5.20412336909375e-05
5.20412336909375e-05
5.20412336909375e-05
5.20412336909375e-05
5.20412336909375e-05
5.20412336909375e-05
5.20412336909376e-05
5.20412336909376e-05
5.20412336909376e-05
5.20412336909376e-05
5.20412336909376e-05
5.20412336909376e-05
5.20412336909376e-05
5.20412336909376e-05
5.20412336909377e-05
5.20412336909377e-05
5.20412336909377e-05
5.20412336909376e-05
5.20412336909376e-05
5.20412336909376e-05
5.20412336909376e-05
5.20412336909377e-05
5.20412336909377e-05
5.20412336909377e-05
5.20412336909377e-05
5.20412336909377e-05
5.20412336909377e-05
5.20412336909377e-05
5.20412336909377e-05
5.20412336909377e-05
5.20412336909377e-05
5.2041233690936e-05
5.2041233690936e-05
5.2041233690936e-05
5.2041233690936e-05
5.20412336909361e-05
5.20412336909361e-05
5.20412336909361e-05
5.20412336909362e-05
5.20412336909362e-05
5.20412336909362e-05
5.20412336909363e-05
5.20412336909363e-05
5.20412336909363e-05
5.20412336909363e-05
5.2041233690936e-05
5.2041233690936e-05
5.2041233690936e-05
5.20412336909359e-05
5.20412336909359e-05
5.20412336909358e-05
5.20412336909358e-05
5.20412336909358e-05
5.20412336909358e-05
5.20412336909357e-05
5.20412336909357e-05
5.20412336909357e-05
5.20412336909357e-05
5.20412336909357e-05
5.20412336909357e-05
5.20412336909357e-05
5.20412336909357e-05
5.20412336909357e-05
5.20412336909363e-05
5.20412336909363e-05
5.20412336909363e-05
5.20412336909364e-05
5.20412336909364e-05
5.20412336909364e-05
5.20412336909365e-05
5.20412336909365e-05
5.20412336909366e-05
5.20412336909366e-05
5.20412336909367e-05
5.20412336909367e-05
5.20412336909367e-05
5.20412336909367e-05
5.20412336909367e-05
5.20412336909367e-05
5.20412336909367e-05
5.20412336909367e-05
5.20412336909363e-05
5.20412336909363e-05
5.20412336909363e-05
5.20412336909364e-05
5.20412336909364e-05
5.20412336909365e-05
5.20412336909365e-05
5.20412336909365e-05
5.20412336909365e-05
5.20412336909365e-05
5.20412336909365e-05
5.20412336909374e-05
5.20412336909375e-05
5.20412336909376e-05
5.20412336909378e-05
5.20412336909379e-05
5.20412336909379e-05
5.2041233690938e-05
5.20412336909381e-05
5.20412336909381e-05
5.20412336909382e-05
5.20412336909383e-05
5.20412336909373e-05
5.20412336909374e-05
5.20412336909374e-05
5.20412336909374e-05
5.20412336909375e-05
5.20412336909375e-05
5.20412336909375e-05
5.20412336909376e-05
5.20412336909377e-05
5.20412336909377e-05
5.20412336909377e-05
5.20412336909377e-05
5.20412336909377e-05
5.20412336909383e-05
5.20412336909384e-05
5.20412336909384e-05
5.20412336909385e-05
5.20412336909385e-05
5.20412336909386e-05
5.20412336909386e-05
5.20412336909385e-05
5.20412336909385e-05
5.20412336909383e-05
5.20412336909383e-05
5.20412336909383e-05
5.20412336909383e-05
5.20412336909383e-05
5.20412336909384e-05
5.20412336909384e-05
5.20412336909384e-05
5.20412336909384e-05
5.20412336909384e-05
5.20412336909384e-05
5.20412336909384e-05
5.20412336909384e-05
5.20412336909384e-05
5.20412336909385e-05
5.20412336909385e-05
5.20412336909386e-05
5.20412336909387e-05
5.20412336909387e-05
5.20412336909388e-05
5.20412336909388e-05
5.20412336909388e-05
5.2041233690937e-05
5.20412336909371e-05
5.20412336909371e-05
5.20412336909372e-05
5.20412336909372e-05
5.20412336909373e-05
5.20412336909374e-05
5.20412336909374e-05
5.20412336909375e-05
5.20412336909375e-05
5.20412336909376e-05
5.20412336909376e-05
5.20412336909376e-05
5.20412336909377e-05
5.20412336909377e-05
5.20412336909378e-05
5.2041233690937e-05
5.20412336909371e-05
5.20412336909372e-05
5.20412336909372e-05
5.20412336909373e-05
5.20412336909374e-05
5.20412336909374e-05
5.20412336909375e-05
5.20412336909375e-05
5.20412336909376e-05
5.20412336909376e-05
5.20412336909376e-05
5.20412336909376e-05
5.20412336909377e-05
5.20412336909378e-05
5.20412336909379e-05
5.20412336909379e-05
5.20412336909379e-05
5.20412336909379e-05
5.20412336909379e-05
5.20412336909379e-05
5.20412336909379e-05
5.20412336909379e-05
5.2041233690938e-05
5.2041233690938e-05
5.2041233690938e-05
5.2041233690938e-05
5.20412336909381e-05
5.20412336909381e-05
5.20412336909381e-05
5.20412336909378e-05
5.20412336909378e-05
5.20412336909378e-05
5.20412336909378e-05
5.20412336909378e-05
5.20412336909377e-05
5.20412336909377e-05
5.20412336909378e-05
5.20412336909378e-05
5.20412336909378e-05
5.20412336909378e-05
5.20412336909378e-05
5.20412336909377e-05
5.20412336909377e-05
5.20412336909377e-05
5.20412336909377e-05
5.20412336909378e-05
5.20412336909378e-05
5.20412336909379e-05
5.20412336909379e-05
5.2041233690938e-05
5.2041233690938e-05
5.2041233690938e-05
5.20412336909381e-05
5.20412336909381e-05
5.20412336909381e-05
5.20412336909381e-05
5.2041233690938e-05
5.20412336909377e-05
5.20412336909377e-05
5.20412336909377e-05
5.20412336909377e-05
5.20412336909378e-05
5.20412336909378e-05
5.20412336909379e-05
5.20412336909379e-05
5.2041233690938e-05
5.2041233690938e-05
5.2041233690938e-05
5.2041233690938e-05
5.2041233690938e-05
5.2041233690938e-05
5.2041233690938e-05
5.20412336909381e-05
5.20412336909381e-05
5.20412336909382e-05
5.20412336909382e-05
5.20412336909383e-05
5.20412336909383e-05
5.20412336909383e-05
5.20412336909384e-05
5.20412336909384e-05
5.20412336909384e-05
5.20412336909384e-05
5.20412336909385e-05
5.20412336909385e-05
5.20412336909385e-05
5.20412336909386e-05
5.20412336909386e-05
5.2041233690938e-05
5.2041233690938e-05
5.2041233690938e-05
5.2041233690938e-05
5.2041233690938e-05
5.2041233690938e-05
5.2041233690938e-05
5.2041233690938e-05
5.2041233690938e-05
5.2041233690938e-05
5.2041233690938e-05
5.2041233690938e-05
5.2041233690938e-05
5.20412336909379e-05
5.20412336909379e-05
5.20412336909378e-05
5.20412336909378e-05
5.20412336909378e-05
5.20412336909378e-05
5.20412336909378e-05
5.20412336909378e-05
5.20412336909378e-05
5.20412336909378e-05
5.20412336909377e-05
5.20412336909376e-05
5.20412336909376e-05
5.2041233690938e-05
5.2041233690938e-05
5.2041233690938e-05
5.20412336909376e-05
5.20412336909376e-05
5.20412336909375e-05
5.20412336909375e-05
5.20412336909375e-05
5.20412336909375e-05
5.20412336909375e-05
5.20412336909375e-05
5.20412336909374e-05
5.20412336909374e-05
5.20412336909375e-05
5.20412336909374e-05
5.20412336909374e-05
5.20412336909374e-05
5.20412336909375e-05
5.20412336909375e-05
5.20412336909374e-05
5.20412336909386e-05
5.20412336909387e-05
5.20412336909387e-05
5.20412336909388e-05
5.20412336909389e-05
5.2041233690939e-05
5.20412336909386e-05
5.20412336909386e-05
5.20412336909386e-05
5.20412336909386e-05
5.20412336909386e-05
5.20412336909385e-05
5.20412336909385e-05
5.20412336909385e-05
5.20412336909384e-05
5.20412336909384e-05
5.20412336909384e-05
5.20412336909384e-05
5.20412336909384e-05
5.20412336909383e-05
5.20412336909383e-05
5.20412336909383e-05
5.20412336909383e-05
5.20412336909391e-05
5.20412336909392e-05
5.20412336909394e-05
5.20412336909395e-05
5.20412336909395e-05
5.20412336909396e-05
5.20412336909396e-05
5.20412336909397e-05
5.20412336909397e-05
5.20412336909398e-05
5.20412336909398e-05
5.20412336909398e-05
5.20412336909398e-05
5.20412336909398e-05
5.20412336909398e-05
5.20412336909399e-05
5.20412336909399e-05
5.20412336909399e-05
5.20412336909399e-05
5.20412336909389e-05
5.20412336909388e-05
5.20412336909388e-05
5.20412336909387e-05
5.20412336909387e-05
5.20412336909387e-05
5.20412336909383e-05
5.20412336909383e-05
5.20412336909383e-05
5.20412336909383e-05
5.20412336909383e-05
5.20412336909383e-05
5.20412336909382e-05
5.20412336909383e-05
5.20412336909383e-05
5.20412336909383e-05
5.20412336909383e-05
