0.05
0.0372946872939757
0.03446298294138
0.0297462096820097
0.0355886617464423
0.0332079820419167
0.0306066903216766
0.0372724378527934
0.0349174620689892
0.0310424474541239
0.0284361056852368
0.0263421090143352
0.0247110647425781
0.0224260003070194
0.0194932728811903
0.037419003169162
0.0323815802673789
0.027928348857429
0.0272488854487446
0.0242978454746256
0.021268118845519
0.0205120351234981
0.0200777307949217
0.0195966099085633
0.0187985643825821
0.0172915448169951
0.0154249073120651
0.0137920304183982
0.0124551928437488
0.011416541431937
0.0106745162125026
0.0102074064059165
0.0371935076072476
0.0356104617992698
0.0335729399930656
0.0319775840954878
0.030711238117214
0.0297681417857934
0.0290453034933586
0.0283434017148814
0.0274516552150445
0.0251936030951859
0.022550275336152
0.0199594231703811
0.0168621558491889
0.026820730947701
0.0242126876242874
0.0215936894470458
0.0154689701609658
0.0140121071010674
0.0126285958177109
0.011466262643962
0.0103665864103332
0.00934492358193063
0.00849880260411651
0.00773193678891904
0.00702598802996463
0.00644135888690939
0.00593732477144264
0.005520620239017
0.00517840265255062
0.00492530970485605
0.00475547130253339
0.00465766939687805
0.00463955188275732
0.0047025036509329
0.00485680356970273
0.00510916970081544
0.00545100437214796
0.0058793216552684
0.00638430641143679
0.00694092866773776
0.00771010093141975
0.0087181871962064
0.00980811642969526
0.0109634744187212
0.0120740579237272
0.0131339494510477
0.0140731466215436
0.0148240173310613
0.015348399099493
0.0156270033040156
0.0156044614144331
0.0146991799668679
0.013806215048329
0.0129440957632937
0.0122158832090159
0.011608713478517
0.0110624252454791
0.0106773015244172
0.0103851223160404
0.0101736088583
0.0100636915392997
0.0201857840333472
0.0184598398502385
0.0162439358737752
0.018550214818637
0.0149630770453049
0.0114716542269718
0.0156531286538204
0.0150072484011765
0.0142966195656925
0.0147335204662807
0.0125013386248618
0.0100050317329816
0.00829345131192611
0.00684763499132774
0.00534733827399656
0.00390524378655062
0.00279545660906578
0.00187051134795216
0.000996639591117905
0.000265839131914255
-0.000357471393612539
-0.00084409507138553
-0.00118523673001611
-0.00139862066117023
-0.00151664554962881
0.0132930912704491
0.0120106989819292
0.0106328195509391
0.00951634078110733
0.00878290798610333
0.00834548291372911
0.0133739424487923
0.0125165390206007
0.0116354086590788
0.00818564683182185
0.00837097373942387
0.00893152859577055
0.00987851115542937
0.0112984810659749
0.0131716266964681
0.0153916885707461
0.0180331763237837
0.0212008629464736
0.0248002451336293
0.0285570398106793
0.0321610012298019
0.0354156764102481
0.0382138586919039
0.0403605162182748
0.0415730105073681
0.0415151259333295
0.0398116489409866
0.0360677975138087
0.0308136359075633
0.0247909899966658
0.0193654303716584
0.0148348018471873
0.0109490774509043
0.00850350208286836
0.00594680213351899
0.00405884921684064
0.00252412647624671
0.00133621107072985
0.000467966872596028
-0.000204237329419731
-0.000699354767449113
-0.000968621884564261
-0.00115249879920584
0.00839586302975246
0.00880333141711629
0.00958337482292912
0.0109644747155658
0.0129025220548855
0.0153769335143339
0.0182153439960725
0.0216872268146609
0.0254079810922743
0.0292618564561358
0.0329844770756784
0.0364597186237665
0.0395376474702604
0.0419757806745494
0.0436091362641157
0.044359348913296
0.0439491003202699
0.0422285150621916
0.0390976509793916
0.0347561994347562
0.0301461363693901
0.026486795503995
0.0244671452828899
0.0101611269616532
0.00880505839826725
0.00759481837543614
0.00653813177441913
0.00561378569470721
0.0047928142517941
0.00405760696771288
0.00342788648492421
0.00291097294398116
0.00249726098754792
0.00218444335647727
0.00197501916309783
0.00186685238555042
0.0105325496289025
0.00949002263846041
0.00854259295066963
0.00774322511650362
0.00705241108731072
0.00647289126261135
0.00602082743791954
0.00566258213563575
0.00534977359861145
0.00510903694617388
0.00497323433526667
0.00496414215261887
0.00508551071168068
0.00534913781699952
0.00574982668980281
0.00629482676977195
0.0069739427087965
0.00777900437477249
0.00880869677571277
0.010559277841723
0.0130847848237647
0.0157118662236023
0.0190486124844883
0.0223683298748153
0.025832260883671
0.0294962610729229
0.0331644387239897
0.0365667352753309
0.0394792038985186
0.0418414745198369
0.0437788177646958
0.0453635625933427
0.0464964784649554
0.0473642377524536
0.0480284763731446
0.0484217354352647
0.0486123861906369
0.00994295115027721
0.00861464280936537
0.0074320591074205
0.00627184477188171
0.00528495689196982
0.00424956225986528
0.003354909302258
0.00260451372973916
0.00183188965162777
0.00113658281950204
0.000654562881922717
-3.89598794323437e-05
-0.000481980825223614
-0.00101056202027433
-0.00153860984445656
-0.00192439997874345
-0.00216590697687749
-0.00240612441803937
-0.00260661203794062
-0.00275227715256376
-0.00285187039179505
-0.00289943949675501
0.0102750872520613
0.00916986029865837
0.00814241658703582
0.00719341890091906
0.00635887814914126
0.00562777501368592
0.00498094640927628
0.00436951635540415
0.00388627314785484
0.00343022589693342
0.00300653475651376
0.00262810794229755
0.00213797471156834
0.00168796678687569
0.00131218594309084
0.000997235928631794
0.000743967468652257
0.000536657885885447
0.00038202944331978
0.000242525550398096
0.000135527186031016
6.08434181302967e-05
1.00968054759114e-05
-2.36599375613884e-05
-4.31787114513416e-05
-5.27145069076961e-05
0.0298392695820407
0.0288958992120711
0.0276183342322768
0.0293622894242165
0.0281611880030024
0.0268345985351697
0.0270063705589229
0.0262252628491174
0.0251780064006442
0.0267268743532465
0.0253063806045145
0.023362451858666
0.0215516888672082
0.020016168373663
0.0184812129383891
0.0169235081874891
0.0154658781872618
0.0142134072448181
0.0130516234631198
0.0120476855557197
0.0111869432679232
0.0103889667289195
0.0094703795796812
0.00846794249069131
0.00769956547797501
0.00689071818305396
0.00630763870513867
0.00578270691096815
0.00537790991280457
0.00502994230114562
0.00478863853658521
0.00465740763947292
0.00462493652935828
0.00469615907490109
0.00486803882803198
0.00513649578978028
0.00545871590066115
0.00582184766428209
0.00626194010487829
0.00666375676258608
0.00699374865594233
0.00723415506782078
0.00736698243334492
0.0244263269089954
0.023531260485744
0.0225443139446392
0.0215091662680749
0.020494251761896
0.0194945721434633
0.01854635229209
0.0176620364162737
0.0169134293278011
0.0162972909213799
0.0158286819496251
0.0155170596882966
0.0153536213504851
0.0211305697418964
0.0177896077073953
0.0141849972319779
0.0126908393363546
0.0112187664920414
0.00973677317287015
0.0129174250439193
0.0117005542052934
0.0105023873763234
0.00962788883034389
0.00902309376360398
0.0086730203015314
0.0085881426517983
0.00876015766472441
0.00919582317761281
0.00988289049592515
0.010831610273062
0.0120608598041491
0.0135490446177825
0.0153351492425256
0.0173617230718872
0.019587153548505
0.0219092867192822
0.0243130519798757
0.0266224556200907
0.0287921664748884
0.0308414294647028
0.0329384806504773
0.034882649780081
0.0365057720936517
0.0377437765206192
0.0385048078136161
0.0389489918150937
0.00905252013429576
0.00845395262198125
0.00798527262587437
0.0077179645165867
0.00767328973074914
0.00782450484692113
0.00821413440111945
0.00879283625624987
0.00948553673743724
0.0104809642473231
0.0118127676900398
0.0134497297745449
0.0152099078776057
0.0169142336033638
0.0190032519548157
0.0211943469506333
0.0234596767832798
0.0256223883389859
0.0275759128038987
0.0290328714872474
0.0302317185872908
0.0313630550685647
0.0322292992300161
0.0326386741067115
0.00811868710518257
0.00660799328221958
0.00536938387376374
0.0042053746442509
0.00327388608235488
0.00237250798059261
0.00159069688617142
0.00102565194269217
0.000561266094019449
0.000160830211682633
-0.000114282914056321
-0.000275600053265745
0.0260077786074558
0.0248728563282368
0.0233717420871658
0.0214451987885921
0.0195456009232346
0.0179202723587902
0.0163230709215526
0.0147928171696939
0.013422938536983
0.0121156580888891
0.0108628781313484
0.00974069988346673
0.00877341512957498
0.00779047932468834
0.00679248458416907
0.00590100815689278
0.00515212008213667
0.0045103206357893
0.0039673676562602
0.00353361003444009
0.00321891857997191
0.0030122673469404
0.00289218891681867
0.0260173476942137
0.024968655855616
0.0236218209000803
0.0218681545177131
0.0198855774706973
0.0179455847889368
0.0161335958568741
0.0144365617018998
0.0128690018301474
0.0114301406344269
0.0101085092827847
0.0089354810378984
0.00782082767014637
0.00676174945655941
0.00581697949871231
0.00497959267466349
0.00422259920520468
0.00352883178456741
0.0028941198146753
0.00232422416127053
0.00180776979363863
0.00134104431737888
0.000931480959496727
0.00055566757118658
0.000156161713581984
-0.000236646961492448
-0.000589973017921132
-0.000902752095684109
-0.00116561853245153
-0.00138459363818571
-0.00156633458645996
-0.00170444325414892
-0.00181142043603165
-0.0018764655932087
-0.0019119896571725
0.0179618103476118
0.0161093279372851
0.0138044571717187
0.0191845173672991
0.0189351378545908
0.0188042885137664
0.0124452515696275
0.0111297675939964
0.00996118680502697
0.00895571915794083
0.00820431318171205
0.00758019016627205
0.007111579382882
0.00680423847146861
0.0066506784710116
0.0117839506496825
0.0100891266622981
0.00857448475419456
0.00717546145010955
0.0068722360332782
0.00670626545275857
0.00664308488657914
0.00669621613041497
0.00686132372397773
0.00714840695469325
0.00756271892236915
0.00811383853081869
0.0088189501050021
0.00969228871371122
0.0107599734263032
0.0120306368539157
0.0134953364614275
0.015109567852705
0.016842924056864
0.0188527680937126
0.0211643647517425
0.0234969374728864
0.0257994832248049
0.0279730650689949
0.0298964649526848
0.0315372865071388
0.0329090306166842
0.0339517406782107
0.0346451177159086
0.0350062362015824
0.006282780161296
0.00559296186314186
0.00507971998784335
0.00456618608927861
0.00432834518752649
0.00415835293367535
0.0101254165621768
0.010396880893079
0.0111177446014379
0.0123286046396968
0.0140073368783919
0.0161348357479962
0.0186686456836181
0.0215546437671949
0.0247757391798325
0.0282083343694412
0.0315485946132733
0.0346053250919019
0.037490129726267
0.0400962448331274
0.0421155968262595
0.0434238536866679
0.0438386304906136
0.0431081026808404
0.0408888538247309
0.0369213884737416
0.0315898514903981
0.0259348766634801
0.020850906807497
0.0166992495370759
0.0134758857433366
0.0110698175244845
0.00937360134060581
0.00830180947208058
0.00776752979431243
0.010107878745057
0.0103180275801226
0.010855717480965
0.0117424877481924
0.0129821959420182
0.0144376147666487
0.0161164511242213
0.0182560616201421
0.0207887600022585
0.0233762821508266
0.0259050953087446
0.0285786182196613
0.03149015218294
0.0347389244716136
0.0377707650705554
0.0402784127963665
0.0422242177790218
0.0434827982139706
0.043927822774654
0.0433298972476746
0.0414604300910424
0.0375286564480417
0.0337632635683992
0.0292501850893146
0.023651290232633
0.01905857026299
0.0152571932978724
0.0121524847684397
0.00993596571225659
0.00833793249102281
0.00731696087068516
0.00679533960587845
0.0277796819640166
0.0270443115216521
0.0262138923895013
0.0253139739534181
0.0242310154139924
0.0277139607728377
0.0261644126404387
0.0238138905805244
0.0218090178608542
0.0197288968176159
0.0175993459115369
0.0158661568874909
0.0142319103274523
0.0125141694039273
0.0107137554727236
0.00922252079313515
0.00784627008326813
0.00658254184136537
0.00542460540002511
0.00438127768885049
0.00345384750072945
0.00261957217555094
0.00192632986161624
0.00111521938137682
0.000393939270132309
-0.00016677315045288
-0.00064391380371609
-0.0010366532168485
-0.00132085601425771
-0.00149813799040787
-0.00159792753547533
0.0228220328360645
0.0202972709090388
0.0169209158769679
0.0239649434861784
0.0232645003219559
0.0221222839220862
0.0205943285851637
0.0151174912017527
0.0138238050457376
0.0128567624767324
0.015737543557504
0.0146165024382297
0.013429889195021
0.0124766121312109
0.0112071244276594
0.0123813777636478
0.0113584558691195
0.00995502782102594
0.0084838513001443
0.0118937512159045
0.0110105565970408
0.0101180141760206
0.00773786049973367
0.00690607823767983
0.00603084055373086
0.00527034340934461
0.00450312877579064
0.00375244913361559
0.00307275801451173
0.00239061893444033
0.00173530183561272
0.00111917273775425
0.000542242756313602
-7.45770261631933e-05
0.00770965730817522
0.00691905621085516
0.00609230093991284
0.00548980153137309
0.00473342611490681
0.00416324855975499
0.00349420148132142
0.00284820239371595
0.00230660923387784
0.0017928396707233
0.00129182896075979
0.000810908706439385
0.000393136272520032
8.69321043593872e-06
-0.000410165838729474
-0.000776106463386993
-0.00114439389338721
-0.00145205643494077
-0.00173560497456517
-0.00198486663676894
-0.00218320162092859
-0.00234792532352811
-0.00247538703043003
-0.00255324234148429
-0.00259241371031872
-0.00021745365592584
-0.000343631391233513
-0.000449077877848881
-0.000524408199664869
-0.000591197198035439
-0.000631645342178519
-0.000653965435363533
-0.000494744744212653
-0.000895379768715586
-0.00128917050747217
-0.00165029363001453
-0.00200176130861532
-0.00235100272128029
-0.00268904694576785
-0.0030159239580777
-0.00332439446666804
-0.00360991741911568
-0.00388356463503649
-0.00413882699736695
-0.00436424342237453
-0.00454921072451888
-0.00469291345096936
-0.00480530972660242
-0.00488311144606992
-0.00492251025792274
0.00965395513650157
0.00910152815527693
0.00844158019340824
0.00768610464059544
0.00690870588679055
0.00616111367539114
0.00544211989752719
0.00475106051642853
0.00408752612873721
0.00345112561945582
0.00284137409730495
0.00225729382396805
0.00169796241660628
0.00113538346059204
0.00977403839864808
0.00942029274529669
0.00906537270995746
0.00871638958884941
0.00841222134844578
0.00811917113960948
0.00784038671457723
0.00758490865227408
0.00734724443541398
0.00710676157685313
0.00686107894940827
0.00663387647708788
0.00644442407853928
0.00628869374817406
0.00617018999620904
0.00607643378205203
0.00601617585635122
0.00598241591555064
0.000748241199784428
0.00039305112201074
6.31042593594724e-05
-0.000295498765114306
-0.000618249156186768
-0.00089954752333537
-0.0012353193988239
-0.00163009637062573
-0.00200282520122561
-0.00232030093084984
-0.00258771731548414
-0.00281996666226119
-0.00302978289767392
-0.00321136744141897
-0.00335543968966932
-0.00345643994623293
-0.00352325432867715
-0.00356050675436687
0.000888235060987623
0.000671143146945789
0.000479803437072982
0.000308863609997085
0.000152707408660066
8.09085721267674e-06
-0.000120429842102818
-0.000225015721212903
-0.000303191876290862
-0.00035506400133079
-0.000381733380310258
0.0102911687069836
0.00928699894654409
0.00821031411163927
0.00721467726072205
0.00629604330993737
0.00540773001931443
0.00458577863150301
0.00375447667088898
0.00297832804387065
0.00224522535371456
0.001509465754438
0.010647350886148
0.0100303106671851
0.00950285648361878
0.00895386090844837
0.00852320126358606
0.00805644809499907
0.00767748146331757
0.00736159115693553
0.00707094542598244
0.00690637090555021
0.00674827783721894
0.00664894798094607
0.00659912372789322
0.00125006414829677
0.00103307783329559
0.000849825084684557
0.00067438514165272
0.000536471250100835
0.000421378496415895
0.000340776541499894
0.000280985363400045
0.00024606014187158
0.00101498106041184
0.000545805743858734
0.000100632316149259
-0.000323480169500618
-0.000728913390857613
-0.0011128630355966
-0.00147506064103347
-0.00182181435704642
-0.00214540114729048
-0.00244402882357217
-0.00273130014164885
-0.00299253276273245
-0.00322857004788537
-0.00344539802658512
-0.0036431365021063
-0.00382906414646968
-0.00399939462776416
-0.00414374809810282
-0.00425356588517292
-0.00433809700202552
-0.00439612409842707
-0.00442518589454852
0.0197535960104862
0.018653882118073
0.0174112283511601
0.0161598045071985
0.0149384985011518
0.0137325110398535
0.0124591862009557
0.011279716012488
0.0104618798799985
0.00946300209762713
0.00836803095412101
0.00746193383822985
0.00657290982456353
0.00567934950318884
0.00487027898886875
0.00406304196349697
0.0198964321809715
0.0190434116755965
0.0181164510709622
0.0171676859205046
0.0161971186744894
0.0151993546423307
0.0141598937330572
0.0130823989165541
0.0120311786569127
0.0110701930727294
0.0102405103879658
0.00954460733184573
0.00891389630230265
0.00818430775221196
0.00352793897887778
0.0029166063258537
0.00234869891251664
0.00185024228789682
0.0013566001801695
0.000931299777085272
0.000549877264934675
0.000145400768125305
-0.000166637323926239
-0.0004441389891955
-0.00067443157061737
-0.000871639928457002
-0.00102802681492375
-0.00114414390794913
-0.00122268018122029
-0.00126369593131409
0.00362019039058734
0.00320083416232296
0.00278120659994629
0.00241527546699847
0.00210498714881254
0.00179243555300451
0.00152085009166293
0.00129923330267826
0.00111786712950289
0.000962316651231917
0.000825954938105843
0.000711135799705211
0.000625243213646269
0.00057769066119652
0.00765447482064457
0.00720135680715511
0.0067855641010356
0.00637861444169807
0.00599780002815074
0.00563774683952706
0.0053145789556601
0.005010613098298
0.00470936813496178
0.00442374297854732
0.00416740645220122
0.00393650798468082
0.00371739369843004
0.00349831384071559
0.00797740732225638
0.00777760222729222
0.00761446222696862
0.00745623935851545
0.0072786362352967
0.00711902527405156
0.00699455700316259
0.00687740249071112
0.00677405211593943
0.00668582873948665
0.00660867565241316
0.00654548932861064
0.00648279398242676
0.00642059818903278
0.00635549172438487
0.00628769890512056
0.0062118633098004
0.00612046545199167
0.00601548350616378
0.00589538806436011
0.00575695917584154
0.00559836965665286
0.00541958310541508
0.00522419268332532
0.00501545305939233
0.00479103094138112
0.00456178788591224
0.00434351245281132
0.00413534846492925
0.00395121343036153
0.00379218133233581
0.00334237307610502
0.00318335874398058
0.00302018520822784
0.00285277499226709
0.0026836001109663
0.00252860698714905
0.00239764197623569
0.00226830722543932
0.00213483423852413
0.00200848059116397
0.00188239417641922
0.00176008496951776
0.00163331965469438
0.00149339296835104
0.00135619287603225
0.00122425247552945
0.00107631287289932
0.000918486274579158
0.000760411643972993
0.000607615935697874
0.000454500171217176
0.000291229888731891
0.000123991053687387
-3.97047606425523e-05
-0.000203675745292621
-0.000377538454467203
0.00343467451598662
0.00338878416759987
0.00335854840435667
-0.000569797404259395
-0.00081313079165646
-0.00110014816011825
-0.00139870713901887
-0.00168614005067759
-0.00196847724564425
-0.000426100680371042
-0.000484931243048901
-0.000523391127686466
-0.000548777742006572
-0.00214108573118093
-0.00226534928746317
-0.00234348461026986
-0.00238308057076245
-0.00208612677547911
-0.00216148503116219
-0.00219694201519995
0.00363791561725313
0.00355446851558453
0.00354906354865409
0.00362400195119295
0.00380415717521545
0.0041052417708698
0.00382851154900625
0.00392153804717697
0.00407804384455085
0.00430359374535235
0.00460839951209902
0.00497008746252237
0.0054567722161192
0.00602382415635467
0.00671455530248799
0.00753952622570053
0.00848629063465537
0.00960706065728043
0.0108747160823468
0.0123494762990535
0.0139893328778256
0.0157123355702594
0.017642945399647
0.00526505355564183
0.00638362574508523
0.00767925674196593
0.00905246891342993
0.0106525540340801
0.0124005636714133
0.0143007275957582
0.0163314508205006
0.0184705273896146
0.0206262302527082
0.0228124516538793
0.0249827582005755
0.0270389846518064
0.0288768740376626
0.0304361723350848
0.0316964756401383
0.0326461965500186
0.0332777169763473
0.0336027789330145
0.00332723632748069
0.00274073022337459
0.00224884783325711
0.00189837438136581
0.00167492582320217
0.00156071630723406
0.0197097466254167
0.0219913793506033
0.0241474303860422
0.0259197594114682
0.0273729273406351
0.0283505136071686
0.0288651397425813
0.0182811919968412
0.018938407291617
0.0194538404773757
0.0197281834136267
