0.05
0.0378640939894987
0.0365750731597136
0.0349991207170641
0.0359176149484884
0.0334527558825188
0.0309377444998806
0.0376817714199669
0.0353286715876698
0.0316786072838901
0.0297304679245553
0.0287427646211522
0.028370082365593
0.0283752864230163
0.0290673601311271
0.0378856922956898
0.0356211780879414
0.0343488387979415
0.0344193707333236
0.0358351535540581
0.0374599608231668
0.0378268065214512
0.0379708145466438
0.0380074253019115
0.0377925469808522
0.0367711251598749
0.0345844160931853
0.0314832379802308
0.0277324064469937
0.0237275736298872
0.0198072054816174
0.015961369676571
0.0375974253498933
0.0359618706638099
0.0338617812097884
0.032220498711166
0.030917903548336
0.0299455930156382
0.0291967128031664
0.0284652235719743
0.0333703926604098
0.0325288787260665
0.0322011730646348
0.0323845131888407
0.0330680153300593
0.0348354564321673
0.0350208408877245
0.0354575211988661
0.0343868493547704
0.0359256686430671
0.0374439436323457
0.0386625164526357
0.0396391834671995
0.0402044679711805
0.0401985461216586
0.0395520639050885
0.0380622446802988
0.0358107184342845
0.0328114270729858
0.0293763319316419
0.0257315069511667
0.0223387815864
0.0193622593523675
0.0166533943441544
0.014320692723679
0.0122293952258625
0.0102844572485222
0.00851464879671231
0.00699435084482946
0.00571527500428658
0.00467135923030383
0.00384148933506609
0.00298641324613077
0.00212363634042282
0.00137828099348101
0.000732836504483526
0.000213506960188236
-0.000212458389325006
-0.000545615130207976
-0.000787657631739933
-0.000945668682744642
-0.00102621239157086
0.0323931565281401
0.031998678452057
0.0317008263814712
0.0315127207290824
0.03143765388066
0.0314384234795089
0.0314922131464182
0.0315603285771633
0.0316295857735261
0.0316897343533416
0.0317243877700797
0.0360406454627402
0.036880717458002
0.0380420509309001
0.0355877217565154
0.0357987164569445
0.0355686499309505
0.0383408738467867
0.0386664691527436
0.0390212652032853
0.0389223775861045
0.0401752154314952
0.0413485224657763
0.0418135340717651
0.0418144362876068
0.0412409880027278
0.0398678185994038
0.0380179038346137
0.0357801987723643
0.0329869622407829
0.0301612190080255
0.0274555717820803
0.0252087659527472
0.023589276146854
0.0225658910295236
0.0219982989427443
0.038717785223538
0.0375744371747864
0.035008347847697
0.0308348394009816
0.0259110323185395
0.0203588567353132
0.0396185671553258
0.0401573768406253
0.0406895104860372
0.0177676392402315
0.0152731220420547
0.0131828588732032
0.0114556303334596
0.00997459831576883
0.00876736126512533
0.00782030068313959
0.00703377964689834
0.00635314093366058
0.00577646165688027
0.00530925792094457
0.00494776634390875
0.00467734026011295
0.0044823212440199
0.00435725098497302
0.00430205209967068
0.0043184108384039
0.0044091284605833
0.00458421233514621
0.00484479945873106
0.00522750812547356
0.00573675393468083
0.00639713064264914
0.00729404240415637
0.00814092392941714
0.00944889387183582
0.0108827138699855
0.0125455515607904
0.0143144425473028
0.01599327861727
0.0175990844030154
0.0189966158437139
0.0198373167848508
0.0204571720691722
0.0175434559413086
0.0150606972318808
0.0129632568856599
0.0108787032674336
0.00900626435887468
0.00737769686693039
0.00602419264223686
0.00475441810363376
0.00364080984741573
0.00262832247798885
0.00171476267645048
0.000873114754650924
9.11740677188831e-05
-0.000618928787927977
-0.00125445154531638
-0.00185582146726768
-0.00239036923575301
-0.0028429687389876
-0.00322780198939048
-0.00355423491468702
-0.00381517944186222
-0.00399731396907008
-0.00409350538909612
0.0419392178236356
0.0429223459083895
0.0436360528105995
0.0441023562212197
0.0443600653846878
0.0444411842210492
0.044364772270801
0.0441583045079388
0.0438677614560086
0.0435391690533984
0.0432234197420463
0.0429747868430018
0.0428331654289524
0.0408403974172437
0.0406589538478906
0.0400503883844667
0.038978654043074
0.037383133626984
0.035295468756296
0.0329196668532763
0.0302903843003118
0.0271223322097396
0.0236521275705266
0.0202985010476172
0.0173924977186412
0.0149482887996576
0.0128137138296482
0.0110358592337672
0.00956515399035546
0.00840862762428718
0.00750852256665773
0.00670708083124552
0.00570031029055777
0.00455832217199635
0.00359734160303893
0.00259918901056574
0.00175921505654509
0.000982199543402171
0.000227987672015864
-0.000485342759421138
-0.00112582677237722
-0.00166898292523199
-0.00211628367048821
-0.0024981506274615
-0.00283230079963505
-0.00309428537525316
-0.0033185160302302
-0.00351296523739143
-0.00364179130142434
-0.00370961269046734
0.0351064441838518
0.0341965943724471
0.0329120461629458
0.0311631392665801
0.0292823018772799
0.0269365037220248
0.0246635791446431
0.0226324810468201
0.0204713166813522
0.0185141558056809
0.017168324429824
0.0152621938609811
0.0140699118556421
0.0126777647674523
0.0113205247298994
0.0103487643830752
0.00974833235830364
0.00915728813743378
0.00866833508948141
0.00831535807606748
0.00807509167822665
0.00796061919365756
0.0353351526885169
0.0346808228414184
0.0336019416450528
0.0321145864656168
0.0303540047206651
0.0284373035499524
0.0264515717421774
0.0243401647339856
0.0225321026647846
0.0207225331068765
0.0189671077299799
0.0173574774471739
0.0152372216747319
0.013265421190902
0.0115915546625955
0.0101524291809163
0.00895241519814221
0.0079217797128754
0.00710519250772402
0.00630519535604353
0.00561723501950062
0.00506859005454881
0.00464383279448318
0.00432328451016046
0.00411672997064461
0.00400740442039923
0.030360992133119
0.029734731764565
0.0289935390201049
0.0295774550783907
0.0284282738561909
0.0274197071782315
0.0287538549159987
0.0284770073269768
0.0281364177468381
0.0281437206127141
0.027301738653147
0.0267379915472064
0.0266918635291123
0.0270372738291301
0.027757770202398
0.0288712367187371
0.0302636054193977
0.0317430425232934
0.0333588757729171
0.0349338463221067
0.0363906587069239
0.0377521395775624
0.0391447000938517
0.0401429333302437
0.0400814892057427
0.038476857383285
0.0355734656741287
0.0311327265620932
0.0264099546694271
0.0213585234440459
0.0169756884267769
0.013461202575211
0.0104947515210383
0.00802931689770542
0.00602069849090429
0.00436479684786849
0.00310628723779767
0.00210537565615802
0.00120927374341677
0.00056755988815219
0.000125257480926559
-0.000159995772320928
-0.000306052893604316
0.0256429795449806
0.0227017700664883
0.0199445377672486
0.0176981672293777
0.0160334556103816
0.014795525623487
0.0139096272945018
0.0132913038561727
0.0129022235258884
0.0126662170204415
0.0125347197680759
0.0124695434230702
0.0124426349215917
0.0287334621093491
0.0293068241478498
0.0297068658782823
0.0297450336826503
0.0295768952801798
0.0291770139589923
0.0295867326178005
0.0287863448438823
0.0271249777110792
0.0250247229571103
0.0226277040023376
0.0200716699638761
0.0176052746334715
0.0153284413164179
0.0132248932626487
0.0113613301410652
0.00968508847353003
0.0081643820867856
0.00681135385528632
0.00557378698441163
0.00446887416856686
0.00348201807532021
0.00261560165388886
0.00183770509683218
0.00117341541123001
0.000608932750950108
0.000119591144043117
-0.000347465950297789
-0.000759254724493882
-0.00109092523370232
-0.00133793378173861
-0.0014877983554419
-0.00157457478357343
0.0278558766106121
0.0258151311325176
0.0231383036641645
0.0202414847525575
0.0177240027765543
0.0153890253550191
0.0131234786267289
0.0112421363131791
0.0097375328168305
0.00820015235149566
0.00672226978434493
0.00538741573660766
0.00428777330874031
0.00342672500679209
0.00255193330478985
0.00177793200345971
0.00108482362996741
0.000495848834757439
9.57495262630253e-06
-0.00033114155498396
-0.000598750633575747
-0.000841607831604785
-0.0010225381938146
-0.00110682981476804
0.0293106097946545
0.0289591465418548
0.0282609698615694
0.0272221645963719
0.0261168531181087
0.0248138078253121
0.0235124753432087
0.0224834752577129
0.0215836942648869
0.0207749810198455
0.0202068307684531
0.0198693453862706
0.0266816910273582
0.0260892481043887
0.0256905468097999
0.0255504958504474
0.0257370035304652
0.0261579735431512
0.0268327295514894
0.0277413935790483
0.028783946587805
0.0299918064515071
0.0313574864477004
0.0327678378722101
0.0341372504323743
0.0356735467876766
0.0373553754206203
0.0389433841912592
0.0403287406224961
0.0415442865855383
0.042585140696287
0.0434191127100857
0.0440223758860211
0.0444165222395725
0.0446444371278019
0.0272528937922984
0.0274031279177863
0.0279156457751495
0.0288774378976132
0.0302248693486218
0.031753830648662
0.0333487021071066
0.0349688631551799
0.0365378189366016
0.0379783454627966
0.0392110517208976
0.0401140489804967
0.0406499599413517
0.040653370590369
0.0399779769868794
0.0385708514020485
0.0364058910806997
0.0335399868198725
0.0301981721002455
0.0267556984772598
0.0234498532376159
0.0204501212573772
0.0178941338992214
0.0156635226199988
0.0134306364059167
0.0113546801345466
0.0095829937737472
0.00808660714891636
0.0068769901229514
0.00589965059173111
0.00510728295838271
0.00451516882822061
0.00406198620607237
0.00378848847821681
0.00363978033158339
0.0303575581695035
0.0320695285344321
0.0342836584036296
0.0280364247723796
0.0271761663588238
0.0267173962186317
0.0355938253008041
0.0369170401525386
0.0381903789989851
0.0393859553697586
0.0403457575371044
0.041188281075395
0.0418468597490561
0.0422901848931164
0.0425149146625129
0.0361849300256395
0.037390099943132
0.037687155675511
0.0367837393427697
0.033992403408216
0.0307812279619427
0.0270070930334661
0.0231922201063724
0.0197730486860364
0.016677414235763
0.0139811572268656
0.0116498806692429
0.00962261425950878
0.0078608432554524
0.00630990273906177
0.00495157311299223
0.0037780376800382
0.00278969002796261
0.00195593872730266
0.00117345662309976
0.000420878896287012
-0.00023507586413781
-0.000810272228210815
-0.00130428409794274
-0.00171085175229134
-0.00203937495517831
-0.00230313561593367
-0.00249795260730134
-0.00262509079009446
-0.0026905759663136
0.037794869419964
0.0380520282312341
0.0379047223579786
0.0373982269704328
0.0370555995725008
0.0367495616426694
0.0142030796081597
0.0124772334875951
0.0107881777978832
0.00922435675299638
0.00786153697194014
0.0066887565558614
0.00567652024207107
0.00478764336357634
0.00397667603332842
0.00322788381561999
0.00255750534063472
0.00196102700897823
0.00138487150430983
0.000814984168235157
0.000277454005882736
-0.000238860325168141
-0.00073752929520598
-0.00121702722771309
-0.001674529433364
-0.00210649687377738
-0.0025098764434876
-0.00288305890828171
-0.00322206695748361
-0.00352122758451113
-0.00377653310901096
-0.00398474309453769
-0.00414265640767329
-0.00424795693293911
-0.00430225819486798
0.013799285862865
0.0120806306283184
0.0105177420829085
0.0091484257024091
0.00796329280913299
0.00700992025241213
0.00619856437958626
0.00540932924488959
0.00467565018557956
0.00405545208727448
0.00352641492052755
0.00301981358457863
0.00249970440268459
0.00192536178531601
0.00136545146936638
0.000849371764413178
0.000357390568124609
-0.000113559839373997
-0.000569169815929647
-0.00102283744828208
-0.00143914119172205
-0.00188586288789757
-0.00218680742975369
-0.00249443415906929
-0.00286031588968765
-0.0031862401564582
-0.00348714133932339
-0.00376164265102728
-0.00397760346356571
-0.00414604976076992
-0.00426013738639031
-0.00432065930529554
0.027056426207028
0.0250985390507373
0.0229518542235045
0.020867936787589
0.0187141245188905
0.0288517022451577
0.0301514272983843
0.0322855555796832
0.0340975706756653
0.0358967086548807
0.0376157329663955
0.0389077121616064
0.0400282322786549
0.0411075495684294
0.0421186107425433
0.0428293435176705
0.0433423063816139
0.0436456391362967
0.0437228715940354
0.0435532668851913
0.043124646758794
0.0424110161323983
0.0414807314643912
0.0399068660082515
0.0379996223663257
0.0361293847860383
0.0342349156327615
0.0324567901670355
0.0310501274946645
0.0301245778589152
0.0295865704523158
0.0169463876389752
0.0141026091984025
0.0105331297740084
0.0175480293354852
0.0158910433299856
0.0139602034139934
0.0119220154618057
0.00873915937673922
0.00749113408168142
0.00658474105949742
0.00922406001408542
0.00810680741391491
0.00701952253929073
0.00620440365691492
0.00519044542146238
0.00635923949885206
0.0060068537125733
0.00564809559506395
0.00540947026164117
0.00557872773163863
0.00469901421700419
0.00384859669118642
0.00574783998185806
0.00632857434113165
0.00717209710219353
0.00813704726011068
0.00938426489682904
0.0109428237417504
0.012725275443763
0.014964943052354
0.0176393139303328
0.0206795964156741
0.0239730554638238
0.0278571733976794
0.0050086823011354
0.00470079238407592
0.00449718494851263
0.00443703019850073
0.00448505791572376
0.00462816110224347
0.004936591552296
0.00541021285476595
0.0059733927914119
0.00668177060514203
0.00757529301488092
0.0086742242490551
0.00988370809832029
0.0112638114910231
0.0130932104641394
0.0149854026708939
0.0172061556891747
0.0193290266050748
0.0215165473577306
0.0236229844467327
0.025414272232195
0.0269741478132764
0.0282210340757132
0.0289967797356956
0.0293908320170456
0.0288165029125645
0.0298785587303434
0.0309451455365322
0.0318068605957699
0.0326444876277523
0.033181528681786
0.0334881070351838
0.0306308516663678
0.0334167895374868
0.0362176201511297
0.0387423467455325
0.0410518702510117
0.0430810429387022
0.0446654966146574
0.045713874806502
0.0461232653446699
0.0457999913810465
0.0445047137265604
0.0418231812114248
0.0376203692034982
0.0327241650081787
0.0282441523620979
0.024529107521113
0.0219385541983189
0.0206378989106168
0.00370037591475051
0.00356290999786763
0.00343986054811079
0.00333967837965215
0.00327346372420095
0.00324360838363579
0.00324695459151908
0.00328187523008616
0.00334823253750222
0.00344727546287976
0.0035814015901701
0.00375387487773632
0.00396825158570364
0.00424108298982212
0.00323535371786765
0.00260642396052814
0.00197674975731293
0.00135877306062969
0.000821157896446302
0.000304261928773973
-0.00018625243917728
-0.000634476261070171
-0.00105019750235713
-0.00146961205419303
-0.00189687748728717
-0.00229093294836594
-0.00261868225007859
-0.0028874627796171
-0.00309157163214053
-0.00325277478410633
-0.00335625169376924
-0.00341417585475184
0.00495547005328753
0.00573108930668455
0.00656389079746321
0.00761920948882425
0.00874937459098929
0.00991477766285411
0.0115419036508024
0.0137632601992769
0.0161709108382547
0.018484121730873
0.0206335631021591
0.0226523995905135
0.0245950066459693
0.026360369592144
0.0278096632721035
0.0288471031230398
0.0295418289660045
0.0299319800732724
0.00400062994394628
0.00381473548134501
0.00367582140202558
0.00357563749789932
0.00350670605906805
0.00346337109267907
0.00344144810183669
0.00343527121149171
0.00343779504718542
0.00344300681120131
0.00344684927881237
0.00508818349302771
0.00505699911717168
0.0051099374536536
0.00524125776256199
0.00543890184074332
0.00571062272998843
0.00604871691497293
0.00649981006576403
0.00705264891320564
0.00772831885553341
0.00859204501338133
0.00417906326730328
0.0030714759606149
0.00212895121465261
0.00115172457749007
0.000387753110138848
-0.000437362255960732
-0.00110486948476398
-0.00165937530290229
-0.00216779615818577
-0.00245492594159038
-0.00273011111626546
-0.00290269304821591
-0.00298916166107502
0.00803947877312525
0.00768791193996573
0.00747972348053079
0.0073678575227252
0.00734516000499393
0.00737497709620614
0.00742329032780988
0.00747532959149619
0.00751282980100418
0.01009358502509
0.01178174963259
0.0136749818634853
0.0157895613560341
0.0181289276034893
0.020646582319217
0.0232872125935297
0.0260377750456776
0.028773712496846
0.0314171279602563
0.0340436512571164
0.0364810845040915
0.0387023714966346
0.0407336276197802
0.0425466130053434
0.0441818036536951
0.0455880176870812
0.0466832186727707
0.0474417299771392
0.0479737936028235
0.0483100666569325
0.048469130068112
0.0110221977485062
0.0100223681383827
0.00901320538457948
0.00807472557223655
0.0072068926706794
0.00637984316654198
0.00552649574150941
0.00474540417685972
0.00420553146672005
0.00354581778703364
0.00281915356803692
0.00221285681534451
0.00161212188933387
0.00100121612596647
0.000441009545843158
-0.0001251826484564
0.0110268510951273
0.0101282360493965
0.00928388179872595
0.008510945244437
0.0077868050730818
0.00709385130045453
0.00641463918873234
0.0057478703914828
0.00512919991310759
0.00458994336373171
0.00414543593110624
0.00378913923166267
0.00348085179159421
0.00314347891335447
-0.000372271786229483
-0.000655091551280967
-0.000921166481916689
-0.00115972375619047
-0.00140266566865567
-0.00161872807249593
-0.00181865020518119
-0.00203759654035571
-0.00221117481485898
-0.00236872458362707
-0.00250136356910971
-0.0026160025990747
-0.00270738666575079
-0.00277541057401571
-0.00282146697235507
-0.00284552768777128
-0.000547988286015577
-0.000962912399510065
-0.00139181085272904
-0.00177705348987725
-0.00211221410890463
-0.00245809263811177
-0.00276540038748287
-0.00302087975106645
-0.00323317185412288
-0.00341758461957285
-0.0035810191962223
-0.00371989300185599
-0.00382451238071518
-0.00388269487348507
0.00291780451084138
0.00274714594642621
0.00261329297063913
0.00250841683524197
0.00243985166045814
0.00240886145148869
0.00241748785908459
0.00246671614321299
0.00256727997057588
0.00272611960145682
0.00293908416997081
0.0032064497034833
0.00354689864395542
0.00399475192180458
0.00305029731606653
0.00298450891913095
0.00295841051457417
0.00296947495660258
0.00303166001579502
0.00314541482086275
0.0032970979168345
0.00352257130922258
0.00382080983969212
0.00419068614523137
0.00464724576804084
0.0051490347668728
0.00578534443673949
0.00655354959854182
0.00747451276137834
0.00851180004524519
0.00971744843747522
0.0111915576716718
0.0128851294335829
0.0148091138623038
0.017001401395063
0.0194705091512048
0.0221845104458701
0.0250444378060952
0.0279513011909393
0.0308716827594279
0.0335759250999458
0.035770487215637
0.0372726830230172
0.0376224894174156
0.0362394487369652
0.00481681310270142
0.00581604468812688
0.00703019800583435
0.00850040826116472
0.0102530894520156
0.0121354689508214
0.0139633424085805
0.016001899827488
0.0183486415582067
0.0207674198358017
0.0233186613468298
0.0258568020593474
0.0284790546682299
0.0312821272565288
0.0338735080302888
0.036173628304931
0.0384862088607269
0.0405923718435136
0.0422762150023762
0.0434509713978403
0.0441328523737508
0.0442430510944329
0.0435680849142903
0.0419333806614937
0.039111934781619
0.0348737661818097
0.00362121616592915
0.00335043046017869
0.00317149754097701
0.0306053674237487
0.0251126922180643
0.0193538466080982
0.0142639059988826
0.0100586790278816
0.00638212860621146
0.0319086132615477
0.0276874150694571
0.0248823645329024
0.0230676764467975
0.0043642527907951
0.00302632925245715
0.00222654776503492
0.0018325430904126
0.00486487459139521
0.00395766725138749
0.00354586605508422
0.0338888416087336
0.0298557950310815
0.0252877629509061
0.0205844979741373
0.0158801075658848
0.0114967672598325
0.0351281511258357
0.0324567668058196
0.028720598112966
0.0245951874427683
0.020569091624351
0.017185289604365
0.0139827438370648
0.0113608926632944
0.00908198596575834
0.0071257388186846
0.00548992430129109
0.0040621630427378
0.0028563528899391
0.00179357030926779
0.000881680270735219
0.000118060674543554
-0.000588822610148054
0.00919457359494778
0.00746869305007208
0.00590408129371337
0.00460416814670984
0.00341555014750808
0.00239683657925802
0.00151942232366122
0.000766114384474324
0.00011727025406306
-0.000429628305206182
-0.00090401934521453
-0.00131504582424699
-0.00166213539572759
-0.0019447499833594
-0.00216775464288585
-0.00233844203038022
-0.00246211818601806
-0.00254221815079852
-0.00258280662287961
0.0097122427022309
0.00841257573903852
0.00735173942435686
0.0066107405321029
0.0061444968781973
0.00590806381048906
-0.00105911764913251
-0.0014925291924044
-0.00184661971960384
-0.00210751521959581
-0.00230489973949497
-0.00243078200806113
-0.00249500443217836
-0.000990472991426065
-0.00131889360183539
-0.00153833707556003
-0.0016447287309371
