0.05
0.036923944098256
0.0339251832131291
0.0288459530735358
0.0350739894021159
0.0324306124287677
0.0292369440677923
0.0369016483281777
0.0341882576756213
0.0293102903556673
0.0257433677933539
0.0228373696232101
0.0206622253367706
0.0178125088508664
0.0144599178000908
0.0370675923534056
0.0320403192194194
0.0275404797816997
0.0268515658474195
0.0238667830175907
0.0208008953322828
0.0200301791794967
0.0195807801313657
0.0190719790459906
0.0182057771759384
0.0165263047669873
0.0143873589639464
0.0124335185690685
0.0107207316847568
0.0092370154926149
0.00796627175056475
0.00684202370549364
0.0367820379233114
0.034938148882528
0.0324324438609847
0.0303275165747232
0.0285130227610005
0.0270411511332651
0.0258083809104305
0.024519283572759
0.0258982063449913
0.0229184475933699
0.0194919768899226
0.0162683208233242
0.0125738647447958
0.0258445568616999
0.0231740814737504
0.0205062156374467
0.0112315732453391
0.00989142460022943
0.00867104500058084
0.00768605726956613
0.00679357242711856
0.00600632573382484
0.00539305347172824
0.00487727901649939
0.00444896468269535
0.00414320760115649
0.00393439276190425
0.00382460381172796
0.0038116325413984
0.00389512232315411
0.00406640417090178
0.00434049163861805
0.00471625147844947
0.00521726805176133
0.00587611172946238
0.0066944383551201
0.00763461759536346
0.0086853220275103
0.00982255595015996
0.0109997275482531
0.0125501458865396
0.0145035050431909
0.0165404154486882
0.0186172019110351
0.0205297331128179
0.0222749065832499
0.0237542462653254
0.0248911757479288
0.0256608625844795
0.0260614790301459
0.0107779610061202
0.00950685188837974
0.00826893548500312
0.00708672933993956
0.00609647935290016
0.00527588297490238
0.00454111700989137
0.00402485376166948
0.00363409236718278
0.00335169155108879
0.00320508929913768
0.0190146854669558
0.0171967958337509
0.0148732983724695
0.0175801230964524
0.0141694150024934
0.010858913966153
0.0142453936548283
0.0135594757875781
0.0128052436406447
0.0133558176159502
0.0111368158743153
0.00867751672015208
0.00700455762563738
0.0056005319297018
0.00415253699739631
0.00276925214735578
0.00171055219775496
0.000832393772643674
6.58602255660772e-06
-0.000680991199539636
-0.00126514296160066
-0.00171968532064152
-0.0020375102527222
-0.00223593602920637
-0.00234555004794069
0.0116941016411985
0.0102572457182997
0.00867527188564457
0.00731960184611595
0.00631480330400348
0.00551192094069108
0.0118363874229317
0.0109370312909694
0.0100136884359065
0.00527999916871861
0.00527743534106943
0.00553243823376598
0.00604825641687132
0.00687585584757385
0.00801206892847175
0.00940599945110856
0.0111338185223453
0.0133297036590849
0.0160426992820869
0.0191970402648062
0.0226131318033851
0.0261273419384835
0.0296692500279065
0.0331501180508252
0.0364588443675805
0.0394655407321777
0.0420655884455471
0.0441958188063695
0.0456737412135734
0.0465012415420811
0.0464570532700448
0.0452600810939069
0.0420375323191065
0.037699918013982
0.0302569573066158
0.0234730706744864
0.0177526994878966
0.0134609318314031
0.0104689517771168
0.00826015553127078
0.00670207111113231
0.00587905933313063
0.00533021672331667
0.00517779445030273
0.00508166487737016
0.00522855644759381
0.00568759184858834
0.00646167899560081
0.00755637743203283
0.00891845185298753
0.0107418011099934
0.0129451213811038
0.015590641944567
0.0186065206151692
0.021951198715813
0.0255176908251172
0.0290760376445719
0.0324599781797047
0.0357912801599605
0.038814435020333
0.0413701939441484
0.0434863209448562
0.045187840924125
0.0464461287548812
0.0472504415055479
0.0476452566066855
0.00842283066043005
0.00696248284799923
0.00566269229724269
0.00453136832665802
0.00354505966388339
0.0026721116506408
0.00189314186252335
0.00122825719385463
0.000684212402547677
0.000249987451658596
-7.75964115083858e-05
-0.000296534461619388
-0.000409492597291172
0.00890838863368534
0.00787283622634766
0.00693962822327173
0.00615889557877907
0.00549005977981239
0.0049343092166555
0.00450557073684332
0.00417049012329763
0.00388342268852867
0.00366882920150433
0.00355536382066003
0.00356043244467555
0.00368516944323909
0.00393872616936284
0.00431335806874307
0.00481311980731886
0.00542591690984396
0.00614276698906503
0.00705021068086095
0.00858069123765391
0.010775355402053
0.0130507938513623
0.0159485345459054
0.0188719534288558
0.0219945907857109
0.025400988572777
0.0289292512340606
0.0323156031853077
0.0353250874469382
0.037879010366759
0.0400920452450857
0.0420277491796925
0.0435196625694155
0.0447567033801544
0.0457822247455958
0.0464302545064247
0.0467589399336958
0.00942072314074052
0.00816905286918596
0.00705220969210868
0.00595338229328431
0.00501553921935408
0.00402758586686661
0.0031697692021864
0.00244650093373326
0.00169731852762595
0.00101874097983765
0.000545849878553172
-0.000138524573230155
-0.000578275645365356
-0.00110590082795092
-0.00163628863745198
-0.00202589099735934
-0.00227070891631582
-0.00251501264503931
-0.00271953725192501
-0.00286850854267384
-0.00297055922403386
-0.00301935993637236
0.00971221952986364
0.00864948808859959
0.00765749992145045
0.00673676928920644
0.00592246260583491
0.00520447804155951
0.00456459375991278
0.00395438628331525
0.00346709267690487
0.00300129771965344
0.0025613936166692
0.00216172191308914
0.0016350730542024
0.00114247039845587
0.000722211906731394
0.000360919086046725
6.1868669910912e-05
-0.000191088145731781
-0.00038691680062585
-0.00057227422660088
-0.000723964641664648
-0.000838233346215126
-0.00092211199999965
-0.000982422985839354
-0.00101980776800666
-0.00103906703543117
0.0283355440694732
0.0271995712216617
0.0256336510429272
0.0274663656962311
0.0256405924645637
0.0235803546548068
0.0249201301446623
0.0240078768435169
0.0227843878079592
0.0242836590879139
0.0220601746669154
0.0191595252340418
0.0166933363104904
0.0147990478116204
0.0130695085055989
0.0114478390318081
0.0100306681492763
0.00888806522788896
0.00789873895010842
0.00711277225078758
0.00651295418883615
0.00604609408177253
0.00562897543308136
0.00531776990017121
0.00521515013585374
0.00530146776171969
0.00555755337677259
0.00602109479507263
0.00664542477155821
0.00756060001151859
0.008720988931098
0.0100764565990799
0.0117132447447047
0.0136272219770027
0.0157620209480797
0.0180943305347732
0.0203362649247424
0.0224893656623645
0.0247600950617965
0.0266019433996209
0.0279824247215218
0.0289223242041292
0.0294191613781714
0.0206972124123629
0.0181040042474367
0.0154748650162234
0.0130742585124796
0.0110219747320821
0.00921918885540708
0.00765666177691946
0.00629643740262861
0.00520072489839794
0.00432974815441823
0.00368287350760346
0.00325919673101548
0.00303894956185818
0.0189404293361462
0.0157849407442205
0.0123551680899806
0.0109178133838504
0.00948456929153156
0.00802487399763762
0.011130037178532
0.0098853923358227
0.00856509864464634
0.00748572652130573
0.00658428245834564
0.00582842228236754
0.00523417319580558
0.00479103501992527
0.00448192447717504
0.0043088108218598
0.0042595390833398
0.00433169995914479
0.004521815636878
0.00483595002110067
0.00526942505046312
0.00582184948524945
0.00647976123396193
0.00725458597980334
0.00810432763315453
0.00901843821375552
0.010004708607985
0.0111472114617091
0.0123285743984661
0.013415382266965
0.0143137644680572
0.0148976711188577
0.0152517511223231
0.00721607273333574
0.00641993369500355
0.00566406143765188
0.00502816582028977
0.0045863015023493
0.0042704086057422
0.00406894416825756
0.00400425511174642
0.00404130741787967
0.00418771914950873
0.00446815456054993
0.00488427090430734
0.00538730835765749
0.00591724194816739
0.00661926443188161
0.00742177802994539
0.00833314991921018
0.00929537984340682
0.0102566248686043
0.0110394065617178
0.0117340445777384
0.012437523190293
0.0130075557938089
0.0132862192638467
0.00652368871596201
0.00510537012699428
0.00393229730818291
0.00282255300084385
0.00193028712971499
0.00106380825507787
0.000310314841391333
-0.000235163094417408
-0.000683964748028252
-0.00107124175121881
-0.00133742137746785
-0.0014935376162269
0.0222150361796577
0.0205166699676883
0.018488601265369
0.0161161048284607
0.01395143805846
0.0122010790663321
0.0105509506281261
0.00901629745962385
0.00766924686057754
0.00640117525201679
0.00519859813626599
0.00413051431555126
0.00321657772885777
0.00229412364147711
0.00136329585805025
0.000536685655940446
-0.000153876640817973
-0.000742626460853537
-0.00123830055296234
-0.00163260508585754
-0.00191770235203982
-0.00210446126994837
-0.00221279206104114
0.0224624986570629
0.0211606283945137
0.0196419625624582
0.0178267782467813
0.0159154759362748
0.0141417383397808
0.0125481367179747
0.0111008977590488
0.00980000120469638
0.00863774574053694
0.00760121368720042
0.006711554662684
0.00589929352411049
0.00516553920652762
0.00455097566967425
0.00404656221051721
0.00363199736291065
0.00329587032596374
0.00303503150873264
0.00284921766974017
0.0027309408721638
0.00267571342804268
0.00267955167468264
0.00273985358340491
0.0028711421639415
0.00306482650457184
0.00330257735204465
0.00357553243418664
0.00386130846277473
0.00414791652851797
0.0044265824360079
0.004667331261347
0.00487405946460735
0.00500897121189699
0.00508612623201409
0.0129135277517463
0.0110912023999739
0.00885907350377205
0.0139091706101969
0.0134815694170098
0.0132627886969101
0.0073498707856521
0.00589169059039092
0.00459657488769412
0.00348173052494452
0.00264813278637066
0.00195542188178415
0.00143513009404875
0.00109381124287721
0.000923249857622393
0.00712932116327466
0.0057259370836648
0.00452054947345281
0.00346283812273591
0.00356451124950741
0.00378676656805843
0.00415650024906978
0.00467269242510585
0.0053110198584285
0.00610633938606945
0.00705624492302322
0.00816982069466185
0.00946675030553055
0.0109564855453603
0.0126642945042266
0.0145808497226356
0.0166670467439658
0.0188372690117866
0.0210399588202229
0.0234621662892419
0.0261179024978062
0.0286907471614205
0.0311499277765347
0.0334168533746244
0.0353898613319349
0.0370527323720975
0.0384288236358674
0.0394651992015123
0.0401489398540373
0.0405030281669901
0.0025008956544653
0.00176228941493005
0.00121603324993166
0.000672986030873644
0.000422502368650413
0.000244047383533623
0.00640117881728166
0.00610980960577236
0.00601003572630612
0.00614555325406292
0.00653656259912203
0.00719168374990519
0.00811759217340021
0.00933237676490809
0.0108980406287231
0.012857988075162
0.0151323443386866
0.0176240554869602
0.0204591101311785
0.0236340599209358
0.0268817367946356
0.0301401738700819
0.0333353869463513
0.0363863149381354
0.039217177444088
0.0417530190417885
0.0439301260292143
0.0457113183597589
0.047078650678327
0.0480494741334663
0.0486846279469582
0.04906528443245
0.0492717493966944
0.0493706007047425
0.0494093629787973
0.00625395082089064
0.0058980290876682
0.00571232131618477
0.00572221803289056
0.00593664315054161
0.00632114712353109
0.00686761212610473
0.0076773444169995
0.00877754541878817
0.0100648310659126
0.011505669059777
0.0132679210849457
0.0155109957160847
0.0184402207216257
0.0216682511116158
0.0249014103873171
0.0281377951142794
0.031294940603311
0.0343349049347777
0.0372874534344773
0.0398729457339356
0.0424421876790019
0.0440026291028159
0.0454153053443954
0.0467899344830335
0.0476972166462307
0.0482735828295271
0.0485642791961969
0.0486082957792368
0.0484980316586227
0.0483288498565318
0.0481985517713847
0.0230357280037086
0.0210516461438115
0.0189820857717744
0.017075305742657
0.0151961995340526
0.0238292376390994
0.0222072269727809
0.0198589689381143
0.0179468926228137
0.0160398747983235
0.0141407466118055
0.0126186482914418
0.0111949708473409
0.00970410331650153
0.00814388688983007
0.00685198103391359
0.00565940710700825
0.0045638184772566
0.00355935266568312
0.00265371489995246
0.00184814581156765
0.0011230342744869
0.000520192098342457
-0.000185422229907073
-0.000813003004541434
-0.00130086304516245
-0.00171594704379639
-0.00205753279984654
-0.00230466789969467
-0.00245880531681329
-0.00254555817932454
0.0137810924819465
0.0115885487784906
0.0089085312224107
0.0141406464820828
0.0127564263973317
0.0112457187027253
0.00975388379679645
0.00764440705731456
0.00679564847216445
0.00620609292837945
0.00784934111416488
0.00701851700150098
0.00628694420589382
0.0058011437555243
0.00529277913096522
0.00607751124392699
0.00602353234629358
0.00616689593500989
0.00656809448578578
0.00559611032753381
0.00513175979508564
0.00475840728986927
0.00709398524468236
0.00803126292666592
0.00943188220881809
0.0110715866353671
0.013223172497198
0.0159177361965385
0.0189392928355338
0.022563191078716
0.026568637500585
0.0307145888524395
0.0348141422153911
0.0392528285971927
0.00674532573902308
0.00715307525342945
0.0078496772011314
0.00856361969249221
0.00975335183562466
0.0109066575172225
0.0125947286450106
0.014627797544578
0.0166813329573235
0.0189506255424028
0.0214727666921484
0.0241771713780837
0.026744156184808
0.0292723486140345
0.0321727933780039
0.0347945151797128
0.0374950602499205
0.0397745437095501
0.0418662060427604
0.0436625186715373
0.0450327653974871
0.0461081495674152
0.0468871547273483
0.0473358956292793
0.0475526965023523
0.0410614861795027
0.0426899174622014
0.0440613031511958
0.0450295397883731
0.0458669293397555
0.0463590060738467
0.0466239414014198
0.0414179811942367
0.0433127541148622
0.0449017815369695
0.0460071427370051
0.0466519393419058
0.0467380745559796
0.0460743535591566
0.0443220824393469
0.0410300236266389
0.03611192723264
0.0300453517702555
0.0240700436562064
0.0191194915083929
0.0154549865321224
0.0128769997840904
0.0110246968944904
0.00982477870082276
0.00924210342057137
0.00495507196040335
0.00528328949567591
0.00578672532190314
0.00649000760703727
0.00735025944861432
0.00832651036607213
0.00942925636912682
0.0106695821119494
0.0120578933352402
0.0136019852129139
0.0153041574708882
0.017158816399235
0.0191477965866789
0.021345605630101
0.00427452325524246
0.0038161103318619
0.00339155440733468
0.00300763284210661
0.00270232107297913
0.00243807155831845
0.00221846408687063
0.00204819566779422
0.00191802599585189
0.00181286248512991
0.00173044737270598
0.00167538821649475
0.00164536352752514
0.00163235156011258
0.00163005715519758
0.00163322261535757
0.00163752118706791
0.00164078474180703
0.0229384113361223
0.024571620867655
0.0262189302824913
0.0281487135942329
0.0300147455233012
0.0317420744174463
0.0339070123435179
0.0365436584244574
0.0390767602485552
0.041232064922393
0.0430133152663995
0.0445048842400854
0.0457794608825259
0.0468021526820501
0.0475447213076605
0.0480224996379808
0.0483167391090068
0.0484722732002673
0.0224127279030116
0.0234917984959768
0.0245691401287749
0.0256427242215559
0.0267200658360559
0.0277981924687912
0.0288152615957653
0.0296800549483026
0.0303468705820865
0.0307985106057205
0.0310335345007653
0.00568416172474273
0.00628854435758707
0.00715747814006337
0.00821196210308285
0.00945224978658884
0.0109568281256109
0.0126814772593036
0.0148221185912304
0.0172421815800897
0.0199329450732667
0.023004677557448
0.00446345998496984
0.00362425500385596
0.00296313773928356
0.00233307430590365
0.00188179563130151
0.00144001354611932
0.00111961746913235
0.000881275047049527
0.000687681378880657
0.000588642322952172
0.000502177735272138
0.000452058630508762
0.000428211159218979
0.0243176867120261
0.0256909973046298
0.0270582919509114
0.0285584382771477
0.0298679627862833
0.0310490565870043
0.0319205555877129
0.032590842418439
0.0329920134934321
0.0251565856162731
0.0274314992711705
0.0297862442745304
0.03218352235489
0.0345847237314252
0.0369197790311929
0.0391320701284067
0.0412041297848079
0.0430342708460355
0.0445697123309816
0.0458412977843402
0.0467582144388773
0.0473244274149202
0.0475425968216971
0.0473756688387064
0.0467331401243322
0.0454707096356714
0.0435163286975322
0.0411680719006123
0.0386674672643962
0.0365367434710216
0.0353351463254204
0.00912202347514836
0.00849557162764618
0.00794396903325225
0.00751567429930865
0.00720690846208686
0.00700600365260119
0.00691291655536228
0.00694922480759651
0.0070542049160693
0.00728538701322214
0.00769314191863528
0.00817916505887503
0.00881504752629748
0.00964645955520704
0.0105995645124125
0.011769102782223
0.00914775428977185
0.0086125293804945
0.00818366429187415
0.00786706896445779
0.00765237309439929
0.00754049706644761
0.00754542685733439
0.00769729851390504
0.00801821833037064
0.00849851505581396
0.00909468490046923
0.00975545995880705
0.0105065662766289
0.0115828827598777
0.0128346773421941
0.0143844958942668
0.016174238298687
0.0180719901080726
0.0202960185515368
0.0225107200116622
0.0247458218919491
0.0273853575476834
0.0296052625262121
0.031715243327411
0.0335602589686678
0.0352054549406386
0.0365488870818317
0.0375656840176703
0.0382614110518721
0.0386270286428015
0.0124273332418205
0.0132907977888081
0.0144144296957606
0.0156383782452643
0.0168850639286051
0.0183664818362353
0.0198575821537258
0.0212281187411601
0.0224606250613066
0.0236012031821368
0.0246651588955811
0.0256060625435322
0.0263351656260641
0.0267473933591301
0.0126225829442412
0.013761694893344
0.0150565970630435
0.0165961560819667
0.0183177353222972
0.0202266037785514
0.0221933038518588
0.0242748507089336
0.0265656123660165
0.0289442969339307
0.0312396151745283
0.0334202682728977
0.0355646694284213
0.0377467695792447
0.0118659216118714
0.0123875831320956
0.0130849617865427
0.0141022723630875
0.0156825532101116
0.0175650841345744
0.0194762426269855
0.021780003680506
0.0243125094557932
0.0269277635442429
0.0295970645851577
0.0320164241166933
0.0345304644792909
0.0369637991357675
0.0392527398490814
0.0412310677962193
0.0429481171690243
0.0444300564663008
0.0455268571747161
0.0462057416348339
0.0464263366848809
0.0460850890546548
0.0449872148590522
0.0428371163821342
0.0393149394798756
0.0342894732944361
0.028505386955091
0.0229972954488862
0.0179420048657733
0.0135116057069635
0.00936683798351514
0.0393584518052636
0.0409733872932824
0.0425529621662622
0.0440296416381072
0.0452947485345878
0.0461670246559582
0.0466143711703996
0.046714922132584
0.0463482999469872
0.0453931358751065
0.0436210959250585
0.0408883125451022
0.0369687804638653
0.0318497633473649
0.0268215352120387
0.0224538755424202
0.0183026207688189
0.0147240350014632
0.0118773664398115
0.00968185728915722
0.00791191240087897
0.00639526706988889
0.00514786605316575
0.0041578929770765
0.00334414564533595
0.00262853302664673
0.0383058173787537
0.0387095865383069
0.038978813309174
0.00217642319015032
0.00175055142730008
0.00136688135756961
0.0010509689088588
0.000800766779668746
0.000588462577654838
0.00218945879222189
0.00178305005376096
0.00155850805730728
0.00142661794176569
0.000475961094901502
0.000403540755672932
0.000361192676689342
0.00034062285065062
0.00050045158358068
0.000448818745789621
0.000425646427348503
0.00733458737980055
0.00572754219513045
0.00451052852461781
0.00349888082948786
0.00260249934311565
0.00182361731570798
0.00743601785626598
0.00596504550691565
0.00478618340633654
0.00384208635420996
0.00307960552603106
0.0025071305509304
0.00200899297214039
0.00162953049919566
0.00132164055685711
0.00107529451832739
0.000883436428355371
0.000727667054588042
0.000605310138349711
0.000504978655287326
0.000424739819492403
0.000361733317562087
0.000306615303975101
0.00146293180644632
0.00121185823993994
0.00100037748810434
0.000837123807491163
0.000698595365085876
0.000588539537790689
0.000500575997528718
0.000430384679277817
0.000374085595418227
0.000329756766444245
0.000293733512513667
0.000264424454251599
0.00024110116451575
0.000223106012318593
0.000209555576947723
0.000199581410947117
0.000192574661357333
0.000188137740601717
0.00018592102962526
0.00148344516886197
0.00124727878527992
0.00106250894943798
0.000937816024045727
0.000861277757203955
0.000823069234607083
0.000273238707903516
0.000244496676095948
0.0002224081895561
0.000206958010232635
0.000195763593618479
0.00018885111007756
0.000185396678209469
0.00027473008318534
0.000249957046152305
0.000234036952965695
0.000226504417123413
