0.05
0.0458003650642045
0.045488060986761
0.0452327692908797
0.0453019911373716
0.0447584191821106
0.0445882421923918
0.0457367603274656
0.0452618969728029
0.0449696294849808
0.0452056288318398
0.0456229304743404
0.0459742317464167
0.0463446933716129
0.0462642056217426
0.045801938826487
0.0455871260469567
0.0457657721245154
0.0458998639811128
0.0468967169413788
0.0478971136805766
0.048092482581288
0.0481473983885088
0.0481151300061911
0.0478622646569505
0.0469289577206328
0.0449441168752354
0.0416003667159468
0.0363958545276366
0.0297770235293608
0.0229419484633503
0.0163371866256114
0.0457213050644801
0.0452815708114567
0.0448018805210961
0.0445165371677456
0.0443784008898152
0.0443495666956668
0.0443933436448865
0.0444962429364218
0.0451173706090212
0.0452757705928709
0.0455502503629053
0.0456437761267082
0.0450953941927936
0.0452438735331419
0.0453370145160414
0.0454572737425544
0.0443326907597821
0.042463242818797
0.0392862229066221
0.0353196069047152
0.0305448109565669
0.0255775920308853
0.0213930301864017
0.0177037978848207
0.014460875416057
0.0118936241141471
0.00975109332649821
0.00799928532551677
0.00652840416933848
0.00535434319099992
0.00442347136876836
0.00363898403620636
0.0030065784207036
0.00247372427306753
0.00200777562278289
0.00160967756483018
0.00128968099932537
0.001039481716336
0.000851645868364948
0.000715368976430373
0.000588570992476409
0.000473835684471899
0.000384725942933694
0.000315380344507775
0.000265064492786883
0.000227606839137394
0.000200766825957237
0.0001826421065719
0.000171447454465766
0.000165942344583175
0.0443764422399008
0.0429631683328389
0.0405071919812963
0.0368215303978794
0.0326603748790996
0.0286107395322334
0.024701110151084
0.0219066231403149
0.0198036454827363
0.0183044257954413
0.0175357238372566
0.0455289806637802
0.0455362957787928
0.0453809771731797
0.0454688167023377
0.0450001275445232
0.0434533987430754
0.0452120761107414
0.044992814835741
0.0447097230022963
0.0456064325021852
0.0451432446824664
0.0431836349887244
0.0401424726434834
0.0360141960527296
0.030355887196207
0.0243132658050774
0.0197543968650854
0.0161833254378962
0.0130645351258679
0.0106563524396447
0.00874474811662234
0.00733970770279564
0.00639984313477685
0.00583149087734207
0.00552408327886957
0.0447562910335705
0.0430581405291529
0.0384602934280519
0.0308871720678447
0.0230823644855151
0.0155027744604155
0.0440735690577091
0.0433393829167666
0.0424130869074621
0.012118188458084
0.00919325917536195
0.00695662751129601
0.00525907713962063
0.00392405123893712
0.00292940564541966
0.00221648102141492
0.00167616592441451
0.00125158425735648
0.000926412761019907
0.000687847908259665
0.000518577845149928
0.000399267355491637
0.000313882116312781
0.000252856499787085
0.000209840224641697
0.00018009652074724
0.000159710908342164
0.000145613107936918
0.000136324290761983
0.000129826827569527
0.000125588903868091
0.000122823632010685
0.000120952873366793
0.000119996339827563
0.000119202052870628
0.00011874453762986
0.000118456002021625
0.000118283545191954
0.00011818491900718
0.000118124484837559
0.000118088728851724
0.000118072081168733
0.000118062122367502
0.0120596362710763
0.00936725235934456
0.0073389588153765
0.00555455787628367
0.00413969502626227
0.00306707776032243
0.00229975211076971
0.00169206141487656
0.00125149139722161
0.00092601519266902
0.000691135663782013
0.000520454263123048
0.000397068216710757
0.000310553248173426
0.000250752469039714
0.000207269991954965
0.000177570457066578
0.000157958153076797
0.000144711500735685
0.000135638184089444
0.00012965387462392
0.000126084782054682
0.000124392083451731
0.0403386492285243
0.0369099539446528
0.0326073948606369
0.0281523102230928
0.0240203039698154
0.0203721532200466
0.0172307007882953
0.0146770033275215
0.0126875869597354
0.0111676369321685
0.0100614203649782
0.00934158448825461
0.00897644598944744
0.0406100192318103
0.0374826185374842
0.0332930673383866
0.0288348051075087
0.0244915552119477
0.0206382183123445
0.0175274453725383
0.0149421630001709
0.0124610775054378
0.0101431917930109
0.0081199148761336
0.00648429954673248
0.00518105966487512
0.00409804150663467
0.00324149151734559
0.00257510561574207
0.00209168023219018
0.00175330008765758
0.00148915430608428
0.00120474787084414
0.000928773833911684
0.000731049119314185
0.000560459509125835
0.000442710434780612
0.00035347017125906
0.000283610870247326
0.000231359979040868
0.000194685723673275
0.000170297895087722
0.000154297869614792
0.000143249125701318
0.00013538713132475
0.0001303136175341
0.000126694332225704
0.000124036034701255
0.000122481365953463
0.000121727578227964
0.0421532472662939
0.0398976901357385
0.0368529878686345
0.0329254033421251
0.0290415395575308
0.0246911919606703
0.0209551456063489
0.0179609876450707
0.0150839076142397
0.0126933019783686
0.0111392187166881
0.00905715512496859
0.00781478635406506
0.00642481703172848
0.00513033667016474
0.00423952621566828
0.00370439573132691
0.00319049282231435
0.00277522832569425
0.00248111759511243
0.00228381239398843
0.00219063087157566
0.0423773409350302
0.0403692844185928
0.0374249018744041
0.0337052849729195
0.0297441234085823
0.0259303267018415
0.0224559510726744
0.0192091049019488
0.0167340093918185
0.0145141410687279
0.0125788515096485
0.0109535463509241
0.00896587477331485
0.00723225023624989
0.00584735989640381
0.0047269654188917
0.00384607914783739
0.0031313221010173
0.00259479325660007
0.00209881077962677
0.00169820528906853
0.00139668046155621
0.00117383962876534
0.00101190467897471
0.00091043710642609
0.000857712637541977
0.0445642072168669
0.044594085598434
0.0446998479694017
0.0446833900248574
0.044949407011194
0.0453782976564536
0.0447499031508099
0.0448231582937943
0.0449280131229363
0.0449250243407525
0.0455181722794085
0.0463239651334786
0.0468156798899006
0.0468455604714709
0.0463037883319648
0.0448207346448535
0.0419840937619619
0.0378280585148149
0.0324446262958819
0.0270975118608946
0.0225066279420193
0.0186041591103369
0.0146648282376143
0.0109200391475443
0.00840790431134285
0.00610714768516609
0.00464479092751016
0.00346240128876275
0.00262085747824809
0.00192577969963177
0.00141809028349436
0.00106065775511857
0.000792938736443762
0.000595850837664872
0.000454128256595593
0.000351471824090263
0.00028274104335027
0.000234331736843249
0.000196197285978309
0.000171969983205262
0.000156840227315814
0.00014779578438838
0.00014339399921449
0.0455554377659057
0.0462762763157101
0.0467567317610083
0.046720610969424
0.0459613267196361
0.0441638901002239
0.0409256818177837
0.0360875176829385
0.0307424739975495
0.0258596201861176
0.0220852510947423
0.0196164042871347
0.0183466505149485
0.0449399927312353
0.0446205090742583
0.0434377665192271
0.0418870854706244
0.0395920523194564
0.0363907661991993
0.0435062208138689
0.0420155953525187
0.0383777310592098
0.0333986151234822
0.027822544000122
0.022420590017321
0.017845426343221
0.0141545451492364
0.01116497669212
0.0088316716306115
0.00697678951462996
0.00549008063398689
0.0043220241257817
0.00338040835321162
0.00264083051930065
0.0020601216667314
0.00161139696008762
0.00125642059797252
0.000989246394784894
0.000789615697280978
0.000637751452356152
0.000510229953507635
0.000409967952606149
0.000337059251727878
0.000287226698172063
0.000258760972274166
0.000242961197640202
0.0335367373155044
0.0292426104605359
0.0241434550843459
0.0193045138151806
0.0155978395991117
0.0125338775846046
0.00988164397076128
0.00790551272196697
0.00647102215347147
0.00514401868583034
0.00400341388721648
0.00308978964094439
0.00242147832152301
0.00195184694220699
0.00152487628423569
0.00118894109413962
0.00092176808881782
0.00071970358773231
0.000570164375673232
0.000474504671525879
0.000405026259133557
0.000346518059951471
0.000305499258848698
0.000287074764009664
0.0325981430212576
0.0279142814100264
0.023659071269043
0.0196123281101347
0.0164848378771087
0.0136134449308214
0.0112676015823269
0.00966155464750765
0.00840516667095996
0.00736685302709795
0.00667374442742273
0.00627538088576829
0.0456851432014487
0.0460801303455004
0.0464907014723477
0.046805490181208
0.0468069391336401
0.0464339228233458
0.0455277479040228
0.0438506850982798
0.0413271573261989
0.0377497195471223
0.0332453140643802
0.0286109822057322
0.0244916115507434
0.0204456546096218
0.0166104590336682
0.0134552864616738
0.0110111087424449
0.00906736049308497
0.00753026696121163
0.00637132958383565
0.00556780987911508
0.00505697791267807
0.00476683338721205
0.0456550242725664
0.045999072665106
0.0463663832303471
0.0466912323232778
0.0468038415581062
0.0465501561281006
0.0457998073564204
0.0443341163665349
0.0418796403689495
0.0382626256722381
0.0336733365535255
0.0288695326829702
0.024076392252843
0.0196576771001423
0.0160013161268901
0.0130480669090375
0.0106317692034434
0.0086361414457868
0.00699723939757463
0.00567994799053817
0.00461371994414865
0.00375532911775344
0.00308743856309883
0.0025498172978232
0.00205155511427961
0.00161858902376442
0.00127303143655168
0.00100045810261435
0.000794530024989381
0.000638601733409168
0.000519726654013586
0.000435590956571782
0.00037415059120147
0.000338315163074019
0.000319273836551115
0.0450408806901564
0.0428608523662218
0.0388042395625549
0.04731061935704
0.0480230891449187
0.0483561895950036
0.0357738078075243
0.0308600259828714
0.0254292797782619
0.0205052151581763
0.0169063969272242
0.0140407010884731
0.0119803352143945
0.0106748953519259
0.0100368214739484
0.0332488694524125
0.0266426890310461
0.0200191228127766
0.0137793031340505
0.011093560649206
0.00905915581075081
0.00728131941553192
0.00581624245552463
0.0046667284415108
0.00372157303747676
0.00296273299735499
0.00235600392416892
0.00186976195354115
0.0014827308790682
0.00117287613967799
0.000927898173193901
0.000738406472448002
0.000596784317071694
0.000491500754640178
0.000405045630688856
0.000332575958075653
0.000277542235592261
0.000235495260512765
0.000203987946219121
0.000181201363819329
0.000164833773462759
0.000153005240027706
0.000145006357029703
0.000140121438990134
0.0001377114318394
0.0111227136739225
0.00918286851254794
0.00780778289390093
0.00649837957026622
0.00591020521169548
0.00549957933710119
0.013373631174754
0.0106773333753944
0.00826038142948487
0.00623184807631118
0.00465332341732709
0.0034614505711116
0.00257470583247383
0.00191551186276397
0.00141721340783152
0.00104532197628867
0.000781335564625702
0.000596901597748019
0.000459063247414617
0.000356087638941232
0.000283885146379494
0.000232788776425266
0.00019674430973333
0.000171583520403535
0.000154197930491533
0.000142294848398171
0.000134198502550881
0.000128706862194026
0.000125015191387488
0.000122569500076623
0.000120970048295303
0.000119942462454383
0.000119305576086659
0.000118941879673609
0.000118772408001417
0.0127765236758142
0.0101224530623277
0.00787769764290797
0.00607133176864283
0.00465350783483756
0.00362751789918683
0.00284698039494732
0.00218052758354538
0.00165068802740513
0.00127371850661879
0.00100579570047983
0.000797916594899286
0.00063048454505155
0.000487061014208645
0.000378921133319872
0.000302596824513187
0.000247893108464341
0.000209043666686333
0.000181323717501791
0.000161171375732757
0.000147671251586778
0.000137294102824814
0.000132035798080744
0.000127899533242102
0.000124399501537923
0.000122236294022664
0.000120770753446316
0.000119765751058873
0.000119151942424684
0.000118766073497104
0.000118545375697074
0.000118440920849888
0.0445831740229677
0.0446902067862105
0.044696696982495
0.0444806650126192
0.0438787350502179
0.0446594161242616
0.0451551391367192
0.0458993579239505
0.046438826115175
0.0468259184392883
0.0469515971130553
0.0467328247122061
0.0461133068641786
0.0448786454316689
0.0426116505750806
0.0395279696715677
0.0354848907386815
0.0309081028301399
0.026317219552267
0.0221512243434862
0.018599737057004
0.0156120302594374
0.0133102521140069
0.010826689185964
0.00878546908138481
0.00730212783743142
0.00611161058517868
0.00518079196467737
0.00453420478274137
0.00414208651132766
0.00392552590091506
0.0420865445483544
0.0378779318268241
0.0301934330494192
0.0441694399388266
0.0434834546273448
0.0412342221034781
0.036671337020517
0.0253087827065591
0.0216074972180362
0.0187996452576616
0.0274691428727636
0.0240975121480721
0.0203002332546255
0.0173198122664533
0.01356498439497
0.0175493135572834
0.0150438999680876
0.0118478228673241
0.00876336841671966
0.0159506008442664
0.0134455988517093
0.0110442314757174
0.0072641365921894
0.00582209868676934
0.00452117401767387
0.00355994495596854
0.00274472953110322
0.00208751289875992
0.00160108765988937
0.0012058703102077
0.00090165753388959
0.000671828890211877
0.000496291494673314
0.000340280354031594
0.00729425443041593
0.00596771565618555
0.00475388513793848
0.0039759009536518
0.00312610230505905
0.0025720517577888
0.00201438870207921
0.00156339902652075
0.00124584207902131
0.000991890712736476
0.000784656183108562
0.000620241124394834
0.000503225639591535
0.000415309428411732
0.000337585920571221
0.000281699456472166
0.000235477928261848
0.000203602316807661
0.000179180765101785
0.000161253160416
0.00014911763285131
0.000140386868839082
0.00013442222316347
0.000131091000648472
0.000129505363597169
0.000277007343404395
0.000230673923473107
0.000198190468419169
0.000178045452328081
0.0001622979466792
0.000153600215320959
0.00014908556456204
0.000277545056189773
0.000231893781187768
0.000198282924657792
0.000175257506249856
0.000158532961587694
0.000146258029737172
0.000137545987841063
0.000131387747524573
0.000127131728146446
0.000124222955068894
0.000122158809085097
0.000120731058886417
0.000119784593406012
0.000119184841803057
0.000118810591501245
0.000118567184607702
0.000118421646452312
0.000118354605076706
0.0101156029060575
0.00911691001025939
0.00803935987738037
0.00692225522083163
0.00587910657325568
0.00497170729219196
0.00418458423442563
0.00350376438048491
0.00291627429222136
0.00240989523254971
0.00197312930895992
0.0015950144265281
0.00126555612366391
0.00096093900437319
0.00987917105366452
0.00874944668935489
0.00767703170750762
0.00667892204885901
0.0058563386203037
0.00510998690599007
0.00444647014983732
0.00388115803580684
0.00339196724790186
0.00292959317548235
0.00248621367154551
0.00209919813272929
0.00179269069846271
0.0015519608435907
0.0013757240536772
0.00124066374456269
0.00115579299818046
0.00110895880626412
0.000802984001438772
0.000678805724128735
0.000578192324785853
0.000483971490309119
0.000412631858915342
0.000360701786927497
0.000309377535055705
0.000259812638950298
0.000221222162955115
0.000193840755977696
0.000174349617781747
0.000159874994709769
0.000148633368935704
0.000140214893715544
0.000134342314273106
0.000130622706369856
0.000128338123416443
0.000127128151230319
0.000805219687284626
0.000680665254133939
0.000580633189287742
0.000499127237965292
0.000431085212973973
0.000373216520283701
0.000325536664011868
0.000289149205632025
0.000263326655126772
0.000246839250513326
0.000238567432640469
0.0115319014460298
0.00954504763166065
0.00766664536088481
0.00615276960895005
0.00493806363247859
0.00392113198738712
0.00310845165228998
0.00240179587553116
0.00183458168194891
0.00136948680574454
0.000958083153732438
0.0115101590874905
0.00944198049581711
0.00782057341899091
0.00627813281498884
0.00516846824179844
0.00406845875362808
0.00325061434756564
0.00262021301221168
0.00208219972308133
0.00179352933245982
0.0015286499532098
0.00136800541570555
0.0012891551519514
0.000753214299199595
0.000604141814389079
0.000492910846384605
0.000398726099018859
0.000332573518749939
0.000282585829168407
0.000250232027878216
0.000227684166209802
0.000215112268680092
0.000768387888195468
0.000618912030195217
0.000501812357976615
0.000410248368154368
0.000338860628859994
0.000284013975846844
0.000242194008345096
0.000210001868881413
0.000185931402159725
0.000168117612460136
0.000154412842984384
0.000144443217475184
0.00013721931694109
0.000131918446256322
0.000128064864062813
0.000125156783080713
0.00012298775134359
0.000121469959076763
0.0001204894256679
0.000119830336660788
0.000119423562019683
0.000119233196646765
0.0341306189553332
0.0303086863153515
0.0259590448728345
0.0218790024095157
0.0183131389145801
0.015211319582404
0.0123623573198493
0.0100746389101152
0.00866582401075138
0.00713351620852449
0.00567201580427309
0.00461699943260614
0.0037069912788689
0.00290500615921636
0.00226401133512305
0.00169217845910605
0.0337461647803814
0.0298651642505469
0.0257700593118048
0.0219443076008748
0.0184813511510837
0.0153760046960318
0.0125741858008886
0.0100706559628428
0.00796342335745421
0.00628613973108645
0.00500431389384436
0.004033166490461
0.00322498820172325
0.00236205158569745
0.00138330831651136
0.00108602031578806
0.000853893016848075
0.000682077286256449
0.000539258219684373
0.000435918789636398
0.000357548318301176
0.000288341576113635
0.000243551795984246
0.000209654807363826
0.000185439416105442
0.000167376060639871
0.000154697765221769
0.000146182381072055
0.000140847723269147
0.000138198733056521
0.00137586190127248
0.00111617195284548
0.000890437850518199
0.000718970680764649
0.000591243033824359
0.000478633930446974
0.000393076175595715
0.000331390548365969
0.000286244101663467
0.000251298242241145
0.000223458053828047
0.000201962496267837
0.000186992251541782
0.000179094462673827
0.00191096318000634
0.00157336767057623
0.00130157945847031
0.0010690247205088
0.000879595534391614
0.000724111494949006
0.000602848610153832
0.000503662842047303
0.000418720779841135
0.000349534416679984
0.000296044252502824
0.000254197867775225
0.000219479441483589
0.000188878930395217
0.00199032852427525
0.00165850944108044
0.00140907836952109
0.00118766243422282
0.000959297674378494
0.000769664083382912
0.000632908401648608
0.000514377256905041
0.000418506491395149
0.000344308827582796
0.000286780817758363
0.000246193190379171
0.0002130254198979
0.000187705647971236
0.000168674025455106
0.00015515352640463
0.00014515046957188
0.000137454932118994
0.000131927264898863
0.000127963878672516
0.000125087086484118
0.000123003349253299
0.000121508392946927
0.000120455008415799
0.000119715646341952
0.000119185119735793
0.000118815214687699
0.000118564272717819
0.000118384851988293
0.000118256729309274
0.000118155826349109
0.000174276271605627
0.000161945929047089
0.000151584753849435
0.000142998070919511
0.00013610919146737
0.000131150290200342
0.000127838432206704
0.000125269117795855
0.000123243694057172
0.000121805059792761
0.000120741738772196
0.000119988628817415
0.000119431544225252
0.00011900644845308
0.00011871688425471
0.000118520505206401
0.000118368045708737
0.000118258970607204
0.000118186313809874
0.000118139041926865
0.00011810683178536
0.000118083715319774
0.000118067952836292
0.000118057600407227
0.000118050546498951
0.000118045365980478
0.000174201527742497
0.000164337160840956
0.000158186761326248
0.000118042711695319
0.000118040824815143
0.000118039560110938
0.000118038790061953
0.000118038342582792
0.000118038059267097
0.000118042442647553
0.000118040322132755
0.000118039347253906
0.000118038852013633
0.000118037944426632
0.000118037891011842
0.000118037867202519
0.000118037857662015
0.000118037952870049
0.000118037903325735
0.000118037884198303
0.000118112420277131
0.000118084815744654
0.000118068014124523
0.000118056803976845
0.000118048913717421
0.000118043366489116
0.000118113022612155
0.000118086335293893
0.000118068911888305
0.000118057606835127
0.000118050266328717
0.000118045823674094
0.000118042748258306
0.000118040897126175
0.000118039716822106
0.000118038981664593
0.000118038537606129
0.000118038260242292
0.000118038093653454
0.000118037990305954
0.000118037928367387
0.000118037891823426
0.000118037867575133
0.000118041211754985
0.000118040011096089
0.000118039204806564
0.000118038709713879
0.000118038378737528
0.000118038173366229
0.000118038045681413
0.000118037966733758
0.000118037917878008
0.00011803788822059
0.000118037869710086
0.000118037858230376
0.000118037851298556
0.000118037847225062
0.000118037844858569
0.000118037843486256
0.000118037842703135
0.000118037842282524
0.000118037842094365
0.000118041132028236
0.000118039870797973
0.000118039062894181
0.000118038605586026
0.000118038360523736
0.000118038248797147
0.00011803785639707
0.000118037849487828
0.000118037845670103
0.000118037843713117
0.000118037842651913
0.000118037842137252
0.00011803784192024
0.000118037855611289
0.000118037848751039
0.000118037845354973
0.000118037844014006
