0.05
0.0367496025579553
0.03439091313404
0.0306787405752929
0.034901779350002
0.0323853184634675
0.0295814716205758
0.036645975838537
0.0337340917106339
0.0284729316377079
0.0247218544488566
0.0218129812696923
0.0197569589771196
0.0172560865862577
0.0146328943101194
0.0368047958220871
0.0305514016203105
0.0248257301434993
0.0239790878141752
0.0205239992155298
0.0171317031440116
0.016359940380008
0.0159887417918456
0.0156829166735868
0.0153664321394132
0.0150865730005838
0.0150602086073908
0.0153553675548686
0.0159062299179817
0.0166237677557133
0.0173981196420667
0.0181384154595577
0.0365104878868284
0.0345183535780699
0.0317922512739484
0.0294913639894825
0.0275066666737467
0.0259036733674167
0.0245747517332141
0.0232065999292928
0.0271446183118294
0.0238525522353643
0.0203340028283278
0.0172935727065529
0.0141567278823322
0.0293151062861932
0.0283630856894987
0.0276515512604369
0.0140419751271504
0.0142722386240611
0.0148655400907928
0.0157174271371501
0.016913820628002
0.0184690280483872
0.0201701834310093
0.0221217012041367
0.02435341589376
0.0266030706129886
0.0289296819997453
0.0312331375835195
0.0335282652487208
0.0356518479554552
0.037550226129435
0.0393077030772198
0.0408010041302232
0.0420355631258445
0.0429600279361933
0.0434286142109619
0.0432976175622082
0.0424635800615014
0.0408629093225816
0.0386038528167878
0.0350682834594638
0.0303492355917942
0.025656579816492
0.0213809252827807
0.0179428374538626
0.0151852638443053
0.0130898113110209
0.0116078385254157
0.0106605645676395
0.0101843152561924
0.011701514486812
0.0100326414587843
0.00846136077129966
0.00700831135211461
0.00582464472114595
0.00486590022676675
0.00402424056379963
0.00344171668463956
0.00300570197252511
0.00269328929475624
0.00253199859088326
0.0269551734903037
0.0262734308849858
0.0255828993471799
0.0281501930596216
0.029473609193416
0.0313377324146909
0.025460946929213
0.0253457697241267
0.0252375543901155
0.0250149074930483
0.024617231096486
0.0247293607094055
0.0252372748018227
0.0260059234515074
0.0271600116745061
0.0286255610335085
0.0300006494819394
0.0313240988156471
0.0327335366915093
0.0340318485640074
0.0352252348373066
0.0362105860892537
0.0369294522888092
0.0373914370636842
0.0376514319318146
0.0260753394519282
0.0280666246080876
0.0311358964905327
0.0345467282870106
0.0375551761263354
0.040166508507955
0.0249698942854213
0.0247596639677841
0.0245825388609801
0.0410560077446176
0.0410153429752665
0.0397220900150096
0.0370015181814405
0.0327796416264197
0.027895124839627
0.0234065726771803
0.0194825029828624
0.0160864301768217
0.0132622530153635
0.0110037639896342
0.00923422049138968
0.00783243585682598
0.0066794006855388
0.00570556603775331
0.00486839175643552
0.00413912365370143
0.00348917831563973
0.00288460846152936
0.00233472103130672
0.00178716799774216
0.00126523709614889
0.000760339448786376
0.000239987028530771
-0.000147060854587162
-0.000624796671400545
-0.00103947168911481
-0.00142768464988988
-0.00176680669901332
-0.00203946574832932
-0.00226704549248672
-0.00244480491172184
-0.00254502678733281
-0.002615346600492
0.0410363328032954
0.0408919625689852
0.039486196362054
0.0361054079245246
0.0310412387923578
0.0253939249156353
0.020426733185507
0.0159567340035644
0.0123735539908431
0.00944847486778303
0.0070918054610772
0.00515219770679964
0.00353730362801777
0.0022137942817157
0.00113364984594738
0.000193708320265586
-0.000582167420279906
-0.00120001111990445
-0.00169980922001843
-0.00210686418743671
-0.00242190657748186
-0.00263664689247287
-0.00274837762344635
0.023822043021585
0.0233554061180437
0.0231476298035427
0.0231436330370996
0.0232876276606828
0.0235393001560253
0.0238695412077477
0.0242346693238997
0.0245930644951367
0.0249191910363369
0.025189538611068
0.0253822193930962
0.0254855555871655
0.0250538511173822
0.0258347971566786
0.0268848233795584
0.0281027006169332
0.0294859710715764
0.0309804049953698
0.0324778494752821
0.0340204162374003
0.035823992891568
0.0377884492571699
0.0396654769592089
0.0411940497101862
0.0422560794547403
0.0427946942795608
0.0426876855442835
0.0418565121639606
0.0402921374678484
0.0381217873521658
0.0352720471411138
0.0307103506351508
0.0250369252430144
0.0203514447845469
0.0158568362178695
0.0124639094361202
0.00965779990848624
0.00723387884206944
0.00519944399930831
0.00357210216298526
0.00232850675543807
0.00139111351400036
0.000648735915338441
4.09544610379553e-05
-0.000409154256630898
-0.000776168887089701
-0.00108187776803062
-0.00127883937056189
-0.00138074352569161
0.0323665272729
0.0334948052033344
0.034686609963832
0.0360305012612378
0.0373076747926639
0.0387748596696577
0.0401288467306455
0.0413054035373825
0.0425245599812074
0.0435817254310113
0.0442630241345553
0.0451217506966157
0.0455468356351865
0.0458668604090491
0.0458843378819746
0.0456002412310999
0.0452340435949953
0.0446617399238477
0.0439711258198825
0.0433129406757995
0.0427672977627329
0.0424759801208086
0.032057962288529
0.0329356419329374
0.0339509198826127
0.0350776580051129
0.0362346254966791
0.0373856956488777
0.0385141617110982
0.0396724178764465
0.0406379395745716
0.0415691749632578
0.0424048831668237
0.0430638602375271
0.0437105475942754
0.0439474530366811
0.0436213276048711
0.0426106154114163
0.0408865035895066
0.0384223620140849
0.0356065453320574
0.0319601616051322
0.028170637340018
0.0248471124279414
0.0221806888961938
0.0201509032247978
0.0188463666728301
0.0181593289010343
0.0291604255435859
0.0287198232706327
0.0282188434843464
0.02738677303633
0.0251436743561826
0.0226680202056533
0.0282788286159589
0.0283865363778621
0.028562912873537
0.0264305404496252
0.0235184030298485
0.0198287696399623
0.0168585493798978
0.0147527098807957
0.0130268112584146
0.0116336766282919
0.0106553653977727
0.0101051195978152
0.00990283334670673
0.0100540753401717
0.0105504828178944
0.011465386570575
0.0131433920554649
0.0157259294257348
0.0183833838896266
0.0220470501957575
0.025358616819239
0.028940605180917
0.0321968117364576
0.0355295966686857
0.0384222937427746
0.0406560288228659
0.042256736394228
0.0430228373176559
0.0427491292473771
0.0411974204439899
0.038446527975762
0.0347078996895477
0.0298942404129662
0.0257154464910241
0.0225843989711
0.0204969599686094
0.0194156225695655
0.0260690819633824
0.0228393718622184
0.0194855614218415
0.0164143709649021
0.0138115783656591
0.0115532526941948
0.00962054613638695
0.00795779831646398
0.00663187407517301
0.00558658928181573
0.0048152623334168
0.00431240578813777
0.00405175919580104
0.0314269719564301
0.0339496137527432
0.036644906701979
0.037671892710064
0.038635080217907
0.0395598074301993
0.0376348760957114
0.0384187712554815
0.0388741356720764
0.038677482757726
0.0376828457538819
0.0357000564737646
0.0328014439269892
0.0292860589253244
0.0254915555290375
0.0219161816743088
0.0186974170841925
0.0158723277636674
0.0134780808476022
0.0114021804608022
0.00964341507454238
0.00814620215018464
0.00688576915036468
0.00579421025234653
0.00489029853276417
0.00414231361790414
0.0035084778416625
0.00291481588896092
0.00239888127877144
0.00198791336595325
0.00168435050149114
0.00150113309158236
0.00139540640017661
0.040317744032597
0.040888820626937
0.0410251598761854
0.0403845524197307
0.0388915330796143
0.0363682200622319
0.0325842801768512
0.028513527596811
0.0248732730495278
0.0210217049574167
0.0173977311133108
0.0143018465494534
0.0119141146779695
0.0101542142122415
0.00846889604286878
0.00706131018914061
0.0058655613799351
0.00489543773945903
0.00412494978623274
0.00360051691361188
0.00319786430761043
0.00283967821121245
0.00257681294578699
0.00245539412298143
0.0401830501124014
0.0407224811386317
0.0411816970973474
0.0416593204619194
0.0420916591952797
0.0425646950012926
0.043025269481086
0.0433905991301123
0.0437149941646221
0.0440122123303063
0.0442241934812841
0.0443515644257016
0.0209572528133905
0.0189432740801388
0.0166566319549508
0.0141047510192565
0.0118814271802675
0.0101615911881099
0.00861212876787859
0.00723832433749563
0.006088330569958
0.00505630025855115
0.00412649294751186
0.00334497552551183
0.00271371426699386
0.00211384966735235
0.00154341372568155
0.00106576600569599
0.000688670077956392
0.000384050638065785
0.000140408540136107
-4.45937047185981e-05
-0.0001733143689852
-0.000255256675344649
-0.000301809136098457
0.0214891060594048
0.0202580049769839
0.0189879148086852
0.0176743091887868
0.0165310939255786
0.015723840538812
0.0152634465069708
0.0151333799154397
0.0153292103231964
0.0158404311264613
0.016657898669731
0.0177265105168283
0.0191041182088245
0.0208000500570287
0.0226772897815785
0.0246584488473376
0.0267230491622227
0.0288514270056536
0.0309986383166074
0.0330869064888199
0.0351033789438551
0.037014758341731
0.0387458952472146
0.040355176160922
0.0420417913500465
0.0436199333930103
0.0449107598231084
0.0458915693092723
0.0465475897776991
0.0469349875261171
0.0471112879185983
0.0471319532634776
0.0470609682585268
0.0469741349197473
0.0469091293296901
0.01384944937447
0.0130700966541354
0.0122842118228414
0.0137576179744244
0.013083760607358
0.0127411039477304
0.0102658913709524
0.00838520907984666
0.00677702846469031
0.00544271379499727
0.00447591940883656
0.00369390089788902
0.00311960122856612
0.00274910823550238
0.00256588835672048
0.0134439534320345
0.0149237653847433
0.016783156356396
0.0190563002217511
0.0221695318296204
0.025108518731483
0.0282230856417719
0.0312609627434805
0.0339851450499015
0.0364491347368605
0.0385083584214453
0.0400618699834999
0.0410022946867547
0.0411883018449713
0.0404563013451853
0.0386431397275935
0.0357355783330487
0.0320834602494506
0.0282042933406963
0.0241331122367769
0.020094720056911
0.0166308606661938
0.0137021310645088
0.011293233668579
0.00939284360261136
0.00791420445024571
0.00676509718725136
0.00593834758545059
0.00540899984069941
0.00513961610114312
0.0182537491095441
0.0177016043250167
0.0173403645444771
0.0170330128509336
0.0169066562042344
0.0168253086052697
0.0184553754688182
0.0185125162912233
0.0181977381294987
0.0174810546413733
0.0164442987877016
0.0151998889565467
0.0138522157120022
0.0124670749415015
0.0110556693317857
0.00965039693228105
0.00833360887119671
0.00713635647684046
0.00597502926815146
0.00483818295592852
0.00378971656814498
0.00281325453043153
0.00190408142117137
0.0010640479636698
0.000294655870548929
-0.000403307758269807
-0.00103094231143327
-0.00159182902152132
-0.0020858171814075
-0.00251019660395314
-0.00286430220468978
-0.00314787375875568
-0.00335994992909621
-0.00349996899016884
-0.00357173282185903
0.0184164314764465
0.018411969202212
0.0181160145582894
0.0175247990566927
0.0166891874664707
0.0157638747096322
0.0147828036088544
0.013650280833119
0.0124449913465607
0.0113234273116333
0.0103027275114611
0.00927982313212337
0.0082000028211154
0.00699522466482602
0.00582601276150862
0.00476588041689043
0.00378149803817051
0.00287040886773588
0.00202197944850106
0.00121145367849025
0.000498564355519662
-0.000233423096534519
-0.000708273347916312
-0.00117786114698984
-0.00171428980419984
-0.00217359644818918
-0.00258531418088788
-0.00295192016893455
-0.00323483601910438
-0.00345226536653736
-0.00359797295607848
-0.00367475203228547
0.0217112191162117
0.0197728926572518
0.0178141713405623
0.0160709446806707
0.0144164030557952
0.0224284795551742
0.0206777909917475
0.0182570170334776
0.016407024441559
0.0147141887599217
0.0132084636429523
0.0121591415653381
0.0113279481156083
0.0106085344610807
0.0100294777541338
0.0097120306336283
0.00957542460508205
0.00960275032697917
0.00977851809196219
0.0100843659952438
0.0104971051801874
0.0110062112390917
0.0115479257561729
0.0123290089895008
0.0131562974093148
0.0138927915666522
0.0145916910247943
0.0152212401944891
0.0157089695688245
0.0160272890279236
0.0162118785762018
0.0134127574657948
0.011966704169006
0.0103180175355885
0.0133032530713995
0.0118977138789671
0.0104048533162552
0.00896120607742471
0.00973959327114058
0.00941657785564938
0.00925215933316064
0.00943914750554572
0.00887343631591854
0.00852265139904447
0.00842522559601524
0.00855924614762538
0.0095263173945688
0.0105347909478232
0.01233605399667
0.0147015223207503
0.00900362637794542
0.00895366474083814
0.00908841153461079
0.0162404218822132
0.0185028791627241
0.0214253044317302
0.0243728173054145
0.0276630412656671
0.0310654276568099
0.0341454511284063
0.0370312701223488
0.0393007322351989
0.0405420842293189
0.0403029884288457
0.0376518434549604
0.0160910114666013
0.0179034498054331
0.0202221620826372
0.0221815061890396
0.0249573172079086
0.0272478308506548
0.0301215724838014
0.0330312063002328
0.0355224065883362
0.0378817280269143
0.0401184901393698
0.0421270407519944
0.043671269008435
0.044836665848654
0.0457353090839474
0.0461025914165516
0.0458867000739938
0.0449578492215667
0.043050878883142
0.0399770423967305
0.0362295255005583
0.0321537555891999
0.0284869285525071
0.0260968589325393
0.0248639566960939
0.0362493787864664
0.0332386889106334
0.0295686086556016
0.0265087910446505
0.0236087739098461
0.0218252037384371
0.0208419442366097
0.0344213980509316
0.0297469539137229
0.0245577192630432
0.0200327913475923
0.0161458584208439
0.0128430630902006
0.0101325390349782
0.00790364089541519
0.0060994215578831
0.00464902433856269
0.00342952439345657
0.00242204805863249
0.0016234177570752
0.00102450549200255
0.000591020898646512
0.000270332497938529
5.74129720686528e-05
-4.76638357222263e-05
0.0097184014004131
0.0106443485951966
0.0119608503673779
0.0137073108180896
0.0157545967281529
0.01797756074017
0.0203629854231676
0.0228836674899346
0.0255008230001497
0.0281699326744435
0.0308467067567065
0.0334919238077728
0.0360698137486935
0.0386762785701746
0.00869409018675917
0.00838359010186145
0.0081587912851192
0.0080209387295238
0.00797440670004565
0.00800559391008644
0.00811710681225793
0.00830020013359616
0.0085452939652478
0.00886467133960187
0.00925935589235521
0.00968326462508239
0.0100817807275025
0.0104429757156376
0.0107400631824397
0.0109898522043553
0.011157181669356
0.0112535126284212
0.0401721809439159
0.0415093097266086
0.042700059037427
0.043902144351834
0.0448469310043064
0.0455101456090224
0.0460588840958165
0.0463121144795427
0.0460095739592773
0.0450522134152321
0.0433710837644014
0.0408477208428948
0.037356415075341
0.0332652216219247
0.0293884932008921
0.0264335172223562
0.0244091191142278
0.0232653108592121
0.0400569075082483
0.0412927306922903
0.042400498303004
0.0434004022988025
0.0443145896582636
0.0451526596081831
0.0458824075899015
0.0464602513775373
0.0468797179746368
0.047150937428522
0.0472878610568665
0.00981532023966409
0.0115361338645479
0.0138211710328972
0.0164218961975109
0.0192980047076091
0.0225396704694028
0.0259201950337646
0.0296489565097302
0.0333181220954613
0.0368497567613733
0.0403452271222042
0.00776938590912392
0.00708328587322095
0.00663848570098739
0.00632399866160024
0.00618847967952151
0.00616473237860531
0.00624548132464752
0.00638800225882093
0.00658668727435072
0.0067273250592859
0.00688566505359258
0.00699659257695168
0.00705579202962735
0.0421998618901642
0.0437302723523357
0.0449951844918533
0.0461586657411074
0.0470190181152795
0.0476850756347684
0.0481171651001365
0.0484158787803524
0.0485805443104221
0.0420494078488224
0.0434717957169717
0.044544839721008
0.0451906001267346
0.0453058887011026
0.044745960546841
0.0433081883699251
0.0406834320325839
0.0367913277166923
0.0320441620747033
0.0269122508485428
0.0222612441132243
0.0183403627158424
0.0150832993618532
0.0124262826826148
0.0101842995945602
0.00832197592277993
0.00687531706332635
0.00584982795717275
0.00510328219620673
0.00461186693321219
0.00437204392581181
0.00844234117897797
0.00795938553841906
0.00756976044443013
0.00730866719801422
0.00717077940796759
0.00714975456380596
0.00726314254719695
0.00751116829944294
0.00777795491637862
0.00822734221218836
0.0089069143522099
0.00965035996004496
0.0105735055214757
0.0117338742887689
0.0130225579237497
0.0145610410095961
0.0082986851824844
0.00770718159691134
0.00722264502142602
0.00684993040656465
0.00657527363428388
0.00639587141053757
0.00632027912859155
0.00637228646969596
0.00657207434421081
0.0069120402600265
0.00735557531205719
0.00785915909090425
0.00844000583317422
0.00928257265390183
0.0159302556640578
0.0178510660004793
0.0199887505384795
0.0221722234173151
0.0246359874704472
0.0270018859221397
0.029316488890965
0.0319736694074196
0.0341594053625885
0.0362017803332447
0.0379613881054541
0.0395083418645751
0.0407541058946571
0.0416850400064614
0.0423152762449662
0.0426440186359564
0.0154012014615553
0.0164545742357038
0.0177783966571375
0.0191760168984045
0.0205600543271027
0.0221599408042657
0.023727419315159
0.0251348411662649
0.0263763664382676
0.0275072971285493
0.0285487270234051
0.0294604775115191
0.0301620015241457
0.0305570061550274
0.0101946596996439
0.0111907995293106
0.012324699079654
0.013680316545316
0.0152112922341519
0.0169322141459758
0.018734403160601
0.0206751381371751
0.0228492697606541
0.0251455319342615
0.0273938910719141
0.0295566639783401
0.0317096099150396
0.0339318091020374
0.00941487847791177
0.0097392588785674
0.0102229579221674
0.0109722063713389
0.0121824406791739
0.0136753113461858
0.015248323796294
0.0172206686465382
0.0194809147297139
0.0219165658576323
0.0245059570248221
0.0269362335390411
0.0295390677277161
0.0321314465881478
0.0346437521251874
0.036890231421757
0.0389201256153252
0.0407625932177708
0.0422176195977134
0.0432115795753291
0.0436656969107139
0.0434382564094884
0.042319442542559
0.0400680361409908
0.036527996713498
0.0317516509456531
0.0264452442653655
0.0214198761496164
0.0167413821342638
0.012542385547686
0.00851405418798526
0.0357298451692683
0.0375765172664492
0.0394352118786147
0.041234745571494
0.0428484302582607
0.0440361566160436
0.0447239080674726
0.0450180019826958
0.0447905420402651
0.0439159771243504
0.0422133003187005
0.0396061579514644
0.0359314981270733
0.0311752748836195
0.0264789918690993
0.0223439092237087
0.0183399314021304
0.0148103697325259
0.0119349118168313
0.0096631699566877
0.00778648289749555
0.00613573620854709
0.004739309786774
0.00359864732036196
0.00263341778715915
0.00175966289089216
0.0343407097661526
0.0346333679889943
0.0348281859864756
0.00114289822234598
0.000519665852690267
-8.36844184909231e-05
-0.000616683461063429
-0.0010680887288526
-0.00147348635556025
0.00127158121557519
0.00081213118177406
0.000555337041926317
0.000403222902325383
-0.00170817235077276
-0.00186940238950241
-0.00196842274425005
-0.00201806657543945
-0.00163628445469794
-0.00173525658960899
-0.00178063582487099
0.00649049491492187
0.00482125492642542
0.00350135268074223
0.00235577311971018
0.00129446090414998
0.000332988387836397
0.00660751926346775
0.00509378453088529
0.00382508005440492
0.0027581254105608
0.0018485863889412
0.00112530447993912
0.000454014661603921
-9.53400340546648e-05
-0.000577066363255774
-0.000996768485586053
-0.00135457637499173
-0.00167425815227793
-0.00195159529153638
-0.00220342546611357
-0.00242647082728962
-0.00261919346796668
-0.00280296132455804
-0.00021987751410296
-0.000638872317146719
-0.00102493422385447
-0.00135258811727323
-0.00166010988596847
-0.00193195558837711
-0.00217428995513311
-0.0023901995698552
-0.00258353306439671
-0.00275302485318418
-0.00290592904781651
-0.00304367713049193
-0.00316445333715824
-0.00326625027411209
-0.00334903917923345
-0.00341402704632404
-0.00346206779993339
-0.0034936376666632
-0.00350978146319853
-2.0108467367689e-06
-0.000236558560286554
-0.000421324463917663
-0.000546651750733545
-0.000623841681303128
-0.000662454249261117
-0.00294021879007109
-0.00307291295793817
-0.00318619655564797
-0.00327288635722174
-0.00334057990281104
-0.0033847848416942
-0.00340768154978699
-0.00289707739443651
-0.0029753471049902
-0.0030283565687354
-0.00305428162473066
