8.49074815423344e-05
8.49074815423345e-05
8.49074815423345e-05
8.49074815423346e-05
8.49074815423345e-05
8.49074815423346e-05
8.49074815423348e-05
8.49074815423344e-05
8.49074815423345e-05
8.49074815423346e-05
8.49074815423348e-05
8.49074815423348e-05
8.49074815423349e-05
8.4907481542335e-05
8.4907481542335e-05
8.49074815423344e-05
8.49074815423343e-05
8.49074815423343e-05
8.49074815423342e-05
8.49074815423343e-05
8.49074815423343e-05
8.49074815423343e-05
8.49074815423343e-05
8.49074815423344e-05
8.49074815423344e-05
8.49074815423345e-05
8.49074815423346e-05
8.49074815423347e-05
8.49074815423348e-05
8.49074815423348e-05
8.49074815423349e-05
8.49074815423349e-05
8.49074815423344e-05
8.49074815423344e-05
8.49074815423344e-05
8.49074815423344e-05
8.49074815423344e-05
8.49074815423344e-05
8.49074815423343e-05
8.49074815423343e-05
8.49074815423347e-05
8.49074815423348e-05
8.4907481542335e-05
8.49074815423351e-05
8.49074815423353e-05
8.49074815423346e-05
8.49074815423347e-05
8.49074815423348e-05
8.49074815423353e-05
8.49074815423354e-05
8.49074815423355e-05
8.49074815423355e-05
8.49074815423356e-05
8.49074815423357e-05
8.49074815423358e-05
8.49074815423358e-05
8.49074815423358e-05
8.49074815423358e-05
8.49074815423358e-05
8.49074815423359e-05
8.49074815423359e-05
8.49074815423359e-05
8.49074815423359e-05
8.4907481542336e-05
8.4907481542336e-05
8.4907481542336e-05
8.49074815423361e-05
8.49074815423361e-05
8.49074815423361e-05
8.49074815423361e-05
8.4907481542336e-05
8.4907481542336e-05
8.4907481542336e-05
8.4907481542336e-05
8.4907481542336e-05
8.4907481542336e-05
8.49074815423361e-05
8.49074815423361e-05
8.49074815423361e-05
8.49074815423361e-05
8.49074815423361e-05
8.49074815423361e-05
8.49074815423354e-05
8.49074815423355e-05
8.49074815423356e-05
8.49074815423357e-05
8.49074815423358e-05
8.49074815423358e-05
8.49074815423358e-05
8.49074815423358e-05
8.49074815423358e-05
8.49074815423357e-05
8.49074815423357e-05
8.49074815423348e-05
8.49074815423349e-05
8.49074815423351e-05
8.49074815423348e-05
8.49074815423349e-05
8.4907481542335e-05
8.49074815423351e-05
8.49074815423352e-05
8.49074815423353e-05
8.49074815423352e-05
8.49074815423353e-05
8.49074815423353e-05
8.49074815423354e-05
8.49074815423354e-05
8.49074815423354e-05
8.49074815423354e-05
8.49074815423354e-05
8.49074815423354e-05
8.49074815423355e-05
8.49074815423356e-05
8.49074815423356e-05
8.49074815423357e-05
8.49074815423357e-05
8.49074815423357e-05
8.49074815423357e-05
8.49074815423354e-05
8.49074815423356e-05
8.49074815423358e-05
8.4907481542336e-05
8.49074815423362e-05
8.49074815423364e-05
8.49074815423354e-05
8.49074815423355e-05
8.49074815423356e-05
8.49074815423366e-05
8.49074815423367e-05
8.49074815423369e-05
8.4907481542337e-05
8.49074815423372e-05
8.49074815423373e-05
8.49074815423374e-05
8.49074815423374e-05
8.49074815423374e-05
8.49074815423374e-05
8.49074815423374e-05
8.49074815423373e-05
8.49074815423373e-05
8.49074815423373e-05
8.49074815423373e-05
8.49074815423372e-05
8.49074815423372e-05
8.49074815423372e-05
8.49074815423372e-05
8.49074815423372e-05
8.49074815423372e-05
8.49074815423372e-05
8.49074815423372e-05
8.49074815423373e-05
8.49074815423374e-05
8.49074815423375e-05
8.49074815423375e-05
8.49074815423376e-05
8.49074815423377e-05
8.49074815423377e-05
8.49074815423377e-05
8.49074815423378e-05
8.49074815423378e-05
8.49074815423377e-05
8.49074815423365e-05
8.49074815423366e-05
8.49074815423366e-05
8.49074815423367e-05
8.49074815423367e-05
8.49074815423368e-05
8.49074815423369e-05
8.4907481542337e-05
8.49074815423371e-05
8.49074815423372e-05
8.49074815423372e-05
8.49074815423373e-05
8.49074815423374e-05
8.49074815423374e-05
8.49074815423375e-05
8.49074815423375e-05
8.49074815423375e-05
8.49074815423375e-05
8.49074815423375e-05
8.49074815423376e-05
8.49074815423376e-05
8.49074815423376e-05
8.49074815423376e-05
8.49074815423357e-05
8.49074815423357e-05
8.49074815423357e-05
8.49074815423358e-05
8.49074815423358e-05
8.49074815423358e-05
8.49074815423359e-05
8.49074815423359e-05
8.4907481542336e-05
8.49074815423361e-05
8.49074815423361e-05
8.49074815423361e-05
8.49074815423361e-05
8.49074815423358e-05
8.49074815423359e-05
8.4907481542336e-05
8.49074815423361e-05
8.49074815423362e-05
8.49074815423363e-05
8.49074815423364e-05
8.49074815423364e-05
8.49074815423364e-05
8.49074815423364e-05
8.49074815423364e-05
8.49074815423364e-05
8.49074815423364e-05
8.49074815423364e-05
8.49074815423364e-05
8.49074815423364e-05
8.49074815423364e-05
8.49074815423364e-05
8.49074815423364e-05
8.49074815423364e-05
8.49074815423365e-05
8.49074815423365e-05
8.49074815423365e-05
8.49074815423366e-05
8.49074815423367e-05
8.49074815423367e-05
8.49074815423368e-05
8.49074815423369e-05
8.49074815423369e-05
8.4907481542337e-05
8.4907481542337e-05
8.4907481542337e-05
8.4907481542337e-05
8.4907481542337e-05
8.4907481542337e-05
8.4907481542337e-05
8.4907481542337e-05
8.4907481542335e-05
8.4907481542335e-05
8.49074815423349e-05
8.49074815423349e-05
8.49074815423349e-05
8.49074815423349e-05
8.49074815423349e-05
8.49074815423349e-05
8.4907481542335e-05
8.4907481542335e-05
8.49074815423351e-05
8.49074815423351e-05
8.49074815423352e-05
8.49074815423353e-05
8.49074815423353e-05
8.49074815423353e-05
8.49074815423353e-05
8.49074815423353e-05
8.49074815423353e-05
8.49074815423353e-05
8.49074815423353e-05
8.49074815423353e-05
8.49074815423351e-05
8.49074815423352e-05
8.49074815423353e-05
8.49074815423354e-05
8.49074815423353e-05
8.49074815423353e-05
8.49074815423353e-05
8.49074815423353e-05
8.49074815423353e-05
8.49074815423353e-05
8.49074815423353e-05
8.49074815423353e-05
8.49074815423353e-05
8.49074815423353e-05
8.49074815423354e-05
8.49074815423354e-05
8.49074815423355e-05
8.49074815423355e-05
8.49074815423355e-05
8.49074815423355e-05
8.49074815423355e-05
8.49074815423355e-05
8.49074815423354e-05
8.49074815423354e-05
8.49074815423354e-05
8.49074815423354e-05
8.49074815423348e-05
8.49074815423348e-05
8.49074815423349e-05
8.49074815423349e-05
8.49074815423351e-05
8.49074815423351e-05
8.49074815423349e-05
8.4907481542335e-05
8.4907481542335e-05
8.4907481542335e-05
8.4907481542335e-05
8.49074815423351e-05
8.49074815423352e-05
8.49074815423353e-05
8.49074815423353e-05
8.49074815423355e-05
8.49074815423356e-05
8.49074815423357e-05
8.49074815423358e-05
8.49074815423359e-05
8.49074815423359e-05
8.49074815423361e-05
8.49074815423361e-05
8.49074815423363e-05
8.49074815423364e-05
8.49074815423366e-05
8.49074815423368e-05
8.49074815423369e-05
8.4907481542337e-05
8.49074815423371e-05
8.49074815423371e-05
8.49074815423372e-05
8.49074815423372e-05
8.49074815423373e-05
8.49074815423373e-05
8.49074815423373e-05
8.49074815423372e-05
8.49074815423372e-05
8.49074815423372e-05
8.49074815423373e-05
8.49074815423373e-05
8.49074815423373e-05
8.49074815423373e-05
8.49074815423351e-05
8.49074815423351e-05
8.49074815423351e-05
8.49074815423352e-05
8.49074815423353e-05
8.49074815423353e-05
8.49074815423353e-05
8.49074815423353e-05
8.49074815423353e-05
8.49074815423354e-05
8.49074815423353e-05
8.49074815423353e-05
8.49074815423353e-05
8.49074815423351e-05
8.49074815423353e-05
8.49074815423353e-05
8.49074815423355e-05
8.49074815423356e-05
8.49074815423356e-05
8.49074815423353e-05
8.49074815423352e-05
8.49074815423351e-05
8.4907481542335e-05
8.49074815423348e-05
8.49074815423348e-05
8.49074815423347e-05
8.49074815423346e-05
8.49074815423345e-05
8.49074815423345e-05
8.49074815423345e-05
8.49074815423346e-05
8.49074815423346e-05
8.49074815423346e-05
8.49074815423345e-05
8.49074815423345e-05
8.49074815423345e-05
8.49074815423344e-05
8.49074815423345e-05
8.49074815423345e-05
8.49074815423346e-05
8.49074815423346e-05
8.49074815423347e-05
8.49074815423347e-05
8.49074815423347e-05
8.49074815423347e-05
8.49074815423347e-05
8.49074815423357e-05
8.49074815423358e-05
8.49074815423359e-05
8.4907481542336e-05
8.49074815423361e-05
8.49074815423363e-05
8.49074815423365e-05
8.49074815423366e-05
8.49074815423367e-05
8.49074815423368e-05
8.49074815423369e-05
8.49074815423369e-05
8.4907481542337e-05
8.49074815423371e-05
8.49074815423372e-05
8.49074815423372e-05
8.49074815423374e-05
8.49074815423375e-05
8.49074815423376e-05
8.49074815423376e-05
8.49074815423376e-05
8.49074815423376e-05
8.49074815423376e-05
8.49074815423376e-05
8.49074815423357e-05
8.49074815423358e-05
8.49074815423359e-05
8.49074815423359e-05
8.4907481542336e-05
8.4907481542336e-05
8.49074815423361e-05
8.49074815423361e-05
8.49074815423361e-05
8.49074815423361e-05
8.49074815423362e-05
8.49074815423362e-05
8.49074815423352e-05
8.49074815423352e-05
8.49074815423353e-05
8.49074815423353e-05
8.49074815423354e-05
8.49074815423354e-05
8.49074815423355e-05
8.49074815423355e-05
8.49074815423355e-05
8.49074815423356e-05
8.49074815423356e-05
8.49074815423356e-05
8.49074815423356e-05
8.49074815423357e-05
8.49074815423357e-05
8.49074815423358e-05
8.49074815423359e-05
8.49074815423359e-05
8.49074815423359e-05
8.49074815423359e-05
8.49074815423359e-05
8.49074815423359e-05
8.49074815423359e-05
8.49074815423352e-05
8.49074815423352e-05
8.49074815423353e-05
8.49074815423353e-05
8.49074815423354e-05
8.49074815423355e-05
8.49074815423356e-05
8.49074815423356e-05
8.49074815423356e-05
8.49074815423357e-05
8.49074815423357e-05
8.49074815423358e-05
8.49074815423358e-05
8.49074815423358e-05
8.49074815423358e-05
8.49074815423358e-05
8.49074815423359e-05
8.49074815423359e-05
8.4907481542336e-05
8.4907481542336e-05
8.4907481542336e-05
8.49074815423361e-05
8.49074815423361e-05
8.49074815423362e-05
8.49074815423362e-05
8.49074815423363e-05
8.49074815423364e-05
8.49074815423364e-05
8.49074815423364e-05
8.49074815423364e-05
8.49074815423365e-05
8.49074815423364e-05
8.49074815423364e-05
8.49074815423364e-05
8.49074815423364e-05
8.4907481542335e-05
8.4907481542335e-05
8.4907481542335e-05
8.4907481542335e-05
8.4907481542335e-05
8.4907481542335e-05
8.49074815423349e-05
8.49074815423349e-05
8.49074815423349e-05
8.49074815423349e-05
8.49074815423349e-05
8.49074815423348e-05
8.49074815423347e-05
8.49074815423347e-05
8.49074815423347e-05
8.49074815423349e-05
8.49074815423349e-05
8.49074815423349e-05
8.49074815423348e-05
8.49074815423348e-05
8.49074815423348e-05
8.49074815423348e-05
8.49074815423348e-05
8.49074815423348e-05
8.49074815423347e-05
8.49074815423347e-05
8.49074815423347e-05
8.49074815423347e-05
8.49074815423346e-05
8.49074815423346e-05
8.49074815423346e-05
8.49074815423347e-05
8.49074815423347e-05
8.49074815423348e-05
8.49074815423349e-05
8.49074815423349e-05
8.4907481542335e-05
8.4907481542335e-05
8.49074815423349e-05
8.49074815423349e-05
8.49074815423348e-05
8.49074815423348e-05
8.49074815423348e-05
8.49074815423347e-05
8.49074815423347e-05
8.49074815423347e-05
8.49074815423347e-05
8.49074815423346e-05
8.49074815423346e-05
8.49074815423346e-05
8.49074815423346e-05
8.49074815423349e-05
8.49074815423349e-05
8.49074815423349e-05
8.4907481542335e-05
8.4907481542335e-05
8.4907481542335e-05
8.4907481542335e-05
8.4907481542335e-05
8.4907481542335e-05
8.4907481542335e-05
8.4907481542335e-05
8.49074815423349e-05
8.4907481542335e-05
8.4907481542335e-05
8.4907481542335e-05
8.4907481542335e-05
8.49074815423351e-05
8.49074815423352e-05
8.49074815423352e-05
8.49074815423352e-05
8.49074815423352e-05
8.49074815423352e-05
8.49074815423352e-05
8.49074815423352e-05
8.49074815423352e-05
8.49074815423352e-05
8.49074815423353e-05
8.49074815423353e-05
8.49074815423353e-05
8.49074815423349e-05
8.49074815423349e-05
8.49074815423349e-05
8.49074815423349e-05
8.49074815423349e-05
8.49074815423349e-05
8.49074815423349e-05
8.4907481542335e-05
8.4907481542335e-05
8.4907481542335e-05
8.4907481542335e-05
8.49074815423351e-05
8.49074815423351e-05
8.49074815423351e-05
8.4907481542335e-05
8.4907481542335e-05
8.49074815423349e-05
8.49074815423349e-05
8.49074815423349e-05
8.49074815423349e-05
8.49074815423349e-05
8.49074815423349e-05
8.49074815423348e-05
8.49074815423348e-05
8.49074815423349e-05
8.49074815423349e-05
8.49074815423349e-05
8.49074815423349e-05
8.4907481542335e-05
8.4907481542335e-05
8.4907481542335e-05
8.49074815423351e-05
8.49074815423343e-05
8.49074815423343e-05
8.49074815423343e-05
8.49074815423342e-05
8.49074815423342e-05
8.49074815423343e-05
8.49074815423342e-05
8.49074815423342e-05
8.49074815423341e-05
8.49074815423341e-05
8.4907481542334e-05
8.4907481542334e-05
8.4907481542334e-05
8.49074815423339e-05
8.49074815423339e-05
8.49074815423339e-05
8.49074815423338e-05
8.49074815423338e-05
8.49074815423338e-05
8.49074815423339e-05
8.49074815423339e-05
8.49074815423339e-05
8.49074815423339e-05
8.4907481542334e-05
8.4907481542334e-05
8.49074815423341e-05
8.49074815423341e-05
8.49074815423341e-05
8.49074815423342e-05
8.49074815423342e-05
8.49074815423342e-05
8.49074815423342e-05
8.49074815423341e-05
8.49074815423341e-05
8.49074815423343e-05
8.49074815423345e-05
8.49074815423347e-05
8.4907481542335e-05
8.49074815423339e-05
8.49074815423338e-05
8.49074815423336e-05
8.49074815423344e-05
8.49074815423346e-05
8.49074815423349e-05
8.49074815423351e-05
8.49074815423354e-05
8.49074815423337e-05
8.49074815423338e-05
8.4907481542334e-05
8.49074815423341e-05
8.49074815423334e-05
8.49074815423332e-05
8.49074815423331e-05
8.49074815423343e-05
8.49074815423345e-05
8.49074815423347e-05
8.49074815423348e-05
8.4907481542335e-05
8.49074815423352e-05
8.49074815423353e-05
8.49074815423354e-05
8.49074815423355e-05
8.49074815423357e-05
8.49074815423358e-05
8.4907481542336e-05
8.49074815423342e-05
8.49074815423343e-05
8.49074815423344e-05
8.49074815423345e-05
8.49074815423346e-05
8.49074815423346e-05
8.49074815423347e-05
8.49074815423348e-05
8.49074815423349e-05
8.49074815423349e-05
8.4907481542335e-05
8.49074815423351e-05
8.49074815423352e-05
8.49074815423353e-05
8.49074815423354e-05
8.49074815423355e-05
8.49074815423355e-05
8.49074815423356e-05
8.49074815423357e-05
8.49074815423357e-05
8.49074815423357e-05
8.49074815423357e-05
8.49074815423357e-05
8.49074815423358e-05
8.49074815423358e-05
8.4907481542336e-05
8.4907481542336e-05
8.4907481542336e-05
8.49074815423361e-05
8.49074815423361e-05
8.49074815423361e-05
8.49074815423361e-05
8.49074815423361e-05
8.49074815423362e-05
8.49074815423363e-05
8.49074815423363e-05
8.49074815423362e-05
8.49074815423362e-05
8.49074815423363e-05
8.49074815423363e-05
8.49074815423364e-05
8.49074815423364e-05
8.49074815423364e-05
8.49074815423364e-05
8.49074815423364e-05
8.49074815423364e-05
8.49074815423364e-05
8.49074815423364e-05
8.49074815423364e-05
8.49074815423364e-05
8.4907481542333e-05
8.4907481542333e-05
8.4907481542333e-05
8.4907481542333e-05
8.4907481542333e-05
8.49074815423331e-05
8.49074815423331e-05
8.49074815423332e-05
8.49074815423332e-05
8.49074815423332e-05
8.49074815423332e-05
8.49074815423332e-05
8.49074815423332e-05
8.49074815423332e-05
8.4907481542333e-05
8.4907481542333e-05
8.49074815423329e-05
8.49074815423328e-05
8.49074815423327e-05
8.49074815423326e-05
8.49074815423326e-05
8.49074815423325e-05
8.49074815423324e-05
8.49074815423324e-05
8.49074815423323e-05
8.49074815423322e-05
8.49074815423322e-05
8.49074815423323e-05
8.49074815423323e-05
8.49074815423323e-05
8.49074815423323e-05
8.49074815423323e-05
8.49074815423333e-05
8.49074815423333e-05
8.49074815423333e-05
8.49074815423333e-05
8.49074815423334e-05
8.49074815423334e-05
8.49074815423335e-05
8.49074815423336e-05
8.49074815423336e-05
8.49074815423338e-05
8.49074815423338e-05
8.49074815423339e-05
8.49074815423339e-05
8.49074815423338e-05
8.49074815423338e-05
8.49074815423338e-05
8.49074815423338e-05
8.49074815423338e-05
8.49074815423332e-05
8.49074815423333e-05
8.49074815423333e-05
8.49074815423334e-05
8.49074815423335e-05
8.49074815423335e-05
8.49074815423335e-05
8.49074815423336e-05
8.49074815423336e-05
8.49074815423336e-05
8.49074815423336e-05
8.49074815423357e-05
8.4907481542336e-05
8.49074815423362e-05
8.49074815423365e-05
8.49074815423367e-05
8.49074815423369e-05
8.4907481542337e-05
8.49074815423372e-05
8.49074815423373e-05
8.49074815423375e-05
8.49074815423376e-05
8.49074815423356e-05
8.49074815423357e-05
8.49074815423357e-05
8.49074815423358e-05
8.49074815423359e-05
8.49074815423359e-05
8.4907481542336e-05
8.49074815423361e-05
8.49074815423362e-05
8.49074815423362e-05
8.49074815423363e-05
8.49074815423363e-05
8.49074815423363e-05
8.49074815423377e-05
8.49074815423379e-05
8.4907481542338e-05
8.4907481542338e-05
8.49074815423381e-05
8.49074815423382e-05
8.49074815423382e-05
8.49074815423382e-05
8.49074815423382e-05
8.49074815423377e-05
8.49074815423377e-05
8.49074815423378e-05
8.49074815423378e-05
8.49074815423379e-05
8.49074815423379e-05
8.4907481542338e-05
8.4907481542338e-05
8.49074815423381e-05
8.49074815423381e-05
8.49074815423381e-05
8.49074815423381e-05
8.49074815423381e-05
8.49074815423381e-05
8.49074815423382e-05
8.49074815423384e-05
8.49074815423385e-05
8.49074815423387e-05
8.49074815423388e-05
8.49074815423388e-05
8.49074815423388e-05
8.49074815423388e-05
8.49074815423351e-05
8.49074815423352e-05
8.49074815423353e-05
8.49074815423354e-05
8.49074815423355e-05
8.49074815423357e-05
8.49074815423358e-05
8.49074815423359e-05
8.4907481542336e-05
8.49074815423361e-05
8.49074815423362e-05
8.49074815423362e-05
8.49074815423363e-05
8.49074815423364e-05
8.49074815423365e-05
8.49074815423366e-05
8.49074815423351e-05
8.49074815423352e-05
8.49074815423354e-05
8.49074815423355e-05
8.49074815423357e-05
8.49074815423358e-05
8.4907481542336e-05
8.49074815423361e-05
8.49074815423362e-05
8.49074815423363e-05
8.49074815423363e-05
8.49074815423364e-05
8.49074815423365e-05
8.49074815423366e-05
8.49074815423367e-05
8.49074815423368e-05
8.49074815423369e-05
8.49074815423369e-05
8.4907481542337e-05
8.4907481542337e-05
8.4907481542337e-05
8.4907481542337e-05
8.4907481542337e-05
8.49074815423371e-05
8.49074815423372e-05
8.49074815423372e-05
8.49074815423372e-05
8.49074815423373e-05
8.49074815423373e-05
8.49074815423373e-05
8.49074815423366e-05
8.49074815423367e-05
8.49074815423367e-05
8.49074815423367e-05
8.49074815423366e-05
8.49074815423366e-05
8.49074815423366e-05
8.49074815423367e-05
8.49074815423367e-05
8.49074815423367e-05
8.49074815423367e-05
8.49074815423367e-05
8.49074815423366e-05
8.49074815423366e-05
8.49074815423366e-05
8.49074815423367e-05
8.49074815423367e-05
8.49074815423368e-05
8.49074815423369e-05
8.4907481542337e-05
8.49074815423371e-05
8.49074815423372e-05
8.49074815423372e-05
8.49074815423372e-05
8.49074815423373e-05
8.49074815423373e-05
8.49074815423373e-05
8.49074815423372e-05
8.49074815423366e-05
8.49074815423366e-05
8.49074815423367e-05
8.49074815423367e-05
8.49074815423368e-05
8.49074815423369e-05
8.4907481542337e-05
8.49074815423371e-05
8.49074815423372e-05
8.49074815423373e-05
8.49074815423374e-05
8.49074815423374e-05
8.49074815423374e-05
8.49074815423375e-05
8.49074815423376e-05
8.49074815423377e-05
8.49074815423378e-05
8.49074815423379e-05
8.4907481542338e-05
8.49074815423381e-05
8.49074815423382e-05
8.49074815423383e-05
8.49074815423383e-05
8.49074815423384e-05
8.49074815423385e-05
8.49074815423386e-05
8.49074815423387e-05
8.49074815423388e-05
8.49074815423388e-05
8.49074815423389e-05
8.4907481542339e-05
8.49074815423372e-05
8.49074815423372e-05
8.49074815423372e-05
8.49074815423372e-05
8.49074815423372e-05
8.49074815423372e-05
8.49074815423372e-05
8.49074815423372e-05
8.49074815423372e-05
8.49074815423372e-05
8.49074815423372e-05
8.49074815423371e-05
8.49074815423371e-05
8.4907481542337e-05
8.49074815423369e-05
8.49074815423369e-05
8.49074815423368e-05
8.49074815423368e-05
8.49074815423368e-05
8.49074815423368e-05
8.49074815423368e-05
8.49074815423368e-05
8.49074815423367e-05
8.49074815423366e-05
8.49074815423365e-05
8.49074815423364e-05
8.49074815423372e-05
8.49074815423372e-05
8.49074815423372e-05
8.49074815423364e-05
8.49074815423364e-05
8.49074815423363e-05
8.49074815423363e-05
8.49074815423363e-05
8.49074815423362e-05
8.49074815423363e-05
8.49074815423362e-05
8.49074815423361e-05
8.49074815423361e-05
8.49074815423362e-05
8.49074815423361e-05
8.49074815423361e-05
8.49074815423361e-05
8.49074815423362e-05
8.49074815423361e-05
8.49074815423361e-05
8.49074815423391e-05
8.49074815423392e-05
8.49074815423393e-05
8.49074815423395e-05
8.49074815423396e-05
8.49074815423398e-05
8.49074815423389e-05
8.49074815423389e-05
8.49074815423389e-05
8.49074815423389e-05
8.49074815423389e-05
8.49074815423388e-05
8.49074815423388e-05
8.49074815423387e-05
8.49074815423386e-05
8.49074815423386e-05
8.49074815423386e-05
8.49074815423386e-05
8.49074815423385e-05
8.49074815423384e-05
8.49074815423384e-05
8.49074815423384e-05
8.49074815423384e-05
8.49074815423401e-05
8.49074815423403e-05
8.49074815423405e-05
8.49074815423407e-05
8.49074815423409e-05
8.4907481542341e-05
8.49074815423411e-05
8.49074815423412e-05
8.49074815423413e-05
8.49074815423413e-05
8.49074815423414e-05
8.49074815423415e-05
8.49074815423415e-05
8.49074815423415e-05
8.49074815423415e-05
8.49074815423416e-05
8.49074815423416e-05
8.49074815423416e-05
8.49074815423416e-05
8.49074815423397e-05
8.49074815423396e-05
8.49074815423396e-05
8.49074815423395e-05
8.49074815423394e-05
8.49074815423394e-05
8.49074815423383e-05
8.49074815423383e-05
8.49074815423383e-05
8.49074815423383e-05
8.49074815423383e-05
8.49074815423383e-05
8.49074815423383e-05
8.49074815423384e-05
8.49074815423384e-05
8.49074815423384e-05
8.49074815423384e-05
