5.3687917839998e-05
5.3687917839998e-05
5.3687917839998e-05
5.3687917839998e-05
5.3687917839998e-05
5.36879178399981e-05
5.36879178399982e-05
5.3687917839998e-05
5.3687917839998e-05
5.36879178399981e-05
5.36879178399982e-05
5.36879178399983e-05
5.36879178399983e-05
5.36879178399984e-05
5.36879178399984e-05
5.3687917839998e-05
5.3687917839998e-05
5.36879178399979e-05
5.36879178399978e-05
5.36879178399979e-05
5.36879178399979e-05
5.36879178399979e-05
5.36879178399979e-05
5.36879178399979e-05
5.3687917839998e-05
5.3687917839998e-05
5.36879178399981e-05
5.36879178399981e-05
5.36879178399982e-05
5.36879178399982e-05
5.36879178399982e-05
5.36879178399983e-05
5.3687917839998e-05
5.3687917839998e-05
5.3687917839998e-05
5.3687917839998e-05
5.3687917839998e-05
5.36879178399979e-05
5.36879178399979e-05
5.36879178399979e-05
5.36879178399981e-05
5.36879178399982e-05
5.36879178399983e-05
5.36879178399984e-05
5.36879178399985e-05
5.36879178399981e-05
5.36879178399981e-05
5.36879178399982e-05
5.36879178399985e-05
5.36879178399986e-05
5.36879178399986e-05
5.36879178399986e-05
5.36879178399987e-05
5.36879178399987e-05
5.36879178399988e-05
5.36879178399988e-05
5.36879178399988e-05
5.36879178399988e-05
5.36879178399988e-05
5.36879178399988e-05
5.36879178399988e-05
5.36879178399988e-05
5.36879178399988e-05
5.36879178399988e-05
5.36879178399988e-05
5.36879178399988e-05
5.36879178399989e-05
5.36879178399989e-05
5.36879178399989e-05
5.36879178399989e-05
5.36879178399988e-05
5.36879178399988e-05
5.36879178399988e-05
5.36879178399988e-05
5.36879178399988e-05
5.36879178399988e-05
5.36879178399988e-05
5.36879178399988e-05
5.36879178399988e-05
5.36879178399988e-05
5.36879178399988e-05
5.36879178399988e-05
5.36879178399986e-05
5.36879178399987e-05
5.36879178399987e-05
5.36879178399988e-05
5.36879178399988e-05
5.36879178399989e-05
5.36879178399989e-05
5.36879178399989e-05
5.36879178399988e-05
5.36879178399988e-05
5.36879178399988e-05
5.36879178399982e-05
5.36879178399983e-05
5.36879178399984e-05
5.36879178399982e-05
5.36879178399983e-05
5.36879178399984e-05
5.36879178399984e-05
5.36879178399985e-05
5.36879178399986e-05
5.36879178399984e-05
5.36879178399985e-05
5.36879178399985e-05
5.36879178399986e-05
5.36879178399986e-05
5.36879178399986e-05
5.36879178399986e-05
5.36879178399986e-05
5.36879178399986e-05
5.36879178399986e-05
5.36879178399986e-05
5.36879178399987e-05
5.36879178399987e-05
5.36879178399987e-05
5.36879178399988e-05
5.36879178399988e-05
5.36879178399986e-05
5.36879178399986e-05
5.36879178399987e-05
5.36879178399988e-05
5.36879178399989e-05
5.3687917839999e-05
5.36879178399986e-05
5.36879178399986e-05
5.36879178399987e-05
5.36879178399991e-05
5.36879178399992e-05
5.36879178399993e-05
5.36879178399993e-05
5.36879178399994e-05
5.36879178399994e-05
5.36879178399995e-05
5.36879178399995e-05
5.36879178399995e-05
5.36879178399994e-05
5.36879178399994e-05
5.36879178399994e-05
5.36879178399994e-05
5.36879178399994e-05
5.36879178399993e-05
5.36879178399993e-05
5.36879178399993e-05
5.36879178399993e-05
5.36879178399993e-05
5.36879178399993e-05
5.36879178399992e-05
5.36879178399992e-05
5.36879178399992e-05
5.36879178399993e-05
5.36879178399993e-05
5.36879178399994e-05
5.36879178399994e-05
5.36879178399995e-05
5.36879178399995e-05
5.36879178399995e-05
5.36879178399995e-05
5.36879178399996e-05
5.36879178399996e-05
5.36879178399996e-05
5.3687917839999e-05
5.3687917839999e-05
5.3687917839999e-05
5.36879178399991e-05
5.36879178399991e-05
5.36879178399991e-05
5.36879178399992e-05
5.36879178399992e-05
5.36879178399993e-05
5.36879178399993e-05
5.36879178399993e-05
5.36879178399994e-05
5.36879178399994e-05
5.36879178399994e-05
5.36879178399994e-05
5.36879178399995e-05
5.36879178399995e-05
5.36879178399995e-05
5.36879178399995e-05
5.36879178399995e-05
5.36879178399995e-05
5.36879178399995e-05
5.36879178399995e-05
5.36879178399987e-05
5.36879178399987e-05
5.36879178399987e-05
5.36879178399988e-05
5.36879178399988e-05
5.36879178399988e-05
5.36879178399988e-05
5.36879178399988e-05
5.36879178399989e-05
5.36879178399989e-05
5.36879178399989e-05
5.36879178399989e-05
5.36879178399989e-05
5.36879178399988e-05
5.36879178399988e-05
5.36879178399989e-05
5.3687917839999e-05
5.3687917839999e-05
5.36879178399991e-05
5.36879178399991e-05
5.36879178399991e-05
5.36879178399991e-05
5.36879178399991e-05
5.36879178399991e-05
5.36879178399991e-05
5.3687917839999e-05
5.3687917839999e-05
5.36879178399991e-05
5.3687917839999e-05
5.36879178399991e-05
5.36879178399991e-05
5.3687917839999e-05
5.36879178399991e-05
5.36879178399991e-05
5.36879178399991e-05
5.36879178399991e-05
5.36879178399991e-05
5.36879178399992e-05
5.36879178399992e-05
5.36879178399992e-05
5.36879178399992e-05
5.36879178399992e-05
5.36879178399993e-05
5.36879178399993e-05
5.36879178399993e-05
5.36879178399993e-05
5.36879178399993e-05
5.36879178399993e-05
5.36879178399993e-05
5.36879178399993e-05
5.36879178399984e-05
5.36879178399983e-05
5.36879178399983e-05
5.36879178399983e-05
5.36879178399983e-05
5.36879178399983e-05
5.36879178399983e-05
5.36879178399983e-05
5.36879178399984e-05
5.36879178399984e-05
5.36879178399985e-05
5.36879178399985e-05
5.36879178399985e-05
5.36879178399986e-05
5.36879178399986e-05
5.36879178399986e-05
5.36879178399986e-05
5.36879178399986e-05
5.36879178399986e-05
5.36879178399986e-05
5.36879178399985e-05
5.36879178399985e-05
5.36879178399984e-05
5.36879178399985e-05
5.36879178399985e-05
5.36879178399986e-05
5.36879178399986e-05
5.36879178399986e-05
5.36879178399985e-05
5.36879178399985e-05
5.36879178399985e-05
5.36879178399985e-05
5.36879178399985e-05
5.36879178399985e-05
5.36879178399986e-05
5.36879178399986e-05
5.36879178399986e-05
5.36879178399986e-05
5.36879178399987e-05
5.36879178399987e-05
5.36879178399987e-05
5.36879178399987e-05
5.36879178399987e-05
5.36879178399987e-05
5.36879178399986e-05
5.36879178399986e-05
5.36879178399986e-05
5.36879178399986e-05
5.36879178399982e-05
5.36879178399982e-05
5.36879178399983e-05
5.36879178399983e-05
5.36879178399983e-05
5.36879178399984e-05
5.36879178399983e-05
5.36879178399983e-05
5.36879178399983e-05
5.36879178399983e-05
5.36879178399983e-05
5.36879178399984e-05
5.36879178399984e-05
5.36879178399985e-05
5.36879178399985e-05
5.36879178399986e-05
5.36879178399986e-05
5.36879178399987e-05
5.36879178399987e-05
5.36879178399988e-05
5.36879178399988e-05
5.36879178399989e-05
5.36879178399989e-05
5.3687917839999e-05
5.3687917839999e-05
5.36879178399991e-05
5.36879178399992e-05
5.36879178399993e-05
5.36879178399993e-05
5.36879178399994e-05
5.36879178399994e-05
5.36879178399994e-05
5.36879178399994e-05
5.36879178399994e-05
5.36879178399994e-05
5.36879178399994e-05
5.36879178399994e-05
5.36879178399993e-05
5.36879178399994e-05
5.36879178399994e-05
5.36879178399994e-05
5.36879178399994e-05
5.36879178399994e-05
5.36879178399983e-05
5.36879178399984e-05
5.36879178399984e-05
5.36879178399984e-05
5.36879178399985e-05
5.36879178399985e-05
5.36879178399985e-05
5.36879178399985e-05
5.36879178399986e-05
5.36879178399986e-05
5.36879178399986e-05
5.36879178399986e-05
5.36879178399986e-05
5.36879178399984e-05
5.36879178399984e-05
5.36879178399985e-05
5.36879178399985e-05
5.36879178399986e-05
5.36879178399986e-05
5.36879178399984e-05
5.36879178399984e-05
5.36879178399983e-05
5.36879178399982e-05
5.36879178399982e-05
5.36879178399982e-05
5.36879178399981e-05
5.36879178399981e-05
5.3687917839998e-05
5.3687917839998e-05
5.3687917839998e-05
5.36879178399981e-05
5.36879178399981e-05
5.36879178399981e-05
5.36879178399981e-05
5.36879178399981e-05
5.36879178399981e-05
5.36879178399981e-05
5.36879178399981e-05
5.36879178399981e-05
5.36879178399982e-05
5.36879178399982e-05
5.36879178399982e-05
5.36879178399983e-05
5.36879178399983e-05
5.36879178399983e-05
5.36879178399983e-05
5.36879178399987e-05
5.36879178399987e-05
5.36879178399987e-05
5.36879178399988e-05
5.36879178399989e-05
5.3687917839999e-05
5.36879178399991e-05
5.36879178399991e-05
5.36879178399992e-05
5.36879178399992e-05
5.36879178399992e-05
5.36879178399993e-05
5.36879178399993e-05
5.36879178399993e-05
5.36879178399994e-05
5.36879178399994e-05
5.36879178399995e-05
5.36879178399996e-05
5.36879178399996e-05
5.36879178399996e-05
5.36879178399997e-05
5.36879178399997e-05
5.36879178399997e-05
5.36879178399997e-05
5.36879178399987e-05
5.36879178399987e-05
5.36879178399988e-05
5.36879178399988e-05
5.36879178399988e-05
5.36879178399988e-05
5.36879178399989e-05
5.36879178399989e-05
5.36879178399989e-05
5.36879178399989e-05
5.36879178399989e-05
5.36879178399989e-05
5.36879178399984e-05
5.36879178399985e-05
5.36879178399985e-05
5.36879178399986e-05
5.36879178399986e-05
5.36879178399986e-05
5.36879178399986e-05
5.36879178399987e-05
5.36879178399987e-05
5.36879178399987e-05
5.36879178399987e-05
5.36879178399987e-05
5.36879178399987e-05
5.36879178399987e-05
5.36879178399988e-05
5.36879178399988e-05
5.36879178399989e-05
5.36879178399989e-05
5.36879178399989e-05
5.36879178399989e-05
5.36879178399989e-05
5.36879178399989e-05
5.36879178399989e-05
5.36879178399984e-05
5.36879178399984e-05
5.36879178399985e-05
5.36879178399985e-05
5.36879178399985e-05
5.36879178399986e-05
5.36879178399986e-05
5.36879178399986e-05
5.36879178399987e-05
5.36879178399987e-05
5.36879178399987e-05
5.36879178399987e-05
5.36879178399987e-05
5.36879178399987e-05
5.36879178399987e-05
5.36879178399987e-05
5.36879178399987e-05
5.36879178399988e-05
5.36879178399988e-05
5.36879178399988e-05
5.36879178399988e-05
5.36879178399988e-05
5.36879178399989e-05
5.36879178399989e-05
5.36879178399989e-05
5.3687917839999e-05
5.3687917839999e-05
5.3687917839999e-05
5.3687917839999e-05
5.3687917839999e-05
5.3687917839999e-05
5.3687917839999e-05
5.3687917839999e-05
5.3687917839999e-05
5.3687917839999e-05
5.36879178399984e-05
5.36879178399984e-05
5.36879178399984e-05
5.36879178399984e-05
5.36879178399984e-05
5.36879178399984e-05
5.36879178399984e-05
5.36879178399983e-05
5.36879178399983e-05
5.36879178399983e-05
5.36879178399983e-05
5.36879178399983e-05
5.36879178399982e-05
5.36879178399982e-05
5.36879178399982e-05
5.36879178399984e-05
5.36879178399984e-05
5.36879178399984e-05
5.36879178399983e-05
5.36879178399983e-05
5.36879178399983e-05
5.36879178399983e-05
5.36879178399983e-05
5.36879178399983e-05
5.36879178399983e-05
5.36879178399983e-05
5.36879178399983e-05
5.36879178399982e-05
5.36879178399982e-05
5.36879178399982e-05
5.36879178399982e-05
5.36879178399982e-05
5.36879178399983e-05
5.36879178399983e-05
5.36879178399984e-05
5.36879178399984e-05
5.36879178399984e-05
5.36879178399985e-05
5.36879178399984e-05
5.36879178399984e-05
5.36879178399984e-05
5.36879178399983e-05
5.36879178399983e-05
5.36879178399983e-05
5.36879178399983e-05
5.36879178399983e-05
5.36879178399982e-05
5.36879178399982e-05
5.36879178399982e-05
5.36879178399982e-05
5.36879178399982e-05
5.36879178399982e-05
5.36879178399983e-05
5.36879178399983e-05
5.36879178399983e-05
5.36879178399983e-05
5.36879178399983e-05
5.36879178399983e-05
5.36879178399983e-05
5.36879178399983e-05
5.36879178399983e-05
5.36879178399983e-05
5.36879178399983e-05
5.36879178399983e-05
5.36879178399983e-05
5.36879178399983e-05
5.36879178399984e-05
5.36879178399984e-05
5.36879178399985e-05
5.36879178399985e-05
5.36879178399985e-05
5.36879178399985e-05
5.36879178399985e-05
5.36879178399985e-05
5.36879178399985e-05
5.36879178399985e-05
5.36879178399985e-05
5.36879178399985e-05
5.36879178399985e-05
5.36879178399985e-05
5.36879178399983e-05
5.36879178399983e-05
5.36879178399983e-05
5.36879178399983e-05
5.36879178399983e-05
5.36879178399983e-05
5.36879178399983e-05
5.36879178399983e-05
5.36879178399984e-05
5.36879178399984e-05
5.36879178399984e-05
5.36879178399984e-05
5.36879178399984e-05
5.36879178399984e-05
5.36879178399984e-05
5.36879178399984e-05
5.36879178399983e-05
5.36879178399983e-05
5.36879178399983e-05
5.36879178399983e-05
5.36879178399983e-05
5.36879178399983e-05
5.36879178399983e-05
5.36879178399983e-05
5.36879178399983e-05
5.36879178399984e-05
5.36879178399984e-05
5.36879178399984e-05
5.36879178399984e-05
5.36879178399984e-05
5.36879178399984e-05
5.36879178399984e-05
5.36879178399979e-05
5.36879178399979e-05
5.36879178399979e-05
5.36879178399979e-05
5.36879178399979e-05
5.36879178399979e-05
5.36879178399979e-05
5.36879178399979e-05
5.36879178399978e-05
5.36879178399978e-05
5.36879178399978e-05
5.36879178399978e-05
5.36879178399978e-05
5.36879178399977e-05
5.36879178399977e-05
5.36879178399977e-05
5.36879178399977e-05
5.36879178399977e-05
5.36879178399977e-05
5.36879178399977e-05
5.36879178399977e-05
5.36879178399977e-05
5.36879178399978e-05
5.36879178399978e-05
5.36879178399978e-05
5.36879178399979e-05
5.36879178399979e-05
5.36879178399979e-05
5.36879178399979e-05
5.3687917839998e-05
5.3687917839998e-05
5.36879178399978e-05
5.36879178399978e-05
5.36879178399978e-05
5.36879178399979e-05
5.3687917839998e-05
5.36879178399981e-05
5.36879178399982e-05
5.36879178399977e-05
5.36879178399977e-05
5.36879178399976e-05
5.3687917839998e-05
5.36879178399981e-05
5.36879178399983e-05
5.36879178399984e-05
5.36879178399985e-05
5.36879178399976e-05
5.36879178399977e-05
5.36879178399978e-05
5.36879178399979e-05
5.36879178399975e-05
5.36879178399974e-05
5.36879178399973e-05
5.3687917839998e-05
5.36879178399981e-05
5.36879178399982e-05
5.36879178399983e-05
5.36879178399984e-05
5.36879178399984e-05
5.36879178399985e-05
5.36879178399986e-05
5.36879178399986e-05
5.36879178399987e-05
5.36879178399988e-05
5.36879178399989e-05
5.3687917839998e-05
5.3687917839998e-05
5.36879178399981e-05
5.36879178399981e-05
5.36879178399982e-05
5.36879178399982e-05
5.36879178399982e-05
5.36879178399983e-05
5.36879178399983e-05
5.36879178399984e-05
5.36879178399984e-05
5.36879178399984e-05
5.36879178399985e-05
5.36879178399986e-05
5.36879178399986e-05
5.36879178399986e-05
5.36879178399987e-05
5.36879178399987e-05
5.36879178399988e-05
5.36879178399988e-05
5.36879178399988e-05
5.36879178399988e-05
5.36879178399988e-05
5.36879178399988e-05
5.36879178399988e-05
5.36879178399989e-05
5.36879178399989e-05
5.36879178399989e-05
5.36879178399989e-05
5.36879178399989e-05
5.3687917839999e-05
5.36879178399989e-05
5.3687917839999e-05
5.3687917839999e-05
5.3687917839999e-05
5.3687917839999e-05
5.3687917839999e-05
5.3687917839999e-05
5.3687917839999e-05
5.3687917839999e-05
5.3687917839999e-05
5.3687917839999e-05
5.3687917839999e-05
5.3687917839999e-05
5.3687917839999e-05
5.3687917839999e-05
5.3687917839999e-05
5.3687917839999e-05
5.3687917839999e-05
5.3687917839999e-05
5.36879178399973e-05
5.36879178399973e-05
5.36879178399973e-05
5.36879178399973e-05
5.36879178399973e-05
5.36879178399974e-05
5.36879178399974e-05
5.36879178399974e-05
5.36879178399974e-05
5.36879178399975e-05
5.36879178399975e-05
5.36879178399975e-05
5.36879178399975e-05
5.36879178399976e-05
5.36879178399973e-05
5.36879178399973e-05
5.36879178399972e-05
5.36879178399971e-05
5.36879178399971e-05
5.36879178399971e-05
5.36879178399971e-05
5.3687917839997e-05
5.3687917839997e-05
5.3687917839997e-05
5.36879178399969e-05
5.36879178399969e-05
5.36879178399969e-05
5.3687917839997e-05
5.3687917839997e-05
5.3687917839997e-05
5.3687917839997e-05
5.3687917839997e-05
5.36879178399976e-05
5.36879178399976e-05
5.36879178399976e-05
5.36879178399976e-05
5.36879178399977e-05
5.36879178399977e-05
5.36879178399977e-05
5.36879178399978e-05
5.36879178399978e-05
5.36879178399979e-05
5.3687917839998e-05
5.3687917839998e-05
5.3687917839998e-05
5.36879178399979e-05
5.36879178399979e-05
5.36879178399979e-05
5.36879178399979e-05
5.36879178399979e-05
5.36879178399976e-05
5.36879178399976e-05
5.36879178399976e-05
5.36879178399976e-05
5.36879178399977e-05
5.36879178399977e-05
5.36879178399977e-05
5.36879178399978e-05
5.36879178399978e-05
5.36879178399978e-05
5.36879178399978e-05
5.36879178399987e-05
5.36879178399988e-05
5.3687917839999e-05
5.36879178399991e-05
5.36879178399992e-05
5.36879178399993e-05
5.36879178399994e-05
5.36879178399994e-05
5.36879178399995e-05
5.36879178399996e-05
5.36879178399996e-05
5.36879178399986e-05
5.36879178399987e-05
5.36879178399987e-05
5.36879178399988e-05
5.36879178399988e-05
5.36879178399988e-05
5.36879178399989e-05
5.36879178399989e-05
5.3687917839999e-05
5.3687917839999e-05
5.3687917839999e-05
5.36879178399991e-05
5.36879178399991e-05
5.36879178399997e-05
5.36879178399998e-05
5.36879178399998e-05
5.36879178399999e-05
5.36879178399999e-05
5.36879178399999e-05
5.368791784e-05
5.36879178399999e-05
5.36879178399999e-05
5.36879178399997e-05
5.36879178399997e-05
5.36879178399997e-05
5.36879178399997e-05
5.36879178399997e-05
5.36879178399997e-05
5.36879178399997e-05
5.36879178399998e-05
5.36879178399998e-05
5.36879178399998e-05
5.36879178399998e-05
5.36879178399998e-05
5.36879178399998e-05
5.36879178399998e-05
5.36879178399999e-05
5.36879178399999e-05
5.368791784e-05
5.36879178400001e-05
5.36879178400001e-05
5.36879178400002e-05
5.36879178400002e-05
5.36879178400002e-05
5.36879178399983e-05
5.36879178399984e-05
5.36879178399984e-05
5.36879178399985e-05
5.36879178399986e-05
5.36879178399986e-05
5.36879178399987e-05
5.36879178399988e-05
5.36879178399988e-05
5.36879178399989e-05
5.36879178399989e-05
5.36879178399989e-05
5.3687917839999e-05
5.3687917839999e-05
5.36879178399991e-05
5.36879178399991e-05
5.36879178399983e-05
5.36879178399984e-05
5.36879178399985e-05
5.36879178399986e-05
5.36879178399986e-05
5.36879178399987e-05
5.36879178399988e-05
5.36879178399988e-05
5.36879178399989e-05
5.36879178399989e-05
5.36879178399989e-05
5.36879178399989e-05
5.3687917839999e-05
5.3687917839999e-05
5.36879178399992e-05
5.36879178399992e-05
5.36879178399992e-05
5.36879178399993e-05
5.36879178399993e-05
5.36879178399993e-05
5.36879178399993e-05
5.36879178399993e-05
5.36879178399993e-05
5.36879178399994e-05
5.36879178399994e-05
5.36879178399994e-05
5.36879178399994e-05
5.36879178399994e-05
5.36879178399994e-05
5.36879178399994e-05
5.36879178399991e-05
5.36879178399991e-05
5.36879178399991e-05
5.36879178399991e-05
5.36879178399991e-05
5.36879178399991e-05
5.36879178399991e-05
5.36879178399991e-05
5.36879178399991e-05
5.36879178399991e-05
5.36879178399991e-05
5.36879178399991e-05
5.36879178399991e-05
5.36879178399991e-05
5.36879178399991e-05
5.36879178399991e-05
5.36879178399991e-05
5.36879178399992e-05
5.36879178399992e-05
5.36879178399993e-05
5.36879178399993e-05
5.36879178399994e-05
5.36879178399994e-05
5.36879178399994e-05
5.36879178399994e-05
5.36879178399994e-05
5.36879178399994e-05
5.36879178399994e-05
5.3687917839999e-05
5.3687917839999e-05
5.36879178399991e-05
5.36879178399991e-05
5.36879178399991e-05
5.36879178399991e-05
5.36879178399992e-05
5.36879178399993e-05
5.36879178399993e-05
5.36879178399993e-05
5.36879178399994e-05
5.36879178399994e-05
5.36879178399994e-05
5.36879178399994e-05
5.36879178399994e-05
5.36879178399995e-05
5.36879178399995e-05
5.36879178399996e-05
5.36879178399996e-05
5.36879178399997e-05
5.36879178399997e-05
5.36879178399997e-05
5.36879178399998e-05
5.36879178399998e-05
5.36879178399998e-05
5.36879178399998e-05
5.36879178399999e-05
5.36879178399999e-05
5.36879178399999e-05
5.368791784e-05
5.368791784e-05
5.36879178399994e-05
5.36879178399994e-05
5.36879178399994e-05
5.36879178399994e-05
5.36879178399994e-05
5.36879178399994e-05
5.36879178399994e-05
5.36879178399994e-05
5.36879178399994e-05
5.36879178399994e-05
5.36879178399994e-05
5.36879178399993e-05
5.36879178399993e-05
5.36879178399993e-05
5.36879178399992e-05
5.36879178399992e-05
5.36879178399991e-05
5.36879178399991e-05
5.36879178399991e-05
5.36879178399992e-05
5.36879178399992e-05
5.36879178399991e-05
5.36879178399991e-05
5.3687917839999e-05
5.3687917839999e-05
5.36879178399989e-05
5.36879178399994e-05
5.36879178399994e-05
5.36879178399994e-05
5.36879178399989e-05
5.36879178399989e-05
5.36879178399989e-05
5.36879178399989e-05
5.36879178399989e-05
5.36879178399988e-05
5.36879178399989e-05
5.36879178399988e-05
5.36879178399988e-05
5.36879178399988e-05
5.36879178399988e-05
5.36879178399988e-05
5.36879178399988e-05
5.36879178399988e-05
5.36879178399988e-05
5.36879178399988e-05
5.36879178399988e-05
5.368791784e-05
5.36879178400001e-05
5.36879178400001e-05
5.36879178400002e-05
5.36879178400003e-05
5.36879178400004e-05
5.368791784e-05
5.36879178399999e-05
5.368791784e-05
5.368791784e-05
5.368791784e-05
5.36879178399999e-05
5.36879178399999e-05
5.36879178399999e-05
5.36879178399998e-05
5.36879178399998e-05
5.36879178399998e-05
5.36879178399998e-05
5.36879178399998e-05
5.36879178399997e-05
5.36879178399997e-05
5.36879178399997e-05
5.36879178399997e-05
5.36879178400006e-05
5.36879178400007e-05
5.36879178400008e-05
5.36879178400009e-05
5.3687917840001e-05
5.36879178400011e-05
5.36879178400011e-05
5.36879178400011e-05
5.36879178400012e-05
5.36879178400012e-05
5.36879178400013e-05
5.36879178400013e-05
5.36879178400013e-05
5.36879178400013e-05
5.36879178400013e-05
5.36879178400013e-05
5.36879178400013e-05
5.36879178400013e-05
5.36879178400013e-05
5.36879178400003e-05
5.36879178400003e-05
5.36879178400002e-05
5.36879178400002e-05
5.36879178400001e-05
5.36879178400001e-05
5.36879178399997e-05
5.36879178399997e-05
5.36879178399997e-05
5.36879178399996e-05
5.36879178399996e-05
5.36879178399996e-05
5.36879178399996e-05
5.36879178399997e-05
5.36879178399997e-05
5.36879178399997e-05
5.36879178399997e-05
