0.05
0.0373191240209286
0.0356914647398762
0.0334376509652325
0.0352571620749144
0.0325464509450946
0.0294135261542717
0.0371342318360102
0.0341542402438344
0.0287765501619802
0.024936467104205
0.021945691108042
0.0198211322136438
0.0172198644860549
0.0144611087899258
0.0373403697378918
0.033231442894301
0.0299624150026562
0.0296559989902343
0.0291914792255405
0.0289058733590921
0.0288262434309147
0.0287440667381171
0.0285764220761648
0.0281168769933736
0.026843910410955
0.0247210041554618
0.0222688408467214
0.0197056331001166
0.0171813067472738
0.014781760993896
0.0124312910570782
0.0370674177883394
0.035348294771382
0.0331056093560609
0.0313299505539327
0.0299134878247707
0.028864926593511
0.028079972190665
0.0273510867651663
0.029885179969841
0.0266414903467199
0.0232330865186647
0.0203511751716422
0.0174866957088921
0.0334079545199752
0.0337312722728512
0.0343417918977312
0.0180232939697625
0.0190338552245528
0.0204515732577849
0.0220418402523999
0.0239468215544859
0.0261208316114293
0.0282513647161725
0.03047299989014
0.0327942642309243
0.0349433497971473
0.0369861204141478
0.0388241250639125
0.0404414611590375
0.0416895326345185
0.0425188026928386
0.0429078922670542
0.042726355292261
0.0418368605580982
0.0400056318664425
0.0370983619646699
0.0333828073080115
0.0293318758202979
0.0255096155261212
0.0222815613579909
0.0189143477227294
0.0155829291708159
0.0128017584862477
0.0104863021272523
0.00869428630471312
0.00727594640547425
0.00620064514419315
0.00543877000516277
0.00495046839005381
0.00470444591065929
0.0146130862604188
0.012678782626079
0.0108825108909272
0.00925100809828475
0.00794748672252615
0.0069109344297261
0.00601699425565792
0.00540732267214608
0.0049562182888851
0.0046359553962113
0.00447161298045474
0.0346694339237751
0.0352406473306519
0.0361304978027964
0.0356403707875004
0.0376132190186981
0.039579449313906
0.0364030282371295
0.0367122303426328
0.0370629085691114
0.036714472190005
0.037855215948074
0.0394326372022897
0.0407004860964803
0.0418811721709372
0.0431756030505024
0.0444264309250553
0.0453406312926776
0.046032186993485
0.0465904318507749
0.0469569103643892
0.0471740655491085
0.0472666558526354
0.0472812629456976
0.0472642061617998
0.0472441500441242
0.0373798561223741
0.0378676901304489
0.0380938958043714
0.0372136018287951
0.0346635069178089
0.0298795514613892
0.0375881664445295
0.0380967862359646
0.0386386011484844
0.0270749822552189
0.0235730577943072
0.0202362484416469
0.0173224962668701
0.0147813234506578
0.0127160104171341
0.011113013890864
0.00979713717380451
0.00866829146782541
0.00771267091058107
0.00692742954008758
0.00629611867434151
0.00578674885638483
0.00536478603175921
0.00501143693959087
0.00471673175280182
0.00447500384841454
0.00428044777726595
0.0041272662424185
0.00402172337724432
0.00396039163743919
0.00395587041272762
0.00401635505786234
0.00416412362243307
0.00434578241424002
0.00467502579624572
0.00508027663716439
0.00558866597598222
0.00616265798957618
0.00673401486809549
0.00730403388821939
0.0078201071987126
0.00813975589825404
0.00838154491983347
0.0267597588262949
0.0232803109765007
0.019994322071651
0.0165921041992785
0.0135457575786817
0.0109591550915757
0.00887957744596483
0.0070015284970604
0.00542004404976678
0.00403934999842986
0.00284155519788549
0.00177821452479576
0.000823839681317835
-1.62734479635241e-05
-0.00074804654856279
-0.001424148917083
-0.00201292923003574
-0.00250329418701555
-0.0029148567560619
-0.00326039291689852
-0.0035344258033231
-0.00372461128515056
-0.00382470091725042
0.0394063528856432
0.0402297073461276
0.0410671628787945
0.0418795024222234
0.0426501398841596
0.0433775270515891
0.0440583079147029
0.0446586519910857
0.0451597026152393
0.045563789106359
0.0458699072624107
0.0460746316830739
0.0461801910204807
0.0395602803996868
0.0405393437123794
0.0414903142118962
0.0422935744025602
0.0429195390335377
0.0432904758153512
0.0433238068528308
0.0429468121237311
0.0419018880726286
0.0398830074324953
0.0367840570060515
0.0328780678394355
0.0286277846704187
0.0243283085562662
0.0205103720260662
0.0173088427397176
0.0148397639064986
0.012999007096662
0.0114530282741629
0.00963706254641757
0.00770480727188347
0.00617389729335731
0.0046793346653364
0.00349226707224235
0.00244809860567982
0.00148081809884604
0.000604702519081347
-0.000152493094267216
-0.000774633693241314
-0.00127431835818348
-0.00169246177111853
-0.00205224738739684
-0.00233046628055005
-0.00256591723680755
-0.00276824686735741
-0.00290146815810765
-0.00297133752767266
0.0402109370485808
0.0405139474233179
0.0404919310151423
0.0400792937623728
0.0392886339113708
0.0378588412099593
0.0359818619866947
0.0338573972081759
0.031105555340568
0.0282251705100106
0.0260883657735613
0.0228863167534206
0.0208353844195656
0.0184246020455405
0.0160948386066055
0.0144559260066273
0.0134593685534681
0.0124933597456715
0.0117064496258197
0.0111456399005978
0.0107676616153254
0.0105886525683909
0.0402898529106213
0.040769631210684
0.0409828994678703
0.0408720716242072
0.0403966779050794
0.039545922029402
0.0383107960061903
0.0365753347364349
0.0347042549629263
0.0324316044271575
0.0298487211653406
0.0272354459581923
0.0235980973924659
0.0201622719827287
0.0172776475829399
0.0148610214018504
0.0129078851225156
0.0112825963217787
0.0100320531537415
0.0088428487297284
0.00785008663160064
0.00707801021486201
0.00649135120420356
0.0060548930261051
0.00577645761036168
0.00563002229350241
0.0286886611463974
0.0278182427698972
0.0266629752396977
0.0274323935951774
0.0254418367151844
0.0232818225920025
0.0262445215326793
0.0257178092805954
0.0250169632955265
0.0251405565428541
0.0226114249625922
0.0193459241458581
0.0166610272048527
0.0147088537011411
0.0130561984320273
0.0116591358245137
0.0106032851607483
0.00991893770127259
0.00952034159146949
0.00942640612890156
0.00962889136184382
0.0101698911613522
0.0112840122572571
0.0131084083804678
0.0150960072906995
0.0180196719107594
0.020881106958152
0.0242250504275004
0.0274919480396203
0.0310700222985791
0.0344266235193686
0.037321374627737
0.0398440634022291
0.0418342125175474
0.0431288022467723
0.0436236190594861
0.0432416494118892
0.0420038474952844
0.0395711557383697
0.0365949454239538
0.0337446901602331
0.031514202995305
0.0302473371146079
0.0241170329239724
0.0229192074195232
0.021528080176551
0.0200614432911895
0.0186527971990452
0.0173050579540415
0.0160636558893601
0.0149354954084373
0.0139997291100051
0.0132410005527636
0.0126699434831247
0.0122927397079117
0.0120956778002578
0.0226068906281928
0.0204874323755482
0.0179943956280551
0.0169978173887889
0.0159580347211957
0.0148572624951589
0.0168466611013128
0.0154960343924999
0.0138804744669268
0.0123964406598724
0.0109906686382385
0.00962625060352464
0.00834751183139781
0.00715621748373193
0.00602286038403513
0.0049795528666206
0.00400199539768428
0.00307812607451191
0.00222318216836004
0.00141143555638917
0.00066075708591847
-3.19801363634587e-05
-0.000658635904503656
-0.00123689206445686
-0.00174334279005904
-0.00218402695241617
-0.00257452619833925
-0.00295455826153972
-0.00329494413511733
-0.00357265407675446
-0.00378155156138738
-0.00390913392389091
-0.00398333690192041
0.0137451674980586
0.0124651563661583
0.0110349190554247
0.0095889645461067
0.00834073739511574
0.00715504700214904
0.00595544303190285
0.00491022874902466
0.00403709546513398
0.00310655724168338
0.00217257355683192
0.00129360804325535
0.00054318395385935
-6.15965552031586e-05
-0.000692422741113102
-0.00126456928436382
-0.00178844632663239
-0.00224236563763022
-0.00262332366677229
-0.00289357630545969
-0.00310793659388839
-0.00330417643277523
-0.00345135503557269
-0.00352018639870291
0.0141149266201191
0.0133781963537949
0.0127424946376105
0.0121183226466669
0.011600418093543
0.0110832413472082
0.0106219181678232
0.0102809107724327
0.00999520392746393
0.00974490710568739
0.00957114976997114
0.00946853953349451
0.0215459834022936
0.019492255709754
0.0171529928664584
0.0145391833381061
0.0122624114388711
0.0105025237373245
0.00891824400369197
0.00751458212257121
0.00634026969471069
0.00528692533460759
0.00433836087388809
0.00354147641622232
0.00289815561487713
0.00228720394572034
0.0017065900654859
0.0012207233343926
0.000837357873862283
0.000527829177431792
0.0002803670500553
9.25305750087005e-05
-3.81266328618192e-05
-0.000121285655067955
-0.000168523073693794
0.022512827528835
0.0218120759013937
0.0212093334789284
0.0207448957094961
0.0205528978362552
0.0206882726485133
0.0211349766610149
0.0218867579950329
0.0229239310726976
0.0242176642409051
0.0257386741614417
0.027387247073035
0.0292377850145405
0.0312656671530209
0.0332959259670932
0.0352579855255167
0.0371396156808575
0.0389168919246817
0.0405341354125698
0.0419110518906505
0.0430159458659139
0.0438024798819277
0.0442119907746348
0.0442035706003255
0.0436139587457617
0.0422843383223755
0.0401226570379217
0.0370952250885014
0.0335607870667985
0.0299254043793769
0.026511170843669
0.0237499745633898
0.0215488266109885
0.0201971785208858
0.0194568677487023
0.0135864466534165
0.0126896838492567
0.0117473929724821
0.0135942541953997
0.0129269360672055
0.0125875982403865
0.00977123434162236
0.00792470404724943
0.00633904202988903
0.00501688787368176
0.00405434687191602
0.00327236123802623
0.00269588266465354
0.00232288781809952
0.0021380856730405
0.0126145075814426
0.0138123899517822
0.0153905753976932
0.0173914240371083
0.0204520928694455
0.0233885123589981
0.0265541381305335
0.0296971844565174
0.03256786098958
0.0352237137067651
0.0375220469808741
0.0393704221239461
0.040674879688193
0.0413076484043798
0.0411257951898083
0.0399589633177761
0.0377031785112419
0.0345201043363026
0.0308175857500346
0.0266625704004933
0.0223617961248249
0.0185916125418454
0.0153739277589114
0.0127191345236927
0.0106239787129557
0.00899480891617684
0.00772985499777946
0.00682054287742636
0.00623872572529947
0.00594277115150541
0.0164178919037074
0.0157358793234446
0.0152779338988612
0.014872773019958
0.0147006355612072
0.0145862364620453
0.0114270319529836
0.0104561864363143
0.00954232588591445
0.00876034296270004
0.00817423177440601
0.0077966191886066
0.007626541398917
0.0076618513863957
0.0079166411632616
0.00842023581223059
0.00917113105968776
0.0101533276580751
0.0114579044009699
0.0131700799437863
0.0152378388246063
0.0176828809013026
0.0204794620003603
0.0235371915267836
0.0267267221107149
0.0299129194079707
0.0329876233400581
0.0358801302312683
0.0385162052914374
0.0408157104610165
0.042724277662412
0.0442160284935393
0.0452914365233713
0.0459745409912953
0.0463143451736767
0.0110336719245043
0.00991854636006423
0.00891771485808072
0.00807725097477955
0.00741100512311981
0.00695094471287885
0.0066465384382542
0.00646858443243367
0.0064586094462993
0.00661731545674405
0.00692031835220911
0.00740780993024393
0.00815102353540486
0.00926318827477521
0.0106627136700921
0.0122914212819425
0.0142217437403634
0.0164658283681028
0.0190199723440524
0.0219165465100759
0.0248344764041894
0.0281719732756622
0.0304916318745943
0.0329045925253339
0.0358098699001407
0.0383927942644145
0.0407317526392003
0.0427871724750096
0.0443202847418939
0.0454454608782831
0.0461644483307463
0.0465294358353383
0.026867593164834
0.0263240969254334
0.0257571613823321
0.0251320615093124
0.0243188398641584
0.0266568858262264
0.0251092660441589
0.022987809556405
0.0214006180223895
0.0200138838943453
0.0188870581427577
0.0182203493852029
0.0178287716404817
0.0176542594441939
0.017742358480753
0.018064231320967
0.0185962803351772
0.019307024324661
0.020168002506863
0.0211377782870165
0.0221732399176235
0.0232622461142584
0.0242922853579394
0.0256408675570131
0.0269559884674756
0.0280513547284934
0.0290348466389475
0.0298798553209192
0.0305108521654544
0.0309125318153041
0.031141641032654
0.0229499661120603
0.0204095148550337
0.0169418869655816
0.0243359630297337
0.0239272989895186
0.0229796432053743
0.0214913243035071
0.0150511389197025
0.0136820785209461
0.0126502691718592
0.0157497552236432
0.0145789272685459
0.0133078813430365
0.0122687208313676
0.0108650871276478
0.0121941896784944
0.0111896409983848
0.00979392648524955
0.0083176809325696
0.0115739933830388
0.0105733702314621
0.00955147479084752
0.00760880430410357
0.00681599047117035
0.00598141441817593
0.0052575818501322
0.00453006544371927
0.00382255852187405
0.00318754375999452
0.00255793542758229
0.00196336873611199
0.00141684969080323
0.000919008469344208
0.000403620662367144
0.00749848502759306
0.00665535828128189
0.00576812717314649
0.00511861207766338
0.00429995411207438
0.00368062384727695
0.00295138184065658
0.00224442011651913
0.00164918069626915
0.00108195372888621
0.000525935116822318
-1.10376619469763e-05
-0.000480699245774007
-0.00091598062684789
-0.00139367995254341
-0.00181383857669539
-0.00223947018920968
-0.00259723525686687
-0.00292880259269083
-0.00322175528945965
-0.0034558365055618
-0.00365092196285275
-0.003802301035187
-0.00389494268650308
-0.00394160691840241
4.3952104770091e-05
-0.000280874670745784
-0.000556845032471352
-0.000756133201906678
-0.000934254443920163
-0.00104267859469416
-0.00110269243786303
0.000302442238420655
0.000222796060948945
0.00015538223625688
9.83124376806707e-05
4.37437396403161e-05
-1.18059485420841e-05
-6.77885386689534e-05
-0.000123604022377775
-0.000176279039411386
-0.000222811766537021
-0.000262690520171118
-0.000292726968867003
-0.000310780586315987
-0.000317790277157904
-0.000317384164520045
-0.000312945625568379
-0.000307536742029985
-0.000304028125826604
0.00905568794726063
0.00846287098463649
0.00775249862119459
0.00693780762201489
0.00609880757325545
0.00529203101812877
0.00451674501137418
0.00377263894796728
0.00305952417002405
0.00237709345742873
0.00172481802005942
0.00110154166150035
0.000506088902827477
-9.15356293446822e-05
0.00911402372157995
0.00865682277941318
0.00819221116579291
0.00773045639735572
0.0073242844882846
0.00692969023105476
0.00655135023672087
0.00620220784814628
0.00587552609706479
0.00554344372058998
0.00520294111999391
0.00488715360463639
0.00462325852725638
0.00440597041133497
0.00424041503707892
0.00410931029769973
0.00402499672158855
0.00397774116948562
-0.000488205239079166
-0.000850386480874997
-0.00118568925124214
-0.00154911809759046
-0.00187558289095996
-0.00215988201373143
-0.00249925683407973
-0.00289866136914899
-0.00327644145664205
-0.00359895995068419
-0.00387128594675356
-0.00410836961792112
-0.00432306216179594
-0.00450928864981109
-0.00465733846405842
-0.00476128810436343
-0.00483013064143113
-0.00486854331356512
-0.000364812106971742
-0.000604882465124188
-0.000816494009558953
-0.00100556130864089
-0.00117829447334545
-0.00133828078265446
-0.00148047711855046
-0.00159620493608029
-0.00168271838943788
-0.00174012728667291
-0.00176964495637037
0.00993319423667575
0.00890663851936694
0.00780340108868493
0.00678346230547165
0.00584458899538377
0.00494021955819226
0.00410755882550898
0.00327020255392497
0.00249302374488655
0.00176291985995476
0.00103341808227651
0.0101493952216882
0.00934315917366321
0.00864278365242693
0.00790390640678484
0.00731825204059965
0.00667796386630993
0.00615452446220238
0.00571604708255675
0.00531103452498638
0.00508116604874846
0.00485996661182742
0.0047208219464077
0.00465097969095829
0.000690094401312758
0.000397506088987129
0.000146636463605564
-9.68712097451787e-05
-0.000290545484171932
-0.000453727799707819
-0.000568828974640493
-0.000654674024298128
-0.000705012621275943
0.000617173255497265
0.00022504069082224
-0.000146789288061559
-0.000503205917460688
-0.000848333084051709
-0.00118147006645128
-0.00150346816991448
-0.00182068787370328
-0.00212624213418818
-0.00241766119938287
-0.00270755295765284
-0.00298002622995281
-0.00323409480497809
-0.00347461987363978
-0.00370016049825449
-0.00391742818714994
-0.00412053016288883
-0.00429557287291383
-0.0044304658076844
-0.00453531550737492
-0.00460780478880719
-0.00464426689143983
0.0206275675252597
0.019419161607004
0.0180045779237632
0.0165540267905049
0.0151274110755804
0.0137160734424813
0.0122283267120327
0.0108555188954263
0.00990763127506877
0.00875513141773358
0.0074992062141089
0.00646636227255831
0.00545908892433508
0.00445305719715213
0.0035477428433387
0.00264959930129303
0.0207504366575434
0.0197742587113236
0.0186731185629928
0.0175264485970618
0.0163469555208916
0.0151366084349285
0.0138841187417387
0.0125990863530677
0.0113611636802991
0.0102448693777325
0.00929406245171275
0.00850662605475734
0.00780152157108956
0.00699657419208923
0.00206738689685214
0.00140833185916095
0.000801551407899899
0.00027340091528044
-0.000245467807841649
-0.000689180204232173
-0.00108448731122363
-0.00150092440234178
-0.00182032831920336
-0.00210300425709336
-0.00233662351826501
-0.0025359828407581
-0.00269362460331661
-0.00281041762868857
-0.0028892864434937
-0.00293043479668406
0.00215102885526025
0.00168251208153063
0.00121713783746098
0.000814165873504303
0.000474648255714449
0.000134799243598383
-0.000158723952286414
-0.000396974936547186
-0.000591069796036378
-0.000756878174232488
-0.000901721773131761
-0.00102331274874245
-0.00111405298493736
-0.00116421076222406
0.00642523500741913
0.0059471591767838
0.00551810835137242
0.00510803046878616
0.0047340183665078
0.00439000698965753
0.00409008855732875
0.00381655108365166
0.00355469140101558
0.0033160312746988
0.0031109407193944
0.00293463223576253
0.00277578831749397
0.00262618540496064
0.00676615796738732
0.00655560656027517
0.00639734929106903
0.00626173270155287
0.00613361358671779
0.00604576240228246
0.00600584483804385
0.00600425188824156
0.00604366058908553
0.006121324008438
0.00623557129428004
0.00636845293052651
0.00653646365781381
0.00672986922432929
0.00694326455805543
0.00715852814560922
0.007378247700124
0.00760884789830092
0.00783136537449936
0.00804109010720952
0.00823785713976253
0.00842029067514025
0.00858803046556278
0.00874286617248049
0.00889372010023534
0.00906087926558054
0.00926615128755682
0.00953388014786075
0.00991391194507779
0.0104465369005485
0.0112229237000573
0.00255613445849535
0.00249560188628456
0.00244497524001203
0.00240508446221559
0.00237716773310898
0.00236257660262027
0.00235846043264828
0.00236175072626369
0.0023724601081274
0.00238882852165803
0.00241056939928792
0.0024363021086798
0.00246748975023436
0.00250704074489454
0.00255116496749648
0.00259951385863063
0.0026623789259688
0.00274263348872034
0.00284090063144161
0.00295762136290191
0.00310106061331273
0.00328933234780362
0.0035276247397256
0.00381358160099648
0.00416050464398709
0.00460180310548134
0.00254665360435575
0.00248937666267375
0.00245167680399289
0.00573944221248181
0.00731432879497517
0.00932540757120173
0.0116032117006437
0.01401683485459
0.0166062616920739
0.00403147160760491
0.0034324549026459
0.00307399175229432
0.0028514286464988
0.0187213219147522
0.0204282424107119
0.0215946968501255
0.0222169547907015
0.0173498476763202
0.0178634441454527
0.0181171667197737
0.0122802453273524
0.0136412126112471
0.0152180602857882
0.0171061301160265
0.0194221401933351
0.0220407818943368
0.0112695442722935
0.0116075616893073
0.0122535059352048
0.0132197866624175
0.0145326605720271
0.0160691935264232
0.0180769767142118
0.0203034550961172
0.0228347600004619
0.0255904442728993
0.0284116877093974
0.0313384682712561
0.0341987924693472
0.0370455807671114
0.0397273330770529
0.0421031937277417
0.0443395488085649
0.0249047350558322
0.0274548046127379
0.0301382495434734
0.0326746183558473
0.0352680837932991
0.0377087581078166
0.0399631442033233
0.0419812466682082
0.0437333938945031
0.0451633960089105
0.046309368596802
0.0471723778820831
0.0477545037288422
0.0480866392616548
0.0482260757164841
0.0482355075430449
0.0481738907187579
0.0480955570069753
0.0480419459260453
0.0219181780370563
0.0219260467347844
0.0220173381756314
0.0221350177804757
0.0222350304504377
0.0222943902104916
0.0458157693823576
0.0470908382792722
0.0480187447748681
0.0486043854179692
0.0489756376584654
0.0491755766229361
0.0492653470111841
0.0455715886893589
0.0465506897255849
0.0471844167550589
0.0474835783243264
