7.09821963542806e-05
7.09821963542806e-05
7.09821963542806e-05
7.09821963542806e-05
7.09821963542807e-05
7.09821963542807e-05
7.09821963542808e-05
7.09821963542806e-05
7.09821963542806e-05
7.09821963542807e-05
7.09821963542808e-05
7.09821963542809e-05
7.09821963542809e-05
7.09821963542809e-05
7.0982196354281e-05
7.09821963542806e-05
7.09821963542805e-05
7.09821963542804e-05
7.09821963542803e-05
7.09821963542803e-05
7.09821963542803e-05
7.09821963542803e-05
7.09821963542803e-05
7.09821963542803e-05
7.09821963542804e-05
7.09821963542805e-05
7.09821963542806e-05
7.09821963542806e-05
7.09821963542807e-05
7.09821963542808e-05
7.09821963542808e-05
7.09821963542809e-05
7.09821963542806e-05
7.09821963542806e-05
7.09821963542806e-05
7.09821963542805e-05
7.09821963542805e-05
7.09821963542805e-05
7.09821963542805e-05
7.09821963542805e-05
7.09821963542808e-05
7.09821963542808e-05
7.0982196354281e-05
7.09821963542811e-05
7.09821963542812e-05
7.09821963542807e-05
7.09821963542807e-05
7.09821963542808e-05
7.09821963542812e-05
7.09821963542813e-05
7.09821963542813e-05
7.09821963542813e-05
7.09821963542814e-05
7.09821963542814e-05
7.09821963542815e-05
7.09821963542815e-05
7.09821963542816e-05
7.09821963542816e-05
7.09821963542816e-05
7.09821963542816e-05
7.09821963542816e-05
7.09821963542816e-05
7.09821963542816e-05
7.09821963542816e-05
7.09821963542816e-05
7.09821963542817e-05
7.09821963542817e-05
7.09821963542817e-05
7.09821963542817e-05
7.09821963542818e-05
7.09821963542817e-05
7.09821963542817e-05
7.09821963542817e-05
7.09821963542816e-05
7.09821963542816e-05
7.09821963542817e-05
7.09821963542817e-05
7.09821963542817e-05
7.09821963542817e-05
7.09821963542817e-05
7.09821963542817e-05
7.09821963542817e-05
7.09821963542813e-05
7.09821963542814e-05
7.09821963542814e-05
7.09821963542815e-05
7.09821963542815e-05
7.09821963542816e-05
7.09821963542816e-05
7.09821963542816e-05
7.09821963542816e-05
7.09821963542816e-05
7.09821963542816e-05
7.09821963542808e-05
7.09821963542809e-05
7.0982196354281e-05
7.09821963542808e-05
7.09821963542809e-05
7.0982196354281e-05
7.0982196354281e-05
7.09821963542812e-05
7.09821963542812e-05
7.09821963542811e-05
7.09821963542811e-05
7.09821963542812e-05
7.09821963542812e-05
7.09821963542812e-05
7.09821963542812e-05
7.09821963542812e-05
7.09821963542812e-05
7.09821963542812e-05
7.09821963542813e-05
7.09821963542813e-05
7.09821963542814e-05
7.09821963542814e-05
7.09821963542814e-05
7.09821963542815e-05
7.09821963542815e-05
7.09821963542813e-05
7.09821963542814e-05
7.09821963542815e-05
7.09821963542816e-05
7.09821963542818e-05
7.0982196354282e-05
7.09821963542813e-05
7.09821963542814e-05
7.09821963542814e-05
7.09821963542821e-05
7.09821963542822e-05
7.09821963542823e-05
7.09821963542824e-05
7.09821963542826e-05
7.09821963542826e-05
7.09821963542827e-05
7.09821963542827e-05
7.09821963542827e-05
7.09821963542827e-05
7.09821963542827e-05
7.09821963542827e-05
7.09821963542827e-05
7.09821963542826e-05
7.09821963542826e-05
7.09821963542826e-05
7.09821963542825e-05
7.09821963542825e-05
7.09821963542825e-05
7.09821963542825e-05
7.09821963542825e-05
7.09821963542825e-05
7.09821963542825e-05
7.09821963542826e-05
7.09821963542826e-05
7.09821963542827e-05
7.09821963542828e-05
7.09821963542828e-05
7.09821963542829e-05
7.09821963542829e-05
7.09821963542829e-05
7.09821963542829e-05
7.0982196354283e-05
7.0982196354283e-05
7.0982196354282e-05
7.09821963542821e-05
7.09821963542821e-05
7.09821963542822e-05
7.09821963542822e-05
7.09821963542822e-05
7.09821963542823e-05
7.09821963542824e-05
7.09821963542824e-05
7.09821963542825e-05
7.09821963542825e-05
7.09821963542826e-05
7.09821963542826e-05
7.09821963542827e-05
7.09821963542827e-05
7.09821963542827e-05
7.09821963542827e-05
7.09821963542827e-05
7.09821963542827e-05
7.09821963542828e-05
7.09821963542828e-05
7.09821963542828e-05
7.09821963542828e-05
7.09821963542815e-05
7.09821963542815e-05
7.09821963542815e-05
7.09821963542816e-05
7.09821963542816e-05
7.09821963542816e-05
7.09821963542817e-05
7.09821963542817e-05
7.09821963542818e-05
7.09821963542818e-05
7.09821963542818e-05
7.09821963542819e-05
7.09821963542819e-05
7.09821963542815e-05
7.09821963542816e-05
7.09821963542817e-05
7.09821963542818e-05
7.09821963542819e-05
7.0982196354282e-05
7.0982196354282e-05
7.0982196354282e-05
7.0982196354282e-05
7.0982196354282e-05
7.0982196354282e-05
7.0982196354282e-05
7.09821963542819e-05
7.09821963542819e-05
7.09821963542819e-05
7.0982196354282e-05
7.0982196354282e-05
7.0982196354282e-05
7.0982196354282e-05
7.0982196354282e-05
7.0982196354282e-05
7.0982196354282e-05
7.0982196354282e-05
7.09821963542821e-05
7.09821963542822e-05
7.09821963542822e-05
7.09821963542822e-05
7.09821963542823e-05
7.09821963542823e-05
7.09821963542823e-05
7.09821963542824e-05
7.09821963542824e-05
7.09821963542824e-05
7.09821963542824e-05
7.09821963542824e-05
7.09821963542824e-05
7.09821963542824e-05
7.09821963542809e-05
7.09821963542809e-05
7.09821963542809e-05
7.09821963542809e-05
7.09821963542809e-05
7.09821963542809e-05
7.09821963542809e-05
7.09821963542809e-05
7.09821963542809e-05
7.09821963542809e-05
7.0982196354281e-05
7.09821963542811e-05
7.09821963542811e-05
7.09821963542812e-05
7.09821963542812e-05
7.09821963542812e-05
7.09821963542812e-05
7.09821963542812e-05
7.09821963542812e-05
7.09821963542812e-05
7.09821963542812e-05
7.09821963542812e-05
7.0982196354281e-05
7.09821963542811e-05
7.09821963542812e-05
7.09821963542812e-05
7.09821963542812e-05
7.09821963542811e-05
7.09821963542811e-05
7.09821963542811e-05
7.09821963542811e-05
7.09821963542811e-05
7.09821963542811e-05
7.09821963542811e-05
7.09821963542811e-05
7.09821963542812e-05
7.09821963542812e-05
7.09821963542813e-05
7.09821963542813e-05
7.09821963542813e-05
7.09821963542813e-05
7.09821963542813e-05
7.09821963542813e-05
7.09821963542813e-05
7.09821963542812e-05
7.09821963542812e-05
7.09821963542812e-05
7.09821963542812e-05
7.09821963542808e-05
7.09821963542808e-05
7.09821963542809e-05
7.09821963542809e-05
7.0982196354281e-05
7.0982196354281e-05
7.09821963542809e-05
7.09821963542809e-05
7.0982196354281e-05
7.09821963542809e-05
7.09821963542809e-05
7.0982196354281e-05
7.09821963542811e-05
7.09821963542811e-05
7.09821963542812e-05
7.09821963542813e-05
7.09821963542814e-05
7.09821963542814e-05
7.09821963542815e-05
7.09821963542816e-05
7.09821963542816e-05
7.09821963542817e-05
7.09821963542818e-05
7.09821963542819e-05
7.0982196354282e-05
7.09821963542822e-05
7.09821963542823e-05
7.09821963542824e-05
7.09821963542824e-05
7.09821963542825e-05
7.09821963542825e-05
7.09821963542826e-05
7.09821963542826e-05
7.09821963542826e-05
7.09821963542826e-05
7.09821963542826e-05
7.09821963542826e-05
7.09821963542825e-05
7.09821963542825e-05
7.09821963542826e-05
7.09821963542826e-05
7.09821963542826e-05
7.09821963542826e-05
7.0982196354281e-05
7.0982196354281e-05
7.0982196354281e-05
7.0982196354281e-05
7.09821963542811e-05
7.09821963542811e-05
7.09821963542811e-05
7.09821963542812e-05
7.09821963542812e-05
7.09821963542812e-05
7.09821963542812e-05
7.09821963542812e-05
7.09821963542812e-05
7.0982196354281e-05
7.09821963542811e-05
7.09821963542812e-05
7.09821963542813e-05
7.09821963542813e-05
7.09821963542814e-05
7.09821963542811e-05
7.0982196354281e-05
7.09821963542809e-05
7.09821963542809e-05
7.09821963542808e-05
7.09821963542807e-05
7.09821963542806e-05
7.09821963542806e-05
7.09821963542805e-05
7.09821963542805e-05
7.09821963542805e-05
7.09821963542805e-05
7.09821963542805e-05
7.09821963542806e-05
7.09821963542805e-05
7.09821963542805e-05
7.09821963542805e-05
7.09821963542805e-05
7.09821963542805e-05
7.09821963542806e-05
7.09821963542806e-05
7.09821963542807e-05
7.09821963542807e-05
7.09821963542808e-05
7.09821963542808e-05
7.09821963542808e-05
7.09821963542808e-05
7.09821963542814e-05
7.09821963542815e-05
7.09821963542815e-05
7.09821963542816e-05
7.09821963542818e-05
7.09821963542819e-05
7.09821963542821e-05
7.09821963542822e-05
7.09821963542822e-05
7.09821963542823e-05
7.09821963542823e-05
7.09821963542824e-05
7.09821963542824e-05
7.09821963542825e-05
7.09821963542825e-05
7.09821963542826e-05
7.09821963542827e-05
7.09821963542828e-05
7.09821963542829e-05
7.09821963542829e-05
7.09821963542829e-05
7.09821963542829e-05
7.09821963542829e-05
7.09821963542829e-05
7.09821963542814e-05
7.09821963542815e-05
7.09821963542816e-05
7.09821963542816e-05
7.09821963542816e-05
7.09821963542817e-05
7.09821963542817e-05
7.09821963542817e-05
7.09821963542817e-05
7.09821963542817e-05
7.09821963542818e-05
7.09821963542818e-05
7.09821963542811e-05
7.09821963542811e-05
7.09821963542812e-05
7.09821963542812e-05
7.09821963542813e-05
7.09821963542813e-05
7.09821963542813e-05
7.09821963542814e-05
7.09821963542814e-05
7.09821963542814e-05
7.09821963542814e-05
7.09821963542814e-05
7.09821963542814e-05
7.09821963542815e-05
7.09821963542815e-05
7.09821963542816e-05
7.09821963542816e-05
7.09821963542816e-05
7.09821963542817e-05
7.09821963542817e-05
7.09821963542817e-05
7.09821963542817e-05
7.09821963542817e-05
7.09821963542811e-05
7.09821963542811e-05
7.09821963542811e-05
7.09821963542812e-05
7.09821963542812e-05
7.09821963542813e-05
7.09821963542814e-05
7.09821963542814e-05
7.09821963542814e-05
7.09821963542814e-05
7.09821963542814e-05
7.09821963542815e-05
7.09821963542815e-05
7.09821963542815e-05
7.09821963542815e-05
7.09821963542815e-05
7.09821963542816e-05
7.09821963542816e-05
7.09821963542816e-05
7.09821963542816e-05
7.09821963542817e-05
7.09821963542817e-05
7.09821963542818e-05
7.09821963542818e-05
7.09821963542818e-05
7.09821963542819e-05
7.09821963542819e-05
7.09821963542819e-05
7.09821963542819e-05
7.09821963542819e-05
7.0982196354282e-05
7.09821963542819e-05
7.09821963542819e-05
7.09821963542819e-05
7.09821963542819e-05
7.0982196354281e-05
7.0982196354281e-05
7.09821963542809e-05
7.0982196354281e-05
7.0982196354281e-05
7.0982196354281e-05
7.09821963542809e-05
7.09821963542809e-05
7.09821963542809e-05
7.09821963542808e-05
7.09821963542808e-05
7.09821963542808e-05
7.09821963542807e-05
7.09821963542807e-05
7.09821963542807e-05
7.09821963542809e-05
7.09821963542809e-05
7.09821963542809e-05
7.09821963542808e-05
7.09821963542808e-05
7.09821963542808e-05
7.09821963542808e-05
7.09821963542808e-05
7.09821963542808e-05
7.09821963542808e-05
7.09821963542808e-05
7.09821963542807e-05
7.09821963542807e-05
7.09821963542806e-05
7.09821963542806e-05
7.09821963542806e-05
7.09821963542807e-05
7.09821963542807e-05
7.09821963542808e-05
7.09821963542809e-05
7.09821963542809e-05
7.09821963542809e-05
7.09821963542809e-05
7.09821963542809e-05
7.09821963542809e-05
7.09821963542808e-05
7.09821963542808e-05
7.09821963542808e-05
7.09821963542808e-05
7.09821963542808e-05
7.09821963542808e-05
7.09821963542807e-05
7.09821963542807e-05
7.09821963542807e-05
7.09821963542806e-05
7.09821963542806e-05
7.09821963542808e-05
7.09821963542809e-05
7.09821963542809e-05
7.09821963542809e-05
7.09821963542809e-05
7.09821963542809e-05
7.09821963542809e-05
7.09821963542809e-05
7.09821963542809e-05
7.09821963542809e-05
7.09821963542809e-05
7.09821963542809e-05
7.09821963542809e-05
7.09821963542809e-05
7.09821963542809e-05
7.09821963542809e-05
7.0982196354281e-05
7.09821963542811e-05
7.09821963542811e-05
7.09821963542811e-05
7.09821963542811e-05
7.09821963542811e-05
7.09821963542811e-05
7.09821963542811e-05
7.09821963542811e-05
7.09821963542811e-05
7.09821963542811e-05
7.09821963542811e-05
7.09821963542811e-05
7.09821963542809e-05
7.09821963542809e-05
7.09821963542809e-05
7.09821963542808e-05
7.09821963542809e-05
7.09821963542809e-05
7.09821963542809e-05
7.09821963542809e-05
7.0982196354281e-05
7.0982196354281e-05
7.0982196354281e-05
7.0982196354281e-05
7.0982196354281e-05
7.0982196354281e-05
7.09821963542809e-05
7.09821963542809e-05
7.09821963542809e-05
7.09821963542809e-05
7.09821963542809e-05
7.09821963542808e-05
7.09821963542809e-05
7.09821963542808e-05
7.09821963542808e-05
7.09821963542808e-05
7.09821963542808e-05
7.09821963542809e-05
7.09821963542809e-05
7.09821963542809e-05
7.09821963542809e-05
7.09821963542809e-05
7.0982196354281e-05
7.0982196354281e-05
7.09821963542804e-05
7.09821963542804e-05
7.09821963542804e-05
7.09821963542804e-05
7.09821963542804e-05
7.09821963542804e-05
7.09821963542804e-05
7.09821963542804e-05
7.09821963542803e-05
7.09821963542803e-05
7.09821963542802e-05
7.09821963542801e-05
7.09821963542801e-05
7.09821963542801e-05
7.098219635428e-05
7.098219635428e-05
7.098219635428e-05
7.098219635428e-05
7.098219635428e-05
7.098219635428e-05
7.098219635428e-05
7.09821963542801e-05
7.09821963542801e-05
7.09821963542801e-05
7.09821963542801e-05
7.09821963542802e-05
7.09821963542802e-05
7.09821963542802e-05
7.09821963542803e-05
7.09821963542803e-05
7.09821963542803e-05
7.09821963542803e-05
7.09821963542803e-05
7.09821963542803e-05
7.09821963542804e-05
7.09821963542806e-05
7.09821963542807e-05
7.09821963542809e-05
7.09821963542801e-05
7.098219635428e-05
7.09821963542799e-05
7.09821963542805e-05
7.09821963542807e-05
7.09821963542809e-05
7.0982196354281e-05
7.09821963542813e-05
7.09821963542799e-05
7.098219635428e-05
7.09821963542802e-05
7.09821963542803e-05
7.09821963542797e-05
7.09821963542796e-05
7.09821963542794e-05
7.09821963542804e-05
7.09821963542805e-05
7.09821963542807e-05
7.09821963542808e-05
7.09821963542809e-05
7.0982196354281e-05
7.09821963542811e-05
7.09821963542812e-05
7.09821963542813e-05
7.09821963542814e-05
7.09821963542816e-05
7.09821963542817e-05
7.09821963542804e-05
7.09821963542804e-05
7.09821963542806e-05
7.09821963542806e-05
7.09821963542807e-05
7.09821963542807e-05
7.09821963542808e-05
7.09821963542808e-05
7.09821963542809e-05
7.09821963542809e-05
7.09821963542809e-05
7.0982196354281e-05
7.09821963542811e-05
7.09821963542812e-05
7.09821963542813e-05
7.09821963542813e-05
7.09821963542814e-05
7.09821963542814e-05
7.09821963542815e-05
7.09821963542815e-05
7.09821963542815e-05
7.09821963542815e-05
7.09821963542815e-05
7.09821963542816e-05
7.09821963542815e-05
7.09821963542817e-05
7.09821963542817e-05
7.09821963542817e-05
7.09821963542818e-05
7.09821963542818e-05
7.09821963542818e-05
7.09821963542818e-05
7.09821963542818e-05
7.09821963542819e-05
7.09821963542819e-05
7.09821963542819e-05
7.09821963542818e-05
7.09821963542818e-05
7.09821963542819e-05
7.09821963542819e-05
7.09821963542819e-05
7.09821963542819e-05
7.09821963542819e-05
7.09821963542819e-05
7.09821963542819e-05
7.09821963542819e-05
7.09821963542819e-05
7.0982196354282e-05
7.0982196354282e-05
7.09821963542819e-05
7.09821963542794e-05
7.09821963542794e-05
7.09821963542794e-05
7.09821963542794e-05
7.09821963542794e-05
7.09821963542794e-05
7.09821963542795e-05
7.09821963542795e-05
7.09821963542795e-05
7.09821963542795e-05
7.09821963542795e-05
7.09821963542796e-05
7.09821963542796e-05
7.09821963542796e-05
7.09821963542794e-05
7.09821963542793e-05
7.09821963542793e-05
7.09821963542792e-05
7.09821963542791e-05
7.09821963542791e-05
7.0982196354279e-05
7.0982196354279e-05
7.09821963542789e-05
7.09821963542789e-05
7.09821963542788e-05
7.09821963542788e-05
7.09821963542788e-05
7.09821963542788e-05
7.09821963542788e-05
7.09821963542788e-05
7.09821963542788e-05
7.09821963542788e-05
7.09821963542796e-05
7.09821963542796e-05
7.09821963542796e-05
7.09821963542797e-05
7.09821963542797e-05
7.09821963542798e-05
7.09821963542798e-05
7.09821963542799e-05
7.098219635428e-05
7.098219635428e-05
7.09821963542801e-05
7.09821963542801e-05
7.09821963542801e-05
7.09821963542801e-05
7.09821963542801e-05
7.09821963542801e-05
7.09821963542801e-05
7.09821963542801e-05
7.09821963542796e-05
7.09821963542796e-05
7.09821963542796e-05
7.09821963542797e-05
7.09821963542797e-05
7.09821963542798e-05
7.09821963542798e-05
7.09821963542798e-05
7.09821963542798e-05
7.09821963542799e-05
7.09821963542799e-05
7.09821963542815e-05
7.09821963542817e-05
7.09821963542819e-05
7.09821963542821e-05
7.09821963542822e-05
7.09821963542823e-05
7.09821963542825e-05
7.09821963542826e-05
7.09821963542827e-05
7.09821963542828e-05
7.09821963542829e-05
7.09821963542814e-05
7.09821963542815e-05
7.09821963542815e-05
7.09821963542816e-05
7.09821963542816e-05
7.09821963542816e-05
7.09821963542817e-05
7.09821963542818e-05
7.09821963542818e-05
7.09821963542819e-05
7.09821963542819e-05
7.09821963542819e-05
7.09821963542819e-05
7.0982196354283e-05
7.09821963542831e-05
7.09821963542832e-05
7.09821963542832e-05
7.09821963542833e-05
7.09821963542833e-05
7.09821963542834e-05
7.09821963542833e-05
7.09821963542833e-05
7.0982196354283e-05
7.0982196354283e-05
7.0982196354283e-05
7.0982196354283e-05
7.09821963542831e-05
7.09821963542831e-05
7.09821963542831e-05
7.09821963542832e-05
7.09821963542832e-05
7.09821963542832e-05
7.09821963542832e-05
7.09821963542832e-05
7.09821963542832e-05
7.09821963542832e-05
7.09821963542833e-05
7.09821963542834e-05
7.09821963542835e-05
7.09821963542836e-05
7.09821963542837e-05
7.09821963542838e-05
7.09821963542838e-05
7.09821963542838e-05
7.0982196354281e-05
7.09821963542811e-05
7.09821963542811e-05
7.09821963542812e-05
7.09821963542813e-05
7.09821963542814e-05
7.09821963542815e-05
7.09821963542816e-05
7.09821963542816e-05
7.09821963542817e-05
7.09821963542818e-05
7.09821963542818e-05
7.09821963542819e-05
7.0982196354282e-05
7.09821963542821e-05
7.09821963542822e-05
7.0982196354281e-05
7.09821963542811e-05
7.09821963542812e-05
7.09821963542814e-05
7.09821963542814e-05
7.09821963542816e-05
7.09821963542817e-05
7.09821963542817e-05
7.09821963542818e-05
7.09821963542819e-05
7.09821963542819e-05
7.09821963542819e-05
7.0982196354282e-05
7.09821963542821e-05
7.09821963542822e-05
7.09821963542823e-05
7.09821963542823e-05
7.09821963542824e-05
7.09821963542824e-05
7.09821963542824e-05
7.09821963542824e-05
7.09821963542824e-05
7.09821963542825e-05
7.09821963542825e-05
7.09821963542826e-05
7.09821963542826e-05
7.09821963542826e-05
7.09821963542827e-05
7.09821963542827e-05
7.09821963542827e-05
7.09821963542822e-05
7.09821963542822e-05
7.09821963542822e-05
7.09821963542822e-05
7.09821963542821e-05
7.09821963542821e-05
7.09821963542821e-05
7.09821963542822e-05
7.09821963542822e-05
7.09821963542822e-05
7.09821963542822e-05
7.09821963542822e-05
7.09821963542821e-05
7.09821963542821e-05
7.09821963542821e-05
7.09821963542821e-05
7.09821963542822e-05
7.09821963542823e-05
7.09821963542823e-05
7.09821963542824e-05
7.09821963542825e-05
7.09821963542825e-05
7.09821963542826e-05
7.09821963542826e-05
7.09821963542826e-05
7.09821963542826e-05
7.09821963542826e-05
7.09821963542826e-05
7.0982196354282e-05
7.09821963542821e-05
7.09821963542821e-05
7.09821963542822e-05
7.09821963542822e-05
7.09821963542823e-05
7.09821963542824e-05
7.09821963542825e-05
7.09821963542825e-05
7.09821963542826e-05
7.09821963542826e-05
7.09821963542826e-05
7.09821963542827e-05
7.09821963542827e-05
7.09821963542828e-05
7.09821963542828e-05
7.09821963542829e-05
7.0982196354283e-05
7.09821963542831e-05
7.09821963542831e-05
7.09821963542832e-05
7.09821963542832e-05
7.09821963542833e-05
7.09821963542833e-05
7.09821963542834e-05
7.09821963542834e-05
7.09821963542835e-05
7.09821963542836e-05
7.09821963542837e-05
7.09821963542837e-05
7.09821963542837e-05
7.09821963542826e-05
7.09821963542825e-05
7.09821963542825e-05
7.09821963542825e-05
7.09821963542826e-05
7.09821963542826e-05
7.09821963542825e-05
7.09821963542825e-05
7.09821963542825e-05
7.09821963542825e-05
7.09821963542825e-05
7.09821963542824e-05
7.09821963542824e-05
7.09821963542824e-05
7.09821963542823e-05
7.09821963542823e-05
7.09821963542822e-05
7.09821963542822e-05
7.09821963542822e-05
7.09821963542822e-05
7.09821963542822e-05
7.09821963542822e-05
7.09821963542821e-05
7.09821963542821e-05
7.0982196354282e-05
7.09821963542819e-05
7.09821963542825e-05
7.09821963542825e-05
7.09821963542825e-05
7.09821963542819e-05
7.09821963542819e-05
7.09821963542818e-05
7.09821963542818e-05
7.09821963542818e-05
7.09821963542817e-05
7.09821963542818e-05
7.09821963542817e-05
7.09821963542817e-05
7.09821963542817e-05
7.09821963542817e-05
7.09821963542817e-05
7.09821963542816e-05
7.09821963542817e-05
7.09821963542817e-05
7.09821963542817e-05
7.09821963542817e-05
7.09821963542838e-05
7.09821963542839e-05
7.0982196354284e-05
7.09821963542841e-05
7.09821963542842e-05
7.09821963542844e-05
7.09821963542837e-05
7.09821963542837e-05
7.09821963542837e-05
7.09821963542837e-05
7.09821963542837e-05
7.09821963542836e-05
7.09821963542836e-05
7.09821963542835e-05
7.09821963542835e-05
7.09821963542834e-05
7.09821963542834e-05
7.09821963542834e-05
7.09821963542833e-05
7.09821963542833e-05
7.09821963542833e-05
7.09821963542833e-05
7.09821963542833e-05
7.09821963542846e-05
7.09821963542848e-05
7.09821963542849e-05
7.09821963542851e-05
7.09821963542852e-05
7.09821963542853e-05
7.09821963542853e-05
7.09821963542854e-05
7.09821963542855e-05
7.09821963542856e-05
7.09821963542856e-05
7.09821963542857e-05
7.09821963542857e-05
7.09821963542857e-05
7.09821963542857e-05
7.09821963542857e-05
7.09821963542858e-05
7.09821963542858e-05
7.09821963542858e-05
7.09821963542843e-05
7.09821963542842e-05
7.09821963542842e-05
7.09821963542841e-05
7.09821963542841e-05
7.0982196354284e-05
7.09821963542832e-05
7.09821963542832e-05
7.09821963542832e-05
7.09821963542832e-05
7.09821963542832e-05
7.09821963542832e-05
7.09821963542832e-05
7.09821963542833e-05
7.09821963542833e-05
7.09821963542833e-05
7.09821963542833e-05
