0.05
0.0370744576151493
0.0341189091300049
0.0292249067545905
0.0354543823309794
0.0331907356780755
0.030866442010927
0.03704124122765
0.0343312266990292
0.0295704937615083
0.0261634129365767
0.0234090705855236
0.0213489521273638
0.0186515854286889
0.0154973926362567
0.037260834550627
0.0348426749067395
0.0333881180322663
0.0334301245944063
0.03473510074815
0.0362742275976339
0.0366428372387213
0.0368127570102915
0.0369159608322917
0.0368813183222267
0.0363140349853825
0.0347778691761026
0.0322394902336637
0.028816625305606
0.024868738257097
0.0208030728406051
0.0166930009582083
0.03694511430684
0.0351804377214133
0.0328486875514708
0.0309677708405915
0.0294307278964673
0.0282613092305685
0.0273581911546115
0.0264958400202823
0.0260860299817448
0.0231160528080769
0.0198451512362177
0.0168789513445483
0.0135985071494252
0.0266048399178129
0.0244176327224007
0.0223775927834605
0.012593724431109
0.0116796356351697
0.0109522743755635
0.0104737074882934
0.0101715109796842
0.0100723664730892
0.0101764497958923
0.0104793139536471
0.0110165208644475
0.0117480697460983
0.0127104024373631
0.0138921537092686
0.0153350233613222
0.0169588254709002
0.0187135827255754
0.0206986862656852
0.0228185773284729
0.0251289926680439
0.0276688477474814
0.0303223014743327
0.0328770206036006
0.035247525287011
0.0373545415528168
0.0391452671971016
0.0410761402972808
0.043045675656816
0.0446910085520839
0.0460069301563079
0.046941176016334
0.0475903316399471
0.0480054667788692
0.0482475455676117
0.0483753298565318
0.0484303602917374
0.0118622009974027
0.0106536849212078
0.00948926447935904
0.00838547064958263
0.00746484522258642
0.0067035423005079
0.00602245155314336
0.00554392164258232
0.00518162260235833
0.00491969298875148
0.00478367505957178
0.0209686042190621
0.0193633191088364
0.0174394257912769
0.0211542663982669
0.020322750736156
0.0200868946734601
0.0169834823286234
0.0164992495486261
0.0159811204842574
0.015994113465915
0.0141819274192371
0.012548905847079
0.0117235138640801
0.0112574190113003
0.0110214942955036
0.011054860269759
0.0112756183278925
0.0116114516646496
0.0120770127632246
0.0125895233765598
0.0131246867093258
0.0136103189363248
0.0139897216802123
0.0142453658478729
0.0143936881688469
0.0165186460726087
0.0181380006530739
0.0209503644959903
0.0245305736098194
0.0282586241747019
0.0323867061985188
0.0151125381612012
0.0143341869883402
0.013563356613368
0.0344705114334202
0.0367398340547332
0.0388384072812982
0.0405984866637849
0.0418731705814956
0.042324687679598
0.0417303903216187
0.0398460574866062
0.0362629445815862
0.0311051817715531
0.0254828481547004
0.0204782452225378
0.0163984269541507
0.0131036653037993
0.0104391785228198
0.00828099742817187
0.00652939253991823
0.00508553734258654
0.00384919654526803
0.00281394592704118
0.00186329606055406
0.00102371406492258
0.00026472537786675
-0.000471904940269949
-0.0009963005117682
-0.00162056338867419
-0.00214773975070675
-0.00263292059356931
-0.00305334600005749
-0.00339112608641026
-0.0036741510961209
-0.00389662299427027
-0.00402272007551332
-0.00411166345351011
0.0345062389895509
0.0365841910826774
0.0384491519910727
0.0401778983231823
0.0411857628988207
0.0409685773518088
0.039164300372179
0.0352185959800395
0.0297510182364038
0.0239028679135505
0.0187191338274656
0.014396566558491
0.0108715953742491
0.00808130884271799
0.00589404077902185
0.00407188529658937
0.00263319618827096
0.00153421775975147
0.000677881349593561
3.32099089373035e-06
-0.000504083162809471
-0.000842370845828459
-0.00101585408690227
0.0117825900213205
0.0102900005011055
0.00907842580007513
0.00811659585896877
0.00735101548828345
0.00673211304613858
0.00622797310503451
0.00583455836546603
0.00553856981115161
0.00531955202524846
0.00516470760342111
0.00506632883031421
0.00501724198780736
0.0132577172651976
0.0132467449669448
0.0135389738198394
0.0141083915699484
0.014956561825131
0.0160683414824467
0.0173765234638918
0.0189316690334697
0.0210126194286603
0.0236049469982744
0.0264784542288958
0.0293356183427493
0.0320563594369834
0.034682129207548
0.0370228220694038
0.0390209622089228
0.0405581070515954
0.0416262497704715
0.0423460038790069
0.0427786002712449
0.0424672416591098
0.0411377890576271
0.0380423096461692
0.0336943395818936
0.028486047735134
0.022984482294697
0.0179470041569166
0.0138104285310518
0.0106478389569609
0.00828671515385018
0.0064424906480896
0.00495741099672658
0.00387680292751204
0.00301104896548701
0.00230175869218303
0.00185050578537243
0.00161897857544858
0.0203380098889633
0.0208619081220265
0.0215936172081154
0.0225849857798518
0.0236694920992785
0.0250805340570243
0.0265520801128159
0.0279934497972597
0.0297041679491251
0.0314452570637621
0.0327570836703491
0.0348044457522783
0.0362076834466763
0.037984737704271
0.0398632207566407
0.0412892843276446
0.0421995199810052
0.0431157594416715
0.0438848307942562
0.0444437225634354
0.0448249180264548
0.0450065061726654
0.0200094241021386
0.0201921120101324
0.0206171035577252
0.0212737879887981
0.0221117079568837
0.0230951697849602
0.0242069803226761
0.0255213619617082
0.0267927089443159
0.0282506731493247
0.0298943049224252
0.0316102416686442
0.034124388771389
0.0366694587949675
0.0389742800047908
0.0410418248542703
0.0427919031285256
0.0442766332853667
0.0454091793123305
0.0464468346536051
0.0472490882715265
0.0478083394057561
0.0481844808203645
0.0484309936402378
0.0485713664058143
0.0486391706385818
0.0306134554825365
0.0303993999587537
0.0302228710071823
0.0289209825187683
0.0269316135199746
0.0246952829949406
0.0304228254903859
0.0307090731373489
0.0311232671236459
0.0287672220382261
0.0263274312392163
0.0230438027918748
0.0201954569386627
0.018005120143376
0.0160324949474389
0.0142299346051974
0.0127095710466319
0.0115374040865164
0.010580909430006
0.0098837172861857
0.00942472620779694
0.00916603922618216
0.00909392764643908
0.00928923322799132
0.00970589576771527
0.0105399095185627
0.0115530099157818
0.0129727415383223
0.0146520581488618
0.0169062034731442
0.0195341071828119
0.0223304184787795
0.0253575890365011
0.028475905479687
0.0315192721109553
0.0344427641696856
0.036955322669122
0.0391531351627249
0.0412778839675994
0.0428737780154228
0.0439982102874449
0.0447283236390525
0.0451021636362776
0.030413702751708
0.029406108458666
0.028049748341034
0.0264059631952479
0.0246643968537204
0.0228923411472214
0.021202351504892
0.0196418797554425
0.0183434019442331
0.0172943684678766
0.016509767146332
0.0159946970649488
0.0157268260841724
0.0337012760893555
0.0358731157926463
0.0380486169646557
0.0392441749646836
0.0403034760229975
0.0412328360850314
0.0378667672762649
0.0369940392530415
0.0351502809957303
0.032656155403973
0.0296032287017694
0.0261844409075905
0.022829521396832
0.0197691073370949
0.017029580518011
0.0147019864227638
0.0126994371298671
0.0109596845270258
0.00947140959340047
0.00815617480093554
0.00701553867179428
0.00602062745923726
0.00516330088191211
0.00440465754282824
0.00376398230061183
0.00322421665385174
0.00275933975326824
0.00231774382340901
0.00192963706691753
0.00161770034191688
0.00138570031841427
0.0012450468624259
0.00116363953114303
0.0409415601107062
0.0399148078565577
0.0378145400781076
0.0345825428786548
0.0309709171312031
0.0270707641168148
0.0230086247344876
0.0196323299758458
0.0170213775235709
0.0144846656211737
0.0121966620083651
0.0102640791522824
0.0087653267617758
0.00764739501174603
0.00656008849648189
0.00563515642480136
0.00483417306457181
0.00417200254767955
0.00363701808546482
0.00326787626192551
0.00298125618401833
0.00272366407372456
0.00253311206050407
0.00244468726076173
0.0425993275489257
0.0436474810956352
0.0443685013015157
0.0449503662380654
0.0453638562659405
0.0457281320212689
0.0460225876826964
0.0462262007948241
0.0463888700971044
0.046526763359385
0.0466206986403027
0.0466755378808549
0.0232779793295821
0.0215189060872446
0.0194188355013398
0.0169649483175768
0.0147318519346578
0.0129316534986133
0.0112395174965085
0.00966983586323506
0.00829473571137523
0.00700215400590738
0.00577770228904032
0.00469106526697339
0.00376172837339429
0.0028239701108589
0.00187768787565906
0.00103712140806207
0.000334556806716291
-0.000264800296719778
-0.000769755116620814
-0.00117171255214474
-0.00146250477887491
-0.00165307086907075
-0.00176364184806033
0.0234279213332409
0.021962131683422
0.0202810115673678
0.0183255456107361
0.0163460978029411
0.0146014152377209
0.0131319986836399
0.0119032308409183
0.0109120422411406
0.0101477599105872
0.00959775395766465
0.00926304153749863
0.00911534492854054
0.00917300900555066
0.00943578300605983
0.00988503797557573
0.0105172024087442
0.0113392524062176
0.0123527354491159
0.0135346253630088
0.0148848849013583
0.01638590895227
0.017974875883578
0.0197093488795703
0.0218522122879776
0.0242090681499458
0.0265326335063345
0.0287529912804526
0.0307405322249443
0.032484967111586
0.0339977639523832
0.0351882969043872
0.0361364369717747
0.0367237311805168
0.0370483750098177
0.0141009086975073
0.0124761014582346
0.0105123571914056
0.0149157885543797
0.0144636847752306
0.0142322603623213
0.009036212884441
0.00762535282266811
0.00638179415626031
0.00531656082793647
0.00452215039485447
0.00386290968713688
0.00336806199340933
0.00304350065125668
0.00288131885996425
0.00918420093031053
0.00819329605145477
0.0074510668098785
0.00694018031883567
0.00794836870857937
0.00906731254227113
0.0104749535832158
0.0121528399104417
0.014035021495973
0.016219006975679
0.0186598395760269
0.0213134891892548
0.0241281843788492
0.0270107818090883
0.029903503032094
0.0327089774431157
0.0353281408371785
0.0376549177703884
0.0396651884441987
0.041525440196589
0.0431949130124316
0.0444440543699572
0.0452615472131181
0.0456301928155149
0.0455756297055613
0.0451721094204375
0.0445019365355295
0.0437282434594393
0.0430562142534529
0.0426463482614785
0.00563876216631974
0.00464352286624858
0.0039099234710827
0.00318306182165594
0.00284846785346461
0.00261045430345983
0.0148246935120428
0.0129610188488974
0.0111242101759047
0.00942720948340265
0.00796558321387617
0.00673510035191478
0.00570675784673862
0.00484101030268948
0.00409124317014439
0.00344042736510218
0.00289607111704733
0.00244403541549323
0.00203654816231957
0.00166051339024545
0.00132842945140642
0.00102806739646364
0.000753588760084541
0.000503130072986166
0.000276348766676278
7.39262199493096e-05
-0.000103293836819665
-0.000254997409513078
-0.000380244708914793
-0.000478579544226578
-0.000551633594866992
-0.000602590384967325
-0.000635451510218948
-0.000654357310858389
-0.000663092422561329
0.0143144243834309
0.0123928450438841
0.0106286727031854
0.00907839916129482
0.00774250836650056
0.00668042509716209
0.00579285271929031
0.00495202333140515
0.00419908047427146
0.00359126165723292
0.00309883389969483
0.00265458995946421
0.00222753173043338
0.0017847889697881
0.00137727061943174
0.00102094582894475
0.000697378355655232
0.00040067877656714
0.000124026276015261
-0.00014262205228768
-0.000380220106415036
-0.000627700690898129
-0.000789854357896381
-0.000951068670382398
-0.00113510618752097
-0.00129065876998738
-0.00142723795515995
-0.00154532059456276
-0.00163318930885879
-0.00169817773447141
-0.00174025972877704
-0.00176188450739786
0.025905187899065
0.0252925941265552
0.0248180744549483
0.0245332591157864
0.0244081304310075
0.0256768317593839
0.0237865739859837
0.0210679938221711
0.0188700327758093
0.0167019237576755
0.014573634255885
0.012893748221198
0.011345135303103
0.00974402227460141
0.00808963890572829
0.00673736874113265
0.00550453814049566
0.00438578187165035
0.00337254764440103
0.00247015049214483
0.00167717538321875
0.000972069198056516
0.000392680342096445
-0.000277649337124002
-0.00086740245687734
-0.00132167664270838
-0.00170514693102525
-0.00201853758928527
-0.00224402280792205
-0.00238411908926384
-0.00246276464383899
0.0258100435581519
0.0282729035839304
0.0314658412312924
0.0228820007321425
0.0209032576575404
0.0188632331833232
0.0170629088668692
0.03346532707987
0.0349218271014057
0.0360447291006309
0.0319980184396977
0.0326761056243299
0.0336365686667407
0.0346083459847192
0.0361725928572674
0.0366601746189006
0.0381969235813194
0.0403953667064123
0.0425714599773844
0.0372065453235411
0.0383789859925017
0.0396584641273875
0.0434580729327351
0.0439137800595359
0.043558253163531
0.0421216226625617
0.0390408610321649
0.0340551016599633
0.0283501486302825
0.0224489584152638
0.0172793078770812
0.01303711561801
0.00956863180542777
0.00628550760548472
0.04357687378978
0.044227340698566
0.0443370023718083
0.0438555052948178
0.0422835148676466
0.040065417138133
0.0360595726435977
0.0309234044472707
0.0262196923237652
0.0218692239852015
0.01799436806126
0.0147216012222777
0.0122574959945289
0.010292491021149
0.00843208331660355
0.00699436039094845
0.00570419563132505
0.00473200843799071
0.00391394935853066
0.00325078003491356
0.00275698875107021
0.00236849108025176
0.00208065375623273
0.00190991356615463
0.00182548620291066
0.00508025008791151
0.00414772019716843
0.00345559197170622
0.00300440092850208
0.00263450913817378
0.00242256678137297
0.00230973486759231
0.00472424367762535
0.0034466568283465
0.00236820053487578
0.00151062814780755
0.00077932150756789
0.000138675688699676
-0.000412247298730741
-0.000890015534184555
-0.00129869915267145
-0.00164565610377283
-0.00195356379644323
-0.00222181150851092
-0.00244530627187853
-0.00262035273896058
-0.00275162182925888
-0.00285155664225962
-0.00291937684095863
-0.00295330910159391
0.0402247777023295
0.0409170891908436
0.0417231987420537
0.0425592888752957
0.0432497946294488
0.0436478267656687
0.0436539106048079
0.0431453038838496
0.0419628867579151
0.0399139828454158
0.0368451458042384
0.0328127426321263
0.0281682422378743
0.0231222111976986
0.0403078275177517
0.0410334288272997
0.0418102797762825
0.0426136173396206
0.0433403618423934
0.044059341789658
0.0447538535996612
0.0453910101565047
0.045975592041854
0.046550872140452
0.0471144651440029
0.0476077441037431
0.0479935913747627
0.0482899524606988
0.0485011092540062
0.0486584862986013
0.048755103986665
0.0488075243000364
0.0201958287001991
0.0176468384628563
0.0154321901728813
0.013218267418783
0.0114199926891554
0.0100108980024019
0.00850028392568233
0.00690358245862141
0.00553723735713816
0.0044706898952748
0.00363727520437061
0.00295910408581924
0.00238131399428342
0.00190669639947907
0.00154607967415519
0.00130125440479717
0.00114287459452589
0.00105587824891362
0.0204348161982296
0.0181012861841965
0.016109824446503
0.0144057228582323
0.0129218043020182
0.0116119346836215
0.01049766405455
0.00962422316153092
0.00899081304366194
0.00857981472500045
0.00837147631530831
0.0374367685906509
0.0389435267936208
0.0405526347368038
0.0418382952548329
0.0426233002779516
0.0427292475780196
0.0418791739779027
0.0395396232791958
0.0353840455797431
0.0296468362518715
0.0229456040355971
0.0369817815871163
0.0381098554358229
0.0392528462963619
0.0406129892869901
0.0417840357069901
0.0431400381597194
0.044280341313988
0.0452385264037614
0.0461094483239796
0.0465909705695599
0.0470410518068364
0.0473162160155195
0.0474516179776475
0.0194829149351113
0.0166423951850392
0.0143470779051612
0.0122682805361078
0.0107232856100478
0.00949793944956025
0.00867402560676789
0.00808215109484969
0.00774455734382663
0.019312975225814
0.0160753272967305
0.0132751735469451
0.0108756112289568
0.00882393622134388
0.00708852917544761
0.00562429529360993
0.00436828077651605
0.00331449643400161
0.00243493704382726
0.00166608786263759
0.00102694109636635
0.000495376516425252
4.3828537512778e-05
-0.000339125687682766
-0.000676814648479491
-0.000969722961459975
-0.00120668086911967
-0.00138049373918699
-0.00151058491462623
-0.00159805868672534
-0.00164131978199296
0.0165083660035173
0.0162145881525354
0.0162668803923086
0.0166808391561344
0.0174342957065512
0.0185364463922519
0.0201189387855019
0.0219983730383834
0.0235435555077474
0.0257075820037338
0.0284166782560975
0.0308938729101308
0.0334987069014013
0.036240269115901
0.0387641868395796
0.0412480657828949
0.0163349797390457
0.0158928145470597
0.0157733602465746
0.0159677804335074
0.0164731389746789
0.0173158808581838
0.0185610128283081
0.0202800048975734
0.022411453290471
0.0247707316925195
0.0271199096825505
0.0292980475598227
0.0314174826345238
0.0340128421035762
0.0426008379380249
0.0439473331462322
0.0448997024825508
0.0453528019653705
0.0452467966536881
0.0444323729361409
0.0427599447251593
0.0394161711105893
0.035356354116847
0.0306740840033201
0.0262891414815594
0.0224025357305216
0.0193554554356576
0.0171544666266418
0.0157066580851891
0.0149658051700926
0.0427430433446926
0.0440580978628026
0.0452303202091282
0.046075943895205
0.0466047091071935
0.0468868757767259
0.0468323861083801
0.0464680420331499
0.0458317958285368
0.044911578204165
0.043685777537862
0.0422337345636737
0.0408277039672328
0.0399126283288696
0.0357900528946921
0.0373841394930504
0.0388834735054552
0.0403456975120356
0.0416542973268754
0.0427688045810947
0.0435874717233236
0.0441078719675936
0.0442581069812629
0.0438825648681997
0.0428792677109578
0.0411643346947521
0.0385671634117871
0.0349526386721359
0.0349810277486425
0.0360784850111933
0.0371354657333498
0.0383322659925075
0.0398446109878858
0.0413097881793431
0.0424825008123566
0.0435391014107137
0.044312373387598
0.0446759106578786
0.0445186998749355
0.0437803769137484
0.042195423876851
0.0395543951303206
0.0358052579419831
0.0315329400357689
0.0271250949028245
0.022794099276043
0.0190449811356473
0.0159020151119645
0.0132586063462528
0.0110335048882434
0.00916132848702314
0.00759617854873014
0.0062755864494739
0.00511518753708194
0.0041042331039433
0.00323593866613357
0.0024402302487356
0.00170815332157694
0.000975975274874815
0.031660471357325
0.0279685977705753
0.0241205559737932
0.0203502266676018
0.0168680208344168
0.0140241654125979
0.0118932823733864
0.0100365878122251
0.00837040389974327
0.00701041700285113
0.00584527220031368
0.00487902990462492
0.00402811021611518
0.00323600341797004
0.00257446707245454
0.002024889685399
0.00149170087992135
0.00100068626250579
0.000572648893255797
0.000206974324157134
-0.000121478257135972
-0.000437944471029578
-0.00073308858708008
-0.000999021128815359
-0.0012467058877573
-0.00149275023502003
0.0340462882583047
0.0330736634748793
0.0322757899006935
-0.00174657398977506
-0.0020454076003334
-0.00237560616929837
-0.00270144778206424
-0.00300390444995794
-0.00329490163413415
-0.00156028142738242
-0.00162563559652167
-0.00166285311880263
-0.00168520026781632
-0.00348160270797619
-0.00361806070262394
-0.0037055082306249
-0.00375049292990386
-0.0034058858703777
-0.00347620434733722
-0.00350921420905616
0.000577400974146495
0.000210903061693001
-0.000113913421804591
-0.000429522214885228
-0.000757162436276115
-0.00108694361398609
0.000626423399965621
0.000316338593854447
2.07907296417715e-05
-0.00026587020590935
-0.000550793858972835
-0.000815175544307178
-0.00110257271272188
-0.00137802116519756
-0.00165884925049237
-0.00194144862438802
-0.00221649020937661
-0.00249377711646288
-0.00276180834587279
-0.00302967647335188
-0.00328756319578805
-0.00352626372451723
-0.00376694615659172
-0.00140890948232619
-0.00168493019552541
-0.00196998911597508
-0.0022389484040415
-0.00251753999504058
-0.00278741829241387
-0.00304856612314539
-0.00329883444456817
-0.00353782420114464
-0.00375935443257423
-0.00396911252630922
-0.00416624524862642
-0.00434547372561214
-0.00450114042180828
-0.00463081516871875
-0.00473452447261232
-0.00481226709629804
-0.00486385522474939
-0.00489039288672604
-0.00108986637095866
-0.00109050936292768
-0.00109006600135454
-0.0010892628587638
-0.00108855390805361
-0.00108813332586891
-0.00397942436692216
-0.00419653981146334
-0.00439032946815125
-0.00454378441059604
-0.00466677624177243
-0.00474856564557091
-0.00479140329872134
-0.00386801847140723
-0.00395508190732367
-0.00401552056901404
-0.00404551413380541
