0.05
0.0478853652433712
0.0473428899528367
0.0464083328132292
0.0477333741480203
0.0475198318379522
0.0473813391109172
0.0478931489698704
0.0476173353486702
0.0472660836177237
0.0469797499613833
0.0465360350675086
0.0458999803701661
0.0443325220562191
0.0404485461600055
0.0479243494724641
0.0477429013397802
0.0476559546732511
0.0475957623674662
0.047030422201915
0.0461523708670676
0.0457423671435632
0.0453149297170116
0.044542247117077
0.0426553606833075
0.0378970463098312
0.0308217090435319
0.0240788917866127
0.0183888786909788
0.0137627565716367
0.0100051335679318
0.00674761423967821
0.0479027873188639
0.047760806423555
0.0476252108247253
0.0475502846779338
0.0475029573193768
0.0474592477709209
0.0473968196614277
0.0472802883357492
0.0459841719597754
0.045114675558742
0.0433442453861474
0.0401534181010784
0.0333398050152442
0.0457061786397283
0.0449169519624232
0.0438508617167414
0.0300187386205529
0.0258227989186433
0.0216187236403685
0.0181469345438169
0.0150126665891332
0.0122740879162759
0.0101415839733698
0.00831665975135429
0.00672491407481391
0.00546452873414596
0.00441212604231593
0.00355370215997957
0.00283774682634721
0.00227280401293902
0.00183197274583034
0.00146830189808883
0.00118305758545212
0.000950481903807255
0.000754552406248396
0.000593811007522234
0.000470085288533312
0.0003777965413122
0.000312040995760256
0.000266945700608929
0.000227583368501564
0.000194372352038816
0.000170321410706925
0.00015290930569308
0.000141157193383621
0.000133007778827974
0.000127549064253653
0.000124074959176074
0.000122027797984353
0.000121052395091204
0.0291402559576947
0.0255603551783549
0.0218339464039236
0.0182560949778996
0.0153412543349264
0.0130138041482909
0.0110094911302453
0.0096467878791371
0.00864146542995264
0.00792950583964494
0.00756477291989646
0.0430122350753738
0.0414390240173249
0.0385961645923284
0.042019093531136
0.0373518304672429
0.0297535286558976
0.0375076358621695
0.0362197133406751
0.0347081052070083
0.0371440745991182
0.0329442429240791
0.026560463223097
0.0219067618265084
0.0181100974557622
0.0144516985841306
0.0112552224942709
0.00901184692251524
0.00728898244690533
0.00578602719311491
0.00461893005791113
0.00368649231388657
0.00299757534325512
0.00253514018243429
0.00225492414998608
0.00210319474178843
0.0325918602775734
0.0278181665927837
0.0215279933515413
0.0158302995556986
0.0114129289106533
0.00748256154339839
0.0324283981405452
0.0301516039681622
0.0276937483907456
0.00575517960871244
0.00427976429163301
0.00316369515028236
0.00232904639560008
0.00168647106737015
0.00122136934598688
0.000899540711307369
0.000665512001780827
0.00049049979768357
0.000364141809069815
0.000277492198651816
0.000220390125709154
0.00018318238553239
0.000158687284451585
0.000142673253072507
0.000132404554035291
0.000125974428694725
0.000121997931530879
0.00011952860527427
0.000118070473403009
0.000117161871690874
0.000116636267721264
0.000116332965824127
0.000116153291414341
0.000116071486600647
0.000116011918707925
0.000115982006585494
0.000115965605585255
0.000115957107404476
0.00011595287376593
0.000115950612019201
0.000115949444788373
0.000115948955231444
0.000115948688878572
0.00571925564952774
0.00435569828521159
0.00333971024923493
0.00246005688966445
0.00177765590166588
0.00127533135376686
0.000928862963354454
0.000666563932108313
0.000486313341485429
0.0003610293282145
0.000276547938010555
0.000219558815878466
0.000181578552260075
0.000157162093453588
0.000141741694515292
0.000131566233679013
0.000125294596139427
0.000121560933369638
0.000119287986000865
0.000117886826856751
0.00011705414038111
0.000116601994789715
0.000116402009743056
0.0236784782539185
0.019872395338326
0.016569783818887
0.0138302580289617
0.0115680671545356
0.00967160496391148
0.00806555018021646
0.00675926175114409
0.00573444454660462
0.00494495121305618
0.00436608849436617
0.00398728563793699
0.00379444958518485
0.0240531691066778
0.0203933445531648
0.0170391104374576
0.0142463714342094
0.0118715173330453
0.00989501304701337
0.0083370250573711
0.00705017446225187
0.00581510847747198
0.00466108167207339
0.00365701538057258
0.00285218271723951
0.00221985179217179
0.00170423376801971
0.00130563175994395
0.00100381218778265
0.000792024405444603
0.000649707404167726
0.000543988525164605
0.000436814326164585
0.000339105822096096
0.000273369015626963
0.00022062977620466
0.000186911769247619
0.000163270494471815
0.000146271739010831
0.000134699562278969
0.000127356040778907
0.000122948336035572
0.000120330526602447
0.000118690306566673
0.000117633816494015
0.000117015993750662
0.000116616773432954
0.00011635102134273
0.000116207597778856
0.000116141891307353
0.0261848421379024
0.0227808251325377
0.0197071010630816
0.0167626916182988
0.0143675939001759
0.0119949247361606
0.0100761746960406
0.00857201209542038
0.00713509632398648
0.00593899800900043
0.0051596772818473
0.00411407187944291
0.00349123853448486
0.00279746294870591
0.00215720783906094
0.00172191954358087
0.00146329218058736
0.00121767282924326
0.0010215546524051
0.000884126628228861
0.000792728873975394
0.000749799777259858
0.0265615445254464
0.023262286809607
0.0200804335836212
0.0171535548224031
0.0146453871675739
0.012524885347701
0.0107223524536496
0.00909262167943748
0.00786353512069387
0.00676342113970581
0.00580357364131357
0.00499777186857907
0.0040151699563727
0.00316429377427534
0.00249296539052403
0.00195943733603153
0.00154897172607697
0.00122400944523968
0.000986413052057429
0.000773510748179338
0.000607771578030664
0.000487553157973831
0.000401493541163158
0.000340646705123559
0.000303320802283075
0.000284202942835112
0.0472585788292315
0.0470819423314816
0.0467961551372544
0.0474776511769961
0.0475532221266559
0.0475479535620339
0.046574148709787
0.0462659018955455
0.0458174168337959
0.0468589736230357
0.046542488647649
0.0454072955019246
0.0432644476491551
0.0400077306849067
0.0351397496785897
0.0290834354195199
0.0232488434604987
0.0185532924491558
0.0146254501572608
0.0116130226125874
0.00935642277685965
0.00756946623558125
0.0058322047379737
0.00421709729234584
0.00315561099373405
0.00220902260335252
0.00162655909185695
0.00117302149929781
0.000863894842101771
0.000621323199853754
0.000454371211521753
0.000344060307050616
0.000266913958417783
0.00021421826981399
0.000179240425904724
0.000155978585334967
0.000141686047748097
0.000132441046158304
0.00012581207079036
0.000121973182315941
0.000119762904200279
0.000118526373915456
0.000117951912986582
0.0459531282752049
0.0451408452295817
0.0428539685164958
0.038583898555149
0.0328386038147615
0.0266769616751831
0.0211471114857655
0.0165368143421524
0.0130633750352133
0.0104771584847242
0.00865961534101948
0.00751711617693037
0.00693870492263095
0.0432225240393794
0.0395957508417241
0.0330419435040973
0.0296061295278656
0.0257598284143388
0.0216339397301686
0.0301793678812413
0.0260902239722165
0.0211805237508999
0.0170517810213335
0.0136096362101305
0.0107246904719116
0.00840781323832457
0.0065665834952393
0.00508237801816121
0.00393074436640989
0.00302513573651011
0.00231172429492711
0.00176445036066868
0.0013365131468865
0.00101252133705127
0.000768655455669306
0.000588804704552703
0.000453539802202056
0.000357100245974004
0.000289167602841681
0.000240713842430759
0.000202735880100794
0.000174814885000358
0.000155784765069886
0.000143517715628184
0.000136810501310039
0.000133205405660889
0.0185714099995746
0.0154396564446457
0.0123870549619434
0.00971723134037309
0.00772186849214834
0.00608617395839602
0.00468044297466709
0.00364532933804512
0.00290597224657264
0.00223683195740376
0.00167900923811917
0.00124916465846618
0.00094806855155349
0.000745443154641644
0.00056990161234593
0.000439150125021431
0.000341176423514876
0.000271593424717907
0.000223265131674895
0.000194042337996414
0.000173881703683995
0.000157769479093072
0.000146971441233904
0.00014225677957152
0.0180073476981609
0.014703675392071
0.0121200278261313
0.00982448413793814
0.00809007647992856
0.00650681502828993
0.00521292762639299
0.00432658149852077
0.0036337919475483
0.00306250339515865
0.00268205541550131
0.00246386994318565
0.0473552274166999
0.0467788725212391
0.0455935948865373
0.0433380870377844
0.0399848764076241
0.0360338375243746
0.0313287428322832
0.0264808653181526
0.0222102721040279
0.0183822055867338
0.0150279590906128
0.0123195661549607
0.010225680145875
0.00832349034370431
0.00658901208934591
0.00519063200548186
0.00412178130509311
0.00328147143264175
0.00262429613515681
0.00213403198743749
0.00179724682412965
0.00158466696750933
0.00146456938895491
0.0475203235094637
0.047235013449317
0.0465346581180589
0.0450808381014306
0.0425062695625292
0.0387156617926411
0.0339801801956439
0.0288291017557257
0.0239068223986512
0.0195644607375164
0.0158771032698958
0.0129020250366953
0.0103568955317552
0.00820210505447561
0.00649871354827704
0.00516230889748425
0.00409475727746278
0.00323361239647552
0.00254398588871814
0.002004634227909
0.00158084650017776
0.00125049566353917
0.00100246061257263
0.000810973331318997
0.000641835142585046
0.000501681075271913
0.000395293313899791
0.000315722253198121
0.000258783123838831
0.000217928987170122
0.000188388634274364
0.000168471392533004
0.000154547581899038
0.000146688364258844
0.000142605945359618
0.0367554334056873
0.0314740653419221
0.0243766992750144
0.0410205726672466
0.0410440996933541
0.0409142704553254
0.0197951459734502
0.0155755622643013
0.0121067483569241
0.00936168983875666
0.00745662114496532
0.0059726545580547
0.00491675047444405
0.0042513761459516
0.00392709343292548
0.0185199502746731
0.013882796909209
0.00998888059564583
0.00654923324104261
0.00512516619428771
0.00407735537732307
0.00318687018863168
0.00247413033825526
0.00193140462608671
0.00149900988546602
0.00116337529804242
0.000904510411758232
0.000704915831996933
0.000552498842598183
0.000435768790259601
0.000347734079950449
0.000282981832370881
0.000237123676139996
0.00020492463931531
0.000180068557628302
0.000160560382059998
0.000146721331533827
0.000136871318342734
0.000130013641018326
0.000125405775162875
0.000122323396464808
0.000120241969974829
0.000118917188479181
0.00011814622082444
0.000117778077606766
0.00508360491857096
0.00403712905708632
0.00330758179989618
0.00262402297389247
0.00231993020252618
0.00210919574523084
0.00532983325562874
0.00411434346927494
0.00307858006164469
0.0022470669117779
0.001626602219013
0.0011772213585113
0.000856831394100684
0.00062909231296118
0.000465143825239935
0.000349255036829913
0.000271691192509063
0.000220729023502437
0.000185078121774644
0.000160333293207555
0.000144301509613797
0.000133864747302295
0.000127124910190972
0.000122837931777236
0.000120149977527277
0.000118486131845475
0.000117466258194707
0.000116844940575278
0.000116471009780528
0.000116249721372731
0.000116120522320054
0.000116046255338139
0.000116004757827305
0.000115983043888569
0.000115973531447181
0.00507745116037208
0.00389400479009163
0.00293538645241383
0.0021944776403094
0.00163492720750666
0.00124436896785498
0.000957345582300183
0.000721306437303472
0.000541455564221312
0.00041906446106848
0.000335943359273865
0.000274714793104293
0.000228335015570498
0.000191195921200658
0.000165082125314018
0.000147947611613177
0.000136596110228498
0.000129182248818786
0.000124335619472641
0.000121125610988663
0.0001191706457302
0.00011781909239878
0.000117192960474738
0.00011674073040391
0.000116399314627665
0.000116213420577745
0.000116101527042601
0.000116033414392158
0.000115996338019153
0.000115975419228259
0.000115964518997062
0.000115959699721958
0.0469478681094291
0.0462640135678801
0.0451723063519594
0.0435829013142272
0.0411101951697141
0.0473125772534566
0.0471694441222982
0.0466564558468302
0.0458332257789477
0.0443347778255529
0.0417658293915437
0.0385987969163533
0.0346709986262207
0.0299062304225095
0.0246672906555631
0.0204607901117784
0.0168382813468852
0.0137886401675116
0.0112465155509062
0.00917030406700252
0.00749867143671813
0.00613917052668166
0.00511537772675641
0.00403253516471652
0.00315862906959537
0.00253385193478
0.00204003751210993
0.00165954890640964
0.0013985367466905
0.00124168970258251
0.00115562039611688
0.0379588012777349
0.0313210169032231
0.0219736861049984
0.0394991625884601
0.0353491523203537
0.0290692537552999
0.0218593093904771
0.0173239672679869
0.0141017899976647
0.0117874877518845
0.0182783809293861
0.0151392332040819
0.0121728984264464
0.010029532273564
0.00747237351948955
0.0107425000516367
0.00889074236682266
0.00667796883779822
0.0046436893490034
0.00959542084502955
0.00776521944751385
0.00607620193229607
0.00368350837725104
0.00281408261389683
0.00207560411831783
0.00156151589812895
0.00115159328763859
0.000842435794931137
0.000628675272061983
0.000467087688336641
0.000352003612038382
0.000271781654406439
0.000215189690967803
0.000168524357904662
0.0037079659916084
0.00290472154215447
0.00220766110524815
0.00178192548778495
0.00134055140491107
0.00106731062841711
0.000807002531774948
0.000609185468847585
0.000478042416888551
0.000379189653512784
0.000303349396144652
0.000247014272382162
0.000209581703068785
0.000183402786990954
0.000161997119686649
0.000147727656386356
0.000136837634754994
0.000129918007494171
0.000125043197670259
0.000121764079392159
0.00011972348017891
0.000118369419222954
0.000117511924471396
0.000117060261782198
0.000116853347997949
0.000150362002339116
0.000138096882008353
0.000130171013935956
0.000125590841809498
0.000122246350300871
0.000120495065941333
0.000119619409366078
0.00015064207687867
0.000138652976477955
0.000130561499481021
0.000125481397201799
0.000122103292401977
0.000119843155126856
0.00011838629134016
0.000117454164271961
0.000116872485567093
0.000116513893904185
0.000116285315346769
0.000116144091710809
0.000116060720084647
0.000116013543258563
0.000115987035166947
0.000115971385432941
0.000115962780307496
0.000115959040864324
0.00543435667324695
0.00477284877612321
0.00408908808667312
0.00340928927648944
0.00279977148773167
0.00229112372219601
0.00186827316200069
0.00151815852974729
0.00122927019791408
0.000991390141845805
0.000795462613155205
0.000633409163752537
0.000498209370073557
0.000377927233714536
0.00528011899120103
0.00453658367496557
0.00385425935710622
0.00323947685133745
0.00274874486500876
0.00231820435379807
0.00194953548606462
0.00164789004032804
0.00139735372225876
0.00116982362304845
0.000959861539453524
0.000783091154751985
0.000647653841619131
0.000544436465337974
0.000470827410499026
0.000415652643882599
0.000381531078653747
0.000362906014394391
0.000317253711539706
0.000272096186379781
0.000237245259004535
0.000206287556591642
0.000184214355364969
0.000169132468795211
0.000155243480191377
0.000142845319656795
0.000133942528575921
0.000128112207310563
0.000124271945595125
0.00012162964430515
0.000119732278348595
0.000118421006898224
0.000117573919773475
0.000117071155850585
0.000116777579940447
0.000116627683136275
0.000318207152056029
0.000272613075077644
0.000237695195474105
0.000210598754234189
0.000189080570301806
0.000171668812633806
0.000157977634284386
0.000147955688444896
0.000141089909146917
0.000136823338470866
0.000134720329651049
0.00613497939483542
0.00488355545373702
0.00375307762945453
0.00288550259758416
0.00222336299519196
0.00169741581567726
0.00129944315608183
0.000973019985700091
0.000726416592851047
0.000535765967460234
0.000375835650596533
0.00611377202002633
0.00480695903679958
0.00382403087205329
0.00292923731899276
0.00231291098321533
0.00173006505093717
0.00131723518684342
0.00101310476184049
0.000765166596536389
0.00063660820519749
0.000522171354022137
0.000454423331797179
0.000421671377553503
0.000298932404048822
0.000246518067618011
0.00020972931157548
0.000180518844121077
0.000161245375547953
0.000147514111968802
0.000139056620783898
0.000133401438506917
0.000130347978668593
0.000304851020404056
0.000252261401645655
0.000213606161505484
0.000185310958135008
0.000164713579693999
0.000149973653842618
0.000139526961103128
0.00013207426951315
0.000126922563504235
0.000123402106552977
0.000120908860423252
0.000119241835217331
0.000118132602986629
0.000117388044586197
0.000116895144434656
0.00011655743523112
0.000116328822187772
0.000116183647254196
0.000116097880607866
0.000116044673501525
0.000116013981762192
0.000116000259400486
0.0188727937270716
0.0157871860120189
0.0129488413719447
0.010579327909017
0.0086307932846882
0.00699410808817693
0.00553011380111272
0.00438321483028428
0.00369218752044643
0.00295815614256908
0.00227987170692679
0.00180684620337734
0.00141322306582744
0.00107988187067844
0.000824024185294581
0.000604274624783797
0.0186133960871749
0.0155518899779723
0.0128934123903959
0.0106646918768641
0.00876451589470268
0.0071210252838008
0.00567798925405003
0.00442243323010245
0.00339646997737431
0.00260600542122938
0.00202156710318388
0.00159217774171196
0.00124461907641155
0.000883448945051079
0.00048911840965242
0.000384251548627126
0.000307043202444615
0.000253227009898982
0.000211303518413384
0.000182943397566972
0.000162845939057178
0.000146442114137656
0.00013663498740855
0.000129770358334234
0.000125231822567451
0.000122096390972182
0.000120050697040309
0.000118762482811976
0.000117996692134994
0.000117629964443628
0.00048636744735483
0.000394383489890972
0.000318594215451643
0.000264115848460695
0.000225684645506756
0.000193756224946483
0.000170983369161146
0.000155548202802398
0.000144900360656066
0.000137120716831289
0.00013126831816058
0.000126992962235252
0.000124156353585766
0.000122710317686618
0.000700772486199659
0.000569499936272016
0.000468115876508081
0.000385132023348235
0.000320665525486349
0.00027033315454169
0.000233042075715827
0.00020411090941122
0.000180717582854708
0.000162811707674636
0.000149820308663755
0.000140272301305589
0.000132820896551364
0.000126615313572478
0.000728815874176017
0.000596152718927658
0.00050078818937866
0.000420434054552934
0.000341964291185243
0.000280287621050945
0.000238290078230328
0.000204112457317476
0.000178232139178377
0.00015953500004126
0.000146051783661086
0.000137196289520283
0.000130481655328093
0.000125750514162617
0.000122480259038523
0.000120344384862416
0.000118892225484788
0.000117870298282154
0.000117200727363243
0.000116763139265997
0.000116474105343018
0.000116284060220672
0.000116160606854536
0.000116081974461892
0.000116032141417604
0.000115999968432541
0.000115979859297493
0.00011596764436563
0.000115959855398728
0.000115954912646496
0.000115951437593101
0.000123877740587227
0.000121723613151075
0.000120044214300428
0.00011875931372221
0.000117812818487083
0.00011718797000974
0.000116803135607915
0.00011652783097483
0.00011632902193312
0.000116199896930438
0.000116112713941653
0.000116056337332791
0.000116018421272221
0.000115992336698343
0.000115976275527239
0.000115966376529223
0.000115959430521852
0.000115954973578304
0.000115952314793511
0.00011595076029816
0.000115949806603126
0.000115949193041819
0.000115948819698576
0.00011594860096283
0.000115948468069094
0.000115948380896526
0.00012360554287178
0.000121675491377056
0.000120517685023665
0.000115948340041583
0.000115948314885003
0.000115948300361332
0.000115948292759333
0.00011594828898526
0.000115948286952535
0.000115948336209076
0.000115948308556266
0.000115948297378776
0.000115948292286294
0.000115948286221267
0.000115948285934748
0.000115948285825271
0.000115948285786347
0.000115948286261009
0.000115948285981424
0.000115948285883808
0.000115950048114268
0.000115949268912811
0.00011594884982463
0.000115948603059582
0.000115948451388164
0.000115948358065923
0.000115950063997944
0.000115949304154607
0.000115948864481106
0.000115948611935289
0.000115948467104657
0.000115948389336599
0.000115948341851906
0.000115948316642823
0.000115948302473711
0.000115948294709033
0.000115948290577093
0.000115948288306317
0.000115948287105858
0.000115948286452022
0.000115948286108887
0.000115948285931588
0.000115948285828765
0.000115948324601019
0.000115948308044353
0.0001159482981805
0.000115948292797631
0.000115948289609825
0.000115948287860286
0.000115948286897964
0.000115948286371412
0.000115948286083087
0.000115948285927985
0.000115948285842248
0.000115948285795279
0.000115948285770275
0.000115948285757315
0.000115948285750655
0.000115948285747223
0.000115948285745467
0.000115948285744607
0.000115948285744248
0.000115948323367145
0.0001159483061033
0.000115948296365095
0.000115948291467032
0.00011594828908643
0.000115948288073798
0.000115948285786095
0.000115948285763302
0.000115948285752431
0.000115948285747596
0.000115948285745316
0.000115948285744341
0.000115948285743967
0.000115948285783211
0.000115948285760784
0.000115948285751143
0.000115948285747722
