4.12854967892222e-05
4.12854967892222e-05
4.12854967892222e-05
4.12854967892222e-05
4.12854967892222e-05
4.12854967892222e-05
4.12854967892223e-05
4.12854967892222e-05
4.12854967892222e-05
4.12854967892222e-05
4.12854967892223e-05
4.12854967892224e-05
4.12854967892224e-05
4.12854967892224e-05
4.12854967892225e-05
4.12854967892221e-05
4.12854967892221e-05
4.1285496789222e-05
4.1285496789222e-05
4.12854967892221e-05
4.12854967892221e-05
4.12854967892221e-05
4.12854967892221e-05
4.12854967892221e-05
4.12854967892222e-05
4.12854967892222e-05
4.12854967892222e-05
4.12854967892223e-05
4.12854967892223e-05
4.12854967892224e-05
4.12854967892224e-05
4.12854967892224e-05
4.12854967892222e-05
4.12854967892222e-05
4.12854967892221e-05
4.12854967892221e-05
4.12854967892221e-05
4.12854967892221e-05
4.12854967892221e-05
4.12854967892221e-05
4.12854967892222e-05
4.12854967892223e-05
4.12854967892224e-05
4.12854967892224e-05
4.12854967892225e-05
4.12854967892222e-05
4.12854967892222e-05
4.12854967892223e-05
4.12854967892225e-05
4.12854967892226e-05
4.12854967892226e-05
4.12854967892226e-05
4.12854967892226e-05
4.12854967892227e-05
4.12854967892227e-05
4.12854967892227e-05
4.12854967892227e-05
4.12854967892227e-05
4.12854967892227e-05
4.12854967892227e-05
4.12854967892227e-05
4.12854967892227e-05
4.12854967892227e-05
4.12854967892227e-05
4.12854967892227e-05
4.12854967892228e-05
4.12854967892228e-05
4.12854967892228e-05
4.12854967892228e-05
4.12854967892228e-05
4.12854967892227e-05
4.12854967892227e-05
4.12854967892227e-05
4.12854967892227e-05
4.12854967892227e-05
4.12854967892227e-05
4.12854967892227e-05
4.12854967892227e-05
4.12854967892227e-05
4.12854967892227e-05
4.12854967892227e-05
4.12854967892227e-05
4.12854967892226e-05
4.12854967892226e-05
4.12854967892227e-05
4.12854967892227e-05
4.12854967892228e-05
4.12854967892228e-05
4.12854967892228e-05
4.12854967892228e-05
4.12854967892228e-05
4.12854967892228e-05
4.12854967892228e-05
4.12854967892223e-05
4.12854967892223e-05
4.12854967892224e-05
4.12854967892223e-05
4.12854967892224e-05
4.12854967892224e-05
4.12854967892224e-05
4.12854967892225e-05
4.12854967892225e-05
4.12854967892224e-05
4.12854967892225e-05
4.12854967892225e-05
4.12854967892226e-05
4.12854967892226e-05
4.12854967892226e-05
4.12854967892226e-05
4.12854967892226e-05
4.12854967892226e-05
4.12854967892226e-05
4.12854967892226e-05
4.12854967892226e-05
4.12854967892227e-05
4.12854967892227e-05
4.12854967892227e-05
4.12854967892227e-05
4.12854967892225e-05
4.12854967892226e-05
4.12854967892226e-05
4.12854967892227e-05
4.12854967892228e-05
4.12854967892229e-05
4.12854967892226e-05
4.12854967892226e-05
4.12854967892226e-05
4.12854967892229e-05
4.1285496789223e-05
4.1285496789223e-05
4.12854967892231e-05
4.12854967892231e-05
4.12854967892232e-05
4.12854967892232e-05
4.12854967892232e-05
4.12854967892232e-05
4.12854967892231e-05
4.12854967892231e-05
4.12854967892231e-05
4.12854967892231e-05
4.1285496789223e-05
4.1285496789223e-05
4.1285496789223e-05
4.1285496789223e-05
4.1285496789223e-05
4.1285496789223e-05
4.1285496789223e-05
4.12854967892229e-05
4.12854967892229e-05
4.12854967892229e-05
4.12854967892229e-05
4.1285496789223e-05
4.1285496789223e-05
4.12854967892231e-05
4.12854967892231e-05
4.12854967892231e-05
4.12854967892231e-05
4.12854967892232e-05
4.12854967892232e-05
4.12854967892232e-05
4.12854967892232e-05
4.12854967892229e-05
4.12854967892229e-05
4.12854967892229e-05
4.12854967892229e-05
4.12854967892229e-05
4.12854967892229e-05
4.12854967892229e-05
4.1285496789223e-05
4.1285496789223e-05
4.1285496789223e-05
4.1285496789223e-05
4.12854967892231e-05
4.12854967892231e-05
4.12854967892231e-05
4.12854967892231e-05
4.12854967892231e-05
4.12854967892231e-05
4.12854967892231e-05
4.12854967892231e-05
4.12854967892231e-05
4.12854967892231e-05
4.12854967892231e-05
4.12854967892231e-05
4.12854967892227e-05
4.12854967892227e-05
4.12854967892227e-05
4.12854967892227e-05
4.12854967892227e-05
4.12854967892227e-05
4.12854967892228e-05
4.12854967892228e-05
4.12854967892228e-05
4.12854967892228e-05
4.12854967892228e-05
4.12854967892228e-05
4.12854967892228e-05
4.12854967892227e-05
4.12854967892227e-05
4.12854967892228e-05
4.12854967892228e-05
4.12854967892229e-05
4.12854967892229e-05
4.12854967892229e-05
4.12854967892229e-05
4.12854967892229e-05
4.12854967892229e-05
4.12854967892229e-05
4.12854967892229e-05
4.12854967892229e-05
4.12854967892229e-05
4.12854967892229e-05
4.12854967892229e-05
4.12854967892229e-05
4.12854967892229e-05
4.12854967892229e-05
4.12854967892229e-05
4.12854967892229e-05
4.12854967892229e-05
4.12854967892229e-05
4.12854967892229e-05
4.12854967892229e-05
4.12854967892229e-05
4.12854967892229e-05
4.1285496789223e-05
4.1285496789223e-05
4.1285496789223e-05
4.1285496789223e-05
4.1285496789223e-05
4.1285496789223e-05
4.1285496789223e-05
4.1285496789223e-05
4.1285496789223e-05
4.1285496789223e-05
4.12854967892224e-05
4.12854967892224e-05
4.12854967892224e-05
4.12854967892224e-05
4.12854967892224e-05
4.12854967892224e-05
4.12854967892224e-05
4.12854967892224e-05
4.12854967892224e-05
4.12854967892225e-05
4.12854967892225e-05
4.12854967892225e-05
4.12854967892225e-05
4.12854967892226e-05
4.12854967892226e-05
4.12854967892226e-05
4.12854967892226e-05
4.12854967892226e-05
4.12854967892226e-05
4.12854967892226e-05
4.12854967892226e-05
4.12854967892226e-05
4.12854967892225e-05
4.12854967892225e-05
4.12854967892226e-05
4.12854967892226e-05
4.12854967892226e-05
4.12854967892226e-05
4.12854967892225e-05
4.12854967892225e-05
4.12854967892225e-05
4.12854967892225e-05
4.12854967892225e-05
4.12854967892225e-05
4.12854967892226e-05
4.12854967892226e-05
4.12854967892226e-05
4.12854967892226e-05
4.12854967892226e-05
4.12854967892227e-05
4.12854967892227e-05
4.12854967892227e-05
4.12854967892226e-05
4.12854967892226e-05
4.12854967892226e-05
4.12854967892226e-05
4.12854967892226e-05
4.12854967892226e-05
4.12854967892223e-05
4.12854967892223e-05
4.12854967892223e-05
4.12854967892223e-05
4.12854967892224e-05
4.12854967892224e-05
4.12854967892223e-05
4.12854967892223e-05
4.12854967892224e-05
4.12854967892223e-05
4.12854967892224e-05
4.12854967892224e-05
4.12854967892224e-05
4.12854967892225e-05
4.12854967892225e-05
4.12854967892226e-05
4.12854967892226e-05
4.12854967892226e-05
4.12854967892226e-05
4.12854967892227e-05
4.12854967892227e-05
4.12854967892227e-05
4.12854967892228e-05
4.12854967892228e-05
4.12854967892229e-05
4.12854967892229e-05
4.1285496789223e-05
4.1285496789223e-05
4.12854967892231e-05
4.12854967892231e-05
4.12854967892231e-05
4.12854967892231e-05
4.12854967892231e-05
4.12854967892231e-05
4.12854967892231e-05
4.12854967892231e-05
4.12854967892231e-05
4.12854967892231e-05
4.12854967892231e-05
4.12854967892231e-05
4.12854967892231e-05
4.12854967892231e-05
4.12854967892231e-05
4.12854967892224e-05
4.12854967892224e-05
4.12854967892224e-05
4.12854967892225e-05
4.12854967892225e-05
4.12854967892225e-05
4.12854967892225e-05
4.12854967892225e-05
4.12854967892226e-05
4.12854967892226e-05
4.12854967892226e-05
4.12854967892226e-05
4.12854967892226e-05
4.12854967892224e-05
4.12854967892225e-05
4.12854967892225e-05
4.12854967892225e-05
4.12854967892226e-05
4.12854967892226e-05
4.12854967892225e-05
4.12854967892224e-05
4.12854967892224e-05
4.12854967892224e-05
4.12854967892223e-05
4.12854967892223e-05
4.12854967892223e-05
4.12854967892222e-05
4.12854967892222e-05
4.12854967892222e-05
4.12854967892222e-05
4.12854967892222e-05
4.12854967892222e-05
4.12854967892223e-05
4.12854967892223e-05
4.12854967892223e-05
4.12854967892222e-05
4.12854967892222e-05
4.12854967892222e-05
4.12854967892223e-05
4.12854967892223e-05
4.12854967892223e-05
4.12854967892224e-05
4.12854967892224e-05
4.12854967892224e-05
4.12854967892224e-05
4.12854967892224e-05
4.12854967892226e-05
4.12854967892226e-05
4.12854967892226e-05
4.12854967892227e-05
4.12854967892228e-05
4.12854967892228e-05
4.12854967892229e-05
4.12854967892229e-05
4.1285496789223e-05
4.1285496789223e-05
4.1285496789223e-05
4.1285496789223e-05
4.1285496789223e-05
4.12854967892231e-05
4.12854967892231e-05
4.12854967892231e-05
4.12854967892232e-05
4.12854967892232e-05
4.12854967892233e-05
4.12854967892233e-05
4.12854967892233e-05
4.12854967892233e-05
4.12854967892233e-05
4.12854967892233e-05
4.12854967892226e-05
4.12854967892227e-05
4.12854967892227e-05
4.12854967892227e-05
4.12854967892227e-05
4.12854967892228e-05
4.12854967892228e-05
4.12854967892228e-05
4.12854967892228e-05
4.12854967892228e-05
4.12854967892228e-05
4.12854967892228e-05
4.12854967892225e-05
4.12854967892225e-05
4.12854967892225e-05
4.12854967892226e-05
4.12854967892226e-05
4.12854967892226e-05
4.12854967892226e-05
4.12854967892226e-05
4.12854967892226e-05
4.12854967892226e-05
4.12854967892227e-05
4.12854967892227e-05
4.12854967892227e-05
4.12854967892227e-05
4.12854967892227e-05
4.12854967892228e-05
4.12854967892228e-05
4.12854967892228e-05
4.12854967892228e-05
4.12854967892228e-05
4.12854967892228e-05
4.12854967892228e-05
4.12854967892228e-05
4.12854967892224e-05
4.12854967892225e-05
4.12854967892225e-05
4.12854967892225e-05
4.12854967892225e-05
4.12854967892226e-05
4.12854967892226e-05
4.12854967892226e-05
4.12854967892226e-05
4.12854967892226e-05
4.12854967892227e-05
4.12854967892227e-05
4.12854967892227e-05
4.12854967892227e-05
4.12854967892227e-05
4.12854967892227e-05
4.12854967892227e-05
4.12854967892227e-05
4.12854967892227e-05
4.12854967892227e-05
4.12854967892227e-05
4.12854967892227e-05
4.12854967892228e-05
4.12854967892228e-05
4.12854967892228e-05
4.12854967892228e-05
4.12854967892228e-05
4.12854967892228e-05
4.12854967892228e-05
4.12854967892228e-05
4.12854967892229e-05
4.12854967892229e-05
4.12854967892228e-05
4.12854967892228e-05
4.12854967892228e-05
4.12854967892225e-05
4.12854967892225e-05
4.12854967892225e-05
4.12854967892225e-05
4.12854967892225e-05
4.12854967892225e-05
4.12854967892224e-05
4.12854967892224e-05
4.12854967892224e-05
4.12854967892224e-05
4.12854967892224e-05
4.12854967892224e-05
4.12854967892224e-05
4.12854967892223e-05
4.12854967892223e-05
4.12854967892224e-05
4.12854967892224e-05
4.12854967892224e-05
4.12854967892224e-05
4.12854967892224e-05
4.12854967892224e-05
4.12854967892224e-05
4.12854967892224e-05
4.12854967892224e-05
4.12854967892224e-05
4.12854967892224e-05
4.12854967892224e-05
4.12854967892223e-05
4.12854967892223e-05
4.12854967892223e-05
4.12854967892223e-05
4.12854967892223e-05
4.12854967892224e-05
4.12854967892224e-05
4.12854967892224e-05
4.12854967892225e-05
4.12854967892225e-05
4.12854967892225e-05
4.12854967892225e-05
4.12854967892225e-05
4.12854967892224e-05
4.12854967892224e-05
4.12854967892224e-05
4.12854967892224e-05
4.12854967892224e-05
4.12854967892224e-05
4.12854967892223e-05
4.12854967892223e-05
4.12854967892223e-05
4.12854967892223e-05
4.12854967892223e-05
4.12854967892224e-05
4.12854967892224e-05
4.12854967892224e-05
4.12854967892224e-05
4.12854967892224e-05
4.12854967892224e-05
4.12854967892224e-05
4.12854967892224e-05
4.12854967892224e-05
4.12854967892224e-05
4.12854967892224e-05
4.12854967892224e-05
4.12854967892224e-05
4.12854967892224e-05
4.12854967892224e-05
4.12854967892224e-05
4.12854967892225e-05
4.12854967892225e-05
4.12854967892225e-05
4.12854967892225e-05
4.12854967892225e-05
4.12854967892225e-05
4.12854967892225e-05
4.12854967892225e-05
4.12854967892225e-05
4.12854967892225e-05
4.12854967892225e-05
4.12854967892225e-05
4.12854967892225e-05
4.12854967892224e-05
4.12854967892224e-05
4.12854967892224e-05
4.12854967892224e-05
4.12854967892224e-05
4.12854967892224e-05
4.12854967892224e-05
4.12854967892224e-05
4.12854967892225e-05
4.12854967892225e-05
4.12854967892225e-05
4.12854967892225e-05
4.12854967892225e-05
4.12854967892225e-05
4.12854967892225e-05
4.12854967892224e-05
4.12854967892224e-05
4.12854967892224e-05
4.12854967892224e-05
4.12854967892224e-05
4.12854967892224e-05
4.12854967892224e-05
4.12854967892224e-05
4.12854967892224e-05
4.12854967892224e-05
4.12854967892224e-05
4.12854967892224e-05
4.12854967892224e-05
4.12854967892224e-05
4.12854967892224e-05
4.12854967892225e-05
4.12854967892225e-05
4.12854967892221e-05
4.12854967892221e-05
4.12854967892221e-05
4.12854967892221e-05
4.12854967892221e-05
4.12854967892221e-05
4.12854967892221e-05
4.12854967892221e-05
4.1285496789222e-05
4.1285496789222e-05
4.1285496789222e-05
4.1285496789222e-05
4.1285496789222e-05
4.1285496789222e-05
4.1285496789222e-05
4.1285496789222e-05
4.1285496789222e-05
4.1285496789222e-05
4.1285496789222e-05
4.1285496789222e-05
4.1285496789222e-05
4.1285496789222e-05
4.12854967892221e-05
4.12854967892221e-05
4.12854967892221e-05
4.12854967892221e-05
4.12854967892222e-05
4.12854967892222e-05
4.12854967892222e-05
4.12854967892222e-05
4.12854967892222e-05
4.12854967892221e-05
4.12854967892221e-05
4.12854967892221e-05
4.12854967892221e-05
4.12854967892222e-05
4.12854967892222e-05
4.12854967892223e-05
4.1285496789222e-05
4.1285496789222e-05
4.12854967892219e-05
4.12854967892222e-05
4.12854967892223e-05
4.12854967892224e-05
4.12854967892225e-05
4.12854967892226e-05
4.12854967892219e-05
4.1285496789222e-05
4.1285496789222e-05
4.12854967892221e-05
4.12854967892218e-05
4.12854967892218e-05
4.12854967892217e-05
4.12854967892222e-05
4.12854967892222e-05
4.12854967892223e-05
4.12854967892224e-05
4.12854967892224e-05
4.12854967892225e-05
4.12854967892225e-05
4.12854967892226e-05
4.12854967892226e-05
4.12854967892227e-05
4.12854967892227e-05
4.12854967892228e-05
4.12854967892222e-05
4.12854967892222e-05
4.12854967892222e-05
4.12854967892223e-05
4.12854967892223e-05
4.12854967892223e-05
4.12854967892224e-05
4.12854967892224e-05
4.12854967892224e-05
4.12854967892224e-05
4.12854967892225e-05
4.12854967892225e-05
4.12854967892225e-05
4.12854967892226e-05
4.12854967892226e-05
4.12854967892226e-05
4.12854967892227e-05
4.12854967892227e-05
4.12854967892227e-05
4.12854967892227e-05
4.12854967892227e-05
4.12854967892227e-05
4.12854967892227e-05
4.12854967892227e-05
4.12854967892227e-05
4.12854967892228e-05
4.12854967892228e-05
4.12854967892228e-05
4.12854967892228e-05
4.12854967892228e-05
4.12854967892228e-05
4.12854967892228e-05
4.12854967892228e-05
4.12854967892229e-05
4.12854967892229e-05
4.12854967892228e-05
4.12854967892228e-05
4.12854967892228e-05
4.12854967892228e-05
4.12854967892228e-05
4.12854967892228e-05
4.12854967892228e-05
4.12854967892228e-05
4.12854967892228e-05
4.12854967892228e-05
4.12854967892228e-05
4.12854967892228e-05
4.12854967892228e-05
4.12854967892229e-05
4.12854967892228e-05
4.12854967892217e-05
4.12854967892217e-05
4.12854967892217e-05
4.12854967892217e-05
4.12854967892217e-05
4.12854967892218e-05
4.12854967892218e-05
4.12854967892218e-05
4.12854967892218e-05
4.12854967892219e-05
4.12854967892219e-05
4.12854967892219e-05
4.12854967892219e-05
4.12854967892219e-05
4.12854967892217e-05
4.12854967892217e-05
4.12854967892217e-05
4.12854967892216e-05
4.12854967892216e-05
4.12854967892216e-05
4.12854967892216e-05
4.12854967892215e-05
4.12854967892215e-05
4.12854967892215e-05
4.12854967892215e-05
4.12854967892215e-05
4.12854967892215e-05
4.12854967892215e-05
4.12854967892215e-05
4.12854967892215e-05
4.12854967892215e-05
4.12854967892215e-05
4.12854967892219e-05
4.12854967892219e-05
4.12854967892219e-05
4.1285496789222e-05
4.1285496789222e-05
4.1285496789222e-05
4.12854967892221e-05
4.12854967892221e-05
4.12854967892221e-05
4.12854967892222e-05
4.12854967892222e-05
4.12854967892222e-05
4.12854967892222e-05
4.12854967892222e-05
4.12854967892222e-05
4.12854967892222e-05
4.12854967892222e-05
4.12854967892222e-05
4.12854967892219e-05
4.12854967892219e-05
4.1285496789222e-05
4.1285496789222e-05
4.1285496789222e-05
4.12854967892221e-05
4.12854967892221e-05
4.12854967892221e-05
4.12854967892221e-05
4.12854967892221e-05
4.12854967892221e-05
4.12854967892227e-05
4.12854967892228e-05
4.12854967892228e-05
4.12854967892229e-05
4.1285496789223e-05
4.1285496789223e-05
4.12854967892231e-05
4.12854967892231e-05
4.12854967892232e-05
4.12854967892232e-05
4.12854967892232e-05
4.12854967892226e-05
4.12854967892227e-05
4.12854967892227e-05
4.12854967892227e-05
4.12854967892227e-05
4.12854967892228e-05
4.12854967892228e-05
4.12854967892228e-05
4.12854967892229e-05
4.12854967892229e-05
4.12854967892229e-05
4.12854967892229e-05
4.12854967892229e-05
4.12854967892233e-05
4.12854967892233e-05
4.12854967892234e-05
4.12854967892234e-05
4.12854967892234e-05
4.12854967892234e-05
4.12854967892234e-05
4.12854967892234e-05
4.12854967892234e-05
4.12854967892232e-05
4.12854967892232e-05
4.12854967892232e-05
4.12854967892233e-05
4.12854967892233e-05
4.12854967892233e-05
4.12854967892233e-05
4.12854967892233e-05
4.12854967892233e-05
4.12854967892233e-05
4.12854967892233e-05
4.12854967892233e-05
4.12854967892232e-05
4.12854967892233e-05
4.12854967892233e-05
4.12854967892234e-05
4.12854967892234e-05
4.12854967892235e-05
4.12854967892235e-05
4.12854967892236e-05
4.12854967892236e-05
4.12854967892236e-05
4.12854967892224e-05
4.12854967892224e-05
4.12854967892225e-05
4.12854967892225e-05
4.12854967892225e-05
4.12854967892226e-05
4.12854967892226e-05
4.12854967892227e-05
4.12854967892227e-05
4.12854967892227e-05
4.12854967892228e-05
4.12854967892228e-05
4.12854967892228e-05
4.12854967892229e-05
4.12854967892229e-05
4.12854967892229e-05
4.12854967892224e-05
4.12854967892224e-05
4.12854967892225e-05
4.12854967892225e-05
4.12854967892226e-05
4.12854967892226e-05
4.12854967892227e-05
4.12854967892227e-05
4.12854967892227e-05
4.12854967892228e-05
4.12854967892228e-05
4.12854967892228e-05
4.12854967892228e-05
4.12854967892229e-05
4.1285496789223e-05
4.1285496789223e-05
4.1285496789223e-05
4.1285496789223e-05
4.1285496789223e-05
4.1285496789223e-05
4.1285496789223e-05
4.1285496789223e-05
4.1285496789223e-05
4.1285496789223e-05
4.12854967892231e-05
4.12854967892231e-05
4.12854967892231e-05
4.12854967892231e-05
4.12854967892231e-05
4.12854967892231e-05
4.12854967892229e-05
4.12854967892229e-05
4.12854967892229e-05
4.12854967892229e-05
4.12854967892229e-05
4.12854967892229e-05
4.12854967892229e-05
4.12854967892229e-05
4.12854967892229e-05
4.12854967892229e-05
4.12854967892229e-05
4.12854967892229e-05
4.12854967892229e-05
4.12854967892229e-05
4.12854967892229e-05
4.12854967892229e-05
4.12854967892229e-05
4.12854967892229e-05
4.1285496789223e-05
4.1285496789223e-05
4.12854967892231e-05
4.12854967892231e-05
4.12854967892231e-05
4.12854967892231e-05
4.12854967892231e-05
4.12854967892231e-05
4.12854967892231e-05
4.12854967892231e-05
4.12854967892228e-05
4.12854967892228e-05
4.12854967892229e-05
4.12854967892229e-05
4.12854967892229e-05
4.12854967892229e-05
4.12854967892229e-05
4.1285496789223e-05
4.1285496789223e-05
4.1285496789223e-05
4.1285496789223e-05
4.1285496789223e-05
4.1285496789223e-05
4.1285496789223e-05
4.1285496789223e-05
4.12854967892231e-05
4.12854967892231e-05
4.12854967892232e-05
4.12854967892232e-05
4.12854967892232e-05
4.12854967892232e-05
4.12854967892232e-05
4.12854967892233e-05
4.12854967892233e-05
4.12854967892233e-05
4.12854967892233e-05
4.12854967892233e-05
4.12854967892233e-05
4.12854967892234e-05
4.12854967892234e-05
4.12854967892234e-05
4.1285496789223e-05
4.1285496789223e-05
4.1285496789223e-05
4.1285496789223e-05
4.1285496789223e-05
4.12854967892231e-05
4.1285496789223e-05
4.1285496789223e-05
4.1285496789223e-05
4.1285496789223e-05
4.1285496789223e-05
4.1285496789223e-05
4.1285496789223e-05
4.1285496789223e-05
4.12854967892229e-05
4.12854967892229e-05
4.12854967892229e-05
4.12854967892229e-05
4.12854967892229e-05
4.12854967892229e-05
4.12854967892229e-05
4.12854967892229e-05
4.12854967892229e-05
4.12854967892228e-05
4.12854967892228e-05
4.12854967892227e-05
4.1285496789223e-05
4.1285496789223e-05
4.1285496789223e-05
4.12854967892227e-05
4.12854967892227e-05
4.12854967892227e-05
4.12854967892227e-05
4.12854967892227e-05
4.12854967892227e-05
4.12854967892227e-05
4.12854967892226e-05
4.12854967892226e-05
4.12854967892226e-05
4.12854967892227e-05
4.12854967892226e-05
4.12854967892226e-05
4.12854967892226e-05
4.12854967892227e-05
4.12854967892227e-05
4.12854967892226e-05
4.12854967892234e-05
4.12854967892234e-05
4.12854967892235e-05
4.12854967892235e-05
4.12854967892236e-05
4.12854967892236e-05
4.12854967892234e-05
4.12854967892234e-05
4.12854967892234e-05
4.12854967892234e-05
4.12854967892234e-05
4.12854967892234e-05
4.12854967892233e-05
4.12854967892233e-05
4.12854967892233e-05
4.12854967892233e-05
4.12854967892233e-05
4.12854967892233e-05
4.12854967892232e-05
4.12854967892232e-05
4.12854967892232e-05
4.12854967892232e-05
4.12854967892232e-05
4.12854967892237e-05
4.12854967892238e-05
4.12854967892239e-05
4.1285496789224e-05
4.1285496789224e-05
4.12854967892241e-05
4.12854967892241e-05
4.12854967892241e-05
4.12854967892242e-05
4.12854967892242e-05
4.12854967892242e-05
4.12854967892242e-05
4.12854967892242e-05
4.12854967892242e-05
4.12854967892242e-05
4.12854967892242e-05
4.12854967892242e-05
4.12854967892242e-05
4.12854967892242e-05
4.12854967892236e-05
4.12854967892236e-05
4.12854967892235e-05
4.12854967892235e-05
4.12854967892234e-05
4.12854967892234e-05
4.12854967892232e-05
4.12854967892232e-05
4.12854967892232e-05
4.12854967892232e-05
4.12854967892232e-05
4.12854967892232e-05
4.12854967892232e-05
4.12854967892232e-05
4.12854967892232e-05
4.12854967892232e-05
4.12854967892232e-05
