0.05
0.0371917688354192
0.0350183829577704
0.0316763238229322
0.0353863953475825
0.0329619897194552
0.0303162930315658
0.0370832626607441
0.0344067419675695
0.0297270981426346
0.0263866824584159
0.0236798643543526
0.0216454270041153
0.0189649034857486
0.0158063845335496
0.0372371484262784
0.0314677065836829
0.0262277567447909
0.0254171222442984
0.0218975881569523
0.0183358775046998
0.0174739074604177
0.0170032265680787
0.0165159597064102
0.0157664166090559
0.0144410470453129
0.0128786900521336
0.0115827433301681
0.0105915742596599
0.00989795519475034
0.0094956788826904
0.00937762331597917
0.0369819764736783
0.0352033588435722
0.0328410782272645
0.0309124141798883
0.0292997444077476
0.0280260093513678
0.0269812201622404
0.0258993994788912
0.028162963530727
0.0248320179491014
0.0211698403595928
0.0178822884243065
0.0143208643024014
0.0306343713561466
0.0299871406234622
0.0295905418917406
0.0135632278156524
0.0130067977596062
0.0127300411392166
0.0127385358380423
0.0130208662909361
0.0136107550811231
0.014427764521117
0.0155243253856174
0.0169546092443397
0.0185756673874384
0.0204393538685431
0.0224749700267648
0.02469870473007
0.0269442668993862
0.0291343107228608
0.0313764507539629
0.0335503445415407
0.035714292921884
0.0378920188597634
0.0399596400134809
0.041725851888475
0.0431059208857499
0.0440329103456668
0.0444989027669599
0.0445435157471679
0.0438995958190434
0.0424350667677447
0.0399883230577914
0.0367995860684536
0.0331610825041595
0.0296655525048422
0.0268207939113328
0.0248548833898697
0.0238265617877029
0.0121203693050043
0.0106030568640941
0.00915410415711131
0.00779333996001839
0.00666818563478581
0.00574468263480471
0.00492402874578434
0.00435049285346968
0.00391800465565979
0.00360630875882827
0.00344477654113915
0.0290048620693734
0.028452994234283
0.0279209272449072
0.0305923121946248
0.0324741336381041
0.0348033060361176
0.0278357004084006
0.0277596668776444
0.0276934627530939
0.0274807137637796
0.027253511788329
0.0275370357123296
0.0281493587084198
0.028995182187418
0.0302158642568537
0.0317289687212483
0.0331266412167322
0.0344569046483853
0.0358598457499477
0.0371405538196068
0.0383078630655431
0.0392641096449013
0.0399569338592394
0.0403997369215105
0.0406479657857573
0.0284511831756415
0.0302483379132719
0.0329867691136206
0.0359531885795347
0.0384311422351531
0.0403148691404325
0.0275038733156897
0.0273643536431231
0.0272581052158476
0.0407598649861526
0.0400203045605442
0.0378640835840948
0.0343166259163413
0.029636660048031
0.0248604613023915
0.0207913301578403
0.0173684725583634
0.0144552086588412
0.012042327608438
0.0101068784035416
0.008579692281655
0.00735823774917283
0.0063418390508602
0.00547186357035112
0.00471282857317872
0.00404125864381736
0.00343338630063421
0.00285951838983117
0.00233062219000959
0.00179793173468579
0.00128541090884356
0.000786096643457398
0.000268786174729815
-0.000117198327541223
-0.000594622992123046
-0.00100950863122282
-0.00139809030753729
-0.0017375331958057
-0.00201038780395549
-0.00223805977345671
-0.00241583237504206
-0.00251603638218918
-0.00258632811019229
0.0406938996858481
0.0398593142678911
0.0376244183058108
0.0333474145328946
0.0278825805492243
0.0224513002979546
0.0179496758930148
0.0139964739438689
0.0108454175530503
0.00826699238277179
0.00617717448954524
0.00444379013233424
0.00298791876725088
0.00178389630438162
0.000792626263755198
-7.72912312029438e-05
-0.00080102303437849
-0.00138127559553682
-0.00185337056326592
-0.00223973658347144
-0.00253996032360958
-0.0027452131837651
-0.00285221203582882
0.0266301126061308
0.0262784255203671
0.0261691029879593
0.0262482916434561
0.026462734526496
0.0267746670576031
0.0271564089994549
0.0275632180136028
0.027953720043732
0.0283038983687218
0.0285913146969283
0.0287948250933565
0.0289035491351765
0.0277940088083358
0.0286192210777225
0.0296881623917843
0.0308958414552601
0.0322378925750166
0.0336571236133605
0.0350458814436375
0.0364365107858032
0.0380046284297353
0.0396288945828396
0.0410623885562125
0.0420568587218571
0.0424847618737556
0.0422383999828708
0.0412096558924705
0.0393389023547809
0.0367815023572555
0.0338857038695766
0.0306597555727597
0.0261501587372795
0.021030772695708
0.0169920348841719
0.0131960090899103
0.0103427080905502
0.00797816305105667
0.00592545174816284
0.00419071064791756
0.00279210054009111
0.00171465556686922
0.000896345918231769
0.000243762540592618
-0.000294039472252204
-0.000694720949669123
-0.001023193867324
-0.00129807775098766
-0.00147577212005674
-0.0015679035354896
0.0359495049438928
0.0371158329194188
0.0382783236371648
0.0395180142876983
0.0406277169142627
0.0418141737219317
0.0428086151209156
0.0435684983731575
0.0442078909201019
0.0445729045076299
0.044655154732342
0.0444150680821307
0.043909268362556
0.0427583254248561
0.0407021938103126
0.0383598087057247
0.0364390888310156
0.0341084863043694
0.0318316353899747
0.0299951769973212
0.028654082024267
0.0279912101623454
0.0357013904347061
0.0366964893617692
0.0377694927544118
0.0388897073895014
0.0399734499862241
0.0409862358838488
0.0419102058646265
0.04277313577334
0.043401688130111
0.0438835620721648
0.0441279827019447
0.0440723796045375
0.0435017097453451
0.0422364350668972
0.0401837414207582
0.0372523149010239
0.0337543704440181
0.0299796217437404
0.0265894617536735
0.0230414876377903
0.019939391214438
0.0174999847497626
0.0156551405073585
0.0142962740863452
0.0134380284902038
0.0129900376326207
0.0298148747311851
0.0292459609182063
0.0285262606380139
0.0284612979462189
0.0265712151415887
0.0244570269862745
0.0282607386598664
0.0279307281873912
0.0274944493959176
0.027677645591812
0.0263029615988883
0.0243728321144533
0.0225288857315922
0.0209395489027283
0.019340851625816
0.0177231360138291
0.0162253240890222
0.0149596982836164
0.0138122337455179
0.0128504648042691
0.0120597516107588
0.0113683305040887
0.0106290372539267
0.00989108714712516
0.00939297354919838
0.00897026850765394
0.00877507692773132
0.00873977216572973
0.00888323274929098
0.00925887173475773
0.00988003161116649
0.0107214245370362
0.0118375203110667
0.0132297132542068
0.0148544771537106
0.0166896236333043
0.0184988149193462
0.0202718371752093
0.0221769369705722
0.0237478314000022
0.0249408842822674
0.0257614725606063
0.0261982120589109
0.0287771996021986
0.0305342887132006
0.0322435683640603
0.033558892874358
0.0343543304440192
0.0346885302606581
0.0346108118070681
0.0341918898262179
0.0335703883486999
0.0328678648446117
0.0322143881923936
0.0317214886971828
0.0314434025155662
0.0246614310541514
0.022101379282139
0.0190555089631878
0.0178009350531622
0.0164982948666868
0.015128059403897
0.0177336167901224
0.016195518669288
0.0143797266099134
0.0127362399575083
0.011203074752708
0.00973736116753411
0.00838294418602423
0.00713720235101549
0.00596569980038508
0.00489821747500906
0.00390674351892271
0.00297673239792049
0.00212146470144897
0.00131354948155678
0.000569437392044861
-0.000115118541031853
-0.000732978441170415
-0.00130221358515501
-0.00180023021959021
-0.00223327151948127
-0.00261682878601329
-0.00299000684165631
-0.00332420818847127
-0.00359685277856622
-0.0038019329481678
-0.0039271829879741
-0.00400002923881487
0.0138778300774803
0.012467502674668
0.0109196521858029
0.00937942474943422
0.00806763080225345
0.00683621992379526
0.00560411265682866
0.0045407328746803
0.00365888980491721
0.00272494660165987
0.00179284355520096
0.00091971843283431
0.000176803644596865
-0.000420580403416946
-0.00104264767269009
-0.00160616804976919
-0.00212173742782212
-0.00256824619519704
-0.00294288976066553
-0.00320863487351898
-0.00341941184631274
-0.00361237109448341
-0.00375709360378962
-0.00382477868441288
0.0140999437420958
0.0130980451428989
0.0122488542876215
0.0114289800015124
0.0107587213226415
0.0100982938708181
0.00951632617241949
0.00909036603815988
0.00873647638965337
0.00842857600365162
0.00821578792255614
0.00809051115218699
0.0231315100714225
0.0214863036368657
0.0195124303529369
0.0171899470599354
0.0150600236000728
0.0133300115359797
0.0116916778338884
0.0101606001077086
0.0088101252864337
0.0075326250201593
0.00631495194187524
0.00522784773869851
0.00429290251401468
0.00334455036458571
0.00238319906096625
0.00152582788399017
0.000806780243806626
0.000191593929252945
-0.0003279665677956
-0.000742380476222158
-0.00104263967436646
-0.00123961789430153
-0.00135399283490519
0.0232549334080698
0.021875941445515
0.0203106619829282
0.0185162990459814
0.0167423789005598
0.0152379408769198
0.0140460524237624
0.0131440182215205
0.0125332435859718
0.0122063688660741
0.012155177981228
0.0123629711474656
0.0128408336154397
0.0136168104044776
0.0146442799951906
0.0158850433105935
0.0173329008800297
0.0189845363040557
0.0208124667932982
0.022745790969497
0.0247597642802847
0.026808782219672
0.028801312723815
0.0308068821782704
0.0331115429562529
0.0355043051892484
0.0377467707507599
0.0397921531495358
0.0415419394339306
0.0430077803741237
0.0442177353104465
0.0451242324087715
0.0458131252950863
0.0462243785331654
0.0464458719262894
0.0143884224718737
0.0127319708564285
0.010722977886241
0.0152428203520618
0.014803657223684
0.0145785039927632
0.00925965472631785
0.00785890779461617
0.00662286152894978
0.00556322834590347
0.00477261468672313
0.00411632764499715
0.00362360769624394
0.00330040974821769
0.00313890144017539
0.00930670156627552
0.00822620815848965
0.00738539130694133
0.00676076195267795
0.0076090405720989
0.00857024379541371
0.00979645788327839
0.0112745191492093
0.0129497535049334
0.0149161913356564
0.0171465125266279
0.0196165149868399
0.022293341848078
0.0250973857372788
0.0279729081766515
0.0308182728932857
0.0335282223297639
0.0359916749127889
0.0381836594982786
0.040295074966166
0.0423033075079609
0.0439525531227969
0.0452373090131869
0.0461432059884277
0.0466902186597871
0.0469547756406983
0.0470166653073235
0.0469532582637547
0.0468505670129986
0.0467750266118656
0.00550303069961646
0.00453894242005706
0.0038268218657567
0.00311970044547168
0.00279374925594115
0.00256163825220998
0.00946073145698543
0.00991655554171748
0.0108425867450392
0.0122661328468451
0.0141460855754798
0.0164498147750383
0.0191205848267712
0.0220925714809747
0.0253436871985714
0.0287542346955471
0.032041478303496
0.0350410523625739
0.0378830347764748
0.0404874544761309
0.0425793575427827
0.0440721367443439
0.0448378096976734
0.0447046689783398
0.0434144912116196
0.0406058133319867
0.0361125140676137
0.0305170912013281
0.0249374275952649
0.0201592315963406
0.0163975402435554
0.0135919075778754
0.0116248587841768
0.0103890376536372
0.00977552898129878
0.00948956352522301
0.00988647986471983
0.0106126988471921
0.0116818329158152
0.0130921265493886
0.0146894538933488
0.0164854779716873
0.0187245317937325
0.021320292039297
0.0239247270715943
0.0264341404619111
0.0290583927371329
0.0318980336949853
0.0350661038237778
0.0380460593039209
0.040559690220864
0.0425959907129743
0.0440630785736634
0.044882106331897
0.0449200278425182
0.0439915971819986
0.041486369326383
0.0386076902525524
0.0345944915703131
0.028763475252439
0.0234971974318114
0.0189914448283067
0.0152926475833178
0.0126684671143424
0.0107932685104352
0.00960478750963443
0.00900099902473701
0.0248345854502405
0.0233787615406957
0.0217808968286499
0.0202041396237237
0.0185315575066635
0.0250814018800079
0.023052558367634
0.0200706627709433
0.0176678720388801
0.0153384616281527
0.0131159875747217
0.0114233080108433
0.00992281421365464
0.0084311163856276
0.00695625840764
0.00580930208262679
0.00481686462167263
0.00396473454016444
0.00323725897552704
0.00262927696921786
0.00213011387808271
0.00171797033385497
0.00140466357085052
0.00107182819406381
0.00080396526195831
0.000614231840748393
0.00046639636115501
0.000354579138534003
0.000279359540908072
0.000234893179937915
0.000210798940989535
0.0170402223504852
0.0145715821105279
0.0114102393559035
0.0176876011541062
0.0164022958720529
0.0148245312441515
0.0130846371369627
0.00977903255470941
0.00862398250695275
0.00776873702365922
0.0102690184732222
0.00923974543412585
0.0081835083504032
0.00735060485233396
0.00625624500930095
0.00751458757448559
0.00701093464065534
0.00635484560409211
0.00569850097488581
0.00681528288931061
0.00594719221812747
0.00507399605965801
0.00562611518891018
0.00558759129559705
0.00558254762845791
0.00560222822835207
0.00564223023613879
0.00570176760766888
0.00578084346228167
0.00590238644401501
0.00609221034972262
0.00638231275376659
0.00680342697557134
0.00746521328138256
0.00514619869737082
0.00459237139669755
0.0040261338997841
0.00362344929692086
0.00313171270492782
0.00277225704332858
0.00236406362314505
0.00198472811811644
0.00167838802515759
0.00139799316845757
0.00113433594618813
0.00089078293933102
0.000687637043463342
0.000508493030992106
0.000322142982647964
0.000167317156426058
2.09753612677236e-05
-9.15955670894982e-05
-0.000184923472109301
-0.000256291178351463
-0.00030428615069854
-0.00033701776561087
-0.000357255946809452
-0.000367323712707095
-0.000371665924077447
0.00650857824763598
0.00575400072530321
0.00519497237638394
0.00483595513914462
0.00454834585104882
0.00438731342257594
0.00430315017706385
0.00922182422711552
0.0112032635752628
0.0135032336492865
0.0159525540646583
0.0186566246038173
0.0216344254901521
0.0247431749096394
0.0279004423683784
0.0309634592142035
0.033835072687578
0.0365943576368667
0.0391480959368744
0.0413558844320541
0.0431043712862696
0.0444025253603336
0.0453683379976934
0.0460056147967132
0.0463172794196706
0.0047322452282209
0.00433284094923675
0.00386296298997518
0.00333157796029699
0.00278998503438479
0.00227330186098823
0.00177977453326897
0.0013083584900815
0.000858490734319257
0.000429889174473738
2.24127382488478e-05
-0.000364293167478533
-0.000730529828696636
-0.00109416361326216
0.00462034954401483
0.0041470979171347
0.00366624407082207
0.00318783928662559
0.00276616885752352
0.00235535204368794
0.0019599829257984
0.00159353193304312
0.00124912066678454
0.00089753308227338
0.000535619161655842
0.000198785705422354
-8.35753331799414e-05
-0.000316699234030587
-0.000494722324245679
-0.000635958784885422
-0.000726904168153059
-0.000777920055464292
-0.00113729434266047
-0.00115899273091645
-0.00116605994798457
-0.00116003725625407
-0.0011422448296419
-0.00111728636249094
-0.00107775957197278
-0.00102158451790977
-0.00096071089419758
-0.000902328705549761
-0.00084726799282978
-0.000793756958196738
-0.000739529627079695
-0.0006869521748598
-0.000640797411229778
-0.000605828347940318
-0.000581386794952198
-0.000567239094541986
-0.00141593135845122
-0.00170671369434611
-0.00196964954009085
-0.00221004605361954
-0.00243424075270356
-0.00264562754210202
-0.00283628007732743
-0.00299325726857385
-0.00311165526936306
-0.0031907198633414
-0.00323153103028076
0.00572288197048627
0.00515482016563346
0.00456101965386864
0.00402452893617453
0.00354027185039502
0.00308324624949704
0.00267324728393858
0.00227633136705742
0.00192915475792975
0.0016304606463454
0.00136798464011494
0.0055250456571469
0.00470500666037218
0.00399260014052183
0.00323901956010551
0.00263908458446359
0.00197960722325635
0.00143722657751367
0.000980347661329683
0.000556062708982541
0.000314327331706284
8.09579588410566e-05
-6.62032555779566e-05
-0.000140179636044677
0.000676304534285447
8.52384543930603e-05
-0.000421475057982429
-0.000912412472912877
-0.00130174399662567
-0.00162870811185461
-0.00185864699612832
-0.00202970354301016
-0.002129807485395
0.00173587687277375
0.00215307058699539
0.0026211419001157
0.00314562589425743
0.00373477343490467
0.00439121533204613
0.00512122260039562
0.00594817685346889
0.00686415064748055
0.00786648157862628
0.00900971358011458
0.0102399993123412
0.0115476982742041
0.0129542410767394
0.0144415586583393
0.0160339794351987
0.0176600259816241
0.0191667641461366
0.0203914497101878
0.0213799622846666
0.022080978509983
0.0224386521186071
0.0122615271742601
0.0113047796250781
0.0103013325167343
0.00933575624509632
0.00841583037509791
0.00751599175338729
0.00656536735312316
0.00567773368248325
0.0050559619242225
0.00428808165543999
0.00343424687726116
0.00271756404150592
0.00200517465072803
0.00127994594391302
0.000615540356147589
-5.42576033952522e-05
0.0123299526466022
0.0115366758409241
0.0107597194875893
0.0100204165415193
0.00930171822336721
0.00858847978850238
0.00786292329339875
0.00712227629485242
0.00640639795861337
0.00575601641937994
0.00519765515820355
0.0047323286949867
0.00431390797313558
0.00383519282886321
-0.000487809656066498
-0.000989253722939143
-0.00146101114247869
-0.00188034218466354
-0.00230106665604596
-0.00266830461447866
-0.00300175237961485
-0.00335999957762152
-0.00363975083081652
-0.00389117920422236
-0.00410177780257131
-0.00428357652847595
-0.0044287147019521
-0.00453704650722415
-0.00461059997533994
-0.00464910829896409
-0.000436636702791272
-0.000805001048213437
-0.00117951137982229
-0.00151096514410211
-0.00179574705144633
-0.00208630078888207
-0.00234187392850589
-0.00255265843681611
-0.00272673788757941
-0.00287722848052306
-0.00301008671999905
-0.00312263917564112
-0.00320724330954276
-0.0032542305491369
0.00349076302520072
0.00320373476248022
0.00294815153930646
0.00270699779400878
0.0024914020421271
0.00229880351599543
0.00213761426642978
0.00199862867402224
0.00187604510929613
0.00177744069695577
0.00170746294748381
0.00166332615955069
0.00164218667836256
0.00164568921140282
0.00370367455285714
0.00358647252745429
0.00350312257187304
0.00343969830975528
0.00339376949902968
0.00338359570070428
0.00341098995037398
0.00348449277874102
0.00360788261194461
0.00378201467736237
0.00401399518055882
0.00428010386378921
0.00462527514620041
0.00504536237641878
0.00554703398855755
0.00610493772566524
0.00674184586421912
0.00750419740474892
0.00836153962136615
0.0093197776718382
0.0104050382856657
0.0116403782968849
0.0130462689206342
0.014628366070373
0.0164079979257269
0.0184725921731639
0.0208081872162913
0.0233247764346815
0.0260997108518939
0.0290417207374356
0.0323124889941548
0.0017582211221617
0.00190720635775417
0.00209892304497494
0.00234030036761662
0.00263599718132508
0.00296031654898874
0.00328177934007717
0.00364969972856934
0.0040903798086609
0.00457254437291229
0.00512414546637997
0.00573387867968103
0.0064510805155269
0.00734806059530049
0.00833505981685844
0.00939003801353216
0.0107045574744298
0.0122705092478892
0.0140154012961489
0.0158695939071756
0.0178831244429418
0.0201790851304962
0.0226514061768447
0.025139975898387
0.0276479304804248
0.0302698562965507
0.0015367356815916
0.00145784826174464
0.00140572368331185
0.0329515099555301
0.0361415718839823
0.0395915100543448
0.0427794224350978
0.0453781072180435
0.0474182184099661
0.0311456208995
0.0321554612646187
0.0328026913344882
0.0332256605999532
0.0482520677732689
0.0486135231407346
0.0487313061298127
0.0487543264061697
0.0482708707059474
0.0487141237282075
0.0488980118613147
0.034658561095552
0.0371147449514421
0.0394337035170303
0.041646257576271
0.0436607954970572
0.0451449014718676
0.0336142832168214
0.0350736962472387
0.0367243115506724
0.0384845442774622
0.0402622333225626
0.0418019141157318
0.0432152183717791
0.0441730232617517
0.0446145615820113
0.0443481969415246
0.0431700658375021
0.0407282543570056
0.0368753627333752
0.0316975514855639
0.02611620507027
0.0210150306203184
0.0162081702780564
0.0445801301974959
0.0433455440061944
0.0410707905096257
0.0377959430715067
0.0333387428238787
0.028473588580752
0.0237956917267976
0.0196681238356793
0.0161665925717184
0.013310495958073
0.01092580200438
0.00893790788290919
0.00731891031987048
0.00604193358423912
0.005060699196161
0.00432546841147726
0.00380131765897241
0.00346571404278656
0.00329684884913714
0.0466018608563037
0.0474817485309136
0.0480751375907757
0.0484208320388159
0.0486079898137205
0.0486933620390093
0.0131294177548668
0.0103741743816501
0.00819155762939977
0.00662721046576103
0.00547098152364724
0.0047463844203971
0.00438082919766978
0.0134044947626293
0.011152902846764
0.00967461944159443
0.00896647136338282
