3.62047437833703e-05
3.62047437833703e-05
3.62047437833703e-05
3.62047437833703e-05
3.62047437833703e-05
3.62047437833704e-05
3.62047437833704e-05
3.62047437833703e-05
3.62047437833703e-05
3.62047437833704e-05
3.62047437833704e-05
3.62047437833705e-05
3.62047437833705e-05
3.62047437833705e-05
3.62047437833705e-05
3.62047437833703e-05
3.62047437833703e-05
3.62047437833702e-05
3.62047437833702e-05
3.62047437833702e-05
3.62047437833702e-05
3.62047437833703e-05
3.62047437833703e-05
3.62047437833703e-05
3.62047437833703e-05
3.62047437833703e-05
3.62047437833704e-05
3.62047437833704e-05
3.62047437833704e-05
3.62047437833705e-05
3.62047437833705e-05
3.62047437833705e-05
3.62047437833703e-05
3.62047437833703e-05
3.62047437833703e-05
3.62047437833703e-05
3.62047437833703e-05
3.62047437833703e-05
3.62047437833703e-05
3.62047437833703e-05
3.62047437833704e-05
3.62047437833704e-05
3.62047437833705e-05
3.62047437833705e-05
3.62047437833706e-05
3.62047437833704e-05
3.62047437833704e-05
3.62047437833704e-05
3.62047437833706e-05
3.62047437833706e-05
3.62047437833706e-05
3.62047437833707e-05
3.62047437833707e-05
3.62047437833707e-05
3.62047437833707e-05
3.62047437833707e-05
3.62047437833707e-05
3.62047437833707e-05
3.62047437833707e-05
3.62047437833707e-05
3.62047437833707e-05
3.62047437833707e-05
3.62047437833707e-05
3.62047437833707e-05
3.62047437833708e-05
3.62047437833708e-05
3.62047437833708e-05
3.62047437833708e-05
3.62047437833708e-05
3.62047437833708e-05
3.62047437833707e-05
3.62047437833707e-05
3.62047437833707e-05
3.62047437833707e-05
3.62047437833707e-05
3.62047437833707e-05
3.62047437833707e-05
3.62047437833707e-05
3.62047437833707e-05
3.62047437833707e-05
3.62047437833707e-05
3.62047437833707e-05
3.62047437833707e-05
3.62047437833707e-05
3.62047437833707e-05
3.62047437833708e-05
3.62047437833708e-05
3.62047437833708e-05
3.62047437833708e-05
3.62047437833708e-05
3.62047437833708e-05
3.62047437833708e-05
3.62047437833708e-05
3.62047437833704e-05
3.62047437833705e-05
3.62047437833705e-05
3.62047437833704e-05
3.62047437833705e-05
3.62047437833705e-05
3.62047437833705e-05
3.62047437833706e-05
3.62047437833706e-05
3.62047437833705e-05
3.62047437833706e-05
3.62047437833706e-05
3.62047437833706e-05
3.62047437833706e-05
3.62047437833706e-05
3.62047437833706e-05
3.62047437833706e-05
3.62047437833706e-05
3.62047437833706e-05
3.62047437833707e-05
3.62047437833707e-05
3.62047437833707e-05
3.62047437833707e-05
3.62047437833707e-05
3.62047437833707e-05
3.62047437833706e-05
3.62047437833707e-05
3.62047437833707e-05
3.62047437833707e-05
3.62047437833708e-05
3.62047437833709e-05
3.62047437833706e-05
3.62047437833707e-05
3.62047437833707e-05
3.62047437833709e-05
3.62047437833709e-05
3.6204743783371e-05
3.6204743783371e-05
3.62047437833711e-05
3.62047437833711e-05
3.62047437833711e-05
3.62047437833711e-05
3.62047437833711e-05
3.62047437833711e-05
3.6204743783371e-05
3.6204743783371e-05
3.6204743783371e-05
3.6204743783371e-05
3.6204743783371e-05
3.62047437833709e-05
3.62047437833709e-05
3.62047437833709e-05
3.62047437833709e-05
3.62047437833709e-05
3.62047437833709e-05
3.62047437833709e-05
3.62047437833709e-05
3.62047437833709e-05
3.62047437833709e-05
3.6204743783371e-05
3.6204743783371e-05
3.6204743783371e-05
3.62047437833711e-05
3.62047437833711e-05
3.62047437833711e-05
3.62047437833711e-05
3.62047437833711e-05
3.62047437833711e-05
3.62047437833709e-05
3.62047437833709e-05
3.62047437833709e-05
3.62047437833709e-05
3.62047437833709e-05
3.62047437833709e-05
3.62047437833709e-05
3.62047437833709e-05
3.6204743783371e-05
3.6204743783371e-05
3.6204743783371e-05
3.6204743783371e-05
3.6204743783371e-05
3.6204743783371e-05
3.6204743783371e-05
3.6204743783371e-05
3.6204743783371e-05
3.6204743783371e-05
3.6204743783371e-05
3.6204743783371e-05
3.6204743783371e-05
3.6204743783371e-05
3.6204743783371e-05
3.62047437833707e-05
3.62047437833707e-05
3.62047437833707e-05
3.62047437833707e-05
3.62047437833707e-05
3.62047437833708e-05
3.62047437833708e-05
3.62047437833708e-05
3.62047437833708e-05
3.62047437833708e-05
3.62047437833708e-05
3.62047437833708e-05
3.62047437833708e-05
3.62047437833707e-05
3.62047437833708e-05
3.62047437833708e-05
3.62047437833709e-05
3.62047437833709e-05
3.62047437833709e-05
3.62047437833709e-05
3.62047437833709e-05
3.62047437833709e-05
3.62047437833709e-05
3.62047437833709e-05
3.62047437833709e-05
3.62047437833709e-05
3.62047437833709e-05
3.62047437833709e-05
3.62047437833708e-05
3.62047437833708e-05
3.62047437833708e-05
3.62047437833708e-05
3.62047437833708e-05
3.62047437833708e-05
3.62047437833708e-05
3.62047437833708e-05
3.62047437833709e-05
3.62047437833709e-05
3.62047437833709e-05
3.62047437833709e-05
3.62047437833709e-05
3.62047437833709e-05
3.6204743783371e-05
3.6204743783371e-05
3.6204743783371e-05
3.6204743783371e-05
3.6204743783371e-05
3.6204743783371e-05
3.6204743783371e-05
3.62047437833709e-05
3.62047437833705e-05
3.62047437833705e-05
3.62047437833705e-05
3.62047437833705e-05
3.62047437833705e-05
3.62047437833705e-05
3.62047437833705e-05
3.62047437833705e-05
3.62047437833705e-05
3.62047437833705e-05
3.62047437833706e-05
3.62047437833706e-05
3.62047437833706e-05
3.62047437833706e-05
3.62047437833707e-05
3.62047437833706e-05
3.62047437833706e-05
3.62047437833706e-05
3.62047437833707e-05
3.62047437833706e-05
3.62047437833706e-05
3.62047437833706e-05
3.62047437833706e-05
3.62047437833706e-05
3.62047437833706e-05
3.62047437833706e-05
3.62047437833706e-05
3.62047437833706e-05
3.62047437833706e-05
3.62047437833706e-05
3.62047437833706e-05
3.62047437833706e-05
3.62047437833706e-05
3.62047437833706e-05
3.62047437833706e-05
3.62047437833706e-05
3.62047437833706e-05
3.62047437833707e-05
3.62047437833707e-05
3.62047437833707e-05
3.62047437833707e-05
3.62047437833707e-05
3.62047437833707e-05
3.62047437833707e-05
3.62047437833707e-05
3.62047437833706e-05
3.62047437833706e-05
3.62047437833706e-05
3.62047437833704e-05
3.62047437833704e-05
3.62047437833705e-05
3.62047437833705e-05
3.62047437833705e-05
3.62047437833706e-05
3.62047437833705e-05
3.62047437833705e-05
3.62047437833705e-05
3.62047437833705e-05
3.62047437833705e-05
3.62047437833705e-05
3.62047437833705e-05
3.62047437833706e-05
3.62047437833706e-05
3.62047437833706e-05
3.62047437833706e-05
3.62047437833707e-05
3.62047437833707e-05
3.62047437833707e-05
3.62047437833707e-05
3.62047437833708e-05
3.62047437833708e-05
3.62047437833708e-05
3.62047437833709e-05
3.62047437833709e-05
3.6204743783371e-05
3.6204743783371e-05
3.6204743783371e-05
3.6204743783371e-05
3.6204743783371e-05
3.6204743783371e-05
3.62047437833711e-05
3.62047437833711e-05
3.62047437833711e-05
3.6204743783371e-05
3.6204743783371e-05
3.6204743783371e-05
3.6204743783371e-05
3.6204743783371e-05
3.6204743783371e-05
3.6204743783371e-05
3.6204743783371e-05
3.62047437833705e-05
3.62047437833705e-05
3.62047437833705e-05
3.62047437833706e-05
3.62047437833706e-05
3.62047437833706e-05
3.62047437833706e-05
3.62047437833706e-05
3.62047437833706e-05
3.62047437833706e-05
3.62047437833706e-05
3.62047437833706e-05
3.62047437833706e-05
3.62047437833705e-05
3.62047437833706e-05
3.62047437833706e-05
3.62047437833706e-05
3.62047437833706e-05
3.62047437833707e-05
3.62047437833706e-05
3.62047437833705e-05
3.62047437833705e-05
3.62047437833705e-05
3.62047437833704e-05
3.62047437833704e-05
3.62047437833704e-05
3.62047437833704e-05
3.62047437833703e-05
3.62047437833703e-05
3.62047437833703e-05
3.62047437833704e-05
3.62047437833704e-05
3.62047437833704e-05
3.62047437833704e-05
3.62047437833704e-05
3.62047437833704e-05
3.62047437833704e-05
3.62047437833704e-05
3.62047437833704e-05
3.62047437833704e-05
3.62047437833704e-05
3.62047437833705e-05
3.62047437833705e-05
3.62047437833705e-05
3.62047437833705e-05
3.62047437833705e-05
3.62047437833707e-05
3.62047437833707e-05
3.62047437833707e-05
3.62047437833707e-05
3.62047437833708e-05
3.62047437833708e-05
3.62047437833709e-05
3.62047437833709e-05
3.62047437833709e-05
3.62047437833709e-05
3.6204743783371e-05
3.6204743783371e-05
3.6204743783371e-05
3.6204743783371e-05
3.6204743783371e-05
3.6204743783371e-05
3.62047437833711e-05
3.62047437833711e-05
3.62047437833712e-05
3.62047437833712e-05
3.62047437833712e-05
3.62047437833712e-05
3.62047437833712e-05
3.62047437833712e-05
3.62047437833707e-05
3.62047437833707e-05
3.62047437833707e-05
3.62047437833707e-05
3.62047437833707e-05
3.62047437833708e-05
3.62047437833708e-05
3.62047437833708e-05
3.62047437833708e-05
3.62047437833708e-05
3.62047437833708e-05
3.62047437833708e-05
3.62047437833706e-05
3.62047437833706e-05
3.62047437833706e-05
3.62047437833706e-05
3.62047437833707e-05
3.62047437833707e-05
3.62047437833707e-05
3.62047437833707e-05
3.62047437833707e-05
3.62047437833707e-05
3.62047437833707e-05
3.62047437833707e-05
3.62047437833707e-05
3.62047437833707e-05
3.62047437833708e-05
3.62047437833708e-05
3.62047437833708e-05
3.62047437833708e-05
3.62047437833708e-05
3.62047437833708e-05
3.62047437833708e-05
3.62047437833708e-05
3.62047437833708e-05
3.62047437833706e-05
3.62047437833706e-05
3.62047437833706e-05
3.62047437833706e-05
3.62047437833706e-05
3.62047437833707e-05
3.62047437833707e-05
3.62047437833707e-05
3.62047437833707e-05
3.62047437833707e-05
3.62047437833707e-05
3.62047437833707e-05
3.62047437833707e-05
3.62047437833707e-05
3.62047437833707e-05
3.62047437833707e-05
3.62047437833707e-05
3.62047437833707e-05
3.62047437833707e-05
3.62047437833707e-05
3.62047437833707e-05
3.62047437833708e-05
3.62047437833708e-05
3.62047437833708e-05
3.62047437833708e-05
3.62047437833708e-05
3.62047437833708e-05
3.62047437833708e-05
3.62047437833708e-05
3.62047437833708e-05
3.62047437833708e-05
3.62047437833708e-05
3.62047437833708e-05
3.62047437833708e-05
3.62047437833708e-05
3.62047437833706e-05
3.62047437833706e-05
3.62047437833705e-05
3.62047437833706e-05
3.62047437833705e-05
3.62047437833706e-05
3.62047437833705e-05
3.62047437833705e-05
3.62047437833705e-05
3.62047437833705e-05
3.62047437833705e-05
3.62047437833705e-05
3.62047437833704e-05
3.62047437833704e-05
3.62047437833704e-05
3.62047437833705e-05
3.62047437833705e-05
3.62047437833705e-05
3.62047437833705e-05
3.62047437833705e-05
3.62047437833705e-05
3.62047437833705e-05
3.62047437833705e-05
3.62047437833705e-05
3.62047437833705e-05
3.62047437833705e-05
3.62047437833705e-05
3.62047437833704e-05
3.62047437833704e-05
3.62047437833704e-05
3.62047437833704e-05
3.62047437833704e-05
3.62047437833705e-05
3.62047437833705e-05
3.62047437833705e-05
3.62047437833706e-05
3.62047437833706e-05
3.62047437833706e-05
3.62047437833706e-05
3.62047437833705e-05
3.62047437833705e-05
3.62047437833705e-05
3.62047437833705e-05
3.62047437833705e-05
3.62047437833705e-05
3.62047437833705e-05
3.62047437833704e-05
3.62047437833704e-05
3.62047437833704e-05
3.62047437833704e-05
3.62047437833704e-05
3.62047437833705e-05
3.62047437833705e-05
3.62047437833705e-05
3.62047437833705e-05
3.62047437833705e-05
3.62047437833705e-05
3.62047437833705e-05
3.62047437833705e-05
3.62047437833705e-05
3.62047437833705e-05
3.62047437833705e-05
3.62047437833705e-05
3.62047437833705e-05
3.62047437833705e-05
3.62047437833705e-05
3.62047437833705e-05
3.62047437833705e-05
3.62047437833706e-05
3.62047437833706e-05
3.62047437833706e-05
3.62047437833706e-05
3.62047437833706e-05
3.62047437833706e-05
3.62047437833705e-05
3.62047437833705e-05
3.62047437833706e-05
3.62047437833706e-05
3.62047437833706e-05
3.62047437833706e-05
3.62047437833705e-05
3.62047437833705e-05
3.62047437833705e-05
3.62047437833705e-05
3.62047437833705e-05
3.62047437833705e-05
3.62047437833705e-05
3.62047437833705e-05
3.62047437833705e-05
3.62047437833705e-05
3.62047437833705e-05
3.62047437833706e-05
3.62047437833705e-05
3.62047437833705e-05
3.62047437833705e-05
3.62047437833705e-05
3.62047437833705e-05
3.62047437833705e-05
3.62047437833705e-05
3.62047437833705e-05
3.62047437833705e-05
3.62047437833705e-05
3.62047437833705e-05
3.62047437833705e-05
3.62047437833705e-05
3.62047437833705e-05
3.62047437833705e-05
3.62047437833705e-05
3.62047437833705e-05
3.62047437833705e-05
3.62047437833705e-05
3.62047437833706e-05
3.62047437833703e-05
3.62047437833703e-05
3.62047437833702e-05
3.62047437833702e-05
3.62047437833702e-05
3.62047437833703e-05
3.62047437833702e-05
3.62047437833702e-05
3.62047437833702e-05
3.62047437833702e-05
3.62047437833702e-05
3.62047437833702e-05
3.62047437833702e-05
3.62047437833702e-05
3.62047437833701e-05
3.62047437833701e-05
3.62047437833701e-05
3.62047437833701e-05
3.62047437833701e-05
3.62047437833702e-05
3.62047437833702e-05
3.62047437833702e-05
3.62047437833702e-05
3.62047437833703e-05
3.62047437833703e-05
3.62047437833703e-05
3.62047437833703e-05
3.62047437833703e-05
3.62047437833703e-05
3.62047437833704e-05
3.62047437833704e-05
3.62047437833702e-05
3.62047437833702e-05
3.62047437833702e-05
3.62047437833703e-05
3.62047437833703e-05
3.62047437833704e-05
3.62047437833704e-05
3.62047437833702e-05
3.62047437833701e-05
3.62047437833701e-05
3.62047437833703e-05
3.62047437833704e-05
3.62047437833705e-05
3.62047437833705e-05
3.62047437833706e-05
3.62047437833701e-05
3.62047437833701e-05
3.62047437833702e-05
3.62047437833703e-05
3.620474378337e-05
3.620474378337e-05
3.62047437833699e-05
3.62047437833703e-05
3.62047437833704e-05
3.62047437833704e-05
3.62047437833705e-05
3.62047437833705e-05
3.62047437833706e-05
3.62047437833706e-05
3.62047437833706e-05
3.62047437833707e-05
3.62047437833707e-05
3.62047437833707e-05
3.62047437833708e-05
3.62047437833703e-05
3.62047437833703e-05
3.62047437833704e-05
3.62047437833704e-05
3.62047437833704e-05
3.62047437833704e-05
3.62047437833704e-05
3.62047437833705e-05
3.62047437833705e-05
3.62047437833705e-05
3.62047437833705e-05
3.62047437833706e-05
3.62047437833706e-05
3.62047437833706e-05
3.62047437833707e-05
3.62047437833707e-05
3.62047437833707e-05
3.62047437833707e-05
3.62047437833707e-05
3.62047437833708e-05
3.62047437833708e-05
3.62047437833708e-05
3.62047437833708e-05
3.62047437833708e-05
3.62047437833708e-05
3.62047437833708e-05
3.62047437833708e-05
3.62047437833708e-05
3.62047437833708e-05
3.62047437833708e-05
3.62047437833708e-05
3.62047437833708e-05
3.62047437833708e-05
3.62047437833709e-05
3.62047437833709e-05
3.62047437833708e-05
3.62047437833708e-05
3.62047437833708e-05
3.62047437833708e-05
3.62047437833708e-05
3.62047437833708e-05
3.62047437833708e-05
3.62047437833708e-05
3.62047437833708e-05
3.62047437833708e-05
3.62047437833708e-05
3.62047437833708e-05
3.62047437833708e-05
3.62047437833708e-05
3.62047437833708e-05
3.62047437833699e-05
3.62047437833699e-05
3.62047437833699e-05
3.62047437833699e-05
3.62047437833699e-05
3.620474378337e-05
3.620474378337e-05
3.620474378337e-05
3.620474378337e-05
3.62047437833701e-05
3.62047437833701e-05
3.62047437833701e-05
3.62047437833701e-05
3.62047437833701e-05
3.62047437833699e-05
3.62047437833699e-05
3.62047437833699e-05
3.62047437833698e-05
3.62047437833698e-05
3.62047437833698e-05
3.62047437833698e-05
3.62047437833698e-05
3.62047437833698e-05
3.62047437833697e-05
3.62047437833697e-05
3.62047437833697e-05
3.62047437833697e-05
3.62047437833697e-05
3.62047437833698e-05
3.62047437833698e-05
3.62047437833698e-05
3.62047437833698e-05
3.62047437833701e-05
3.62047437833701e-05
3.62047437833701e-05
3.62047437833702e-05
3.62047437833702e-05
3.62047437833702e-05
3.62047437833702e-05
3.62047437833703e-05
3.62047437833703e-05
3.62047437833704e-05
3.62047437833704e-05
3.62047437833704e-05
3.62047437833704e-05
3.62047437833704e-05
3.62047437833704e-05
3.62047437833704e-05
3.62047437833704e-05
3.62047437833704e-05
3.62047437833701e-05
3.62047437833701e-05
3.62047437833701e-05
3.62047437833702e-05
3.62047437833702e-05
3.62047437833702e-05
3.62047437833702e-05
3.62047437833702e-05
3.62047437833703e-05
3.62047437833703e-05
3.62047437833703e-05
3.62047437833707e-05
3.62047437833708e-05
3.62047437833709e-05
3.62047437833709e-05
3.6204743783371e-05
3.6204743783371e-05
3.6204743783371e-05
3.62047437833711e-05
3.62047437833711e-05
3.62047437833711e-05
3.62047437833712e-05
3.62047437833707e-05
3.62047437833707e-05
3.62047437833707e-05
3.62047437833708e-05
3.62047437833708e-05
3.62047437833708e-05
3.62047437833708e-05
3.62047437833708e-05
3.62047437833709e-05
3.62047437833709e-05
3.62047437833709e-05
3.62047437833709e-05
3.62047437833709e-05
3.62047437833712e-05
3.62047437833712e-05
3.62047437833713e-05
3.62047437833713e-05
3.62047437833713e-05
3.62047437833713e-05
3.62047437833713e-05
3.62047437833713e-05
3.62047437833713e-05
3.62047437833712e-05
3.62047437833712e-05
3.62047437833712e-05
3.62047437833712e-05
3.62047437833712e-05
3.62047437833712e-05
3.62047437833712e-05
3.62047437833712e-05
3.62047437833712e-05
3.62047437833712e-05
3.62047437833712e-05
3.62047437833711e-05
3.62047437833711e-05
3.62047437833712e-05
3.62047437833712e-05
3.62047437833712e-05
3.62047437833713e-05
3.62047437833713e-05
3.62047437833714e-05
3.62047437833714e-05
3.62047437833714e-05
3.62047437833714e-05
3.62047437833705e-05
3.62047437833705e-05
3.62047437833705e-05
3.62047437833706e-05
3.62047437833706e-05
3.62047437833706e-05
3.62047437833707e-05
3.62047437833707e-05
3.62047437833707e-05
3.62047437833708e-05
3.62047437833708e-05
3.62047437833708e-05
3.62047437833708e-05
3.62047437833708e-05
3.62047437833709e-05
3.62047437833709e-05
3.62047437833705e-05
3.62047437833705e-05
3.62047437833705e-05
3.62047437833706e-05
3.62047437833706e-05
3.62047437833707e-05
3.62047437833707e-05
3.62047437833707e-05
3.62047437833707e-05
3.62047437833708e-05
3.62047437833708e-05
3.62047437833708e-05
3.62047437833708e-05
3.62047437833708e-05
3.62047437833709e-05
3.6204743783371e-05
3.6204743783371e-05
3.6204743783371e-05
3.6204743783371e-05
3.6204743783371e-05
3.6204743783371e-05
3.6204743783371e-05
3.6204743783371e-05
3.6204743783371e-05
3.6204743783371e-05
3.6204743783371e-05
3.6204743783371e-05
3.62047437833711e-05
3.62047437833711e-05
3.62047437833711e-05
3.62047437833709e-05
3.62047437833709e-05
3.62047437833709e-05
3.62047437833709e-05
3.62047437833709e-05
3.62047437833709e-05
3.62047437833709e-05
3.62047437833709e-05
3.62047437833709e-05
3.62047437833709e-05
3.62047437833709e-05
3.62047437833709e-05
3.62047437833708e-05
3.62047437833708e-05
3.62047437833708e-05
3.62047437833709e-05
3.62047437833709e-05
3.62047437833709e-05
3.62047437833709e-05
3.6204743783371e-05
3.6204743783371e-05
3.6204743783371e-05
3.6204743783371e-05
3.6204743783371e-05
3.6204743783371e-05
3.6204743783371e-05
3.6204743783371e-05
3.6204743783371e-05
3.62047437833708e-05
3.62047437833708e-05
3.62047437833708e-05
3.62047437833708e-05
3.62047437833709e-05
3.62047437833709e-05
3.62047437833709e-05
3.62047437833709e-05
3.62047437833709e-05
3.6204743783371e-05
3.6204743783371e-05
3.6204743783371e-05
3.62047437833709e-05
3.6204743783371e-05
3.6204743783371e-05
3.6204743783371e-05
3.6204743783371e-05
3.62047437833711e-05
3.62047437833711e-05
3.62047437833711e-05
3.62047437833711e-05
3.62047437833711e-05
3.62047437833712e-05
3.62047437833712e-05
3.62047437833712e-05
3.62047437833712e-05
3.62047437833712e-05
3.62047437833712e-05
3.62047437833712e-05
3.62047437833712e-05
3.62047437833712e-05
3.6204743783371e-05
3.6204743783371e-05
3.6204743783371e-05
3.6204743783371e-05
3.6204743783371e-05
3.6204743783371e-05
3.6204743783371e-05
3.6204743783371e-05
3.6204743783371e-05
3.6204743783371e-05
3.6204743783371e-05
3.6204743783371e-05
3.6204743783371e-05
3.62047437833709e-05
3.62047437833709e-05
3.62047437833709e-05
3.62047437833709e-05
3.62047437833709e-05
3.62047437833709e-05
3.62047437833709e-05
3.62047437833709e-05
3.62047437833709e-05
3.62047437833708e-05
3.62047437833708e-05
3.62047437833708e-05
3.62047437833707e-05
3.6204743783371e-05
3.6204743783371e-05
3.6204743783371e-05
3.62047437833707e-05
3.62047437833707e-05
3.62047437833707e-05
3.62047437833707e-05
3.62047437833707e-05
3.62047437833707e-05
3.62047437833707e-05
3.62047437833706e-05
3.62047437833706e-05
3.62047437833706e-05
3.62047437833707e-05
3.62047437833707e-05
3.62047437833706e-05
3.62047437833707e-05
3.62047437833707e-05
3.62047437833707e-05
3.62047437833707e-05
3.62047437833713e-05
3.62047437833713e-05
3.62047437833713e-05
3.62047437833713e-05
3.62047437833714e-05
3.62047437833714e-05
3.62047437833712e-05
3.62047437833712e-05
3.62047437833712e-05
3.62047437833712e-05
3.62047437833712e-05
3.62047437833712e-05
3.62047437833712e-05
3.62047437833712e-05
3.62047437833712e-05
3.62047437833711e-05
3.62047437833711e-05
3.62047437833711e-05
3.62047437833711e-05
3.62047437833711e-05
3.62047437833711e-05
3.62047437833711e-05
3.62047437833711e-05
3.62047437833715e-05
3.62047437833716e-05
3.62047437833717e-05
3.62047437833717e-05
3.62047437833718e-05
3.62047437833718e-05
3.62047437833718e-05
3.62047437833718e-05
3.62047437833719e-05
3.62047437833719e-05
3.62047437833719e-05
3.62047437833719e-05
3.62047437833719e-05
3.62047437833719e-05
3.62047437833719e-05
3.62047437833719e-05
3.62047437833719e-05
3.62047437833719e-05
3.62047437833719e-05
3.62047437833714e-05
3.62047437833713e-05
3.62047437833713e-05
3.62047437833713e-05
3.62047437833713e-05
3.62047437833712e-05
3.62047437833711e-05
3.62047437833711e-05
3.62047437833711e-05
3.62047437833711e-05
3.6204743783371e-05
3.6204743783371e-05
3.6204743783371e-05
3.62047437833711e-05
3.62047437833711e-05
3.62047437833711e-05
3.62047437833711e-05
