0.05
0.0369103207150124
0.033676342919444
0.028193404984432
0.0349520935499666
0.0321372454667946
0.0287076168150268
0.0368979323446768
0.0340556416080202
0.0289385599125023
0.02522905288743
0.0222593310421573
0.0200840049033985
0.0173138556958228
0.0141904260290376
0.0371100929244873
0.0339190512181929
0.0315848406724685
0.0314180381039953
0.0315005587798262
0.0317226139184756
0.0317372335433942
0.0316781684786173
0.0314945459287055
0.0309471975810956
0.0294540110822028
0.0270821791357624
0.0244926979440022
0.0219379406349673
0.0196080641588398
0.017638299120066
0.0160242085371597
0.0368614904585447
0.0353319765378835
0.0333875411997083
0.0318983954635489
0.0307604901882458
0.0299639045929501
0.0294156509599248
0.0289640235238068
0.0251102909411014
0.0221172792953769
0.0187917630668614
0.0157711922246124
0.0124324339655722
0.0249577763157421
0.022128127842996
0.0193606377465323
0.0114409521748345
0.0105450138806618
0.00983591996392669
0.00937059304407201
0.00907571723192882
0.00897416591988061
0.00906439856669747
0.0093396129783256
0.00983119295594337
0.0105018565422289
0.0113852829282307
0.0124726989319081
0.0138060055207299
0.0153165890663173
0.0169639467477904
0.0188494173694433
0.0208912953487052
0.0231501682258086
0.0256704765956615
0.0283408443063577
0.0309459461913931
0.0333953140280001
0.035605503189278
0.0375183119953902
0.0396283822077424
0.0418452253192146
0.0437664478600406
0.0453760290708091
0.0465861632451262
0.0474883167776901
0.0481178631720193
0.0485251342246107
0.0487655725226281
0.0488797568033966
0.0106321106163119
0.00938111231326198
0.00817915312471737
0.00704431659848504
0.00610205648509012
0.0053262612824386
0.00463514101885952
0.00415126884277459
0.00378592819923165
0.00352237427097187
0.00338570848463887
0.0178452239801554
0.0160584828659744
0.0138408543895285
0.0164248897876515
0.0132395692954421
0.0103774147356406
0.0132893194287822
0.0126936409413336
0.0120455705192299
0.0121930972867849
0.0098990916571507
0.00748472548835494
0.00592850308053715
0.00468518283025839
0.0034655024761891
0.00236055424738584
0.00155578230225491
0.000917408091779315
0.000343349108830278
-0.000114492095054053
-0.000488500750613262
-0.000769747328619252
-0.000961023150944438
-0.00107798686260875
-0.00114169057550474
0.0117963771288921
0.0119468462657188
0.0126700693859562
0.0140263227273013
0.0158891303157378
0.0185147122477345
0.0110993326384189
0.0102333393649757
0.00935638158568291
0.0201711365713491
0.0225140262880222
0.0252444838255024
0.028217308503352
0.0314254518867736
0.0345605310945153
0.0373383406894037
0.0397721506779479
0.0417715261940012
0.0430145875555915
0.0430992861909878
0.041621658211015
0.0382037749367114
0.0328526492696963
0.0266106798444409
0.0207688827264675
0.015912562853165
0.0120305666226498
0.00889740705320847
0.00647016134806995
0.00444134755421035
0.00283255960625404
0.0015367019320173
0.000425234332396176
-0.000284026028384094
-0.00104083710295942
-0.00161467198399907
-0.00209474304530616
-0.00247756667886159
-0.00276524823511154
-0.00299366391070721
-0.00316567775568447
-0.00326061747676422
-0.00332622971925838
0.0201007025921707
0.0221948161120855
0.0246799630757353
0.027934716641841
0.0314731865186446
0.0349478403903206
0.0379717183499358
0.0406811541163372
0.0426006181328086
0.0435299324561818
0.0431428903353456
0.0409973181109807
0.0365938862221678
0.0304983330727576
0.0243182603627462
0.0187184814946728
0.0142794118249888
0.0109622400127678
0.00844801146903458
0.0065216625143655
0.00510885256940493
0.00418604162272159
0.00371928770009973
0.007632156046627
0.00610059687319586
0.00477643715095095
0.00365311074836459
0.00269575226489314
0.0018654637873422
0.00113809390855526
0.000527333496618902
3.44923567062431e-05
-0.000354358075667061
-0.000645033809109437
-0.000838001437740558
-0.000937137604277648
0.00858807017252266
0.00798667076101859
0.00757585386209819
0.00737542419537611
0.00736620958032452
0.00754800514479414
0.00790696902562675
0.00845928241587808
0.00933635335497748
0.0105897971616634
0.0121743396522379
0.0139936628303497
0.0160127008937512
0.0182868744273924
0.0206527287435755
0.0230354853843678
0.0252774137645523
0.027319332599321
0.0293822303370132
0.0322132322699579
0.0355310324204762
0.0382501233894014
0.040809120994818
0.0425182954088871
0.0434821417499707
0.0434912340702793
0.0420771831198132
0.038794192366664
0.0339440223235256
0.0287210620575147
0.0238526318225823
0.0196192491012544
0.0164580841834001
0.013910673941985
0.0118277939149844
0.0105076962038888
0.00983244343146101
0.00927086215850466
0.00842531430857319
0.00777290840059094
0.00723812192369443
0.00687975097675278
0.0066191826970356
0.00650982441422184
0.00652276858597001
0.00666297806089231
0.00691781280610295
0.00717178440336642
0.00766948774451574
0.00808304564348647
0.0086963911632584
0.00946203805679333
0.010135022981164
0.0106125824939993
0.0111397523241166
0.0116237576402964
0.0120026930481277
0.0122764756695543
0.0124115750019355
0.00938925103288095
0.00857214743079447
0.00790914830514285
0.00739972930071825
0.00705859277560861
0.00686944028281812
0.00681790042379958
0.00690856399649678
0.00711876510166288
0.00748967157763278
0.00805481886080927
0.0087805169873224
0.0100309741750916
0.0115148348920713
0.0131027320734741
0.014799484737891
0.0165096818909442
0.0182365821985247
0.0198025903577086
0.021541799060961
0.0232197399356659
0.0246823566886692
0.025885005252785
0.0268316424234064
0.0274586118362965
0.027795987836603
0.0277754789660673
0.0266102501310854
0.0250198026437456
0.026736482203122
0.0247050604941067
0.0224276085361666
0.0243229805332157
0.0234387769633597
0.0222613727164253
0.0235529157228279
0.0212238761667252
0.018284596019814
0.0158734057471798
0.0140951466620515
0.0125463404666422
0.0111753265069587
0.0100613798248303
0.00924650894350808
0.00863646521073815
0.00826053360981669
0.00810661796281638
0.00817203752995187
0.00853484180315415
0.0092866200478896
0.0102146570174619
0.0117142078910188
0.0133334105987855
0.0154386762335135
0.0177770132879533
0.0207295514287957
0.0239504137364102
0.027165670234183
0.0304556063120927
0.0336887819671196
0.036722671379011
0.0395252126221995
0.0418259585229602
0.0437308625151396
0.0454472191594559
0.046637732810776
0.0474162915420252
0.0478912109812019
0.0481239137379186
0.0202602416002809
0.0178946897580249
0.0155664939528466
0.0134772953064333
0.0117064563142425
0.0101557933078559
0.00881159828339717
0.00763896643758465
0.00669143609612761
0.00593574891765392
0.00537279448946426
0.0050032029094683
0.00481076700674092
0.0186595223164357
0.0158636345951186
0.0130347201727178
0.0118205010522057
0.0106833387869969
0.0096002556723443
0.0123090903747321
0.0118715119996458
0.0117672682616776
0.0120701270496413
0.0127737832757785
0.0139126846103062
0.0154497102239842
0.0173497518080669
0.0196226414463766
0.0221341307121649
0.0248435874849828
0.027691770665201
0.0305369111937316
0.0333839271511189
0.036101250509506
0.0386353557396361
0.0408964639883419
0.0428964638875702
0.0445186865144513
0.0457739200160733
0.046716083645351
0.0474475254104287
0.0479339384602234
0.0481952675270481
0.0482991556520624
0.0483196445366899
0.0483130586986806
0.00978653146597988
0.0103466583243391
0.0113693969981999
0.0128408242623898
0.0145182504664394
0.0165298011963607
0.0190417785165314
0.0216434812188583
0.0241047997105079
0.0269987549800173
0.0301464742385824
0.0332883811599737
0.036071566887434
0.0383527012179036
0.0407332819604919
0.0428409228792851
0.0446674608379628
0.0461130638701461
0.0471856371319557
0.0478500342565089
0.048308415167029
0.0486680829244301
0.0489011821150626
0.0489998909347512
0.00791224384522372
0.00641127465360022
0.00524096979868457
0.00419653577123008
0.00340187771119202
0.00267089828913748
0.00206890812805535
0.00165384718615729
0.00132760421461737
0.00105733292230416
0.000876798620295717
0.000773051699275397
0.0209490942014436
0.0191558970756306
0.0170602457350685
0.0146533480981723
0.0124915874592727
0.0107660791250968
0.0091580840721837
0.00767865596056283
0.00639258049157303
0.00519273960672952
0.00406502460734269
0.00307239004074998
0.0022304119777932
0.0013877767472836
0.000544030465094187
-0.000200017576997172
-0.000817792608759376
-0.00134166138162229
-0.00178063674114634
-0.00212844819432399
-0.00237914663143624
-0.00254300578045729
-0.00263790391434554
0.0211980504306551
0.0198121538073096
0.0182542437180892
0.0164663579563594
0.0146682789493272
0.0130833751545669
0.0117414895234052
0.0106078852251104
0.00967843062716675
0.00894301129677749
0.00838978463043185
0.00802184946143197
0.00780869699862526
0.00776475062238613
0.00789500047801333
0.00818443146956426
0.008628824484736
0.00923400249153182
0.0100036778364428
0.0109238618829494
0.0119994317330467
0.0132233031479416
0.0145521569582321
0.0160441545173362
0.0179424365202685
0.0200891841728784
0.0222653088607969
0.0243983662368921
0.0263475005787461
0.0280844536099452
0.0296070481578964
0.0308138056090697
0.0317794144239068
0.0323792159848617
0.032711327500132
0.0129213890488583
0.0114837081092501
0.00978881514687621
0.0135005355607711
0.0129682004270622
0.0126969976442947
0.00817244998642937
0.00663786705666267
0.00529344771871041
0.00414783049718473
0.00329694456697627
0.00259313860491016
0.00206620506703426
0.00172124146844026
0.00154905995684528
0.00905154949155206
0.0086548225689185
0.00855384003294599
0.00876282068889044
0.0105653543868371
0.0124536457746624
0.014716435763368
0.0172762058387942
0.0199766755679543
0.0228896859328952
0.025883363895859
0.028866934495904
0.0317808147213407
0.0345513318080953
0.0371461367069188
0.0394830076440624
0.0414659712544439
0.0429983350822139
0.0440609452500234
0.0447079701729173
0.0448133979741079
0.044209177135226
0.0427341308822943
0.0402554982005831
0.0369560220355669
0.033283755433845
0.0296977456339242
0.0267533174006103
0.0247327492576191
0.0236694770252669
0.00738521233151923
0.00635558629062614
0.00561274418559838
0.00489371946952736
0.00456768650103551
0.0043385142430938
0.0154225312762783
0.0152752771661198
0.0156985012918227
0.0167507901441117
0.0183951275534416
0.0205621305269235
0.0231459245513719
0.0260342612701709
0.0291674700651266
0.0323968176556072
0.035419031760932
0.0380424524875897
0.0403164695296254
0.0420588668064043
0.0429454529298027
0.0427674591047546
0.0412038771545944
0.0379172359531321
0.0330137396311938
0.0274049080743879
0.022105094427385
0.017582064657607
0.0139127913224326
0.011026600686589
0.00880686753455151
0.00714923526566549
0.00597689979971139
0.00523371572630015
0.00486238671978813
0.0153528933070371
0.0151893915932996
0.0154767209627525
0.0162369590995007
0.0174510358750431
0.0189415769237879
0.020677437589829
0.0228714497992156
0.025413704508217
0.0279405337706076
0.0303413448262523
0.0328029140126992
0.0353855275419304
0.03812490233755
0.040475920461009
0.0421286618675
0.0429732122601149
0.0428126713691491
0.0413945259434427
0.0383149577871666
0.0338683896306028
0.0279042239857134
0.0238146816155908
0.0198535506476176
0.0156776917794756
0.0124809820408252
0.00987927111166526
0.00775329401345019
0.00622677779427457
0.00511932441668311
0.00440813229231302
0.00404351876043036
0.0291218850841113
0.029564858652522
0.0301937606211874
0.0308631430522496
0.031534936350895
0.0280724108771792
0.0259561566249402
0.0228665076443708
0.0203517875436527
0.0178714183856751
0.0154525883865488
0.0135644413458445
0.0118461743791402
0.0100925215923132
0.00830610772040185
0.00686826699174837
0.00557747246690465
0.00442410739029857
0.00339568720267721
0.00249405916670388
0.00171407682697945
0.00103142285422834
0.000479022273535452
-0.00015026655941694
-0.000695808827769158
-0.00111074198250862
-0.00145713892570026
-0.00173745006449179
-0.00193753735180561
-0.00206116779266136
-0.00213030939049322
0.0314656497190693
0.031001681697028
0.0298093022466911
0.0324309128154498
0.0335820941527484
0.034869580896667
0.0362865159023026
0.0282927496305557
0.0269437580694333
0.0257505201291252
0.0302470541624385
0.0298158505215305
0.028584787010195
0.0270982846770571
0.0245653408175632
0.0251076447212832
0.0231238960219099
0.0200593308405162
0.0167407298583305
0.0242985969986997
0.0227094351430158
0.0209327317867654
0.0149893612882454
0.0131145876794396
0.011239565578309
0.00969591010377436
0.00821985766852941
0.00685099847061722
0.00567120931709215
0.00453984980836877
0.00349802028940119
0.00255470810784689
0.00169991551897479
0.000812630941062302
0.0150938690346148
0.0134758272004927
0.0118643341091461
0.0107451993714435
0.00940848881448707
0.0084484903310561
0.00737343666683006
0.00638467425280891
0.00559047424596552
0.00486490542590769
0.00418194556924251
0.0035483194831821
0.00301522713841242
0.00253871085913882
0.00203313677597474
0.00160112485320566
0.00117498119962164
0.000825241595791322
0.000507843173837581
0.000232597762283389
1.60092075226773e-05
-0.000162253005995957
-0.000299190676423669
-0.000382423695802505
-0.000424178725080149
0.000566071637176602
0.00035910018549963
0.000193790684122284
7.97361354329702e-05
-1.84356038409747e-05
-7.66602128093642e-05
-0.00010835853080516
0.000267336818529834
-0.000231336226095362
-0.000699067527022036
-0.00110737296899919
-0.0014852339822399
-0.00184150288384206
-0.00216841791802193
-0.00246831713689173
-0.00273741502059386
-0.0029751541700584
-0.00319338664895176
-0.00338905202638134
-0.00355595943730559
-0.00368909704068339
-0.00379030012409973
-0.00386813139142185
-0.00392133838625853
-0.00394807650097479
0.0200112939137432
0.0188820205664442
0.0175260382090846
0.0159933559649916
0.0144542242047652
0.0130206254071825
0.0116897374870647
0.0104557638305733
0.00931148911271416
0.00824913052668173
0.00726087291179833
0.00633861435506115
0.00547500690170599
0.00462229937201022
0.0201792451689723
0.0193597138134021
0.0185109507358129
0.0176626181093306
0.0169193681616737
0.0162052011466002
0.0155324207457408
0.0149253828283127
0.0143710431093658
0.0138208630426363
0.0132694681329118
0.0127687975150713
0.0123582397257983
0.0120257512298162
0.0117759157194681
0.0115802847502791
0.0114554597291743
0.0113858638498483
0.00407551871865842
0.00358672201691451
0.00314189934049249
0.00266808654054967
0.00225045788341268
0.00189338758293663
0.00147459481752916
0.000990010055730392
0.000538734130373493
0.000158763089880177
-0.000158271514382595
-0.000431434323274259
-0.00067650424430011
-0.000887322211672556
-0.00105376880587267
-0.0011700358609982
-0.00124675910604801
-0.00128946577460408
0.0042270949741379
0.00388646176961782
0.00359131828806745
0.00333167315459211
0.00309773022286875
0.00288365358628044
0.00269526799910327
0.00254315970039379
0.00243013971526995
0.00235546558100327
0.00231717345355525
0.0224738303818565
0.0200462228088375
0.0174387635792454
0.0151135210106713
0.0130775419066759
0.0112188734464507
0.0095931913350536
0.00803421664910204
0.00664663987963105
0.00538764189873369
0.00416480313887313
0.0233526499721477
0.0217981773381575
0.0203683562400737
0.0188279037535722
0.0176139870279785
0.0163136243165955
0.0152823571277283
0.0144451581557204
0.01369622035363
0.0132810710074369
0.0128894889368003
0.0126469196356297
0.0125262981666488
0.00367214626134768
0.00327553530122029
0.00295073726882288
0.00264832120976012
0.00241609569112465
0.00222596915905521
0.00209470325710766
0.00199836834627154
0.00194252861742949
0.00342229919376771
0.00274261772860762
0.00211923563543225
0.00154433400656681
0.00101176912055669
0.000522584485749616
7.45592711298178e-05
-0.000342127336544091
-0.000720167909183753
-0.00105978194845464
-0.00137807512243788
-0.00166038113214994
-0.00190951215909021
-0.00213321727373538
-0.00233288112937724
-0.00251702245177291
-0.00268291888763224
-0.00282149607614593
-0.00292571339517284
-0.00300521842211925
-0.00305943216656834
-0.00308647307085174
0.0370251296140582
0.0379959571583346
0.0391142693493039
0.0402436414185739
0.0413030504292107
0.0422363094085659
0.0429854384174703
0.0433008411411068
0.043181128068123
0.0425051913966944
0.0407834372322044
0.0382518706736956
0.0346049175291384
0.0298961834449004
0.0251295947257616
0.020282152901475
0.0369234734166783
0.0377081982444283
0.0385851812979528
0.0394959319198604
0.0404080133620677
0.0412677122435611
0.0419840663189203
0.042371761271801
0.0421435939595446
0.0410547068641693
0.0390457476058136
0.0363081061425154
0.0329074924210645
0.0280743472076379
0.0174222365010062
0.0144170041577643
0.0118849972723472
0.00987069698837985
0.008063164338816
0.00664538245703081
0.00547737925147915
0.00434108862067897
0.00352888581094048
0.0028516407650929
0.00231972139655428
0.00188501985595006
0.001553246224233
0.00131403434617272
0.00115563870480286
0.00107401792979572
0.0174825411594668
0.0150053898632827
0.0127134186359384
0.0108709230405164
0.00942399893840033
0.00807497009035958
0.00698786292233833
0.00615800967363568
0.00551688392073477
0.00499414205742829
0.00455611684402791
0.0042014678416882
0.00394429059379916
0.0038047764717165
0.0248990593884251
0.0220693949792585
0.0195030991643593
0.0170953143269435
0.014975266084003
0.0131062278017119
0.0115450084864864
0.0101766739924555
0.00891365003021137
0.00779697344730305
0.00685687055006507
0.00605605504517997
0.00533239265609382
0.00463863162541756
0.0259206021855562
0.0235319504413873
0.0214298201887597
0.0193121976713911
0.0169057347495525
0.0147470171817729
0.0130741684284579
0.011510073848624
0.0101392349206145
0.00898052736170399
0.00798835225738868
0.00720952120673716
0.00649199337452384
0.0058619549242647
0.00530647898515936
0.00483646303998882
0.00441608258145076
0.00401530887271322
0.0036499938723262
0.00331171351130526
0.00298859655407233
0.00267418499766882
0.00236500406309355
0.00206156384261186
0.00176136360668405
0.00145294921241661
0.00114087531590272
0.000833969520607609
0.000516834994284777
0.000193070777933359
-0.000159894614557199
0.00419277451492087
0.00375644594690158
0.00332550448628657
0.00289905533238665
0.00248295824722232
0.00211445579256065
0.00181279500609186
0.00152415230754076
0.00123647300917892
0.000974116038415095
0.000722316700858753
0.000487815963099688
0.000254950274260014
9.21520856556103e-06
-0.000221641055118626
-0.000435109360174866
-0.00066539616833875
-0.000901673447380179
-0.00112987685670909
-0.00134358347502862
-0.00155196634026414
-0.0017687860821806
-0.00198605767455073
-0.00219476227617047
-0.00240043216852501
-0.00261529317557795
0.00440022090788801
0.00423410748921191
0.00412749130709951
-0.00288368422835787
-0.00321496057221799
-0.0035943835949572
-0.00397906803676064
-0.00434352496822738
-0.0046992281645142
-0.00262995692136841
-0.00264316859272657
-0.00265028175321204
-0.00265436410068286
-0.00493461957119426
-0.00510884217487354
-0.00522141317376164
-0.00527960277156785
-0.00483109158103297
-0.00491511443496388
-0.00495467279240169
-0.00041148265007417
-0.000666753794037681
-0.000910335102292528
-0.00116005367067397
-0.00142978493749654
-0.00170845847443059
-0.000293994098441438
-0.000432462896635829
-0.000583767283060605
-0.000749455738923685
-0.000932782452414589
-0.00111911710095398
-0.00133864019483903
-0.00156458318023396
-0.00180949375992715
-0.00206959971488255
-0.0023347475775837
-0.00261292326154387
-0.00289107686978745
-0.00317707754834106
-0.0034588976271795
-0.00372443773175956
-0.00399576452488446
-0.00194747351391407
-0.00215596177394592
-0.00237565257513142
-0.00258779675404822
-0.00281322844222067
-0.00303773007703809
-0.00326112758577898
-0.00348115127000157
-0.00369677710326367
-0.00390143178960206
-0.00409934624511937
-0.00428884594082095
-0.00446387940407629
-0.00461784891852034
-0.00474737271729739
-0.00485172504286157
-0.00493036997196278
-0.00498274970224104
-0.00500975492586392
-0.00174960716551089
-0.0017852865059169
-0.00181877802573544
-0.00184475334179061
-0.00186229400287001
-0.00187157884371878
-0.00424019578357326
-0.00449204131876019
-0.0047180923251478
-0.00489770678765113
-0.00504195228839575
-0.00513797905747611
-0.00518830060597354
-0.0041077504761395
-0.00420551944329554
-0.004274014826898
-0.00430819291791974
