4.45597204162261e-05
4.45597204162261e-05
4.45597204162261e-05
4.45597204162261e-05
4.45597204162261e-05
4.45597204162262e-05
4.45597204162262e-05
4.45597204162261e-05
4.45597204162261e-05
4.45597204162262e-05
4.45597204162262e-05
4.45597204162263e-05
4.45597204162263e-05
4.45597204162263e-05
4.45597204162264e-05
4.45597204162261e-05
4.4559720416226e-05
4.4559720416226e-05
4.4559720416226e-05
4.4559720416226e-05
4.4559720416226e-05
4.4559720416226e-05
4.4559720416226e-05
4.4559720416226e-05
4.4559720416226e-05
4.45597204162261e-05
4.45597204162261e-05
4.45597204162262e-05
4.45597204162262e-05
4.45597204162263e-05
4.45597204162263e-05
4.45597204162263e-05
4.45597204162261e-05
4.45597204162261e-05
4.45597204162261e-05
4.45597204162261e-05
4.4559720416226e-05
4.4559720416226e-05
4.4559720416226e-05
4.4559720416226e-05
4.45597204162262e-05
4.45597204162262e-05
4.45597204162263e-05
4.45597204162264e-05
4.45597204162264e-05
4.45597204162261e-05
4.45597204162262e-05
4.45597204162262e-05
4.45597204162265e-05
4.45597204162265e-05
4.45597204162265e-05
4.45597204162265e-05
4.45597204162266e-05
4.45597204162266e-05
4.45597204162266e-05
4.45597204162267e-05
4.45597204162267e-05
4.45597204162267e-05
4.45597204162266e-05
4.45597204162267e-05
4.45597204162267e-05
4.45597204162267e-05
4.45597204162267e-05
4.45597204162267e-05
4.45597204162267e-05
4.45597204162267e-05
4.45597204162267e-05
4.45597204162267e-05
4.45597204162267e-05
4.45597204162267e-05
4.45597204162267e-05
4.45597204162267e-05
4.45597204162266e-05
4.45597204162266e-05
4.45597204162266e-05
4.45597204162266e-05
4.45597204162267e-05
4.45597204162267e-05
4.45597204162267e-05
4.45597204162267e-05
4.45597204162267e-05
4.45597204162267e-05
4.45597204162265e-05
4.45597204162266e-05
4.45597204162266e-05
4.45597204162267e-05
4.45597204162267e-05
4.45597204162267e-05
4.45597204162267e-05
4.45597204162267e-05
4.45597204162267e-05
4.45597204162267e-05
4.45597204162267e-05
4.45597204162262e-05
4.45597204162263e-05
4.45597204162264e-05
4.45597204162262e-05
4.45597204162263e-05
4.45597204162263e-05
4.45597204162264e-05
4.45597204162265e-05
4.45597204162265e-05
4.45597204162264e-05
4.45597204162264e-05
4.45597204162265e-05
4.45597204162265e-05
4.45597204162265e-05
4.45597204162265e-05
4.45597204162265e-05
4.45597204162265e-05
4.45597204162265e-05
4.45597204162265e-05
4.45597204162265e-05
4.45597204162266e-05
4.45597204162266e-05
4.45597204162266e-05
4.45597204162266e-05
4.45597204162266e-05
4.45597204162265e-05
4.45597204162265e-05
4.45597204162266e-05
4.45597204162267e-05
4.45597204162267e-05
4.45597204162268e-05
4.45597204162265e-05
4.45597204162266e-05
4.45597204162266e-05
4.45597204162269e-05
4.45597204162269e-05
4.4559720416227e-05
4.45597204162271e-05
4.45597204162271e-05
4.45597204162272e-05
4.45597204162272e-05
4.45597204162272e-05
4.45597204162272e-05
4.45597204162272e-05
4.45597204162271e-05
4.45597204162271e-05
4.45597204162271e-05
4.45597204162271e-05
4.4559720416227e-05
4.4559720416227e-05
4.4559720416227e-05
4.4559720416227e-05
4.4559720416227e-05
4.4559720416227e-05
4.45597204162269e-05
4.45597204162269e-05
4.45597204162269e-05
4.4559720416227e-05
4.4559720416227e-05
4.4559720416227e-05
4.45597204162271e-05
4.45597204162271e-05
4.45597204162272e-05
4.45597204162272e-05
4.45597204162272e-05
4.45597204162272e-05
4.45597204162272e-05
4.45597204162272e-05
4.45597204162268e-05
4.45597204162269e-05
4.45597204162269e-05
4.45597204162269e-05
4.45597204162269e-05
4.45597204162269e-05
4.45597204162269e-05
4.4559720416227e-05
4.4559720416227e-05
4.4559720416227e-05
4.45597204162271e-05
4.45597204162271e-05
4.45597204162271e-05
4.45597204162271e-05
4.45597204162271e-05
4.45597204162271e-05
4.45597204162271e-05
4.45597204162271e-05
4.45597204162271e-05
4.45597204162271e-05
4.45597204162271e-05
4.45597204162271e-05
4.45597204162271e-05
4.45597204162266e-05
4.45597204162266e-05
4.45597204162266e-05
4.45597204162266e-05
4.45597204162266e-05
4.45597204162267e-05
4.45597204162267e-05
4.45597204162267e-05
4.45597204162267e-05
4.45597204162268e-05
4.45597204162268e-05
4.45597204162268e-05
4.45597204162268e-05
4.45597204162267e-05
4.45597204162267e-05
4.45597204162268e-05
4.45597204162268e-05
4.45597204162268e-05
4.45597204162269e-05
4.45597204162269e-05
4.45597204162269e-05
4.45597204162269e-05
4.45597204162269e-05
4.45597204162269e-05
4.45597204162269e-05
4.45597204162268e-05
4.45597204162268e-05
4.45597204162268e-05
4.45597204162268e-05
4.45597204162268e-05
4.45597204162268e-05
4.45597204162268e-05
4.45597204162268e-05
4.45597204162268e-05
4.45597204162268e-05
4.45597204162268e-05
4.45597204162269e-05
4.45597204162269e-05
4.45597204162269e-05
4.45597204162269e-05
4.4559720416227e-05
4.4559720416227e-05
4.4559720416227e-05
4.4559720416227e-05
4.4559720416227e-05
4.4559720416227e-05
4.4559720416227e-05
4.4559720416227e-05
4.4559720416227e-05
4.4559720416227e-05
4.45597204162263e-05
4.45597204162263e-05
4.45597204162263e-05
4.45597204162263e-05
4.45597204162263e-05
4.45597204162263e-05
4.45597204162263e-05
4.45597204162263e-05
4.45597204162263e-05
4.45597204162264e-05
4.45597204162264e-05
4.45597204162264e-05
4.45597204162265e-05
4.45597204162265e-05
4.45597204162265e-05
4.45597204162265e-05
4.45597204162265e-05
4.45597204162265e-05
4.45597204162265e-05
4.45597204162265e-05
4.45597204162265e-05
4.45597204162265e-05
4.45597204162264e-05
4.45597204162264e-05
4.45597204162265e-05
4.45597204162265e-05
4.45597204162265e-05
4.45597204162265e-05
4.45597204162265e-05
4.45597204162264e-05
4.45597204162265e-05
4.45597204162265e-05
4.45597204162265e-05
4.45597204162265e-05
4.45597204162265e-05
4.45597204162265e-05
4.45597204162265e-05
4.45597204162266e-05
4.45597204162266e-05
4.45597204162266e-05
4.45597204162266e-05
4.45597204162266e-05
4.45597204162266e-05
4.45597204162266e-05
4.45597204162265e-05
4.45597204162265e-05
4.45597204162265e-05
4.45597204162265e-05
4.45597204162262e-05
4.45597204162263e-05
4.45597204162263e-05
4.45597204162263e-05
4.45597204162264e-05
4.45597204162264e-05
4.45597204162263e-05
4.45597204162263e-05
4.45597204162263e-05
4.45597204162263e-05
4.45597204162263e-05
4.45597204162263e-05
4.45597204162264e-05
4.45597204162264e-05
4.45597204162264e-05
4.45597204162265e-05
4.45597204162265e-05
4.45597204162265e-05
4.45597204162266e-05
4.45597204162266e-05
4.45597204162267e-05
4.45597204162267e-05
4.45597204162267e-05
4.45597204162268e-05
4.45597204162268e-05
4.45597204162269e-05
4.4559720416227e-05
4.4559720416227e-05
4.45597204162271e-05
4.45597204162271e-05
4.45597204162271e-05
4.45597204162271e-05
4.45597204162271e-05
4.45597204162271e-05
4.45597204162271e-05
4.45597204162271e-05
4.45597204162271e-05
4.45597204162271e-05
4.45597204162271e-05
4.45597204162271e-05
4.45597204162271e-05
4.45597204162271e-05
4.45597204162271e-05
4.45597204162263e-05
4.45597204162263e-05
4.45597204162264e-05
4.45597204162264e-05
4.45597204162264e-05
4.45597204162264e-05
4.45597204162265e-05
4.45597204162265e-05
4.45597204162265e-05
4.45597204162265e-05
4.45597204162265e-05
4.45597204162265e-05
4.45597204162265e-05
4.45597204162264e-05
4.45597204162264e-05
4.45597204162264e-05
4.45597204162265e-05
4.45597204162265e-05
4.45597204162265e-05
4.45597204162264e-05
4.45597204162263e-05
4.45597204162263e-05
4.45597204162263e-05
4.45597204162262e-05
4.45597204162262e-05
4.45597204162262e-05
4.45597204162261e-05
4.45597204162261e-05
4.45597204162261e-05
4.45597204162261e-05
4.45597204162261e-05
4.45597204162261e-05
4.45597204162262e-05
4.45597204162261e-05
4.45597204162261e-05
4.45597204162261e-05
4.45597204162261e-05
4.45597204162261e-05
4.45597204162262e-05
4.45597204162262e-05
4.45597204162262e-05
4.45597204162263e-05
4.45597204162263e-05
4.45597204162263e-05
4.45597204162263e-05
4.45597204162263e-05
4.45597204162266e-05
4.45597204162266e-05
4.45597204162266e-05
4.45597204162266e-05
4.45597204162267e-05
4.45597204162268e-05
4.45597204162269e-05
4.45597204162269e-05
4.45597204162269e-05
4.45597204162269e-05
4.4559720416227e-05
4.4559720416227e-05
4.4559720416227e-05
4.45597204162271e-05
4.45597204162271e-05
4.45597204162271e-05
4.45597204162272e-05
4.45597204162272e-05
4.45597204162273e-05
4.45597204162273e-05
4.45597204162273e-05
4.45597204162273e-05
4.45597204162273e-05
4.45597204162273e-05
4.45597204162266e-05
4.45597204162266e-05
4.45597204162266e-05
4.45597204162267e-05
4.45597204162267e-05
4.45597204162267e-05
4.45597204162267e-05
4.45597204162267e-05
4.45597204162267e-05
4.45597204162268e-05
4.45597204162268e-05
4.45597204162268e-05
4.45597204162264e-05
4.45597204162265e-05
4.45597204162265e-05
4.45597204162265e-05
4.45597204162265e-05
4.45597204162265e-05
4.45597204162265e-05
4.45597204162266e-05
4.45597204162266e-05
4.45597204162266e-05
4.45597204162266e-05
4.45597204162266e-05
4.45597204162266e-05
4.45597204162266e-05
4.45597204162267e-05
4.45597204162267e-05
4.45597204162267e-05
4.45597204162268e-05
4.45597204162268e-05
4.45597204162268e-05
4.45597204162268e-05
4.45597204162268e-05
4.45597204162268e-05
4.45597204162264e-05
4.45597204162264e-05
4.45597204162265e-05
4.45597204162265e-05
4.45597204162265e-05
4.45597204162265e-05
4.45597204162265e-05
4.45597204162265e-05
4.45597204162266e-05
4.45597204162266e-05
4.45597204162266e-05
4.45597204162266e-05
4.45597204162266e-05
4.45597204162266e-05
4.45597204162266e-05
4.45597204162266e-05
4.45597204162266e-05
4.45597204162266e-05
4.45597204162266e-05
4.45597204162267e-05
4.45597204162267e-05
4.45597204162267e-05
4.45597204162267e-05
4.45597204162267e-05
4.45597204162268e-05
4.45597204162268e-05
4.45597204162268e-05
4.45597204162268e-05
4.45597204162268e-05
4.45597204162268e-05
4.45597204162268e-05
4.45597204162268e-05
4.45597204162268e-05
4.45597204162268e-05
4.45597204162268e-05
4.45597204162264e-05
4.45597204162264e-05
4.45597204162264e-05
4.45597204162264e-05
4.45597204162264e-05
4.45597204162264e-05
4.45597204162263e-05
4.45597204162263e-05
4.45597204162263e-05
4.45597204162263e-05
4.45597204162263e-05
4.45597204162263e-05
4.45597204162262e-05
4.45597204162262e-05
4.45597204162262e-05
4.45597204162264e-05
4.45597204162263e-05
4.45597204162263e-05
4.45597204162263e-05
4.45597204162263e-05
4.45597204162263e-05
4.45597204162263e-05
4.45597204162263e-05
4.45597204162263e-05
4.45597204162263e-05
4.45597204162263e-05
4.45597204162263e-05
4.45597204162262e-05
4.45597204162262e-05
4.45597204162262e-05
4.45597204162262e-05
4.45597204162263e-05
4.45597204162263e-05
4.45597204162263e-05
4.45597204162264e-05
4.45597204162264e-05
4.45597204162264e-05
4.45597204162264e-05
4.45597204162264e-05
4.45597204162264e-05
4.45597204162264e-05
4.45597204162263e-05
4.45597204162263e-05
4.45597204162263e-05
4.45597204162263e-05
4.45597204162263e-05
4.45597204162262e-05
4.45597204162262e-05
4.45597204162262e-05
4.45597204162262e-05
4.45597204162262e-05
4.45597204162263e-05
4.45597204162263e-05
4.45597204162263e-05
4.45597204162263e-05
4.45597204162263e-05
4.45597204162263e-05
4.45597204162263e-05
4.45597204162263e-05
4.45597204162263e-05
4.45597204162263e-05
4.45597204162263e-05
4.45597204162263e-05
4.45597204162263e-05
4.45597204162263e-05
4.45597204162263e-05
4.45597204162263e-05
4.45597204162264e-05
4.45597204162264e-05
4.45597204162264e-05
4.45597204162264e-05
4.45597204162264e-05
4.45597204162264e-05
4.45597204162264e-05
4.45597204162264e-05
4.45597204162264e-05
4.45597204162264e-05
4.45597204162264e-05
4.45597204162264e-05
4.45597204162265e-05
4.45597204162263e-05
4.45597204162263e-05
4.45597204162263e-05
4.45597204162263e-05
4.45597204162263e-05
4.45597204162263e-05
4.45597204162263e-05
4.45597204162264e-05
4.45597204162264e-05
4.45597204162264e-05
4.45597204162264e-05
4.45597204162264e-05
4.45597204162264e-05
4.45597204162264e-05
4.45597204162264e-05
4.45597204162263e-05
4.45597204162263e-05
4.45597204162263e-05
4.45597204162263e-05
4.45597204162263e-05
4.45597204162263e-05
4.45597204162263e-05
4.45597204162263e-05
4.45597204162263e-05
4.45597204162263e-05
4.45597204162263e-05
4.45597204162264e-05
4.45597204162264e-05
4.45597204162264e-05
4.45597204162264e-05
4.45597204162264e-05
4.45597204162264e-05
4.4559720416226e-05
4.4559720416226e-05
4.4559720416226e-05
4.4559720416226e-05
4.45597204162259e-05
4.4559720416226e-05
4.4559720416226e-05
4.4559720416226e-05
4.45597204162259e-05
4.45597204162259e-05
4.45597204162259e-05
4.45597204162259e-05
4.45597204162259e-05
4.45597204162258e-05
4.45597204162258e-05
4.45597204162258e-05
4.45597204162258e-05
4.45597204162258e-05
4.45597204162258e-05
4.45597204162258e-05
4.45597204162259e-05
4.45597204162259e-05
4.45597204162259e-05
4.4559720416226e-05
4.4559720416226e-05
4.4559720416226e-05
4.4559720416226e-05
4.4559720416226e-05
4.45597204162261e-05
4.45597204162261e-05
4.45597204162261e-05
4.45597204162259e-05
4.45597204162259e-05
4.45597204162259e-05
4.4559720416226e-05
4.4559720416226e-05
4.45597204162261e-05
4.45597204162262e-05
4.45597204162259e-05
4.45597204162258e-05
4.45597204162258e-05
4.4559720416226e-05
4.45597204162262e-05
4.45597204162263e-05
4.45597204162264e-05
4.45597204162265e-05
4.45597204162258e-05
4.45597204162258e-05
4.45597204162259e-05
4.4559720416226e-05
4.45597204162257e-05
4.45597204162256e-05
4.45597204162255e-05
4.45597204162261e-05
4.45597204162261e-05
4.45597204162262e-05
4.45597204162263e-05
4.45597204162264e-05
4.45597204162264e-05
4.45597204162265e-05
4.45597204162265e-05
4.45597204162265e-05
4.45597204162266e-05
4.45597204162267e-05
4.45597204162267e-05
4.4559720416226e-05
4.45597204162261e-05
4.45597204162261e-05
4.45597204162262e-05
4.45597204162262e-05
4.45597204162262e-05
4.45597204162262e-05
4.45597204162263e-05
4.45597204162263e-05
4.45597204162263e-05
4.45597204162264e-05
4.45597204162264e-05
4.45597204162264e-05
4.45597204162265e-05
4.45597204162265e-05
4.45597204162266e-05
4.45597204162266e-05
4.45597204162266e-05
4.45597204162267e-05
4.45597204162267e-05
4.45597204162267e-05
4.45597204162267e-05
4.45597204162267e-05
4.45597204162267e-05
4.45597204162267e-05
4.45597204162268e-05
4.45597204162268e-05
4.45597204162268e-05
4.45597204162268e-05
4.45597204162268e-05
4.45597204162268e-05
4.45597204162268e-05
4.45597204162268e-05
4.45597204162268e-05
4.45597204162268e-05
4.45597204162268e-05
4.45597204162268e-05
4.45597204162268e-05
4.45597204162268e-05
4.45597204162268e-05
4.45597204162268e-05
4.45597204162268e-05
4.45597204162268e-05
4.45597204162268e-05
4.45597204162268e-05
4.45597204162268e-05
4.45597204162268e-05
4.45597204162268e-05
4.45597204162268e-05
4.45597204162268e-05
4.45597204162255e-05
4.45597204162255e-05
4.45597204162255e-05
4.45597204162255e-05
4.45597204162256e-05
4.45597204162256e-05
4.45597204162256e-05
4.45597204162257e-05
4.45597204162257e-05
4.45597204162257e-05
4.45597204162257e-05
4.45597204162257e-05
4.45597204162258e-05
4.45597204162258e-05
4.45597204162255e-05
4.45597204162255e-05
4.45597204162255e-05
4.45597204162254e-05
4.45597204162254e-05
4.45597204162254e-05
4.45597204162254e-05
4.45597204162254e-05
4.45597204162253e-05
4.45597204162253e-05
4.45597204162253e-05
4.45597204162253e-05
4.45597204162253e-05
4.45597204162253e-05
4.45597204162253e-05
4.45597204162253e-05
4.45597204162253e-05
4.45597204162253e-05
4.45597204162258e-05
4.45597204162258e-05
4.45597204162258e-05
4.45597204162258e-05
4.45597204162259e-05
4.45597204162259e-05
4.45597204162259e-05
4.4559720416226e-05
4.4559720416226e-05
4.45597204162261e-05
4.45597204162261e-05
4.45597204162261e-05
4.45597204162261e-05
4.45597204162261e-05
4.45597204162261e-05
4.45597204162261e-05
4.45597204162261e-05
4.45597204162261e-05
4.45597204162258e-05
4.45597204162258e-05
4.45597204162258e-05
4.45597204162258e-05
4.45597204162259e-05
4.45597204162259e-05
4.45597204162259e-05
4.45597204162259e-05
4.4559720416226e-05
4.4559720416226e-05
4.4559720416226e-05
4.45597204162266e-05
4.45597204162267e-05
4.45597204162268e-05
4.45597204162269e-05
4.4559720416227e-05
4.4559720416227e-05
4.45597204162271e-05
4.45597204162271e-05
4.45597204162272e-05
4.45597204162272e-05
4.45597204162273e-05
4.45597204162265e-05
4.45597204162266e-05
4.45597204162266e-05
4.45597204162266e-05
4.45597204162267e-05
4.45597204162267e-05
4.45597204162267e-05
4.45597204162268e-05
4.45597204162268e-05
4.45597204162268e-05
4.45597204162269e-05
4.45597204162269e-05
4.45597204162269e-05
4.45597204162273e-05
4.45597204162274e-05
4.45597204162274e-05
4.45597204162274e-05
4.45597204162275e-05
4.45597204162275e-05
4.45597204162275e-05
4.45597204162275e-05
4.45597204162275e-05
4.45597204162273e-05
4.45597204162273e-05
4.45597204162273e-05
4.45597204162273e-05
4.45597204162273e-05
4.45597204162273e-05
4.45597204162273e-05
4.45597204162273e-05
4.45597204162274e-05
4.45597204162273e-05
4.45597204162273e-05
4.45597204162273e-05
4.45597204162273e-05
4.45597204162273e-05
4.45597204162274e-05
4.45597204162275e-05
4.45597204162275e-05
4.45597204162276e-05
4.45597204162276e-05
4.45597204162276e-05
4.45597204162276e-05
4.45597204162276e-05
4.45597204162263e-05
4.45597204162263e-05
4.45597204162264e-05
4.45597204162264e-05
4.45597204162265e-05
4.45597204162265e-05
4.45597204162266e-05
4.45597204162266e-05
4.45597204162267e-05
4.45597204162267e-05
4.45597204162267e-05
4.45597204162267e-05
4.45597204162268e-05
4.45597204162268e-05
4.45597204162269e-05
4.45597204162269e-05
4.45597204162263e-05
4.45597204162263e-05
4.45597204162264e-05
4.45597204162265e-05
4.45597204162265e-05
4.45597204162266e-05
4.45597204162266e-05
4.45597204162267e-05
4.45597204162267e-05
4.45597204162267e-05
4.45597204162267e-05
4.45597204162268e-05
4.45597204162268e-05
4.45597204162268e-05
4.45597204162269e-05
4.4559720416227e-05
4.4559720416227e-05
4.4559720416227e-05
4.4559720416227e-05
4.4559720416227e-05
4.4559720416227e-05
4.4559720416227e-05
4.4559720416227e-05
4.4559720416227e-05
4.45597204162271e-05
4.45597204162271e-05
4.45597204162271e-05
4.45597204162271e-05
4.45597204162271e-05
4.45597204162271e-05
4.45597204162269e-05
4.45597204162269e-05
4.45597204162269e-05
4.45597204162269e-05
4.45597204162269e-05
4.45597204162269e-05
4.45597204162269e-05
4.45597204162269e-05
4.45597204162269e-05
4.45597204162269e-05
4.45597204162269e-05
4.45597204162269e-05
4.45597204162269e-05
4.45597204162268e-05
4.45597204162268e-05
4.45597204162269e-05
4.45597204162269e-05
4.45597204162269e-05
4.4559720416227e-05
4.4559720416227e-05
4.45597204162271e-05
4.45597204162271e-05
4.45597204162271e-05
4.45597204162271e-05
4.45597204162271e-05
4.45597204162271e-05
4.45597204162271e-05
4.45597204162271e-05
4.45597204162268e-05
4.45597204162268e-05
4.45597204162268e-05
4.45597204162268e-05
4.45597204162269e-05
4.45597204162269e-05
4.45597204162269e-05
4.4559720416227e-05
4.4559720416227e-05
4.4559720416227e-05
4.4559720416227e-05
4.4559720416227e-05
4.4559720416227e-05
4.4559720416227e-05
4.45597204162271e-05
4.45597204162271e-05
4.45597204162271e-05
4.45597204162272e-05
4.45597204162272e-05
4.45597204162272e-05
4.45597204162273e-05
4.45597204162273e-05
4.45597204162273e-05
4.45597204162273e-05
4.45597204162273e-05
4.45597204162274e-05
4.45597204162274e-05
4.45597204162274e-05
4.45597204162275e-05
4.45597204162275e-05
4.45597204162275e-05
4.45597204162271e-05
4.45597204162271e-05
4.45597204162271e-05
4.45597204162271e-05
4.45597204162271e-05
4.45597204162271e-05
4.45597204162271e-05
4.45597204162271e-05
4.45597204162271e-05
4.45597204162271e-05
4.45597204162271e-05
4.4559720416227e-05
4.4559720416227e-05
4.4559720416227e-05
4.45597204162269e-05
4.45597204162269e-05
4.45597204162269e-05
4.45597204162269e-05
4.45597204162269e-05
4.45597204162269e-05
4.45597204162269e-05
4.45597204162269e-05
4.45597204162269e-05
4.45597204162268e-05
4.45597204162268e-05
4.45597204162267e-05
4.45597204162271e-05
4.45597204162271e-05
4.4559720416227e-05
4.45597204162267e-05
4.45597204162267e-05
4.45597204162267e-05
4.45597204162267e-05
4.45597204162267e-05
4.45597204162267e-05
4.45597204162267e-05
4.45597204162266e-05
4.45597204162266e-05
4.45597204162266e-05
4.45597204162266e-05
4.45597204162266e-05
4.45597204162266e-05
4.45597204162266e-05
4.45597204162267e-05
4.45597204162266e-05
4.45597204162266e-05
4.45597204162275e-05
4.45597204162275e-05
4.45597204162276e-05
4.45597204162276e-05
4.45597204162277e-05
4.45597204162277e-05
4.45597204162275e-05
4.45597204162275e-05
4.45597204162275e-05
4.45597204162275e-05
4.45597204162275e-05
4.45597204162274e-05
4.45597204162274e-05
4.45597204162274e-05
4.45597204162273e-05
4.45597204162273e-05
4.45597204162273e-05
4.45597204162273e-05
4.45597204162273e-05
4.45597204162273e-05
4.45597204162273e-05
4.45597204162273e-05
4.45597204162273e-05
4.45597204162279e-05
4.4559720416228e-05
4.45597204162281e-05
4.45597204162281e-05
4.45597204162282e-05
4.45597204162283e-05
4.45597204162283e-05
4.45597204162283e-05
4.45597204162284e-05
4.45597204162284e-05
4.45597204162284e-05
4.45597204162284e-05
4.45597204162284e-05
4.45597204162284e-05
4.45597204162284e-05
4.45597204162285e-05
4.45597204162284e-05
4.45597204162285e-05
4.45597204162285e-05
4.45597204162277e-05
4.45597204162276e-05
4.45597204162276e-05
4.45597204162276e-05
4.45597204162275e-05
4.45597204162275e-05
4.45597204162272e-05
4.45597204162272e-05
4.45597204162272e-05
4.45597204162272e-05
4.45597204162272e-05
4.45597204162272e-05
4.45597204162272e-05
4.45597204162273e-05
4.45597204162273e-05
4.45597204162273e-05
4.45597204162273e-05
