0.05
0.0370931809764971
0.0347653354433107
0.0311284609351523
0.0351536177853637
0.0325138922724206
0.0294885212528369
0.0369841634226317
0.0340769046104213
0.0288471747811834
0.0250843224030489
0.0221051647832395
0.0199474888294491
0.0172373363887316
0.0142422153808739
0.0372050722323725
0.0341532066624562
0.0319461526960097
0.0317600805193521
0.0315393160128694
0.0313241381832216
0.0311840335527921
0.0309999936606314
0.0306315144274817
0.0297050942695636
0.027411456442165
0.0240525699565443
0.0206904439734037
0.0175645650533486
0.0147267036030756
0.0121642492574571
0.00972712065312232
0.036905925193936
0.0351621410246679
0.0328730665491603
0.0310482102531486
0.0295852706939952
0.0285038436843217
0.0277065265121408
0.0269943433392573
0.0275586562735835
0.0242085296696877
0.0205855567931013
0.0174033071533089
0.014046246964334
0.0298527068582938
0.0289879554826049
0.028369615930698
0.0136281740881851
0.0134912049391945
0.0136825674387145
0.0141496926367983
0.0149362409949561
0.0160701040255337
0.017400402853041
0.0190129253308865
0.0209530762262677
0.0230031027015157
0.0252156477641858
0.0274938332938366
0.0298498244551674
0.0321133051692658
0.0342230264795597
0.0362847484137092
0.0381785338199784
0.0399403726856829
0.0415580248709771
0.042895535369978
0.0437876159938492
0.0441495861941128
0.0439107313923561
0.0430681000898861
0.0412067557756821
0.037925465720532
0.0337367829462716
0.0291012858098671
0.0248853335283539
0.021264646993041
0.018416135761877
0.0163681175766514
0.0150490802922702
0.0143837242762964
0.0116970937337203
0.010090436502573
0.00856792841557035
0.00714963203407277
0.00598582925327333
0.00503693813274541
0.00419879138754049
0.00361581169425496
0.00317778513912661
0.0028629840682189
0.00270013989318033
0.0276880222463009
0.027023274717941
0.0263526556922501
0.02906484311235
0.0306167029658463
0.0326807310076451
0.0262333595625704
0.026120823456037
0.0260152388899885
0.0258114261780268
0.0254499907288918
0.0255991962962796
0.0261299726245315
0.0269154809131586
0.0280837410454021
0.0295585961071252
0.0309371205544741
0.0322603094190924
0.0336662626971009
0.034958750256017
0.0361446182232608
0.0371221273028279
0.0378342336126605
0.0382913413578002
0.0385483779291043
0.026817556632928
0.0287389445572016
0.0317020250809226
0.0349869855500354
0.0378647384414275
0.0403183524091169
0.0257576965186833
0.0255564121392836
0.0253880403422875
0.0411305661450063
0.0409773334509527
0.039548639350963
0.0366914434795871
0.0323774492134682
0.0274897232654943
0.0230573250587317
0.0192106612263235
0.0158943880335913
0.013141668835009
0.0109417011961116
0.00921751875897286
0.00785015444930995
0.00672324601375615
0.00576879430765421
0.00494528838836317
0.00422486438610551
0.00357988343960163
0.00297724330362056
0.00242693183992945
0.00187716192995305
0.00135187670135161
0.000843038582455171
0.000318383315136184
-7.17199990693542e-05
-0.000552807167731088
-0.00096978445954337
-0.00135948308686973
-0.00169927154314232
-0.00197198500117671
-0.00219924246133773
-0.00237649471572408
-0.00247633305957489
-0.00254632687515279
0.0410802393297107
0.0407963341173538
0.0392231668059977
0.0356431548187737
0.0304567034759618
0.0248178669443465
0.0199276350593638
0.0155549811687796
0.0120569764886336
0.00920178810715398
0.00689965829296821
0.00500252834267461
0.00342045612290843
0.00212149629696378
0.00105939951916946
0.000133398134862215
-0.000632393367446838
-0.00124322991584609
-0.00173808335076833
-0.00214162375875405
-0.00245427877295653
-0.0026675652850001
-0.0027785980423659
0.0246451482517155
0.0241930355409133
0.023997261493625
0.024003100082605
0.0241551345762743
0.0244133541943594
0.0247487990065487
0.0251177171435553
0.0254786363976295
0.0258063208785692
0.0260775308061617
0.0262706195556063
0.0263741080421302
0.0258648444693879
0.0266468104303366
0.0276923455711494
0.0288997177966849
0.0302656065123746
0.031735153094153
0.0332006539494676
0.0347015951561649
0.0364435275075924
0.0383215860207407
0.0400883573314473
0.0414865310297039
0.0423965870301939
0.0427507878020823
0.0424302520359386
0.0413557156797988
0.0395448522073628
0.0371715150861435
0.0341883549432148
0.0295858492691273
0.0240132159043493
0.0194786541839709
0.0151610694171798
0.0119095946682588
0.009221355482682
0.00689780468385384
0.00494524396361217
0.00338093192447215
0.00218345330755079
0.00127931214771266
0.000562137636591473
-2.59096985898184e-05
-0.000462021577145021
-0.000818081068146791
-0.00111499949135952
-0.0013064535388712
-0.00140555987883901
0.0337665919015268
0.0349233355689517
0.0361193992063381
0.0374419923035049
0.0386739926982346
0.0400571233896412
0.0412969041690889
0.0423363403025473
0.0433603055029494
0.0441820485924063
0.0446599607073126
0.045149034576591
0.0452663650029324
0.0451064489471084
0.0444419557464218
0.0434375696291593
0.042475283630406
0.0411542894754841
0.0396942764013966
0.0383866505424438
0.0373511339761708
0.0368135108338484
0.0334778399933501
0.034411455839189
0.0354619163501851
0.0366012468570362
0.0377464050780587
0.0388614630167432
0.039929022354019
0.0409929508099058
0.0418460877081409
0.0426230876745985
0.0432522357433009
0.0436601906665767
0.0438802854400522
0.0435940712882895
0.042658995592885
0.0409241276630744
0.0384318115912337
0.0352680133654626
0.0320153080830899
0.0282022642920971
0.0245712393861741
0.0215681919367512
0.0192374029521527
0.0174965329985646
0.0163891023005483
0.0158089549567471
0.0288862676772498
0.0281867347043253
0.0272897897451034
0.0273755778052371
0.0252113030596175
0.0228100466041649
0.0270615547491051
0.026787217486288
0.0264357082800486
0.025654238350481
0.0229570953976741
0.0194984240017923
0.0166718816270956
0.014625424541293
0.0128968352274108
0.0114352860425639
0.0103264672514749
0.00960016007584721
0.00916399159311134
0.00903693489245229
0.00920845412659098
0.00971568983179974
0.0107815541414874
0.0125384450228647
0.0144575090333536
0.0172860766913931
0.0200665756824392
0.0233408252425802
0.0265771349513292
0.0301743398450408
0.0336119186975864
0.036648245461295
0.0393914477167227
0.041699596123539
0.0434256516094147
0.0445044943311179
0.0448466956232025
0.0445250868199498
0.0433591006140531
0.0415842184010322
0.0396161122007801
0.0378973477246919
0.0368479729591463
0.0250396393366188
0.0232193539748047
0.0212232922914698
0.0192647927989355
0.0175034065815449
0.0159047596837449
0.0144904429010482
0.0132432468593473
0.0122305636049521
0.0114215273083529
0.0108186996831802
0.0104230654550158
0.0102171507000705
0.0260313746289663
0.025678589571768
0.0251314060987549
0.0251817270098685
0.0251599847789607
0.0250615534248152
0.0241402448280831
0.0227539422691021
0.0209020271822353
0.0190773833032247
0.0172806904844438
0.0155105236828214
0.0138542598739042
0.0123283307482216
0.0108995128659964
0.00960721271909612
0.00841748812212596
0.0073121411377312
0.00630564239984273
0.00536446452233374
0.00450652625883717
0.00372540160496741
0.00302755425463582
0.00239102909802513
0.00183956940022359
0.00136464054085746
0.000947813305721394
0.0005455891928231
0.000187789783704317
-0.000102509476409698
-0.00031994412806819
-0.000452365864115254
-0.000529238339278094
0.0236445222942058
0.0218337977979784
0.0196954522315129
0.0174986793554353
0.0156218562664585
0.0138803537732989
0.0121733533295058
0.0107349019186838
0.00956771713067967
0.00835733054201423
0.0071750629111926
0.00608999062432322
0.00518294689691805
0.00446390751351988
0.00372481706582639
0.00306339293887163
0.00246479693080895
0.00195125158945573
0.00152373192138651
0.00122225595592764
0.000984237304610383
0.00076722076297742
0.000604957063623467
0.000529203741890716
0.026068375324485
0.0269411712279246
0.0275724419810392
0.0280628411745933
0.0283596959279876
0.028543706414239
0.0286037610157041
0.0285780496147891
0.0285018077266024
0.0283930668871937
0.0282976042302858
0.028232929842768
0.0211808025792478
0.0192373934647318
0.0170003092054991
0.014467316340821
0.0122237013438325
0.0104560470932422
0.00882990505277474
0.00735325189189705
0.00608556304465364
0.00491718865324056
0.00383279981789861
0.00289069013465283
0.00210202117676856
0.00132314124459187
0.000552980774199701
-0.000118086565212051
-0.000669126302398131
-0.00113167857034014
-0.00151568594040127
-0.0018174799445675
-0.00203360011419835
-0.00217419416461853
-0.00225534528800089
0.0216167862114786
0.0203360742285044
0.0189747062781607
0.0175159419126776
0.0161823148755937
0.0151620007030235
0.0144743598840045
0.014100596094258
0.0140386018624464
0.0142802478504718
0.014818963661249
0.0156150646850339
0.0167156425608023
0.0181417797148525
0.0197881556950587
0.0215893673554244
0.0235272194379502
0.0255830715070322
0.0277116457811422
0.0298315433072825
0.0319261551157978
0.033960935483841
0.0358582348132032
0.037689157104136
0.0397011598508194
0.0416926740902436
0.0434501144919749
0.0449360929069958
0.0460985279053582
0.0469805245039155
0.0476353326725589
0.0480772156638002
0.0483812347962869
0.0485489542195229
0.0486343362124565
0.0131041246506034
0.0118457673331763
0.0104001979355365
0.0134999967531599
0.0129286436217065
0.0126380194898127
0.0086374409159664
0.00696823693082367
0.00551088920375415
0.00427381517092814
0.00335835806623995
0.0026036840681645
0.00204033277597458
0.00167236612203018
0.00148896862828377
0.0102216207578826
0.0103826434181553
0.0108803335515892
0.0117558307446842
0.0142677794601412
0.0168188661983813
0.0197642432261937
0.0229296037267862
0.0260617057430142
0.0292047302778458
0.0321952986908885
0.0349454908002348
0.0373966478634034
0.0394625874843164
0.0410715888470826
0.0421038432152644
0.0424313847152399
0.041945615467664
0.0405847405373383
0.0380917034692775
0.0343198747793994
0.0299579797952539
0.0255321003289094
0.0215271256286199
0.0182330509974074
0.015631328926167
0.0136026544814907
0.0121450019113263
0.011214002614745
0.0107411889379086
0.0103239386829558
0.00927094667816103
0.00852340088301535
0.00781296313501506
0.00749473795821841
0.00727325100091276
0.0086667769519951
0.00764463175240592
0.00666583605549318
0.00578883845969744
0.00506406711530724
0.00449018524389776
0.0040532202198139
0.00373501106072463
0.00351890799620099
0.00340280384106202
0.00338546271930357
0.00345465624495335
0.00361231352146499
0.00387247758525893
0.00423065411714463
0.00469753799091507
0.00528554885540072
0.00600476578441194
0.00686262626937739
0.00786139288935967
0.00899735393222584
0.0102619254556598
0.0116256483226816
0.0130300923186829
0.0143997387374733
0.0156457871295332
0.0166731370413917
0.0173989968621008
0.0177865397437474
0.00832322474602564
0.00721006286044135
0.00620280203932937
0.00533225808234611
0.00459948728750136
0.00403609508675675
0.00358646432712269
0.00318883992447018
0.00286974606923538
0.00265167800831165
0.00251447223028957
0.00243688841322881
0.00241855368782255
0.0024657103679838
0.00257784749493281
0.0027472666251338
0.00298062738646964
0.00328251529564862
0.00366067537611823
0.00413765810280419
0.00468306262785192
0.00540904828205734
0.00599861213783283
0.00670666482144996
0.00773116572466847
0.00884331210054745
0.0100378079680758
0.011280341894191
0.0123726390513369
0.013303356778749
0.0139758302082522
0.0143475319158151
0.0268210283808762
0.0268714012906953
0.027187211766191
0.027717822237068
0.0284729557843391
0.026030070130482
0.0238338079278501
0.0207405044432529
0.0183154038379487
0.0160159706499973
0.0138625826027318
0.0122482101418773
0.0108377137751241
0.00945427294439451
0.00810689575592385
0.00707784574772334
0.00620607439538715
0.00547665708042424
0.00487391107910804
0.00439095728722237
0.00401561031645211
0.00372778830393459
0.00352933231889281
0.00334556889250868
0.00322386784696769
0.00315757320709945
0.003122540467116
0.00310954137357185
0.00310944189130844
0.0031134425673276
0.00311725654481494
0.0305676507590795
0.0341001868854942
0.0384509017255467
0.0274812940462521
0.0263240535634617
0.0253238683365821
0.0247311736786468
0.0404200324383615
0.0416631494510198
0.0424488254484707
0.0401606252963946
0.0414786510554892
0.0426507832531368
0.0434209487693631
0.0441528814192197
0.042423965886608
0.041561401829323
0.0392818138270896
0.0352613319007317
0.0432149159338578
0.0435695023832797
0.0435339036760309
0.0324521400598398
0.0282788221893849
0.0235187251651123
0.0195635144747989
0.0159640595472519
0.0128831967452831
0.0104480775677895
0.00830204308756419
0.00647491403640254
0.00492754811041419
0.0035981454220338
0.00227395426445872
0.0325199427932895
0.0289171841128456
0.0247571256044435
0.0217609681529741
0.0182256093115398
0.0158057345732505
0.0132611062061339
0.0110929830459105
0.00947247044046269
0.00808521132893973
0.00685703377099358
0.00578192292904826
0.00492424391585784
0.00419288980398298
0.00344896309501561
0.00283450971194138
0.00224614134931565
0.00177526083868045
0.00135685183309498
0.00100048592118744
0.000724027668994787
0.000499044407205658
0.000327741307858295
0.000224230909859485
0.00017248218734189
0.00186828566318107
0.00154121232519932
0.00128866719342539
0.00111867878243057
0.00097530373246604
0.000891441948256801
0.000846186345450069
0.00152471935081699
0.000862413188475397
0.000258739515747176
-0.000256425354692709
-0.000724717186855276
-0.00115987182394683
-0.00155456705877229
-0.00191337752598599
-0.00223311191562838
-0.00251412922985612
-0.00277108196734719
-0.00300078841728456
-0.00319632226292799
-0.00335207348333769
-0.00347035776583539
-0.00356127080389303
-0.00362339695398164
-0.00365461070505528
0.0430720717027395
0.0421228454061253
0.0404550026004868
0.0378864748935764
0.0345892147770834
0.0309268945269688
0.0271677361286751
0.02355437720561
0.0202375674969913
0.0172740717131861
0.0146577328000726
0.0123499435379216
0.0103023600988934
0.00837331267538595
0.0436364920521551
0.0434344401686147
0.0429234066839246
0.0420879461031232
0.0410294743326117
0.0396420605153405
0.0379161321510747
0.0359507779694307
0.0338098041178879
0.0314030000712625
0.0287846245419747
0.0262946296634772
0.024213373489096
0.0225246361854272
0.0212654262510576
0.0202907203997281
0.0196753988303182
0.019335137739703
0.00726567643037501
0.00634014908569393
0.00554228482317563
0.00473636243257476
0.00406348971196013
0.00351583735399227
0.00290172986693252
0.00221913932914308
0.00160441640120814
0.0011006759547428
0.000689344216331599
0.000341091168982163
3.32722374513665e-05
-0.000228207295512554
-0.000432594704453026
-0.000574342678596986
-0.000667424597331069
-0.000719070896470192
0.00744028403017144
0.00667586632034874
0.00604407873247145
0.00551204186023222
0.00505142835484159
0.0046445337113981
0.00429683119532218
0.00402260238720422
0.00382249096656535
0.00369196247197294
0.00362555871818321
0.043808691649638
0.0428208978044692
0.0407467252944157
0.037484764053139
0.0332185451272768
0.0282860700526611
0.0235478420146562
0.018989062544168
0.015117560376829
0.0118171907229241
0.00879834174577204
0.0448754044410551
0.0453048173699958
0.0453239349976606
0.0448649055578432
0.0439895209213043
0.0422531259842067
0.0399496581213262
0.0372087905817012
0.0339089562750566
0.031748987078283
0.0294711869070184
0.0279628449209571
0.0271874473746472
0.00743475509903634
0.00640909474985374
0.00561638305768239
0.00491756204566544
0.00440578957655025
0.00400307155470963
0.00373323007241427
0.0035396513719803
0.00342926976101866
0.00721316318759499
0.00586661343312259
0.00471492659932328
0.0037188966605821
0.00284856270617406
0.00208979423322536
0.00142607539462367
0.000833254069649768
0.000313978553155481
-0.000138795876466868
-0.000552354201737725
-0.000911203629401388
-0.00122207857527525
-0.0014967732075938
-0.00173857738676082
-0.00195904213402562
-0.00215584249291638
-0.00231901427609333
-0.00244104250893397
-0.00253374760535694
-0.00259677297290015
-0.00262815256937689
0.0247837502231975
0.0252481823001454
0.0261264331255768
0.027328708148391
0.0287811433839343
0.0304623699143655
0.0324722782426884
0.0345001969578978
0.0359591767396686
0.0377545377769913
0.0396370084164492
0.0409971054365532
0.0420154322497259
0.0425261245372943
0.0422992117390202
0.0411415422964853
0.0245504934702138
0.0247462099749541
0.0253069523450488
0.0261873916790438
0.0273751569252328
0.0288784120303704
0.0307317241150744
0.0329389558949527
0.0353324697098692
0.0376649330013848
0.0397107079856185
0.0413714374438441
0.0427614777245443
0.0441464144374933
0.0396269814050657
0.0363829648737666
0.0320465802184895
0.027540945457748
0.0228790431331011
0.0190101886096604
0.0157789648394619
0.0126531958565228
0.0104519014184776
0.00864656258358029
0.00725176123304126
0.00612934705471413
0.00528431966381085
0.00468179584864535
0.0042861784833985
0.00408343626667499
0.0398861925869216
0.0374953132937417
0.0339018704311478
0.0299471579418457
0.0262258730730407
0.0223667414994063
0.0190955568534467
0.0165537621940185
0.0145840195966404
0.0129829798761104
0.0116491398359396
0.0105763015529951
0.00980298340647678
0.00938523756258517
0.0445224255002449
0.0444592402450434
0.0439449202342858
0.0428335203725683
0.0410165636086761
0.0383824586260771
0.0351627548385163
0.0314729905351405
0.0274059903208748
0.0234434784933052
0.0199843629550498
0.0170333771691922
0.0144095591997576
0.011956888266527
0.0448770500938699
0.0453402538429241
0.0454444580273902
0.0451589102812551
0.0442373347431229
0.0425868816348506
0.0403120711333898
0.0369035923031067
0.0326833884055595
0.0282519982275939
0.0240172578838018
0.0205888142081824
0.0174714808228477
0.0148519871426463
0.0126861372356522
0.010987517407435
0.00958922776479301
0.00837251038933048
0.00736569145732997
0.00651963525983176
0.0057853039029784
0.00513422746942095
0.0045480191184505
0.00401738038954122
0.00352885200558333
0.00305790684702938
0.00260697123830042
0.00218332198041779
0.00176169779683925
0.00134421415932471
0.000899885906457038
0.0105704561183049
0.00928467472650387
0.00808614951937795
0.00697076432038131
0.00595075626026241
0.0051044907499351
0.00445254986863312
0.00386438202698721
0.00331309779554797
0.00283996854304233
0.0024115816300352
0.00203425161475973
0.00167921961125012
0.00132370800420535
0.00100469381065704
0.00072103142055293
0.000425992492889478
0.000133719453651041
-0.000139800866686268
-0.000389122922593566
-0.000626644305155824
-0.000868614351690266
-0.0011064490814186
-0.00133106213082882
-0.00154914263821123
-0.00177396040851156
0.0109417835412832
0.0102399956984896
0.00979257721285066
-0.00204111664502569
-0.00236708927106516
-0.0027371141641549
-0.0031096899957347
-0.00346081423087478
-0.003802231893907
-0.00180239759646301
-0.00182927114686984
-0.00184429130873132
-0.0018531759885024
-0.00402558822518336
-0.00419029164692861
-0.00429645644352517
-0.00435125725903263
-0.00393044570148254
-0.00401210211816623
-0.00405054089000702
0.00061647751996276
0.000334733357442122
6.95495637727073e-05
-0.000199980120347609
-0.000489674471507587
-0.000788547012459557
0.000706607160469714
0.00051669704361245
0.000317731212038306
0.000107425984676012
-0.000118430304283135
-0.000342469540844637
-0.000600981566794399
-0.000862307908963134
-0.00114129083527781
-0.00143365283731201
-0.00172825053808758
-0.00203419179937302
-0.002337375870497
-0.00264666576470952
-0.00294936832562737
-0.00323301905197391
-0.00352160531120126
-0.0010620683487295
-0.00130082743128147
-0.00155236363969712
-0.0017949534904735
-0.00205215786943862
-0.00230747037976486
-0.00256051836173851
-0.00280862808937777
-0.00305061983534418
-0.00327919854908987
-0.00349922079771029
-0.00370895567824445
-0.00390189997443697
-0.00407104058425703
-0.00421292990526778
-0.00432699597049366
-0.00441282121365393
-0.00446991762952165
-0.00449933380732652
-0.00081509141878337
-0.000838696670765793
-0.000861290778091201
-0.000879066796856833
-0.000891185235731594
-0.00089763663719952
-0.00377995447306092
-0.00404533820770144
-0.00428300628340441
-0.00447155753937164
-0.00462281940228069
-0.00472344894179395
-0.00477616184909276
-0.0036412508786788
-0.00374513155909396
-0.00381761505150462
-0.00385369321727101
