9.66930252665013e-05
9.66930252665013e-05
9.66930252665013e-05
9.66930252665014e-05
9.66930252665014e-05
9.66930252665014e-05
9.66930252665016e-05
9.66930252665013e-05
9.66930252665014e-05
9.66930252665015e-05
9.66930252665016e-05
9.66930252665017e-05
9.66930252665018e-05
9.66930252665019e-05
9.66930252665019e-05
9.66930252665013e-05
9.66930252665012e-05
9.66930252665011e-05
9.6693025266501e-05
9.66930252665011e-05
9.66930252665011e-05
9.66930252665011e-05
9.66930252665011e-05
9.66930252665011e-05
9.66930252665012e-05
9.66930252665013e-05
9.66930252665015e-05
9.66930252665015e-05
9.66930252665016e-05
9.66930252665017e-05
9.66930252665018e-05
9.66930252665018e-05
9.66930252665013e-05
9.66930252665013e-05
9.66930252665012e-05
9.66930252665012e-05
9.66930252665012e-05
9.66930252665011e-05
9.66930252665011e-05
9.66930252665011e-05
9.66930252665016e-05
9.66930252665017e-05
9.66930252665019e-05
9.66930252665021e-05
9.66930252665023e-05
9.66930252665015e-05
9.66930252665015e-05
9.66930252665017e-05
9.66930252665024e-05
9.66930252665024e-05
9.66930252665025e-05
9.66930252665026e-05
9.66930252665027e-05
9.66930252665027e-05
9.66930252665028e-05
9.66930252665029e-05
9.66930252665029e-05
9.66930252665029e-05
9.6693025266503e-05
9.6693025266503e-05
9.6693025266503e-05
9.66930252665031e-05
9.66930252665031e-05
9.66930252665031e-05
9.66930252665032e-05
9.66930252665032e-05
9.66930252665032e-05
9.66930252665033e-05
9.66930252665033e-05
9.66930252665033e-05
9.66930252665032e-05
9.66930252665032e-05
9.66930252665032e-05
9.66930252665031e-05
9.66930252665031e-05
9.66930252665032e-05
9.66930252665032e-05
9.66930252665033e-05
9.66930252665033e-05
9.66930252665033e-05
9.66930252665032e-05
9.66930252665032e-05
9.66930252665025e-05
9.66930252665026e-05
9.66930252665027e-05
9.66930252665028e-05
9.66930252665029e-05
9.6693025266503e-05
9.6693025266503e-05
9.6693025266503e-05
9.6693025266503e-05
9.6693025266503e-05
9.6693025266503e-05
9.66930252665017e-05
9.66930252665018e-05
9.66930252665021e-05
9.66930252665018e-05
9.66930252665019e-05
9.66930252665021e-05
9.66930252665022e-05
9.66930252665024e-05
9.66930252665024e-05
9.66930252665022e-05
9.66930252665023e-05
9.66930252665024e-05
9.66930252665025e-05
9.66930252665025e-05
9.66930252665025e-05
9.66930252665025e-05
9.66930252665025e-05
9.66930252665025e-05
9.66930252665026e-05
9.66930252665026e-05
9.66930252665027e-05
9.66930252665028e-05
9.66930252665028e-05
9.66930252665029e-05
9.66930252665029e-05
9.66930252665025e-05
9.66930252665027e-05
9.66930252665029e-05
9.66930252665032e-05
9.66930252665035e-05
9.66930252665038e-05
9.66930252665025e-05
9.66930252665027e-05
9.66930252665028e-05
9.66930252665039e-05
9.66930252665041e-05
9.66930252665043e-05
9.66930252665045e-05
9.66930252665047e-05
9.66930252665048e-05
9.66930252665049e-05
9.66930252665049e-05
9.6693025266505e-05
9.6693025266505e-05
9.66930252665049e-05
9.66930252665049e-05
9.66930252665049e-05
9.66930252665049e-05
9.66930252665048e-05
9.66930252665048e-05
9.66930252665048e-05
9.66930252665048e-05
9.66930252665048e-05
9.66930252665048e-05
9.66930252665048e-05
9.66930252665048e-05
9.66930252665048e-05
9.66930252665049e-05
9.6693025266505e-05
9.66930252665051e-05
9.66930252665052e-05
9.66930252665053e-05
9.66930252665053e-05
9.66930252665054e-05
9.66930252665054e-05
9.66930252665055e-05
9.66930252665055e-05
9.66930252665055e-05
9.66930252665038e-05
9.66930252665039e-05
9.66930252665039e-05
9.6693025266504e-05
9.66930252665041e-05
9.66930252665042e-05
9.66930252665043e-05
9.66930252665044e-05
9.66930252665046e-05
9.66930252665046e-05
9.66930252665047e-05
9.66930252665048e-05
9.66930252665049e-05
9.66930252665049e-05
9.6693025266505e-05
9.6693025266505e-05
9.66930252665051e-05
9.66930252665051e-05
9.66930252665051e-05
9.66930252665052e-05
9.66930252665052e-05
9.66930252665052e-05
9.66930252665052e-05
9.66930252665028e-05
9.66930252665029e-05
9.66930252665029e-05
9.66930252665029e-05
9.66930252665029e-05
9.6693025266503e-05
9.66930252665031e-05
9.66930252665031e-05
9.66930252665032e-05
9.66930252665033e-05
9.66930252665033e-05
9.66930252665033e-05
9.66930252665033e-05
9.66930252665029e-05
9.66930252665031e-05
9.66930252665032e-05
9.66930252665034e-05
9.66930252665035e-05
9.66930252665036e-05
9.66930252665037e-05
9.66930252665037e-05
9.66930252665038e-05
9.66930252665038e-05
9.66930252665038e-05
9.66930252665037e-05
9.66930252665037e-05
9.66930252665037e-05
9.66930252665037e-05
9.66930252665038e-05
9.66930252665038e-05
9.66930252665038e-05
9.66930252665038e-05
9.66930252665038e-05
9.66930252665039e-05
9.66930252665039e-05
9.6693025266504e-05
9.66930252665041e-05
9.66930252665041e-05
9.66930252665042e-05
9.66930252665042e-05
9.66930252665043e-05
9.66930252665044e-05
9.66930252665044e-05
9.66930252665045e-05
9.66930252665045e-05
9.66930252665045e-05
9.66930252665045e-05
9.66930252665045e-05
9.66930252665045e-05
9.66930252665045e-05
9.6693025266502e-05
9.6693025266502e-05
9.6693025266502e-05
9.66930252665019e-05
9.66930252665019e-05
9.6693025266502e-05
9.6693025266502e-05
9.6693025266502e-05
9.6693025266502e-05
9.66930252665021e-05
9.66930252665022e-05
9.66930252665023e-05
9.66930252665023e-05
9.66930252665024e-05
9.66930252665024e-05
9.66930252665024e-05
9.66930252665024e-05
9.66930252665025e-05
9.66930252665025e-05
9.66930252665025e-05
9.66930252665024e-05
9.66930252665024e-05
9.66930252665022e-05
9.66930252665023e-05
9.66930252665024e-05
9.66930252665025e-05
9.66930252665024e-05
9.66930252665024e-05
9.66930252665024e-05
9.66930252665024e-05
9.66930252665024e-05
9.66930252665024e-05
9.66930252665024e-05
9.66930252665024e-05
9.66930252665024e-05
9.66930252665024e-05
9.66930252665025e-05
9.66930252665026e-05
9.66930252665026e-05
9.66930252665027e-05
9.66930252665026e-05
9.66930252665026e-05
9.66930252665026e-05
9.66930252665026e-05
9.66930252665025e-05
9.66930252665025e-05
9.66930252665025e-05
9.66930252665025e-05
9.66930252665016e-05
9.66930252665017e-05
9.66930252665018e-05
9.66930252665017e-05
9.66930252665019e-05
9.6693025266502e-05
9.66930252665018e-05
9.66930252665018e-05
9.66930252665019e-05
9.66930252665019e-05
9.66930252665019e-05
9.66930252665021e-05
9.66930252665022e-05
9.66930252665023e-05
9.66930252665024e-05
9.66930252665026e-05
9.66930252665027e-05
9.66930252665028e-05
9.66930252665029e-05
9.6693025266503e-05
9.66930252665031e-05
9.66930252665033e-05
9.66930252665034e-05
9.66930252665036e-05
9.66930252665038e-05
9.6693025266504e-05
9.66930252665041e-05
9.66930252665043e-05
9.66930252665044e-05
9.66930252665045e-05
9.66930252665046e-05
9.66930252665047e-05
9.66930252665047e-05
9.66930252665048e-05
9.66930252665048e-05
9.66930252665048e-05
9.66930252665047e-05
9.66930252665047e-05
9.66930252665047e-05
9.66930252665048e-05
9.66930252665048e-05
9.66930252665048e-05
9.66930252665048e-05
9.6693025266502e-05
9.6693025266502e-05
9.66930252665021e-05
9.66930252665022e-05
9.66930252665022e-05
9.66930252665023e-05
9.66930252665023e-05
9.66930252665024e-05
9.66930252665024e-05
9.66930252665024e-05
9.66930252665024e-05
9.66930252665023e-05
9.66930252665024e-05
9.66930252665021e-05
9.66930252665022e-05
9.66930252665024e-05
9.66930252665025e-05
9.66930252665026e-05
9.66930252665027e-05
9.66930252665023e-05
9.66930252665021e-05
9.6693025266502e-05
9.66930252665019e-05
9.66930252665018e-05
9.66930252665017e-05
9.66930252665016e-05
9.66930252665016e-05
9.66930252665015e-05
9.66930252665014e-05
9.66930252665014e-05
9.66930252665015e-05
9.66930252665015e-05
9.66930252665015e-05
9.66930252665015e-05
9.66930252665015e-05
9.66930252665014e-05
9.66930252665014e-05
9.66930252665014e-05
9.66930252665015e-05
9.66930252665016e-05
9.66930252665016e-05
9.66930252665017e-05
9.66930252665017e-05
9.66930252665017e-05
9.66930252665017e-05
9.66930252665017e-05
9.66930252665028e-05
9.66930252665028e-05
9.6693025266503e-05
9.66930252665031e-05
9.66930252665033e-05
9.66930252665035e-05
9.66930252665038e-05
9.66930252665039e-05
9.6693025266504e-05
9.66930252665041e-05
9.66930252665042e-05
9.66930252665043e-05
9.66930252665044e-05
9.66930252665045e-05
9.66930252665046e-05
9.66930252665047e-05
9.66930252665048e-05
9.6693025266505e-05
9.66930252665051e-05
9.66930252665051e-05
9.66930252665052e-05
9.66930252665052e-05
9.66930252665052e-05
9.66930252665052e-05
9.66930252665027e-05
9.66930252665029e-05
9.6693025266503e-05
9.6693025266503e-05
9.6693025266503e-05
9.66930252665031e-05
9.66930252665031e-05
9.66930252665032e-05
9.66930252665032e-05
9.66930252665032e-05
9.66930252665032e-05
9.66930252665033e-05
9.66930252665021e-05
9.66930252665022e-05
9.66930252665023e-05
9.66930252665024e-05
9.66930252665025e-05
9.66930252665025e-05
9.66930252665026e-05
9.66930252665026e-05
9.66930252665027e-05
9.66930252665027e-05
9.66930252665027e-05
9.66930252665027e-05
9.66930252665028e-05
9.66930252665028e-05
9.66930252665029e-05
9.6693025266503e-05
9.66930252665031e-05
9.66930252665031e-05
9.66930252665031e-05
9.66930252665032e-05
9.66930252665032e-05
9.66930252665032e-05
9.66930252665032e-05
9.66930252665021e-05
9.66930252665021e-05
9.66930252665022e-05
9.66930252665023e-05
9.66930252665024e-05
9.66930252665025e-05
9.66930252665026e-05
9.66930252665027e-05
9.66930252665027e-05
9.66930252665027e-05
9.66930252665028e-05
9.66930252665028e-05
9.66930252665029e-05
9.66930252665029e-05
9.66930252665029e-05
9.6693025266503e-05
9.6693025266503e-05
9.66930252665031e-05
9.66930252665031e-05
9.66930252665031e-05
9.66930252665032e-05
9.66930252665033e-05
9.66930252665033e-05
9.66930252665033e-05
9.66930252665034e-05
9.66930252665035e-05
9.66930252665035e-05
9.66930252665036e-05
9.66930252665036e-05
9.66930252665036e-05
9.66930252665036e-05
9.66930252665037e-05
9.66930252665036e-05
9.66930252665037e-05
9.66930252665037e-05
9.66930252665019e-05
9.66930252665019e-05
9.66930252665019e-05
9.66930252665019e-05
9.66930252665019e-05
9.66930252665019e-05
9.66930252665019e-05
9.66930252665018e-05
9.66930252665018e-05
9.66930252665018e-05
9.66930252665018e-05
9.66930252665017e-05
9.66930252665016e-05
9.66930252665016e-05
9.66930252665016e-05
9.66930252665019e-05
9.66930252665019e-05
9.66930252665019e-05
9.66930252665018e-05
9.66930252665018e-05
9.66930252665018e-05
9.66930252665018e-05
9.66930252665018e-05
9.66930252665017e-05
9.66930252665017e-05
9.66930252665017e-05
9.66930252665017e-05
9.66930252665016e-05
9.66930252665015e-05
9.66930252665016e-05
9.66930252665016e-05
9.66930252665017e-05
9.66930252665017e-05
9.66930252665018e-05
9.66930252665019e-05
9.66930252665019e-05
9.6693025266502e-05
9.6693025266502e-05
9.6693025266502e-05
9.66930252665019e-05
9.66930252665019e-05
9.66930252665019e-05
9.66930252665018e-05
9.66930252665018e-05
9.66930252665018e-05
9.66930252665017e-05
9.66930252665016e-05
9.66930252665015e-05
9.66930252665015e-05
9.66930252665015e-05
9.66930252665015e-05
9.66930252665018e-05
9.66930252665018e-05
9.66930252665019e-05
9.66930252665019e-05
9.66930252665019e-05
9.66930252665019e-05
9.66930252665019e-05
9.66930252665019e-05
9.6693025266502e-05
9.6693025266502e-05
9.6693025266502e-05
9.66930252665019e-05
9.66930252665019e-05
9.6693025266502e-05
9.6693025266502e-05
9.6693025266502e-05
9.66930252665022e-05
9.66930252665022e-05
9.66930252665023e-05
9.66930252665023e-05
9.66930252665023e-05
9.66930252665023e-05
9.66930252665022e-05
9.66930252665022e-05
9.66930252665022e-05
9.66930252665023e-05
9.66930252665023e-05
9.66930252665023e-05
9.66930252665023e-05
9.66930252665019e-05
9.66930252665018e-05
9.66930252665018e-05
9.66930252665018e-05
9.66930252665018e-05
9.66930252665018e-05
9.66930252665019e-05
9.66930252665019e-05
9.66930252665019e-05
9.6693025266502e-05
9.6693025266502e-05
9.6693025266502e-05
9.6693025266502e-05
9.6693025266502e-05
9.66930252665019e-05
9.66930252665019e-05
9.66930252665019e-05
9.66930252665019e-05
9.66930252665019e-05
9.66930252665018e-05
9.66930252665018e-05
9.66930252665018e-05
9.66930252665018e-05
9.66930252665018e-05
9.66930252665019e-05
9.66930252665019e-05
9.66930252665019e-05
9.66930252665019e-05
9.66930252665019e-05
9.6693025266502e-05
9.6693025266502e-05
9.6693025266502e-05
9.66930252665011e-05
9.66930252665011e-05
9.66930252665011e-05
9.66930252665011e-05
9.66930252665011e-05
9.66930252665011e-05
9.66930252665011e-05
9.6693025266501e-05
9.66930252665009e-05
9.66930252665008e-05
9.66930252665008e-05
9.66930252665008e-05
9.66930252665007e-05
9.66930252665007e-05
9.66930252665006e-05
9.66930252665006e-05
9.66930252665005e-05
9.66930252665005e-05
9.66930252665005e-05
9.66930252665006e-05
9.66930252665006e-05
9.66930252665007e-05
9.66930252665007e-05
9.66930252665007e-05
9.66930252665008e-05
9.66930252665009e-05
9.66930252665009e-05
9.66930252665009e-05
9.6693025266501e-05
9.6693025266501e-05
9.6693025266501e-05
9.6693025266501e-05
9.6693025266501e-05
9.66930252665009e-05
9.66930252665012e-05
9.66930252665014e-05
9.66930252665017e-05
9.66930252665019e-05
9.66930252665007e-05
9.66930252665005e-05
9.66930252665003e-05
9.66930252665012e-05
9.66930252665015e-05
9.66930252665019e-05
9.66930252665021e-05
9.66930252665025e-05
9.66930252665004e-05
9.66930252665005e-05
9.66930252665007e-05
9.66930252665009e-05
9.66930252665001e-05
9.66930252664999e-05
9.66930252664997e-05
9.66930252665011e-05
9.66930252665013e-05
9.66930252665016e-05
9.66930252665018e-05
9.6693025266502e-05
9.66930252665022e-05
9.66930252665023e-05
9.66930252665025e-05
9.66930252665027e-05
9.66930252665028e-05
9.6693025266503e-05
9.66930252665032e-05
9.66930252665011e-05
9.66930252665011e-05
9.66930252665013e-05
9.66930252665014e-05
9.66930252665015e-05
9.66930252665015e-05
9.66930252665016e-05
9.66930252665017e-05
9.66930252665018e-05
9.66930252665018e-05
9.66930252665019e-05
9.6693025266502e-05
9.66930252665021e-05
9.66930252665023e-05
9.66930252665024e-05
9.66930252665025e-05
9.66930252665026e-05
9.66930252665027e-05
9.66930252665027e-05
9.66930252665028e-05
9.66930252665028e-05
9.66930252665028e-05
9.66930252665028e-05
9.66930252665028e-05
9.66930252665029e-05
9.66930252665032e-05
9.66930252665032e-05
9.66930252665033e-05
9.66930252665033e-05
9.66930252665033e-05
9.66930252665033e-05
9.66930252665033e-05
9.66930252665033e-05
9.66930252665034e-05
9.66930252665035e-05
9.66930252665035e-05
9.66930252665035e-05
9.66930252665035e-05
9.66930252665035e-05
9.66930252665035e-05
9.66930252665036e-05
9.66930252665037e-05
9.66930252665037e-05
9.66930252665037e-05
9.66930252665037e-05
9.66930252665037e-05
9.66930252665037e-05
9.66930252665038e-05
9.66930252665038e-05
9.66930252665038e-05
9.66930252664996e-05
9.66930252664996e-05
9.66930252664996e-05
9.66930252664996e-05
9.66930252664996e-05
9.66930252664996e-05
9.66930252664997e-05
9.66930252664997e-05
9.66930252664997e-05
9.66930252664997e-05
9.66930252664998e-05
9.66930252664998e-05
9.66930252664998e-05
9.66930252664998e-05
9.66930252664996e-05
9.66930252664996e-05
9.66930252664995e-05
9.66930252664993e-05
9.66930252664993e-05
9.66930252664992e-05
9.66930252664991e-05
9.66930252664991e-05
9.6693025266499e-05
9.66930252664989e-05
9.66930252664988e-05
9.66930252664988e-05
9.66930252664988e-05
9.66930252664988e-05
9.66930252664988e-05
9.66930252664988e-05
9.66930252664988e-05
9.66930252664988e-05
9.66930252664998e-05
9.66930252664998e-05
9.66930252664999e-05
9.66930252664999e-05
9.66930252665e-05
9.66930252665e-05
9.66930252665001e-05
9.66930252665002e-05
9.66930252665003e-05
9.66930252665004e-05
9.66930252665005e-05
9.66930252665005e-05
9.66930252665005e-05
9.66930252665004e-05
9.66930252665004e-05
9.66930252665004e-05
9.66930252665005e-05
9.66930252665005e-05
9.66930252664998e-05
9.66930252664999e-05
9.66930252664999e-05
9.66930252664999e-05
9.66930252665e-05
9.66930252665001e-05
9.66930252665002e-05
9.66930252665002e-05
9.66930252665002e-05
9.66930252665003e-05
9.66930252665003e-05
9.66930252665028e-05
9.66930252665031e-05
9.66930252665035e-05
9.66930252665038e-05
9.6693025266504e-05
9.66930252665042e-05
9.66930252665045e-05
9.66930252665046e-05
9.66930252665048e-05
9.6693025266505e-05
9.66930252665052e-05
9.66930252665026e-05
9.66930252665028e-05
9.66930252665029e-05
9.66930252665029e-05
9.6693025266503e-05
9.66930252665031e-05
9.66930252665032e-05
9.66930252665033e-05
9.66930252665034e-05
9.66930252665034e-05
9.66930252665035e-05
9.66930252665035e-05
9.66930252665035e-05
9.66930252665054e-05
9.66930252665055e-05
9.66930252665056e-05
9.66930252665057e-05
9.66930252665058e-05
9.66930252665059e-05
9.66930252665059e-05
9.66930252665059e-05
9.66930252665059e-05
9.66930252665053e-05
9.66930252665054e-05
9.66930252665054e-05
9.66930252665055e-05
9.66930252665056e-05
9.66930252665056e-05
9.66930252665057e-05
9.66930252665058e-05
9.66930252665058e-05
9.66930252665059e-05
9.66930252665058e-05
9.66930252665059e-05
9.66930252665059e-05
9.66930252665059e-05
9.66930252665061e-05
9.66930252665062e-05
9.66930252665064e-05
9.66930252665065e-05
9.66930252665066e-05
9.66930252665067e-05
9.66930252665067e-05
9.66930252665067e-05
9.66930252665021e-05
9.66930252665022e-05
9.66930252665024e-05
9.66930252665025e-05
9.66930252665027e-05
9.66930252665028e-05
9.6693025266503e-05
9.66930252665032e-05
9.66930252665033e-05
9.66930252665034e-05
9.66930252665035e-05
9.66930252665035e-05
9.66930252665037e-05
9.66930252665038e-05
9.66930252665039e-05
9.6693025266504e-05
9.66930252665021e-05
9.66930252665022e-05
9.66930252665024e-05
9.66930252665027e-05
9.66930252665028e-05
9.6693025266503e-05
9.66930252665032e-05
9.66930252665033e-05
9.66930252665034e-05
9.66930252665036e-05
9.66930252665037e-05
9.66930252665037e-05
9.66930252665038e-05
9.6693025266504e-05
9.66930252665041e-05
9.66930252665042e-05
9.66930252665043e-05
9.66930252665043e-05
9.66930252665044e-05
9.66930252665044e-05
9.66930252665044e-05
9.66930252665044e-05
9.66930252665045e-05
9.66930252665046e-05
9.66930252665046e-05
9.66930252665047e-05
9.66930252665047e-05
9.66930252665047e-05
9.66930252665047e-05
9.66930252665047e-05
9.6693025266504e-05
9.66930252665041e-05
9.66930252665041e-05
9.66930252665041e-05
9.6693025266504e-05
9.6693025266504e-05
9.6693025266504e-05
9.66930252665041e-05
9.66930252665041e-05
9.66930252665041e-05
9.66930252665041e-05
9.66930252665041e-05
9.66930252665041e-05
9.66930252665041e-05
9.6693025266504e-05
9.66930252665041e-05
9.66930252665042e-05
9.66930252665043e-05
9.66930252665044e-05
9.66930252665046e-05
9.66930252665047e-05
9.66930252665047e-05
9.66930252665047e-05
9.66930252665048e-05
9.66930252665048e-05
9.66930252665048e-05
9.66930252665048e-05
9.66930252665048e-05
9.6693025266504e-05
9.66930252665041e-05
9.66930252665041e-05
9.66930252665042e-05
9.66930252665043e-05
9.66930252665044e-05
9.66930252665046e-05
9.66930252665047e-05
9.66930252665048e-05
9.6693025266505e-05
9.6693025266505e-05
9.66930252665051e-05
9.66930252665051e-05
9.66930252665053e-05
9.66930252665054e-05
9.66930252665055e-05
9.66930252665056e-05
9.66930252665058e-05
9.66930252665059e-05
9.6693025266506e-05
9.66930252665061e-05
9.66930252665062e-05
9.66930252665063e-05
9.66930252665064e-05
9.66930252665065e-05
9.66930252665066e-05
9.66930252665067e-05
9.66930252665068e-05
9.66930252665069e-05
9.6693025266507e-05
9.66930252665071e-05
9.66930252665048e-05
9.66930252665048e-05
9.66930252665048e-05
9.66930252665048e-05
9.66930252665048e-05
9.66930252665048e-05
9.66930252665048e-05
9.66930252665048e-05
9.66930252665048e-05
9.66930252665048e-05
9.66930252665048e-05
9.66930252665047e-05
9.66930252665047e-05
9.66930252665046e-05
9.66930252665045e-05
9.66930252665044e-05
9.66930252665044e-05
9.66930252665043e-05
9.66930252665043e-05
9.66930252665043e-05
9.66930252665044e-05
9.66930252665043e-05
9.66930252665042e-05
9.66930252665041e-05
9.6693025266504e-05
9.66930252665039e-05
9.66930252665048e-05
9.66930252665048e-05
9.66930252665047e-05
9.66930252665038e-05
9.66930252665038e-05
9.66930252665038e-05
9.66930252665038e-05
9.66930252665037e-05
9.66930252665037e-05
9.66930252665038e-05
9.66930252665036e-05
9.66930252665036e-05
9.66930252665036e-05
9.66930252665036e-05
9.66930252665036e-05
9.66930252665035e-05
9.66930252665035e-05
9.66930252665037e-05
9.66930252665036e-05
9.66930252665036e-05
9.66930252665073e-05
9.66930252665074e-05
9.66930252665076e-05
9.66930252665077e-05
9.6693025266508e-05
9.66930252665082e-05
9.66930252665071e-05
9.6693025266507e-05
9.6693025266507e-05
9.6693025266507e-05
9.6693025266507e-05
9.66930252665069e-05
9.66930252665069e-05
9.66930252665068e-05
9.66930252665067e-05
9.66930252665067e-05
9.66930252665066e-05
9.66930252665066e-05
9.66930252665065e-05
9.66930252665065e-05
9.66930252665065e-05
9.66930252665064e-05
9.66930252665064e-05
9.66930252665085e-05
9.66930252665088e-05
9.6693025266509e-05
9.66930252665093e-05
9.66930252665094e-05
9.66930252665096e-05
9.66930252665097e-05
9.66930252665098e-05
9.669302526651e-05
9.66930252665101e-05
9.66930252665102e-05
9.66930252665103e-05
9.66930252665103e-05
9.66930252665103e-05
9.66930252665104e-05
9.66930252665104e-05
9.66930252665104e-05
9.66930252665105e-05
9.66930252665105e-05
9.66930252665081e-05
9.6693025266508e-05
9.66930252665079e-05
9.66930252665078e-05
9.66930252665077e-05
9.66930252665077e-05
9.66930252665064e-05
9.66930252665063e-05
9.66930252665063e-05
9.66930252665063e-05
9.66930252665063e-05
9.66930252665062e-05
9.66930252665062e-05
9.66930252665064e-05
9.66930252665064e-05
9.66930252665064e-05
9.66930252665064e-05
