0.05
0.0367917915374523
0.0336687650350909
0.028387947430112
0.034959905229433
0.0323429242586326
0.0292705811437256
0.0367828045979005
0.0341440305388554
0.0295099549340609
0.026186190738945
0.0234884181733192
0.0214617072597246
0.0187943974909167
0.0156552878453505
0.036927197426447
0.0308970337055149
0.025389185740898
0.0245696523158975
0.0211943017367434
0.0178652114560735
0.0171003042330677
0.0167242562821662
0.0164002959492853
0.0160315613752882
0.015621436673638
0.0154208493974973
0.0155968631049018
0.0161622126180441
0.0171235817112106
0.0184829757485217
0.0203153017510392
0.0366916258021812
0.0349814139941764
0.0327225838598568
0.0308948172146272
0.0293871866809824
0.0282184451407707
0.0272841619205163
0.0263447273037513
0.0256149587558335
0.0229230045468048
0.0198928226567575
0.0170810980903565
0.0138955766997432
0.0251915266444198
0.0223825323168083
0.0196202060397839
0.0127141795388086
0.0115539482835767
0.0105236447797937
0.00972149390510734
0.00903209849601501
0.00847352367879922
0.00809384113675276
0.00784224242230068
0.00772564919593088
0.00775812060851227
0.00793819759960377
0.00826915448101158
0.00877209261866233
0.00942949324198408
0.0102290303240461
0.0112380603363249
0.0124409505106702
0.0139035761572582
0.0156960337515763
0.0177815599729035
0.0200110293324447
0.0222967126536115
0.0245297553958816
0.026601863514358
0.0290432166784038
0.0317902319031429
0.0343623930485138
0.0367325643843965
0.0387284509684673
0.0404163748643886
0.0417594964778489
0.0427417081016785
0.0433830629367233
0.0437093544840313
0.0123983027122314
0.0113487845853399
0.010332919084705
0.0093668578176693
0.00855959355529348
0.00789138037696535
0.00729328163097854
0.00687299863581329
0.006554796161333
0.00632475766739947
0.00620530687045632
0.0181063625262472
0.0163069975614444
0.014056473584342
0.0166518143659359
0.0133834742782741
0.0104052903905692
0.0134877840429252
0.0128715469038289
0.0121989741948195
0.012411250344427
0.0100834104589166
0.00758756441411975
0.00594483010927917
0.00460570166432082
0.00326365537953258
0.00201873731327041
0.00109087890012165
0.000338839234103362
-0.00035270018543228
-0.000916618354561449
-0.00138698599199389
-0.00174734031743365
-0.00199622108811203
-0.00215020143209485
-0.00223474548609026
0.0117563327838725
0.0115358220017435
0.0117071656434075
0.0124043904698007
0.0135767003092769
0.0154157595133313
0.0112451624246275
0.0103683206102287
0.00947633356659124
0.0165604498339912
0.0183864008872321
0.0207038763109664
0.0234081682587157
0.0265072895222271
0.0297052634035422
0.0327003262813241
0.0355202856245361
0.0381358364655858
0.040282938373063
0.0415937468777532
0.0417196375406691
0.0403426369228193
0.0371153493818408
0.0321004388586706
0.0262912079539911
0.0208528639450574
0.0162593902675665
0.0124521714201078
0.00945612708712041
0.00692095149281231
0.00488839655197906
0.00323411860762652
0.00180022470767297
0.00087679797899839
-0.000117877763299023
-0.000879384012740878
-0.0015222523646403
-0.00203920868383337
-0.00243047519847969
-0.00274302813287892
-0.00297959815898298
-0.00311059369234421
-0.00320135634245965
0.0167116564821657
0.018562334639055
0.0208944990833265
0.0241075881698459
0.0277481617702387
0.0314500921982692
0.0347862359219098
0.0379288781671651
0.0403798206164809
0.0419428496976652
0.042285399939864
0.0410358539201785
0.0377172500221945
0.0324871438077175
0.0266055656911098
0.0209074197752681
0.016230780051168
0.0126742124049658
0.00994904114968688
0.00784384004582625
0.00628955191669451
0.00526911941670126
0.00475124651173
0.00780733951165322
0.00630846194530474
0.00499849580304446
0.00387564275262893
0.00290930131784546
0.00206347895685079
0.00131601591560339
0.000683327017350372
0.000169188096688833
-0.000238885290600572
-0.000545400676274386
-0.000749611019292707
-0.000854761770468855
0.00858639430757679
0.00783000970674801
0.00723380024512576
0.0068280103328006
0.00658552912266086
0.00650627901737525
0.00658592867658765
0.00682293597780912
0.00728587700489366
0.00801781435397227
0.00900346621707229
0.0101950915302652
0.0115842177611782
0.0132318985998974
0.015048635892425
0.0170053264766772
0.018992005558963
0.0209466216108604
0.0230644870859583
0.0261555429181624
0.0299760914978155
0.033289699627697
0.0366797920301446
0.0393175112411503
0.0413967651146406
0.0428327735528137
0.0432973343752906
0.0424444690672326
0.0401048617812098
0.0365079100841268
0.0320960983386066
0.027440368814488
0.0235522473021276
0.0202287691823595
0.0174335155391295
0.0156431158085928
0.014723885001361
0.009225682768689
0.0083003869030308
0.00756281616030885
0.00692942907830366
0.00647311370409885
0.00609256097668472
0.00586170163522262
0.00575609305266563
0.0057534274605761
0.00585782292574612
0.00599390711199921
0.00629814761355656
0.00657026713694095
0.00699197422585006
0.00753631207569318
0.00802505574441579
0.00837605279083995
0.0087669463688895
0.00912850449266796
0.00941313688740915
0.00961960196924484
0.00972171959647212
0.00938000469444163
0.00851590070720185
0.00779673691966661
0.00722246150638852
0.00681107095554349
0.00654697487276335
0.00641510388525354
0.00641302745696777
0.00653325808313335
0.00679849300587897
0.00723891324745566
0.0078266560823431
0.00886139886663798
0.0101085232377031
0.0114617643560212
0.012928355580676
0.0144284647028451
0.0159667923468284
0.017384079544099
0.0189854121966352
0.0205590151251551
0.0219530833140619
0.0231135808272159
0.0240357556445592
0.0246506201373548
0.0249828742374976
0.028416231720628
0.0273556914891599
0.0259145916215217
0.0275930046536322
0.0258891208482005
0.0239760288725529
0.0252626622559107
0.0244348083991402
0.0233313356797499
0.024709673162105
0.0228074289605161
0.0203482524580488
0.0182464335913823
0.0166193120602953
0.0151237914521415
0.0137155733165057
0.0124832559692213
0.0114911429630258
0.0106359940347095
0.00996279186699687
0.00945806661351185
0.00907937040900115
0.00876653826807561
0.00857759007116053
0.00858421847598367
0.00881878312089972
0.00922922081140256
0.00990207677905726
0.0107810603284177
0.0120570734162444
0.0136668009523908
0.0155278719635829
0.0177277614319207
0.0202074921067294
0.022834951170131
0.0255373470530854
0.0279858514872945
0.0302221724974138
0.032481574757162
0.0342589995099179
0.0355669709188269
0.0364483925818603
0.0369118916349836
0.0219834109347962
0.0204221036989815
0.0188506803865424
0.0173785130814022
0.0160730556016229
0.0148841832199848
0.0138201361791338
0.0128680296467389
0.0120837782748406
0.0114493538637103
0.0109718512551588
0.0106561794171643
0.0104911246026112
0.0195575023548206
0.0165894973098948
0.0135583027650696
0.0122280208327049
0.0109724420119098
0.00976573939845577
0.0128185737666574
0.0123789057986876
0.0122903079608331
0.0126272468732918
0.0133847043327594
0.0145985781248337
0.0162261662026341
0.0182247898881042
0.0205962821971364
0.0231911658997846
0.0259603496455558
0.0288385915819389
0.0316816777848111
0.034493969218285
0.0371425680260781
0.0395705015883736
0.0416870562508816
0.0434998222087081
0.0449028342863928
0.0459105490895453
0.0465719568797197
0.0469543071078525
0.0470379351515622
0.0468649967058614
0.0465383579254387
0.0462332025160007
0.0460052260750049
0.0098648166284784
0.0103265468157012
0.0112409592279826
0.0126049324375894
0.0141932533142312
0.0161270682127737
0.0185735278397337
0.0211354153291386
0.0235791253643295
0.0264710953253265
0.0296323457441689
0.0327977286456295
0.0356073771569599
0.0379144469309091
0.0403278933974447
0.0424721956626441
0.044339194688993
0.045825285454368
0.0469350617917097
0.04762685140541
0.0481069922060543
0.0484860685985844
0.048733113319682
0.0488381082813157
0.00796059424438442
0.00633946773878387
0.00506012763381903
0.00390227441979098
0.00300786095372884
0.00217143458624584
0.0014699753588592
0.000977743683857898
0.000583998363013781
0.00025240138095998
2.82483504992315e-05
-0.000101693984143404
0.0227568884324936
0.0212215147577886
0.0193609792368503
0.0171547413047429
0.0151182144530697
0.0134558401124091
0.011875508771581
0.0103942988959555
0.00908503672190243
0.00784448512873679
0.00666032529676021
0.00560170513328673
0.00469005475313788
0.00376410671818659
0.00282427198833302
0.00198504389844291
0.00128037477781752
0.000676815850408788
0.00016654394198134
-0.00024083721090828
-0.000536220671194361
-0.000730105432122883
-0.000842727848224102
0.0228852448099416
0.0215990682253705
0.0200873302727705
0.0182770063802496
0.0163787264052435
0.0146336137574698
0.0130867454521256
0.0117060864392428
0.0104914877373958
0.00943479348061724
0.00852330198316399
0.00777321768768661
0.0071255201357033
0.00658554212868471
0.00618429329676413
0.00591111805585925
0.00575071613428012
0.00569750868841188
0.00575159774917369
0.0059100992272969
0.00617149921295382
0.00653353295677618
0.00698328914604913
0.00754435746508054
0.00832223196005059
0.00926764186309022
0.010300814615665
0.0113983519424417
0.0124866513714256
0.0135352482041856
0.0145231293161058
0.0153556747794517
0.0160564364832807
0.0165074149571175
0.0167629351011395
0.0142463120320927
0.0125999939638981
0.0106022150429254
0.0150951555353126
0.0146588277563364
0.0144351856928594
0.0091755887235644
0.00781103640719996
0.0066077117299826
0.00557666042548559
0.00480764849335079
0.00416945574066903
0.00369040496075644
0.00337620813774495
0.00321920740600201
0.00916243323414028
0.0080540604420684
0.00717823912005495
0.00650858761210688
0.00726690846171024
0.00813745380333042
0.00925710491265097
0.0106146215155098
0.0121605986622063
0.0139846363437269
0.0160678737137884
0.0183975802097054
0.0209548817955278
0.0236743800213879
0.0265076700186436
0.0293545734774798
0.0321062935532795
0.034646680771535
0.0369483009710221
0.0392167587653451
0.0414414688450406
0.0433479076416513
0.0449271428997411
0.0461530755050493
0.0470264424915538
0.0476146619787916
0.0479947523280555
0.0482154906517749
0.0483293217738706
0.048377732056535
0.00529158599987206
0.00435798306356057
0.00366793504018383
0.00298228727445875
0.00266610957348934
0.00244088996504416
0.0212327574105923
0.0227289106053009
0.0248758073011304
0.0275330833324552
0.0304320640354992
0.0333733732085817
0.0361857682018496
0.0387325262597594
0.0409049466057381
0.0424784147616714
0.0431675069973984
0.0428086716836734
0.041107454855224
0.0375647676321901
0.0324498387516497
0.0266913972103777
0.0212729547387729
0.0166607912853321
0.0129008924479629
0.00988614706521419
0.00748131760502267
0.00556082471014897
0.00403532412016617
0.00284035892125275
0.00191997551651816
0.00123058923113287
0.000741550059044516
0.00043077536152116
0.000275249419866522
0.0218126481805694
0.0235165071770696
0.0256001519835488
0.0279537558880783
0.0304620666265807
0.0328210056686767
0.0350614184760616
0.0374059787926343
0.0396301097369088
0.0413975014863706
0.0426661820614054
0.0434814832506603
0.0436803653575113
0.0429136793410135
0.0407881197240822
0.0371376634706779
0.0321040995370509
0.0265896957506286
0.0214140770065632
0.0168379467621116
0.01323715443156
0.00997987343825295
0.00808604446815596
0.00638882862101629
0.00467559498184292
0.00338280381938825
0.00233385011103367
0.00147652041073354
0.000860210922717923
0.000412521109323139
0.000124710276403137
-2.29543285233151e-05
0.02554506967001
0.0245015071746241
0.0233752218538312
0.0222478373617231
0.0210066211766941
0.0255279859846635
0.0235336203101672
0.0206088774182856
0.018238387318285
0.0159119653474356
0.0136493131395142
0.0118822807097375
0.0102704632522956
0.00862002268227566
0.00693154967211387
0.00556557871791466
0.00433266042395861
0.00322474220197771
0.00223095702173768
0.00135424939011484
0.000590916118422118
-8.17209681445092e-05
-0.000629766250195076
-0.00125860799811855
-0.00180769696544501
-0.00222803526757369
-0.00258101517072671
-0.00286820246267839
-0.00307411509506307
-0.00320174721137744
-0.00327328214996852
0.01968887519927
0.0174234412905733
0.0144534913521953
0.020527322911243
0.0196694634606561
0.0184880985072997
0.0170584005412448
0.012877270873479
0.0117482553644277
0.0109034084505875
0.0134154701157857
0.0124411006889571
0.0114100981250326
0.0105778606274236
0.00946112795028724
0.01051473899203
0.00966971494196745
0.00849921637226918
0.00725866063137798
0.0100397868357462
0.00924097826698929
0.00842625312191539
0.00665683387372018
0.00597485293067298
0.00524655725124605
0.00460518160005543
0.00395028194997358
0.00330252039975218
0.00271105853705388
0.00211400737543666
0.00153887184373696
0.000998544719428039
0.000494540348770901
-4.10108060139558e-05
0.00656981498373079
0.00585469249216894
0.00509468145272346
0.00453292528188285
0.0038178656063745
0.00327164223009603
0.0026225104141637
0.00198724125043543
0.0014480809855308
0.000930902758607035
0.000421063321213195
-7.36991743958274e-05
-0.000508121719104273
-0.000911921895531397
-0.00135603044948783
-0.0017471793095287
-0.00214378283874075
-0.00247732578339511
-0.00278653341676301
-0.0030597659688604
-0.00327809638225656
-0.00346005094087229
-0.00360123389154787
-0.00368763099835832
-0.00373114806760202
-0.000295533018537786
-0.000527777636498729
-0.000726834862443258
-0.000871518234235762
-0.00100152683612838
-0.00108095512924075
-0.00112502211043078
-0.000274909471573099
-0.000494985899601912
-0.000713173516413749
-0.000919008784120232
-0.00112779243852247
-0.00134596998623822
-0.00156893603341399
-0.00179631047892853
-0.00202149878511207
-0.00223860595961862
-0.00245369031670169
-0.002659463269026
-0.00284428807156613
-0.00299740304694784
-0.00311688526015391
-0.00321048735565289
-0.00327529458483737
-0.00330810697185766
0.0080082867779193
0.00750576117398983
0.00689983739683844
0.00620037898604544
0.0054751754435049
0.0047728320997332
0.00409295135097866
0.00343562913220354
0.00280116816091614
0.00218984061451089
0.00160177090059375
0.00103654325404371
0.000493728916863527
-5.34951214757692e-05
0.00810055055990956
0.00775993446194048
0.00741317141865446
0.00706759337335175
0.00676252610662165
0.00646485239476891
0.00617790034740793
0.00591148860980493
0.00566070132733626
0.00540432252953755
0.00514007721336985
0.00489386622927963
0.00468726798754201
0.00451654791481858
0.00438608374956974
0.00428251673329287
0.00421579950312661
0.0041783638414577
-0.000427217019747413
-0.000770852626905358
-0.00109069688877826
-0.00143909459293921
-0.00175352006831158
-0.00202836879483723
-0.00235744046332386
-0.00274556275025271
-0.00311315664721687
-0.00342718574080119
-0.00369240328383695
-0.00392329152168339
-0.00413233466896272
-0.00431360893531532
-0.00445767536413068
-0.00455879867803992
-0.00462575395084532
-0.00466310732964694
-0.000297149487691798
-0.000512084405677501
-0.000702268439040731
-0.000872792975420616
-0.00102908673122642
-0.00117425579562631
-0.00130358462938519
-0.00140903677837828
-0.00148798171893272
-0.0015404217674672
-0.00156740165441414
0.00868051335068077
0.00781602257734972
0.00687903617748265
0.00600308064603396
0.0051869087649158
0.00439072845989744
0.00364837332752065
0.00289247516851328
0.0021825510141644
0.00150863123425313
0.000829302719474711
0.00893162862445766
0.00833527919169101
0.00781577241087541
0.00726508344584183
0.00682600105567413
0.00634271541091694
0.00594480550641278
0.0056093228705635
0.00529751807655194
0.00511976562330563
0.00494808122862503
0.00483977748895897
0.00478532177740473
0.00054546795605102
0.000302523923387965
9.34959864571108e-05
-0.000110028044442232
-0.000272319511091246
-0.000409344391959293
-0.000506143364114405
-0.000578420686737616
-0.000620837827348723
0.000407351104171977
5.26873195655069e-06
-0.000379169939883768
-0.000749501556895696
-0.0011086864397695
-0.00145487392866279
-0.00178809344516903
-0.00211429927982449
-0.00242604190986545
-0.00272079150534639
-0.00301134413251831
-0.00328198392287564
-0.00353219752073482
-0.00376718395322519
-0.00398595167799298
-0.00419542528795972
-0.0043902954512534
-0.0045575985909597
-0.00468616358253875
-0.0047858894429687
-0.00485473576463434
-0.00488933532901795
0.0163148836286114
0.0153851591991882
0.0143573335002595
0.0133291843256529
0.0123221660721792
0.0113176173355516
0.0102410460262872
0.0092261715924426
0.00851169765734715
0.00762649645417381
0.00664031110958479
0.00581236246810129
0.00499012147641738
0.00415467047307701
0.00339141235434147
0.00262455043698554
0.0164280867112136
0.0157028199319989
0.0149412112602453
0.0141755785616484
0.0133978689817141
0.0125978898967504
0.0117592817068053
0.010880971360672
0.0100133611730405
0.00921066033712347
0.00851094833580389
0.00792021533186786
0.00738274229413036
0.00675995803284573
0.00211428789998208
0.00152748509744562
0.000979470761752502
0.000496501193759046
1.66167491384202e-05
-0.000397878669401739
-0.000770305522642008
-0.00116585061848504
-0.0014713245439306
-0.00174318227347877
-0.00196889795790551
-0.00216224654878431
-0.00231560160022208
-0.00242947976009627
-0.00250650613069574
-0.00254673443290202
0.00220125252324553
0.00179726719513319
0.00139040045559955
0.00103371074041682
0.000729989230693899
0.000422937619958081
0.000155310919625819
-6.35962877943181e-05
-0.000243073540721664
-0.000397227854367037
-0.000532525559036008
-0.000646556400002327
-0.000731918792750911
-0.000779198240724569
0.00629041926549162
0.00588967154660923
0.00552333325317215
0.00516684223081753
0.00483589132505432
0.00452616766127078
0.00425160432266899
0.00399710353641805
0.0037493530908107
0.00351954677796029
0.00331850366445852
0.00314253131820561
0.00298094462987592
0.00282552547523709
0.00660238012325915
0.00645553717852137
0.00634272764502864
0.00624343800253352
0.00614650903524513
0.00607671570281266
0.00604108595777727
0.00603169111917014
0.00605115464164752
0.00609791343563097
0.00617058460600213
0.0062569835151492
0.00636722187520693
0.00649428353489724
0.00663377988501372
0.00677304333874041
0.00691304451487971
0.00705689567042718
0.00719177812060713
0.00731429883229056
0.00742395194399921
0.00751973488602616
0.0076018015959325
0.00767257983580322
0.00773940992092974
0.00781659474511697
0.00792191169522953
0.00807553002987074
0.00831309513798098
0.00866673250626174
0.00920461987640356
0.00274111853355472
0.00266276068244385
0.00259053638160987
0.0025250491717861
0.00246773003578476
0.00242303441302624
0.00239106441773248
0.00236462548048266
0.00234236575431453
0.00232548594222955
0.00231220136438512
0.00230231700463055
0.00229498443574933
0.0022902625887204
0.0022893070244899
0.00229264136683863
0.00230280202387208
0.00232364462224185
0.00235824662357731
0.00240844843636254
0.00247916782058127
0.00258174524003822
0.0027216137895941
0.00289862210612012
0.0031215668091186
0.00341280215611786
0.00275411306543507
0.0027025040745256
0.00266844620410714
0.00425047477744712
0.00540390661833619
0.00686368822259182
0.00850133341209796
0.0102266668183801
0.0120821726043996
0.00293493728735851
0.00242273338107603
0.00211209970741253
0.00191737770745453
0.0137109660816659
0.015062142475671
0.0160093263215363
0.016523818846478
0.0125324519188894
0.0128497896148939
0.0130088250939877
0.00996755158576929
0.0109740740823218
0.0121659532240581
0.0136260431217571
0.015468177640331
0.01762362599716
0.00923206622122783
0.00949260282375842
0.0100033424688505
0.0107800902603892
0.0118523106139449
0.013129279545083
0.0148325724432993
0.0167709514778268
0.0190411995668182
0.0215955371070112
0.024298073279983
0.0271883930054726
0.0300915722176022
0.0330586238597394
0.0359388006224177
0.0385857011270767
0.0411901208839687
0.0203718628784851
0.0228867254331998
0.0256049148467654
0.0282400950603642
0.0310018835033727
0.0336725732306065
0.0362225265870934
0.0386057786539178
0.0407945945902157
0.0427129664756834
0.0443955715418192
0.045823659951472
0.046964655583888
0.0478154281636067
0.0484154193871647
0.0488209400039153
0.0490811177083417
0.0492331510942431
0.0493049043763027
0.0171951980207333
0.0169688166902101
0.0168575786317555
0.0168263209596413
0.0168290006796073
0.016837801289517
0.0431067263565857
0.0449080958974237
0.0463492323628799
0.0473534543495094
0.0480567729706556
0.0484709353051664
0.0486696400726077
0.0425680974833458
0.0437366117402721
0.0445356499215142
0.0449270780253527
