0.05
0.0420682359987339
0.0413949767025804
0.0407161227867904
0.040873646551602
0.0394319142298246
0.0383064799017938
0.0419462215879778
0.0406570773788878
0.0390015957981699
0.0385782808038743
0.0388588457942243
0.03942420470026
0.0405899788919065
0.0423698844434084
0.0420488325005255
0.0397124180691915
0.0380374696750478
0.038027050197474
0.0391160349489802
0.0404934140332175
0.0408787625516069
0.0411264204865044
0.0414284509437142
0.0419589741897859
0.0429520968928511
0.0440465493688784
0.0446663493534295
0.0445559808928037
0.0433768732558962
0.0405123538668033
0.0350048295855358
0.0418688291818711
0.0407701820255059
0.039378796913633
0.0383478843750093
0.0376200912087029
0.0371855361628259
0.0369819529104932
0.0369458527754585
0.0402130449079895
0.0405215601312046
0.0415430521619569
0.0429965913344775
0.0450247960270239
0.0407522576859965
0.0410624125033959
0.0416125347586312
0.0456999997084431
0.0463236186334311
0.0467478190194761
0.0468652314526282
0.0466154666909909
0.0458081480201799
0.0443513270911532
0.0419167557610231
0.0381494997527259
0.0335993327699531
0.0286428087847331
0.0239494954654646
0.0197192508338555
0.0162457895824329
0.0134667183747168
0.0111207058127287
0.0092311903876512
0.00764052597980592
0.00624886560430871
0.0050565782319975
0.00409284662913541
0.00333246977930358
0.00275391721610636
0.00232669818557601
0.00192011170484688
0.00154208011578876
0.00123974944982658
0.000996836666588943
0.000814636378408467
0.000674436650434394
0.00057076617097895
0.000498813113466602
0.000453407799890254
0.000430759415322628
0.0461155582113436
0.0468763458708075
0.0475787426731925
0.0481822997253565
0.0486135923074198
0.0489056065787264
0.0491071470502699
0.0492120668050621
0.0492692304394681
0.049297460733774
0.0493075410964415
0.0420177998595676
0.0426733955078651
0.043650246910257
0.0425238411590198
0.044083635030594
0.0457792960609608
0.0439450326211786
0.0442731233080039
0.0446378485719548
0.0442220247151702
0.0451848336324791
0.0462476606222483
0.0468041920612383
0.0470257259689487
0.046836500320931
0.0459181047255894
0.0442234655509707
0.0415831944437627
0.0374854383638747
0.032694956987122
0.0278195342245196
0.0237440641608573
0.0208514610174717
0.0190562392408842
0.0180741678751777
0.0450060242040292
0.0453784789986785
0.0453619566254734
0.0441956146286948
0.0409576270038531
0.0336312154359211
0.0451458446680554
0.0456144212254795
0.0460858108801509
0.028758045859535
0.0229328154989004
0.0178665657051687
0.0138132590249426
0.0105313056802668
0.00802973174179575
0.00619791243918854
0.00477850527546057
0.00363499993439498
0.00273350488471662
0.00204970795861491
0.00154606699252994
0.00117618392551301
0.000899194708285242
0.000691005219721728
0.00053586581550136
0.000421911198315223
0.000338577042525079
0.000276769382707275
0.000232943197182969
0.000199758846790725
0.000176208636958491
0.000159423610898266
0.000146912848702934
0.00013993324132954
0.000133538153868191
0.000129445126912637
0.000126568750682726
0.000124647492012861
0.000123424572332091
0.000122592579600922
0.000122048024381933
0.000121775069930502
0.000121600932842623
0.0287817216532421
0.0235091461593207
0.0189360358823365
0.0146483376093895
0.0111460251096037
0.00843350287494693
0.00645327113807501
0.00484941023391723
0.00365649897120871
0.00274929305775048
0.00207273216831745
0.00156246046479946
0.00117767235057118
0.000894894135741814
0.000689249824858242
0.000531054875391444
0.000416171344401656
0.000335375612648524
0.000277234876499964
0.000234794495732455
0.000205026766955547
0.000186296274311862
0.000177065241211914
0.0467557515163969
0.0471932282134531
0.0473491777499667
0.047190054547419
0.0466736160261089
0.0457096246373872
0.0441548148903972
0.0419804536793499
0.0393609663684286
0.0365911222458026
0.0340633838144764
0.0321631366081395
0.0311180379201541
0.0466981395692787
0.0471320120572429
0.0473118937135491
0.0471633833014102
0.0466031222684931
0.0454916835895387
0.0437122995966924
0.0410279010551297
0.03681333045038
0.0312733360282112
0.0254583748511443
0.0203744442565288
0.0162345677018631
0.0128010136732666
0.0101118106802505
0.00804228585634266
0.00655473375568739
0.00551920597006721
0.00471145177007709
0.00383778376064287
0.00298144962721409
0.00235817068990476
0.0018076327818022
0.00141593076214926
0.00110847872564709
0.000857400840363504
0.000659812747296438
0.000512822785358394
0.000408819361398038
0.000336208984619702
0.000282872541613797
0.000242418405818816
0.000214604938649215
0.000193480742462223
0.00017700058536444
0.000166894459670218
0.000161833510588743
0.0464033128552489
0.0468375132342586
0.047081042599923
0.047110653258355
0.0468700402303576
0.0461869860159101
0.0449812967082992
0.0432113916632037
0.0402555881457013
0.0363820216493428
0.0331149863080077
0.0277447962737753
0.0241864421440087
0.0199819015465207
0.0159877120448082
0.0132462097984121
0.0116117531400002
0.0100557058023029
0.00881015549982027
0.00793519038040845
0.00735197290565317
0.00707761557037549
0.0464056756813473
0.0469121071187252
0.0472741924705651
0.0474534207712427
0.0474055503308934
0.0470991768675945
0.04647895532376
0.0453718210990546
0.0438742746901953
0.04161233363841
0.038448084515914
0.0347365465741818
0.0290779982693094
0.0235603748579329
0.0189766214904156
0.015257427323072
0.012367207738882
0.0100585705516954
0.00835193692855452
0.0067983449294062
0.00556146085362955
0.00464082356982372
0.00396551024086389
0.00347725772702753
0.00317228647325057
0.00301410192516288
0.0381503116260499
0.0380837912472989
0.0381530337959974
0.0377472970284079
0.0374855698316136
0.0375240441549564
0.0383039668283768
0.0385382078852248
0.0388973860445748
0.0380083241955257
0.0385549050167421
0.0399347328997972
0.0415040921100517
0.04292083106194
0.0443198620770203
0.0456243477719716
0.0466424571039653
0.047262197639039
0.0475053436182394
0.0472885697508135
0.0464949945464241
0.0447610955672804
0.0409309090879865
0.0342576081866538
0.0279005050554417
0.0209248217120061
0.0161967544725771
0.0122634477384119
0.00941571954436563
0.00702642544676426
0.00524996403475494
0.00397331118764163
0.00299338604977374
0.00225037751398976
0.00169736459236816
0.00128067639702178
0.000989749886253443
0.000775839965795398
0.000599021727573567
0.000481214370114623
0.000404562298628589
0.000357216957152913
0.000333652246338016
0.0392772726138664
0.040366347838619
0.0419128197022496
0.043593986484821
0.0451303213899996
0.0464602854323558
0.0475179262938875
0.0483068873152335
0.0488194825301264
0.0491332543095585
0.0493075435522316
0.0493933402157709
0.0494285892341173
0.0406541545451159
0.042425047776929
0.0444945845559545
0.0452585633415179
0.0459391350563783
0.0465064752343943
0.0453277232840652
0.046062182364942
0.0466176909134461
0.0467014736533998
0.0461730862377054
0.0447105648492299
0.0419043293445689
0.0374812435256022
0.031753162581505
0.02596946512124
0.0208090429827879
0.0164904957223728
0.0130545201897089
0.0102780521473258
0.00809686134893463
0.00638176327786447
0.00505105738440996
0.00399061944919648
0.00318365246234503
0.00257151212572056
0.00209675103230604
0.00168891518948762
0.00136060555423084
0.0011161426114341
0.000945369152790149
0.000846208259847746
0.000790504133386154
0.04673913179414
0.0464623152010539
0.0453420145115989
0.0429183900737012
0.0392216050150807
0.0341308777579751
0.0279943264205951
0.0226797080712172
0.0186225886692861
0.0148168125082534
0.0115552135067496
0.00896366030565709
0.00708007101118229
0.00575982127137997
0.00455829407957039
0.00360757483619956
0.00284351732629954
0.00225701360712963
0.00181510280856866
0.00152731444405685
0.00131461888590314
0.00113218783796122
0.00100220990938909
0.000943228604862731
0.0468320820629248
0.046659569974177
0.0459257177545599
0.0443551455337369
0.0420116197963048
0.038318534021474
0.033730590368988
0.0297024648467633
0.0260671264279688
0.0228362005164741
0.020621258187526
0.0193365676955786
0.0377955688141885
0.0384883670335946
0.0396015529703237
0.0411288087250723
0.0426404782636524
0.0438855027184404
0.0450178681918255
0.0459653651238415
0.0466470682955752
0.0470918099675191
0.0472455583970124
0.0470301849432064
0.0463944573757441
0.045053664131829
0.0426251286060401
0.0390933849913344
0.0348924435755306
0.0304563411685135
0.026289880057896
0.0228377877502232
0.0203289194098495
0.0186972771614995
0.0177596119390355
0.0376537698922231
0.0381074540647279
0.0389074948748415
0.0401061056066142
0.0415445485712633
0.0429584351660569
0.0442185907745238
0.0452732039437516
0.046055308206044
0.0465120112159077
0.0465858900280363
0.0462085048992638
0.0452113433416087
0.0432749821090239
0.0402208481288186
0.0361412308698454
0.0314275791617146
0.0266176209980967
0.0221769112170667
0.0183865074894153
0.0152183341875971
0.0126150996248771
0.0105552550222627
0.00886759443562029
0.00727217433880862
0.00585814784589883
0.00470510094032905
0.0037740746326531
0.00305337964974892
0.00249424864734894
0.00205769947628316
0.00174195389565561
0.00150690773423854
0.00136785128812012
0.00129324110397785
0.0432200294627409
0.0441443542072602
0.0450411258373311
0.0426349266510032
0.0428536490466722
0.0429716256363089
0.0462665169346107
0.0468989979520967
0.0468395840282115
0.046006072923573
0.0445110889276881
0.0422611483353778
0.0396538674077973
0.0373917934001283
0.0360754165451699
0.0444246772657954
0.0423959451896755
0.0378967250802369
0.0301142369102864
0.025734601956383
0.0217768099303263
0.0179961672395499
0.0147293593511378
0.0120902923988077
0.0098685309515624
0.00804341070778581
0.00654898810353641
0.0053204588192001
0.00431549937835185
0.00348707487379323
0.00281142026787993
0.00227114926218482
0.00185271664669379
0.00152965887790904
0.00125338007752451
0.00101167777793752
0.000819898233815954
0.000666617514555683
0.000546346283996375
0.000455351452435386
0.000387152257186453
0.000335893302642252
0.000300035358823205
0.000277557564333227
0.000266275112077249
0.0262861853896076
0.022814084101255
0.0200961137361414
0.0173483788916236
0.0160870207242936
0.0151954679133521
0.0317984976939346
0.0272357895437475
0.0221368979762214
0.0174026610647111
0.0135135605053479
0.0104511767833535
0.00807641399196454
0.00623214481698834
0.00477091799651105
0.00362393211468252
0.0027662944896819
0.00213546159219905
0.00163854346329897
0.00124598577972856
0.000954385873790472
0.000735459137936357
0.000571276877442454
0.00044915234644437
0.000359018370249626
0.000292950416236409
0.000244728243769115
0.000209545086777845
0.000184047206439255
0.000165813867556972
0.00015294903978108
0.000144059922243415
0.00013817712618175
0.000134634473685258
0.000132923002720045
0.0303665694546039
0.0256121628998145
0.0208867552977871
0.0167522099657137
0.0133378110234227
0.010768470383325
0.00874213568906226
0.00694330711074862
0.00544951736994188
0.00433842328130207
0.00351347779635869
0.0028421997698931
0.00227204366495968
0.00175616676500734
0.00134573624982389
0.00104001804867867
0.000808197426030457
0.000633629420348313
0.00050134866929625
0.000398901959802955
0.000325703488582906
0.000265295682344107
0.000232759794499785
0.000205631824728398
0.000180792390500042
0.000164003923630638
0.000151652879276837
0.000142460905926312
0.00013639398789537
0.000132301481787191
0.000129820146326445
0.000128596564423755
0.0371699792808112
0.0377571308186474
0.0385928420033748
0.0395085641320865
0.0404812000564456
0.0369261911260891
0.0373454282292301
0.038337176518637
0.0393782024737044
0.0406095389957072
0.0419708607775426
0.0431062264799924
0.0441550046921898
0.0451859881732761
0.0461230468555574
0.0467066256938196
0.047006458172262
0.0469826240555164
0.0465692786263665
0.0456648242136968
0.0441431147886497
0.0418275439203531
0.0389239728710142
0.0342958460776775
0.0293403583114879
0.0251931384150284
0.021609331979783
0.0187006742964989
0.0166456848109486
0.0153905659093621
0.0146951404288289
0.0406477098672788
0.0406039861254976
0.0397106965365992
0.0416121358200411
0.0431211658500121
0.0446693066965633
0.0459033984008387
0.037392109881935
0.0349323872005193
0.0325212233745764
0.0408941200377489
0.0402264124177281
0.0377176436015851
0.0343782959377889
0.0284924437730553
0.0316636850702471
0.0282459897870202
0.0228565170008818
0.0172786610084332
0.0290398405798224
0.0252832399074495
0.021300867234274
0.0145419525879728
0.0118967495251942
0.00949688454287464
0.00770069890650679
0.00614415368217254
0.00484848202379913
0.00385026087506689
0.00299938620904359
0.00230705669214317
0.00175214066319665
0.00130296987622301
0.000881795342380602
0.0145969333936559
0.012166659218196
0.00993483814426896
0.0084928576211905
0.00689600436342788
0.00583370998356992
0.004736208871338
0.00381684741267169
0.00314408263392851
0.00258378790974837
0.00210569666370156
0.00170707626329157
0.00140774177153141
0.00116970811077897
0.000945943952726824
0.000775214097617284
0.000624956239121961
0.000514630184919998
0.000424623512311492
0.000354204849365092
0.0003036220734474
0.000265182148778926
0.000237597299247191
0.000221620449783601
0.000213838731153491
0.000707156409319357
0.000571446956933021
0.000470620500483623
0.000404984022685591
0.000351324391083611
0.000320670540683497
0.000304391040112787
0.00070482453002351
0.000567456156907639
0.00045912623681625
0.000379617456184168
0.000317709910159972
0.00026885275661195
0.000231465882584738
0.00020290596648875
0.000181540798899381
0.000165727345173819
0.000153542854201064
0.000144359572517914
0.000137720027111034
0.000133149891354399
0.000130078746374873
0.000127945883649647
0.000126599389146343
0.000125956210898711
0.0197103500606684
0.0179396752031845
0.0159922716111378
0.0139535558314755
0.0120378912960625
0.0103596324343311
0.00888909097810633
0.00759942331068905
0.00646671235624871
0.00546959215825111
0.00458891809425951
0.00380702761390251
0.00310829932818978
0.00244687382743912
0.0193118986017551
0.017333019158657
0.0154339173868031
0.0136586982726841
0.0121923352917051
0.0108580042885548
0.00966545681056759
0.00864065147247993
0.00774370453412559
0.00688473795644374
0.00604925024884962
0.00530916164514512
0.00471446792263908
0.00424088509022116
0.00388982594752227
0.00361788262824134
0.00344564985761382
0.00335009286723784
0.00209576435628295
0.00180850657876246
0.00156712550593606
0.00133171886749383
0.00114475371049181
0.00100149494951453
0.000851677361913478
0.000697780479468534
0.000570204474454419
0.000473957871687649
0.000401327021461391
0.000344275600801212
0.000297412174482834
0.000260315154590907
0.000233081719414185
0.000215102497610985
0.000203711537105241
0.000197545389276779
0.00210355735027255
0.00182008992118426
0.00158480806298002
0.00138648408369838
0.00121511805920366
0.00106437759821637
0.000936284584165631
0.000835868392888243
0.000763010636028866
0.000715709775051835
0.000691722914502474
0.0247959791517564
0.0208011679968366
0.0168806396497972
0.0136990715208946
0.0111467025287897
0.00900455224221705
0.00727801732171213
0.00575354468955438
0.00450321060657936
0.00345209338823045
0.00249851932989957
0.0248064624728771
0.0206794587889481
0.0173386247038162
0.0141442911568311
0.0118571166225559
0.00960182857950036
0.00792804063712416
0.00663496628358679
0.00552505023959227
0.00492569029108968
0.00437198496240668
0.00403411103213316
0.00386758547546314
0.00201746874597204
0.00165366921100201
0.00137189786599713
0.0011236550199587
0.000942441564016474
0.0008005293386555
0.000705931405423499
0.000638400338279317
0.000600051608551065
0.00204686611921814
0.001676885842149
0.00137444622144755
0.00112684413484194
0.000924073753676804
0.000759981121868294
0.000627892053155443
0.000520262814165807
0.000434893587106922
0.000367802030445041
0.000312868880345524
0.000270286765057867
0.000237384835278617
0.00021156392284962
0.000191427482290863
0.000175109977410696
0.000162060644166835
0.000152288342904855
0.000145582511994566
0.000140834576744064
0.000137778281786335
0.000136308140920449
0.0462530970843434
0.0461896179442093
0.0455470157158871
0.0441699092537146
0.0418712841092256
0.0384418717744273
0.0336011106059629
0.0284821731388535
0.024918686224935
0.0207652872833448
0.0166572787056482
0.0136547509854073
0.0110517737209135
0.00874920636706946
0.00690035640949674
0.00524107153495506
0.0462160795264446
0.046082075441441
0.0454016514853461
0.0440506503976942
0.0417988838995083
0.03838280260839
0.0336977892285527
0.0281388468930495
0.0227048246715802
0.0181107970115116
0.0145290917726743
0.011798012265038
0.0095188676075774
0.00707951657864505
0.00433751136216572
0.00345346528358125
0.00274845481607726
0.0022134226694319
0.00175519307001725
0.00141221774725435
0.00114251548240041
0.000893707428666695
0.000725139725731007
0.000591622610669982
0.000491821711916079
0.000413999386885128
0.000357069196267555
0.00031744712219116
0.000291916032081914
0.000278994939463449
0.00431766559010949
0.00354840483124446
0.00286756054903522
0.00233928427314241
0.00193657342587894
0.00157186385338216
0.00128626767679073
0.00107395654713631
0.000913858507148462
0.000786247197660324
0.000681594330795192
0.000598527217529855
0.000539283473370358
0.000507506900404649
0.00579389651551592
0.00482336671850001
0.00403327437958478
0.00334757547445448
0.00277914224926854
0.00230275048131031
0.00192237478232249
0.00160305378080048
0.00132130604300477
0.00108395298275709
0.000893830362829179
0.000739753304782182
0.000607408766414356
0.000486911482860348
0.00603265137331297
0.00509139672230453
0.0043758353479293
0.00373036460773688
0.00305165767668588
0.00247536308621375
0.00204870335585662
0.00166717022092592
0.00134758861163004
0.00109047651334971
0.000882411008164114
0.000728990791192925
0.000597528634298365
0.000491792134547064
0.000407745954160243
0.000344516239486651
0.000294917924540559
0.000254300687756026
0.000223152426085278
0.00019927610036626
0.00018071282783793
0.000166273159299247
0.000155117299494925
0.000146633712194412
0.00014019496154789
0.000135180342406437
0.000131369807793616
0.000128547319898861
0.000126337733126041
0.000124608718111288
0.00012312699942058
0.000425102504492799
0.00037035184012694
0.00032191466688688
0.000279487223077004
0.000243356264843449
0.000215707206373173
0.000196138686189855
0.000180045155406116
0.000166525608623443
0.00015627162669415
0.000148168701153641
0.000142025140884884
0.000137141339364213
0.000133109022523404
0.000130141560507717
0.000127975053995208
0.000126156235239631
0.00012473951691666
0.000123709990220546
0.00012298060708677
0.000122439900888663
0.000122015948946718
0.000121698714938437
0.000121469949781213
0.000121298912530672
0.000121161561464604
0.000431544641615385
0.000393470934883606
0.000369287100259703
0.000121085505326104
0.000121024261554725
0.000120977494481285
0.000120944961809574
0.000120923245170368
0.000120907488469772
0.000121078438231757
0.000121010045458226
0.00012097538902996
0.000120956346440867
0.000120900379571965
0.000120896545303109
0.000120894603064998
0.000120893748239665
0.000120901146324083
0.000120897839122925
0.000120896461441519
0.000122451278958862
0.000121974869167066
0.000121653387334444
0.000121415237926764
0.00012122783325218
0.000121081497131391
0.000122465172655079
0.000122010772656432
0.00012168353061532
0.000121448895129497
0.000121280087031581
0.000121167177174407
0.000121080341923514
0.000121022192258062
0.000120980892657209
0.000120952162681765
0.000120932780966109
0.00012091923179299
0.000120910114159077
0.000120903754340959
0.000120899453043358
0.00012089658933566
0.000120894447856443
0.000121020706737058
0.000120983242983495
0.000120955389721322
0.000120936461851522
0.000120922411475457
0.000120912707080932
0.000120905986946208
0.000120901356181983
0.000120898159463784
0.000120895995802893
0.000120894488296761
0.000120893441427092
0.000120892731957305
0.000120892264221879
0.000120891960432789
0.00012089176474845
0.000120891642040787
0.000120891570867646
0.000120891537300678
0.000121018968376077
0.000120979854060537
0.000120952130612932
0.000120934944907808
0.000120925050092535
0.000120920313193002
0.000120893359389313
0.000120892588741434
0.000120892100524035
0.000120891815176233
0.000120891639649389
0.000120891544734504
0.000120891501416452
0.000120893291556164
0.0001208925321786
0.000120892108041974
0.000120891925420515
