4.40135793285119e-05
4.40135793285119e-05
4.40135793285118e-05
4.40135793285119e-05
4.40135793285119e-05
4.40135793285119e-05
4.40135793285119e-05
4.40135793285119e-05
4.40135793285119e-05
4.40135793285119e-05
4.4013579328512e-05
4.4013579328512e-05
4.4013579328512e-05
4.40135793285121e-05
4.40135793285121e-05
4.40135793285118e-05
4.40135793285118e-05
4.40135793285117e-05
4.40135793285117e-05
4.40135793285117e-05
4.40135793285117e-05
4.40135793285117e-05
4.40135793285117e-05
4.40135793285118e-05
4.40135793285118e-05
4.40135793285118e-05
4.40135793285119e-05
4.40135793285119e-05
4.40135793285119e-05
4.4013579328512e-05
4.4013579328512e-05
4.4013579328512e-05
4.40135793285118e-05
4.40135793285118e-05
4.40135793285118e-05
4.40135793285118e-05
4.40135793285118e-05
4.40135793285118e-05
4.40135793285118e-05
4.40135793285118e-05
4.40135793285119e-05
4.4013579328512e-05
4.4013579328512e-05
4.40135793285121e-05
4.40135793285122e-05
4.40135793285119e-05
4.40135793285119e-05
4.40135793285119e-05
4.40135793285122e-05
4.40135793285122e-05
4.40135793285123e-05
4.40135793285123e-05
4.40135793285123e-05
4.40135793285123e-05
4.40135793285124e-05
4.40135793285124e-05
4.40135793285124e-05
4.40135793285124e-05
4.40135793285124e-05
4.40135793285124e-05
4.40135793285124e-05
4.40135793285124e-05
4.40135793285124e-05
4.40135793285124e-05
4.40135793285124e-05
4.40135793285124e-05
4.40135793285124e-05
4.40135793285124e-05
4.40135793285124e-05
4.40135793285124e-05
4.40135793285124e-05
4.40135793285124e-05
4.40135793285124e-05
4.40135793285124e-05
4.40135793285123e-05
4.40135793285124e-05
4.40135793285124e-05
4.40135793285124e-05
4.40135793285124e-05
4.40135793285124e-05
4.40135793285124e-05
4.40135793285124e-05
4.40135793285123e-05
4.40135793285123e-05
4.40135793285123e-05
4.40135793285124e-05
4.40135793285124e-05
4.40135793285125e-05
4.40135793285125e-05
4.40135793285125e-05
4.40135793285125e-05
4.40135793285124e-05
4.40135793285124e-05
4.4013579328512e-05
4.4013579328512e-05
4.40135793285121e-05
4.4013579328512e-05
4.4013579328512e-05
4.40135793285121e-05
4.40135793285121e-05
4.40135793285121e-05
4.40135793285122e-05
4.40135793285121e-05
4.40135793285122e-05
4.40135793285122e-05
4.40135793285122e-05
4.40135793285122e-05
4.40135793285122e-05
4.40135793285122e-05
4.40135793285122e-05
4.40135793285122e-05
4.40135793285122e-05
4.40135793285123e-05
4.40135793285123e-05
4.40135793285123e-05
4.40135793285123e-05
4.40135793285124e-05
4.40135793285124e-05
4.40135793285122e-05
4.40135793285123e-05
4.40135793285123e-05
4.40135793285124e-05
4.40135793285125e-05
4.40135793285126e-05
4.40135793285122e-05
4.40135793285123e-05
4.40135793285123e-05
4.40135793285126e-05
4.40135793285127e-05
4.40135793285127e-05
4.40135793285128e-05
4.40135793285128e-05
4.40135793285129e-05
4.40135793285129e-05
4.40135793285129e-05
4.40135793285129e-05
4.40135793285129e-05
4.40135793285129e-05
4.40135793285128e-05
4.40135793285128e-05
4.40135793285128e-05
4.40135793285127e-05
4.40135793285127e-05
4.40135793285127e-05
4.40135793285127e-05
4.40135793285127e-05
4.40135793285127e-05
4.40135793285127e-05
4.40135793285127e-05
4.40135793285127e-05
4.40135793285127e-05
4.40135793285127e-05
4.40135793285128e-05
4.40135793285128e-05
4.40135793285128e-05
4.40135793285129e-05
4.40135793285129e-05
4.40135793285129e-05
4.40135793285129e-05
4.40135793285129e-05
4.40135793285129e-05
4.40135793285126e-05
4.40135793285126e-05
4.40135793285126e-05
4.40135793285126e-05
4.40135793285126e-05
4.40135793285126e-05
4.40135793285127e-05
4.40135793285127e-05
4.40135793285127e-05
4.40135793285128e-05
4.40135793285128e-05
4.40135793285128e-05
4.40135793285128e-05
4.40135793285128e-05
4.40135793285128e-05
4.40135793285128e-05
4.40135793285128e-05
4.40135793285128e-05
4.40135793285128e-05
4.40135793285129e-05
4.40135793285128e-05
4.40135793285129e-05
4.40135793285128e-05
4.40135793285123e-05
4.40135793285124e-05
4.40135793285124e-05
4.40135793285124e-05
4.40135793285124e-05
4.40135793285124e-05
4.40135793285124e-05
4.40135793285124e-05
4.40135793285125e-05
4.40135793285125e-05
4.40135793285125e-05
4.40135793285125e-05
4.40135793285125e-05
4.40135793285124e-05
4.40135793285124e-05
4.40135793285125e-05
4.40135793285125e-05
4.40135793285126e-05
4.40135793285126e-05
4.40135793285126e-05
4.40135793285126e-05
4.40135793285126e-05
4.40135793285126e-05
4.40135793285126e-05
4.40135793285126e-05
4.40135793285126e-05
4.40135793285126e-05
4.40135793285126e-05
4.40135793285126e-05
4.40135793285126e-05
4.40135793285126e-05
4.40135793285125e-05
4.40135793285125e-05
4.40135793285126e-05
4.40135793285126e-05
4.40135793285126e-05
4.40135793285126e-05
4.40135793285126e-05
4.40135793285126e-05
4.40135793285127e-05
4.40135793285127e-05
4.40135793285127e-05
4.40135793285127e-05
4.40135793285127e-05
4.40135793285127e-05
4.40135793285127e-05
4.40135793285127e-05
4.40135793285127e-05
4.40135793285127e-05
4.40135793285127e-05
4.40135793285121e-05
4.40135793285121e-05
4.4013579328512e-05
4.4013579328512e-05
4.4013579328512e-05
4.4013579328512e-05
4.4013579328512e-05
4.40135793285121e-05
4.40135793285121e-05
4.40135793285121e-05
4.40135793285122e-05
4.40135793285122e-05
4.40135793285122e-05
4.40135793285122e-05
4.40135793285123e-05
4.40135793285122e-05
4.40135793285122e-05
4.40135793285122e-05
4.40135793285122e-05
4.40135793285122e-05
4.40135793285122e-05
4.40135793285122e-05
4.40135793285121e-05
4.40135793285122e-05
4.40135793285122e-05
4.40135793285122e-05
4.40135793285122e-05
4.40135793285122e-05
4.40135793285122e-05
4.40135793285122e-05
4.40135793285122e-05
4.40135793285122e-05
4.40135793285122e-05
4.40135793285122e-05
4.40135793285122e-05
4.40135793285122e-05
4.40135793285122e-05
4.40135793285123e-05
4.40135793285123e-05
4.40135793285123e-05
4.40135793285123e-05
4.40135793285123e-05
4.40135793285123e-05
4.40135793285123e-05
4.40135793285123e-05
4.40135793285123e-05
4.40135793285123e-05
4.40135793285123e-05
4.40135793285119e-05
4.4013579328512e-05
4.4013579328512e-05
4.4013579328512e-05
4.40135793285121e-05
4.40135793285121e-05
4.4013579328512e-05
4.4013579328512e-05
4.4013579328512e-05
4.4013579328512e-05
4.4013579328512e-05
4.40135793285121e-05
4.40135793285121e-05
4.40135793285121e-05
4.40135793285122e-05
4.40135793285122e-05
4.40135793285123e-05
4.40135793285123e-05
4.40135793285123e-05
4.40135793285124e-05
4.40135793285124e-05
4.40135793285124e-05
4.40135793285125e-05
4.40135793285125e-05
4.40135793285126e-05
4.40135793285127e-05
4.40135793285127e-05
4.40135793285128e-05
4.40135793285128e-05
4.40135793285128e-05
4.40135793285128e-05
4.40135793285128e-05
4.40135793285129e-05
4.40135793285129e-05
4.40135793285129e-05
4.40135793285128e-05
4.40135793285128e-05
4.40135793285128e-05
4.40135793285128e-05
4.40135793285128e-05
4.40135793285128e-05
4.40135793285128e-05
4.40135793285128e-05
4.40135793285121e-05
4.40135793285121e-05
4.40135793285121e-05
4.40135793285121e-05
4.40135793285122e-05
4.40135793285122e-05
4.40135793285122e-05
4.40135793285122e-05
4.40135793285122e-05
4.40135793285122e-05
4.40135793285122e-05
4.40135793285122e-05
4.40135793285122e-05
4.40135793285121e-05
4.40135793285121e-05
4.40135793285122e-05
4.40135793285122e-05
4.40135793285122e-05
4.40135793285123e-05
4.40135793285121e-05
4.40135793285121e-05
4.4013579328512e-05
4.4013579328512e-05
4.4013579328512e-05
4.40135793285119e-05
4.40135793285119e-05
4.40135793285119e-05
4.40135793285119e-05
4.40135793285119e-05
4.40135793285119e-05
4.40135793285119e-05
4.40135793285119e-05
4.40135793285119e-05
4.40135793285119e-05
4.40135793285119e-05
4.40135793285119e-05
4.40135793285119e-05
4.40135793285119e-05
4.40135793285119e-05
4.40135793285119e-05
4.4013579328512e-05
4.4013579328512e-05
4.4013579328512e-05
4.4013579328512e-05
4.4013579328512e-05
4.4013579328512e-05
4.40135793285123e-05
4.40135793285123e-05
4.40135793285123e-05
4.40135793285124e-05
4.40135793285124e-05
4.40135793285125e-05
4.40135793285126e-05
4.40135793285126e-05
4.40135793285127e-05
4.40135793285127e-05
4.40135793285127e-05
4.40135793285127e-05
4.40135793285127e-05
4.40135793285128e-05
4.40135793285128e-05
4.40135793285128e-05
4.40135793285129e-05
4.4013579328513e-05
4.4013579328513e-05
4.4013579328513e-05
4.4013579328513e-05
4.4013579328513e-05
4.4013579328513e-05
4.4013579328513e-05
4.40135793285123e-05
4.40135793285124e-05
4.40135793285124e-05
4.40135793285124e-05
4.40135793285124e-05
4.40135793285124e-05
4.40135793285125e-05
4.40135793285125e-05
4.40135793285125e-05
4.40135793285125e-05
4.40135793285125e-05
4.40135793285125e-05
4.40135793285121e-05
4.40135793285122e-05
4.40135793285122e-05
4.40135793285122e-05
4.40135793285122e-05
4.40135793285123e-05
4.40135793285123e-05
4.40135793285123e-05
4.40135793285123e-05
4.40135793285123e-05
4.40135793285123e-05
4.40135793285123e-05
4.40135793285123e-05
4.40135793285124e-05
4.40135793285124e-05
4.40135793285124e-05
4.40135793285125e-05
4.40135793285125e-05
4.40135793285125e-05
4.40135793285125e-05
4.40135793285125e-05
4.40135793285125e-05
4.40135793285125e-05
4.40135793285121e-05
4.40135793285121e-05
4.40135793285122e-05
4.40135793285122e-05
4.40135793285122e-05
4.40135793285122e-05
4.40135793285123e-05
4.40135793285123e-05
4.40135793285123e-05
4.40135793285123e-05
4.40135793285123e-05
4.40135793285123e-05
4.40135793285123e-05
4.40135793285123e-05
4.40135793285123e-05
4.40135793285123e-05
4.40135793285124e-05
4.40135793285124e-05
4.40135793285124e-05
4.40135793285124e-05
4.40135793285124e-05
4.40135793285124e-05
4.40135793285124e-05
4.40135793285125e-05
4.40135793285125e-05
4.40135793285125e-05
4.40135793285125e-05
4.40135793285125e-05
4.40135793285125e-05
4.40135793285125e-05
4.40135793285126e-05
4.40135793285125e-05
4.40135793285125e-05
4.40135793285125e-05
4.40135793285125e-05
4.40135793285121e-05
4.40135793285121e-05
4.40135793285121e-05
4.40135793285121e-05
4.40135793285121e-05
4.40135793285121e-05
4.40135793285121e-05
4.40135793285121e-05
4.40135793285121e-05
4.4013579328512e-05
4.4013579328512e-05
4.4013579328512e-05
4.4013579328512e-05
4.4013579328512e-05
4.4013579328512e-05
4.40135793285121e-05
4.40135793285121e-05
4.40135793285121e-05
4.4013579328512e-05
4.4013579328512e-05
4.40135793285121e-05
4.4013579328512e-05
4.4013579328512e-05
4.4013579328512e-05
4.4013579328512e-05
4.4013579328512e-05
4.4013579328512e-05
4.4013579328512e-05
4.40135793285119e-05
4.4013579328512e-05
4.4013579328512e-05
4.4013579328512e-05
4.4013579328512e-05
4.4013579328512e-05
4.40135793285121e-05
4.40135793285121e-05
4.40135793285122e-05
4.40135793285122e-05
4.40135793285121e-05
4.40135793285121e-05
4.40135793285121e-05
4.40135793285121e-05
4.40135793285121e-05
4.4013579328512e-05
4.4013579328512e-05
4.4013579328512e-05
4.4013579328512e-05
4.4013579328512e-05
4.40135793285119e-05
4.40135793285119e-05
4.40135793285119e-05
4.4013579328512e-05
4.4013579328512e-05
4.40135793285121e-05
4.40135793285121e-05
4.40135793285121e-05
4.40135793285121e-05
4.40135793285121e-05
4.40135793285121e-05
4.40135793285121e-05
4.40135793285121e-05
4.40135793285121e-05
4.40135793285121e-05
4.40135793285121e-05
4.40135793285121e-05
4.40135793285121e-05
4.40135793285121e-05
4.40135793285121e-05
4.40135793285122e-05
4.40135793285122e-05
4.40135793285122e-05
4.40135793285122e-05
4.40135793285122e-05
4.40135793285122e-05
4.40135793285121e-05
4.40135793285121e-05
4.40135793285122e-05
4.40135793285122e-05
4.40135793285122e-05
4.40135793285122e-05
4.40135793285121e-05
4.40135793285121e-05
4.40135793285121e-05
4.4013579328512e-05
4.4013579328512e-05
4.4013579328512e-05
4.40135793285121e-05
4.40135793285121e-05
4.40135793285121e-05
4.40135793285121e-05
4.40135793285121e-05
4.40135793285121e-05
4.40135793285121e-05
4.40135793285121e-05
4.40135793285121e-05
4.40135793285121e-05
4.40135793285121e-05
4.40135793285121e-05
4.40135793285121e-05
4.4013579328512e-05
4.40135793285121e-05
4.4013579328512e-05
4.4013579328512e-05
4.4013579328512e-05
4.4013579328512e-05
4.40135793285121e-05
4.40135793285121e-05
4.40135793285121e-05
4.40135793285121e-05
4.40135793285121e-05
4.40135793285121e-05
4.40135793285121e-05
4.40135793285117e-05
4.40135793285117e-05
4.40135793285117e-05
4.40135793285117e-05
4.40135793285117e-05
4.40135793285117e-05
4.40135793285117e-05
4.40135793285117e-05
4.40135793285117e-05
4.40135793285116e-05
4.40135793285116e-05
4.40135793285116e-05
4.40135793285116e-05
4.40135793285116e-05
4.40135793285116e-05
4.40135793285116e-05
4.40135793285116e-05
4.40135793285115e-05
4.40135793285116e-05
4.40135793285116e-05
4.40135793285116e-05
4.40135793285116e-05
4.40135793285117e-05
4.40135793285117e-05
4.40135793285117e-05
4.40135793285118e-05
4.40135793285118e-05
4.40135793285118e-05
4.40135793285118e-05
4.40135793285118e-05
4.40135793285118e-05
4.40135793285117e-05
4.40135793285117e-05
4.40135793285117e-05
4.40135793285117e-05
4.40135793285118e-05
4.40135793285119e-05
4.4013579328512e-05
4.40135793285116e-05
4.40135793285115e-05
4.40135793285115e-05
4.40135793285118e-05
4.40135793285119e-05
4.4013579328512e-05
4.40135793285121e-05
4.40135793285122e-05
4.40135793285115e-05
4.40135793285116e-05
4.40135793285117e-05
4.40135793285117e-05
4.40135793285114e-05
4.40135793285114e-05
4.40135793285113e-05
4.40135793285118e-05
4.40135793285119e-05
4.4013579328512e-05
4.4013579328512e-05
4.40135793285121e-05
4.40135793285121e-05
4.40135793285122e-05
4.40135793285122e-05
4.40135793285123e-05
4.40135793285123e-05
4.40135793285124e-05
4.40135793285125e-05
4.40135793285118e-05
4.40135793285118e-05
4.40135793285119e-05
4.40135793285119e-05
4.40135793285119e-05
4.40135793285119e-05
4.4013579328512e-05
4.4013579328512e-05
4.4013579328512e-05
4.40135793285121e-05
4.40135793285121e-05
4.40135793285121e-05
4.40135793285122e-05
4.40135793285122e-05
4.40135793285123e-05
4.40135793285123e-05
4.40135793285123e-05
4.40135793285124e-05
4.40135793285124e-05
4.40135793285124e-05
4.40135793285124e-05
4.40135793285124e-05
4.40135793285124e-05
4.40135793285124e-05
4.40135793285124e-05
4.40135793285125e-05
4.40135793285125e-05
4.40135793285125e-05
4.40135793285125e-05
4.40135793285125e-05
4.40135793285125e-05
4.40135793285125e-05
4.40135793285125e-05
4.40135793285126e-05
4.40135793285126e-05
4.40135793285125e-05
4.40135793285125e-05
4.40135793285125e-05
4.40135793285125e-05
4.40135793285125e-05
4.40135793285125e-05
4.40135793285125e-05
4.40135793285125e-05
4.40135793285125e-05
4.40135793285125e-05
4.40135793285125e-05
4.40135793285125e-05
4.40135793285126e-05
4.40135793285126e-05
4.40135793285126e-05
4.40135793285113e-05
4.40135793285113e-05
4.40135793285113e-05
4.40135793285113e-05
4.40135793285113e-05
4.40135793285114e-05
4.40135793285114e-05
4.40135793285114e-05
4.40135793285114e-05
4.40135793285115e-05
4.40135793285115e-05
4.40135793285115e-05
4.40135793285115e-05
4.40135793285115e-05
4.40135793285113e-05
4.40135793285112e-05
4.40135793285112e-05
4.40135793285112e-05
4.40135793285111e-05
4.40135793285111e-05
4.40135793285111e-05
4.40135793285111e-05
4.40135793285111e-05
4.40135793285111e-05
4.4013579328511e-05
4.4013579328511e-05
4.4013579328511e-05
4.40135793285111e-05
4.40135793285111e-05
4.40135793285111e-05
4.40135793285111e-05
4.40135793285111e-05
4.40135793285115e-05
4.40135793285115e-05
4.40135793285115e-05
4.40135793285116e-05
4.40135793285116e-05
4.40135793285116e-05
4.40135793285117e-05
4.40135793285117e-05
4.40135793285118e-05
4.40135793285118e-05
4.40135793285119e-05
4.40135793285119e-05
4.40135793285119e-05
4.40135793285118e-05
4.40135793285118e-05
4.40135793285118e-05
4.40135793285118e-05
4.40135793285118e-05
4.40135793285115e-05
4.40135793285115e-05
4.40135793285116e-05
4.40135793285116e-05
4.40135793285116e-05
4.40135793285117e-05
4.40135793285117e-05
4.40135793285117e-05
4.40135793285117e-05
4.40135793285117e-05
4.40135793285117e-05
4.40135793285123e-05
4.40135793285124e-05
4.40135793285125e-05
4.40135793285126e-05
4.40135793285127e-05
4.40135793285127e-05
4.40135793285128e-05
4.40135793285128e-05
4.40135793285129e-05
4.4013579328513e-05
4.4013579328513e-05
4.40135793285123e-05
4.40135793285123e-05
4.40135793285124e-05
4.40135793285124e-05
4.40135793285124e-05
4.40135793285124e-05
4.40135793285125e-05
4.40135793285125e-05
4.40135793285126e-05
4.40135793285126e-05
4.40135793285126e-05
4.40135793285126e-05
4.40135793285126e-05
4.4013579328513e-05
4.40135793285131e-05
4.40135793285131e-05
4.40135793285132e-05
4.40135793285132e-05
4.40135793285132e-05
4.40135793285132e-05
4.40135793285132e-05
4.40135793285132e-05
4.4013579328513e-05
4.4013579328513e-05
4.4013579328513e-05
4.4013579328513e-05
4.4013579328513e-05
4.4013579328513e-05
4.4013579328513e-05
4.40135793285131e-05
4.40135793285131e-05
4.40135793285131e-05
4.4013579328513e-05
4.4013579328513e-05
4.4013579328513e-05
4.40135793285131e-05
4.40135793285131e-05
4.40135793285132e-05
4.40135793285132e-05
4.40135793285133e-05
4.40135793285133e-05
4.40135793285134e-05
4.40135793285134e-05
4.40135793285134e-05
4.4013579328512e-05
4.40135793285121e-05
4.40135793285121e-05
4.40135793285122e-05
4.40135793285122e-05
4.40135793285123e-05
4.40135793285123e-05
4.40135793285124e-05
4.40135793285124e-05
4.40135793285124e-05
4.40135793285125e-05
4.40135793285125e-05
4.40135793285125e-05
4.40135793285125e-05
4.40135793285126e-05
4.40135793285126e-05
4.4013579328512e-05
4.40135793285121e-05
4.40135793285121e-05
4.40135793285122e-05
4.40135793285123e-05
4.40135793285123e-05
4.40135793285124e-05
4.40135793285124e-05
4.40135793285124e-05
4.40135793285124e-05
4.40135793285125e-05
4.40135793285125e-05
4.40135793285125e-05
4.40135793285126e-05
4.40135793285127e-05
4.40135793285127e-05
4.40135793285127e-05
4.40135793285127e-05
4.40135793285127e-05
4.40135793285127e-05
4.40135793285127e-05
4.40135793285127e-05
4.40135793285127e-05
4.40135793285128e-05
4.40135793285128e-05
4.40135793285128e-05
4.40135793285128e-05
4.40135793285128e-05
4.40135793285128e-05
4.40135793285128e-05
4.40135793285126e-05
4.40135793285126e-05
4.40135793285126e-05
4.40135793285126e-05
4.40135793285126e-05
4.40135793285126e-05
4.40135793285126e-05
4.40135793285126e-05
4.40135793285126e-05
4.40135793285126e-05
4.40135793285126e-05
4.40135793285126e-05
4.40135793285126e-05
4.40135793285126e-05
4.40135793285126e-05
4.40135793285126e-05
4.40135793285126e-05
4.40135793285127e-05
4.40135793285127e-05
4.40135793285128e-05
4.40135793285128e-05
4.40135793285128e-05
4.40135793285128e-05
4.40135793285128e-05
4.40135793285128e-05
4.40135793285128e-05
4.40135793285128e-05
4.40135793285128e-05
4.40135793285125e-05
4.40135793285125e-05
4.40135793285126e-05
4.40135793285126e-05
4.40135793285126e-05
4.40135793285126e-05
4.40135793285126e-05
4.40135793285127e-05
4.40135793285127e-05
4.40135793285128e-05
4.40135793285128e-05
4.40135793285127e-05
4.40135793285127e-05
4.40135793285128e-05
4.40135793285128e-05
4.40135793285128e-05
4.40135793285129e-05
4.40135793285129e-05
4.40135793285129e-05
4.4013579328513e-05
4.4013579328513e-05
4.4013579328513e-05
4.4013579328513e-05
4.4013579328513e-05
4.40135793285131e-05
4.40135793285131e-05
4.40135793285131e-05
4.40135793285131e-05
4.40135793285132e-05
4.40135793285132e-05
4.40135793285132e-05
4.40135793285128e-05
4.40135793285128e-05
4.40135793285128e-05
4.40135793285128e-05
4.40135793285128e-05
4.40135793285128e-05
4.40135793285128e-05
4.40135793285128e-05
4.40135793285128e-05
4.40135793285128e-05
4.40135793285128e-05
4.40135793285128e-05
4.40135793285127e-05
4.40135793285127e-05
4.40135793285127e-05
4.40135793285126e-05
4.40135793285126e-05
4.40135793285126e-05
4.40135793285126e-05
4.40135793285126e-05
4.40135793285126e-05
4.40135793285126e-05
4.40135793285126e-05
4.40135793285125e-05
4.40135793285125e-05
4.40135793285124e-05
4.40135793285128e-05
4.40135793285128e-05
4.40135793285128e-05
4.40135793285124e-05
4.40135793285124e-05
4.40135793285124e-05
4.40135793285124e-05
4.40135793285124e-05
4.40135793285124e-05
4.40135793285124e-05
4.40135793285123e-05
4.40135793285123e-05
4.40135793285123e-05
4.40135793285124e-05
4.40135793285123e-05
4.40135793285123e-05
4.40135793285123e-05
4.40135793285124e-05
4.40135793285124e-05
4.40135793285124e-05
4.40135793285132e-05
4.40135793285132e-05
4.40135793285133e-05
4.40135793285133e-05
4.40135793285134e-05
4.40135793285135e-05
4.40135793285132e-05
4.40135793285132e-05
4.40135793285132e-05
4.40135793285132e-05
4.40135793285132e-05
4.40135793285132e-05
4.40135793285131e-05
4.40135793285131e-05
4.40135793285131e-05
4.40135793285131e-05
4.40135793285131e-05
4.4013579328513e-05
4.4013579328513e-05
4.4013579328513e-05
4.4013579328513e-05
4.4013579328513e-05
4.4013579328513e-05
4.40135793285136e-05
4.40135793285137e-05
4.40135793285138e-05
4.40135793285138e-05
4.40135793285139e-05
4.4013579328514e-05
4.4013579328514e-05
4.4013579328514e-05
4.4013579328514e-05
4.40135793285141e-05
4.40135793285141e-05
4.40135793285141e-05
4.40135793285141e-05
4.40135793285141e-05
4.40135793285141e-05
4.40135793285141e-05
4.40135793285141e-05
4.40135793285141e-05
4.40135793285141e-05
4.40135793285134e-05
4.40135793285134e-05
4.40135793285133e-05
4.40135793285133e-05
4.40135793285132e-05
4.40135793285132e-05
4.4013579328513e-05
4.40135793285129e-05
4.40135793285129e-05
4.40135793285129e-05
4.40135793285129e-05
4.40135793285129e-05
4.40135793285129e-05
4.4013579328513e-05
4.4013579328513e-05
4.4013579328513e-05
4.4013579328513e-05
