9.42222649256767e-06
9.42222649256767e-06
9.42222649256767e-06
9.42222649256767e-06
9.42222649256767e-06
9.42222649256768e-06
9.42222649256769e-06
9.42222649256767e-06
9.42222649256768e-06
9.42222649256769e-06
9.4222264925677e-06
9.4222264925677e-06
9.42222649256771e-06
9.42222649256771e-06
9.42222649256772e-06
9.42222649256767e-06
9.42222649256766e-06
9.42222649256765e-06
9.42222649256765e-06
9.42222649256766e-06
9.42222649256767e-06
9.42222649256767e-06
9.42222649256767e-06
9.42222649256767e-06
9.42222649256768e-06
9.42222649256768e-06
9.42222649256769e-06
9.42222649256769e-06
9.4222264925677e-06
9.42222649256771e-06
9.42222649256771e-06
9.42222649256771e-06
9.42222649256767e-06
9.42222649256767e-06
9.42222649256767e-06
9.42222649256767e-06
9.42222649256767e-06
9.42222649256766e-06
9.42222649256766e-06
9.42222649256766e-06
9.42222649256768e-06
9.42222649256768e-06
9.42222649256769e-06
9.4222264925677e-06
9.42222649256771e-06
9.42222649256767e-06
9.42222649256767e-06
9.42222649256767e-06
9.4222264925677e-06
9.42222649256771e-06
9.42222649256771e-06
9.42222649256771e-06
9.42222649256771e-06
9.42222649256772e-06
9.42222649256772e-06
9.42222649256773e-06
9.42222649256772e-06
9.42222649256772e-06
9.42222649256772e-06
9.42222649256772e-06
9.42222649256772e-06
9.42222649256771e-06
9.42222649256771e-06
9.42222649256771e-06
9.42222649256772e-06
9.42222649256772e-06
9.42222649256772e-06
9.42222649256772e-06
9.42222649256772e-06
9.42222649256772e-06
9.42222649256772e-06
9.42222649256771e-06
9.42222649256771e-06
9.4222264925677e-06
9.4222264925677e-06
9.42222649256771e-06
9.42222649256771e-06
9.42222649256771e-06
9.42222649256771e-06
9.42222649256771e-06
9.42222649256771e-06
9.42222649256771e-06
9.42222649256772e-06
9.42222649256772e-06
9.42222649256773e-06
9.42222649256773e-06
9.42222649256774e-06
9.42222649256774e-06
9.42222649256774e-06
9.42222649256774e-06
9.42222649256773e-06
9.42222649256773e-06
9.42222649256773e-06
9.42222649256768e-06
9.42222649256769e-06
9.4222264925677e-06
9.42222649256768e-06
9.42222649256769e-06
9.4222264925677e-06
9.4222264925677e-06
9.42222649256771e-06
9.42222649256772e-06
9.4222264925677e-06
9.42222649256771e-06
9.42222649256771e-06
9.42222649256771e-06
9.42222649256771e-06
9.42222649256771e-06
9.42222649256771e-06
9.4222264925677e-06
9.42222649256771e-06
9.42222649256771e-06
9.42222649256771e-06
9.42222649256772e-06
9.42222649256772e-06
9.42222649256773e-06
9.42222649256773e-06
9.42222649256773e-06
9.42222649256771e-06
9.42222649256772e-06
9.42222649256771e-06
9.42222649256772e-06
9.42222649256772e-06
9.42222649256773e-06
9.42222649256772e-06
9.42222649256773e-06
9.42222649256773e-06
9.42222649256774e-06
9.42222649256774e-06
9.42222649256775e-06
9.42222649256775e-06
9.42222649256776e-06
9.42222649256776e-06
9.42222649256776e-06
9.42222649256776e-06
9.42222649256775e-06
9.42222649256775e-06
9.42222649256774e-06
9.42222649256774e-06
9.42222649256773e-06
9.42222649256773e-06
9.42222649256773e-06
9.42222649256772e-06
9.42222649256772e-06
9.42222649256772e-06
9.42222649256771e-06
9.42222649256771e-06
9.42222649256771e-06
9.42222649256771e-06
9.42222649256771e-06
9.42222649256771e-06
9.42222649256772e-06
9.42222649256772e-06
9.42222649256773e-06
9.42222649256774e-06
9.42222649256774e-06
9.42222649256774e-06
9.42222649256774e-06
9.42222649256775e-06
9.42222649256775e-06
9.42222649256775e-06
9.42222649256773e-06
9.42222649256773e-06
9.42222649256772e-06
9.42222649256772e-06
9.42222649256772e-06
9.42222649256772e-06
9.42222649256772e-06
9.42222649256773e-06
9.42222649256773e-06
9.42222649256773e-06
9.42222649256773e-06
9.42222649256774e-06
9.42222649256774e-06
9.42222649256774e-06
9.42222649256774e-06
9.42222649256773e-06
9.42222649256774e-06
9.42222649256774e-06
9.42222649256773e-06
9.42222649256773e-06
9.42222649256774e-06
9.42222649256773e-06
9.42222649256773e-06
9.42222649256773e-06
9.42222649256773e-06
9.42222649256773e-06
9.42222649256772e-06
9.42222649256772e-06
9.42222649256772e-06
9.42222649256772e-06
9.42222649256773e-06
9.42222649256773e-06
9.42222649256774e-06
9.42222649256774e-06
9.42222649256774e-06
9.42222649256774e-06
9.42222649256774e-06
9.42222649256774e-06
9.42222649256775e-06
9.42222649256775e-06
9.42222649256775e-06
9.42222649256776e-06
9.42222649256776e-06
9.42222649256775e-06
9.42222649256775e-06
9.42222649256775e-06
9.42222649256774e-06
9.42222649256773e-06
9.42222649256772e-06
9.42222649256772e-06
9.42222649256772e-06
9.42222649256772e-06
9.42222649256772e-06
9.42222649256772e-06
9.42222649256771e-06
9.42222649256771e-06
9.42222649256771e-06
9.42222649256771e-06
9.42222649256771e-06
9.42222649256772e-06
9.42222649256772e-06
9.42222649256772e-06
9.42222649256773e-06
9.42222649256773e-06
9.42222649256773e-06
9.42222649256773e-06
9.42222649256774e-06
9.42222649256774e-06
9.42222649256773e-06
9.42222649256773e-06
9.42222649256773e-06
9.42222649256773e-06
9.42222649256773e-06
9.4222264925677e-06
9.42222649256769e-06
9.42222649256769e-06
9.42222649256769e-06
9.42222649256769e-06
9.42222649256769e-06
9.42222649256769e-06
9.42222649256768e-06
9.42222649256769e-06
9.42222649256769e-06
9.4222264925677e-06
9.42222649256771e-06
9.42222649256771e-06
9.42222649256772e-06
9.42222649256772e-06
9.42222649256772e-06
9.42222649256772e-06
9.42222649256772e-06
9.42222649256772e-06
9.42222649256771e-06
9.42222649256771e-06
9.42222649256771e-06
9.42222649256771e-06
9.42222649256771e-06
9.42222649256772e-06
9.42222649256773e-06
9.42222649256772e-06
9.42222649256772e-06
9.42222649256771e-06
9.42222649256771e-06
9.42222649256771e-06
9.42222649256771e-06
9.42222649256771e-06
9.42222649256771e-06
9.42222649256771e-06
9.42222649256771e-06
9.42222649256771e-06
9.42222649256771e-06
9.42222649256771e-06
9.42222649256772e-06
9.42222649256772e-06
9.42222649256772e-06
9.42222649256771e-06
9.42222649256771e-06
9.42222649256771e-06
9.4222264925677e-06
9.4222264925677e-06
9.4222264925677e-06
9.42222649256769e-06
9.42222649256769e-06
9.4222264925677e-06
9.42222649256771e-06
9.42222649256771e-06
9.42222649256772e-06
9.42222649256771e-06
9.42222649256771e-06
9.42222649256771e-06
9.4222264925677e-06
9.4222264925677e-06
9.4222264925677e-06
9.4222264925677e-06
9.4222264925677e-06
9.4222264925677e-06
9.42222649256771e-06
9.42222649256771e-06
9.42222649256771e-06
9.42222649256771e-06
9.42222649256771e-06
9.42222649256772e-06
9.42222649256772e-06
9.42222649256772e-06
9.42222649256773e-06
9.42222649256773e-06
9.42222649256774e-06
9.42222649256775e-06
9.42222649256775e-06
9.42222649256775e-06
9.42222649256775e-06
9.42222649256775e-06
9.42222649256775e-06
9.42222649256775e-06
9.42222649256775e-06
9.42222649256775e-06
9.42222649256774e-06
9.42222649256773e-06
9.42222649256773e-06
9.42222649256773e-06
9.42222649256773e-06
9.42222649256773e-06
9.42222649256773e-06
9.42222649256774e-06
9.42222649256771e-06
9.42222649256771e-06
9.42222649256771e-06
9.42222649256771e-06
9.42222649256771e-06
9.42222649256772e-06
9.42222649256771e-06
9.42222649256772e-06
9.42222649256772e-06
9.42222649256772e-06
9.42222649256772e-06
9.42222649256771e-06
9.42222649256771e-06
9.42222649256771e-06
9.42222649256771e-06
9.42222649256771e-06
9.42222649256772e-06
9.42222649256772e-06
9.42222649256772e-06
9.42222649256771e-06
9.4222264925677e-06
9.42222649256769e-06
9.42222649256769e-06
9.42222649256768e-06
9.42222649256768e-06
9.42222649256768e-06
9.42222649256767e-06
9.42222649256767e-06
9.42222649256767e-06
9.42222649256767e-06
9.42222649256768e-06
9.42222649256768e-06
9.42222649256768e-06
9.42222649256768e-06
9.42222649256769e-06
9.42222649256768e-06
9.42222649256768e-06
9.42222649256768e-06
9.42222649256769e-06
9.42222649256769e-06
9.4222264925677e-06
9.42222649256771e-06
9.42222649256771e-06
9.42222649256771e-06
9.42222649256771e-06
9.42222649256771e-06
9.42222649256772e-06
9.42222649256771e-06
9.42222649256771e-06
9.42222649256771e-06
9.42222649256772e-06
9.42222649256773e-06
9.42222649256773e-06
9.42222649256774e-06
9.42222649256774e-06
9.42222649256773e-06
9.42222649256773e-06
9.42222649256773e-06
9.42222649256773e-06
9.42222649256773e-06
9.42222649256773e-06
9.42222649256774e-06
9.42222649256775e-06
9.42222649256775e-06
9.42222649256776e-06
9.42222649256776e-06
9.42222649256776e-06
9.42222649256776e-06
9.42222649256776e-06
9.42222649256776e-06
9.42222649256772e-06
9.42222649256773e-06
9.42222649256773e-06
9.42222649256773e-06
9.42222649256773e-06
9.42222649256773e-06
9.42222649256773e-06
9.42222649256773e-06
9.42222649256773e-06
9.42222649256773e-06
9.42222649256774e-06
9.42222649256774e-06
9.42222649256772e-06
9.42222649256773e-06
9.42222649256773e-06
9.42222649256773e-06
9.42222649256773e-06
9.42222649256773e-06
9.42222649256773e-06
9.42222649256772e-06
9.42222649256773e-06
9.42222649256772e-06
9.42222649256772e-06
9.42222649256772e-06
9.42222649256772e-06
9.42222649256772e-06
9.42222649256772e-06
9.42222649256773e-06
9.42222649256773e-06
9.42222649256773e-06
9.42222649256773e-06
9.42222649256773e-06
9.42222649256773e-06
9.42222649256773e-06
9.42222649256773e-06
9.42222649256772e-06
9.42222649256772e-06
9.42222649256773e-06
9.42222649256772e-06
9.42222649256772e-06
9.42222649256772e-06
9.42222649256773e-06
9.42222649256772e-06
9.42222649256772e-06
9.42222649256772e-06
9.42222649256772e-06
9.42222649256772e-06
9.42222649256772e-06
9.42222649256771e-06
9.42222649256771e-06
9.42222649256771e-06
9.42222649256771e-06
9.42222649256771e-06
9.42222649256771e-06
9.42222649256771e-06
9.42222649256771e-06
9.42222649256771e-06
9.42222649256772e-06
9.42222649256772e-06
9.42222649256772e-06
9.42222649256772e-06
9.42222649256773e-06
9.42222649256773e-06
9.42222649256772e-06
9.42222649256772e-06
9.42222649256773e-06
9.42222649256773e-06
9.42222649256772e-06
9.42222649256772e-06
9.42222649256772e-06
9.42222649256772e-06
9.42222649256772e-06
9.42222649256771e-06
9.42222649256772e-06
9.42222649256772e-06
9.42222649256772e-06
9.42222649256771e-06
9.42222649256771e-06
9.42222649256771e-06
9.42222649256771e-06
9.4222264925677e-06
9.4222264925677e-06
9.42222649256769e-06
9.42222649256769e-06
9.42222649256769e-06
9.42222649256772e-06
9.42222649256771e-06
9.42222649256771e-06
9.4222264925677e-06
9.42222649256771e-06
9.42222649256771e-06
9.42222649256771e-06
9.4222264925677e-06
9.4222264925677e-06
9.4222264925677e-06
9.4222264925677e-06
9.42222649256769e-06
9.42222649256769e-06
9.42222649256768e-06
9.42222649256768e-06
9.42222649256768e-06
9.42222649256769e-06
9.42222649256769e-06
9.4222264925677e-06
9.42222649256771e-06
9.42222649256772e-06
9.42222649256772e-06
9.42222649256772e-06
9.42222649256771e-06
9.42222649256771e-06
9.42222649256771e-06
9.4222264925677e-06
9.4222264925677e-06
9.42222649256769e-06
9.42222649256769e-06
9.4222264925677e-06
9.42222649256769e-06
9.42222649256768e-06
9.42222649256768e-06
9.42222649256768e-06
9.42222649256768e-06
9.4222264925677e-06
9.4222264925677e-06
9.4222264925677e-06
9.4222264925677e-06
9.4222264925677e-06
9.4222264925677e-06
9.4222264925677e-06
9.4222264925677e-06
9.4222264925677e-06
9.4222264925677e-06
9.4222264925677e-06
9.42222649256769e-06
9.42222649256769e-06
9.42222649256769e-06
9.42222649256769e-06
9.42222649256769e-06
9.4222264925677e-06
9.42222649256771e-06
9.42222649256771e-06
9.42222649256771e-06
9.42222649256771e-06
9.42222649256771e-06
9.4222264925677e-06
9.4222264925677e-06
9.4222264925677e-06
9.4222264925677e-06
9.42222649256771e-06
9.42222649256771e-06
9.42222649256771e-06
9.42222649256771e-06
9.42222649256771e-06
9.4222264925677e-06
9.4222264925677e-06
9.4222264925677e-06
9.4222264925677e-06
9.4222264925677e-06
9.4222264925677e-06
9.42222649256771e-06
9.42222649256771e-06
9.42222649256771e-06
9.42222649256771e-06
9.42222649256771e-06
9.42222649256771e-06
9.4222264925677e-06
9.4222264925677e-06
9.4222264925677e-06
9.4222264925677e-06
9.4222264925677e-06
9.4222264925677e-06
9.4222264925677e-06
9.42222649256769e-06
9.42222649256769e-06
9.42222649256769e-06
9.42222649256769e-06
9.4222264925677e-06
9.4222264925677e-06
9.4222264925677e-06
9.4222264925677e-06
9.4222264925677e-06
9.42222649256771e-06
9.42222649256771e-06
9.42222649256766e-06
9.42222649256766e-06
9.42222649256766e-06
9.42222649256766e-06
9.42222649256765e-06
9.42222649256766e-06
9.42222649256766e-06
9.42222649256766e-06
9.42222649256766e-06
9.42222649256766e-06
9.42222649256766e-06
9.42222649256766e-06
9.42222649256766e-06
9.42222649256765e-06
9.42222649256765e-06
9.42222649256765e-06
9.42222649256765e-06
9.42222649256765e-06
9.42222649256766e-06
9.42222649256766e-06
9.42222649256767e-06
9.42222649256767e-06
9.42222649256767e-06
9.42222649256768e-06
9.42222649256769e-06
9.42222649256769e-06
9.4222264925677e-06
9.4222264925677e-06
9.4222264925677e-06
9.4222264925677e-06
9.4222264925677e-06
9.42222649256765e-06
9.42222649256766e-06
9.42222649256767e-06
9.42222649256766e-06
9.42222649256767e-06
9.42222649256767e-06
9.42222649256768e-06
9.42222649256766e-06
9.42222649256766e-06
9.42222649256765e-06
9.42222649256768e-06
9.42222649256769e-06
9.4222264925677e-06
9.42222649256771e-06
9.42222649256772e-06
9.42222649256765e-06
9.42222649256766e-06
9.42222649256767e-06
9.42222649256767e-06
9.42222649256764e-06
9.42222649256764e-06
9.42222649256763e-06
9.42222649256768e-06
9.42222649256769e-06
9.4222264925677e-06
9.4222264925677e-06
9.42222649256771e-06
9.42222649256771e-06
9.42222649256771e-06
9.42222649256771e-06
9.42222649256771e-06
9.42222649256771e-06
9.42222649256772e-06
9.42222649256773e-06
9.42222649256768e-06
9.42222649256768e-06
9.42222649256769e-06
9.4222264925677e-06
9.4222264925677e-06
9.42222649256769e-06
9.4222264925677e-06
9.4222264925677e-06
9.4222264925677e-06
9.4222264925677e-06
9.4222264925677e-06
9.4222264925677e-06
9.4222264925677e-06
9.42222649256771e-06
9.42222649256772e-06
9.42222649256772e-06
9.42222649256772e-06
9.42222649256773e-06
9.42222649256773e-06
9.42222649256773e-06
9.42222649256773e-06
9.42222649256773e-06
9.42222649256773e-06
9.42222649256773e-06
9.42222649256773e-06
9.42222649256772e-06
9.42222649256772e-06
9.42222649256772e-06
9.42222649256772e-06
9.42222649256772e-06
9.42222649256772e-06
9.42222649256772e-06
9.42222649256773e-06
9.42222649256774e-06
9.42222649256773e-06
9.42222649256773e-06
9.42222649256772e-06
9.42222649256772e-06
9.42222649256772e-06
9.42222649256772e-06
9.42222649256772e-06
9.42222649256772e-06
9.42222649256772e-06
9.42222649256772e-06
9.42222649256772e-06
9.42222649256772e-06
9.42222649256772e-06
9.42222649256772e-06
9.42222649256772e-06
9.42222649256772e-06
9.42222649256763e-06
9.42222649256763e-06
9.42222649256763e-06
9.42222649256763e-06
9.42222649256764e-06
9.42222649256765e-06
9.42222649256765e-06
9.42222649256766e-06
9.42222649256766e-06
9.42222649256766e-06
9.42222649256767e-06
9.42222649256767e-06
9.42222649256767e-06
9.42222649256767e-06
9.42222649256763e-06
9.42222649256763e-06
9.42222649256763e-06
9.42222649256763e-06
9.42222649256763e-06
9.42222649256763e-06
9.42222649256763e-06
9.42222649256763e-06
9.42222649256762e-06
9.42222649256762e-06
9.42222649256762e-06
9.42222649256762e-06
9.42222649256762e-06
9.42222649256763e-06
9.42222649256764e-06
9.42222649256764e-06
9.42222649256764e-06
9.42222649256764e-06
9.42222649256767e-06
9.42222649256767e-06
9.42222649256767e-06
9.42222649256767e-06
9.42222649256768e-06
9.42222649256768e-06
9.42222649256768e-06
9.42222649256769e-06
9.4222264925677e-06
9.42222649256771e-06
9.42222649256771e-06
9.42222649256771e-06
9.42222649256771e-06
9.4222264925677e-06
9.4222264925677e-06
9.42222649256769e-06
9.4222264925677e-06
9.4222264925677e-06
9.42222649256767e-06
9.42222649256767e-06
9.42222649256767e-06
9.42222649256768e-06
9.42222649256768e-06
9.42222649256769e-06
9.42222649256769e-06
9.42222649256769e-06
9.42222649256769e-06
9.4222264925677e-06
9.42222649256769e-06
9.42222649256773e-06
9.42222649256774e-06
9.42222649256775e-06
9.42222649256775e-06
9.42222649256775e-06
9.42222649256775e-06
9.42222649256775e-06
9.42222649256775e-06
9.42222649256775e-06
9.42222649256775e-06
9.42222649256775e-06
9.42222649256772e-06
9.42222649256773e-06
9.42222649256773e-06
9.42222649256773e-06
9.42222649256773e-06
9.42222649256773e-06
9.42222649256773e-06
9.42222649256773e-06
9.42222649256774e-06
9.42222649256775e-06
9.42222649256774e-06
9.42222649256775e-06
9.42222649256775e-06
9.42222649256776e-06
9.42222649256776e-06
9.42222649256777e-06
9.42222649256777e-06
9.42222649256777e-06
9.42222649256777e-06
9.42222649256777e-06
9.42222649256777e-06
9.42222649256777e-06
9.42222649256775e-06
9.42222649256775e-06
9.42222649256774e-06
9.42222649256774e-06
9.42222649256774e-06
9.42222649256774e-06
9.42222649256774e-06
9.42222649256774e-06
9.42222649256774e-06
9.42222649256773e-06
9.42222649256773e-06
9.42222649256772e-06
9.42222649256772e-06
9.42222649256772e-06
9.42222649256773e-06
9.42222649256775e-06
9.42222649256776e-06
9.42222649256777e-06
9.42222649256777e-06
9.42222649256778e-06
9.42222649256778e-06
9.42222649256778e-06
9.42222649256769e-06
9.4222264925677e-06
9.4222264925677e-06
9.4222264925677e-06
9.42222649256771e-06
9.42222649256771e-06
9.42222649256772e-06
9.42222649256772e-06
9.42222649256773e-06
9.42222649256773e-06
9.42222649256773e-06
9.42222649256773e-06
9.42222649256773e-06
9.42222649256773e-06
9.42222649256774e-06
9.42222649256774e-06
9.42222649256769e-06
9.42222649256769e-06
9.4222264925677e-06
9.42222649256771e-06
9.42222649256771e-06
9.42222649256772e-06
9.42222649256773e-06
9.42222649256773e-06
9.42222649256773e-06
9.42222649256772e-06
9.42222649256772e-06
9.42222649256772e-06
9.42222649256772e-06
9.42222649256772e-06
9.42222649256775e-06
9.42222649256775e-06
9.42222649256775e-06
9.42222649256775e-06
9.42222649256775e-06
9.42222649256774e-06
9.42222649256774e-06
9.42222649256773e-06
9.42222649256773e-06
9.42222649256774e-06
9.42222649256774e-06
9.42222649256774e-06
9.42222649256774e-06
9.42222649256774e-06
9.42222649256774e-06
9.42222649256774e-06
9.42222649256774e-06
9.42222649256774e-06
9.42222649256774e-06
9.42222649256773e-06
9.42222649256773e-06
9.42222649256772e-06
9.42222649256772e-06
9.42222649256773e-06
9.42222649256773e-06
9.42222649256773e-06
9.42222649256772e-06
9.42222649256772e-06
9.42222649256772e-06
9.42222649256772e-06
9.42222649256772e-06
9.42222649256772e-06
9.42222649256772e-06
9.42222649256773e-06
9.42222649256774e-06
9.42222649256774e-06
9.42222649256775e-06
9.42222649256775e-06
9.42222649256775e-06
9.42222649256776e-06
9.42222649256775e-06
9.42222649256775e-06
9.42222649256775e-06
9.42222649256774e-06
9.42222649256772e-06
9.42222649256772e-06
9.42222649256772e-06
9.42222649256772e-06
9.42222649256772e-06
9.42222649256772e-06
9.42222649256772e-06
9.42222649256773e-06
9.42222649256773e-06
9.42222649256774e-06
9.42222649256773e-06
9.42222649256773e-06
9.42222649256772e-06
9.42222649256772e-06
9.42222649256772e-06
9.42222649256773e-06
9.42222649256773e-06
9.42222649256774e-06
9.42222649256774e-06
9.42222649256775e-06
9.42222649256775e-06
9.42222649256775e-06
9.42222649256775e-06
9.42222649256774e-06
9.42222649256774e-06
9.42222649256775e-06
9.42222649256775e-06
9.42222649256775e-06
9.42222649256775e-06
9.42222649256775e-06
9.42222649256775e-06
9.42222649256774e-06
9.42222649256774e-06
9.42222649256774e-06
9.42222649256774e-06
9.42222649256774e-06
9.42222649256774e-06
9.42222649256774e-06
9.42222649256774e-06
9.42222649256774e-06
9.42222649256774e-06
9.42222649256774e-06
9.42222649256774e-06
9.42222649256774e-06
9.42222649256773e-06
9.42222649256773e-06
9.42222649256772e-06
9.42222649256772e-06
9.42222649256772e-06
9.42222649256772e-06
9.42222649256773e-06
9.42222649256773e-06
9.42222649256773e-06
9.42222649256773e-06
9.42222649256772e-06
9.42222649256771e-06
9.42222649256771e-06
9.42222649256774e-06
9.42222649256773e-06
9.42222649256773e-06
9.42222649256771e-06
9.42222649256771e-06
9.42222649256771e-06
9.42222649256771e-06
9.42222649256771e-06
9.42222649256771e-06
9.4222264925677e-06
9.42222649256769e-06
9.42222649256769e-06
9.42222649256769e-06
9.42222649256771e-06
9.4222264925677e-06
9.4222264925677e-06
9.4222264925677e-06
9.42222649256771e-06
9.42222649256771e-06
9.42222649256771e-06
9.42222649256775e-06
9.42222649256775e-06
9.42222649256775e-06
9.42222649256775e-06
9.42222649256775e-06
9.42222649256776e-06
9.42222649256775e-06
9.42222649256775e-06
9.42222649256775e-06
9.42222649256776e-06
9.42222649256776e-06
9.42222649256776e-06
9.42222649256775e-06
9.42222649256775e-06
9.42222649256774e-06
9.42222649256774e-06
9.42222649256775e-06
9.42222649256775e-06
9.42222649256774e-06
9.42222649256774e-06
9.42222649256774e-06
9.42222649256774e-06
9.42222649256774e-06
9.42222649256777e-06
9.42222649256778e-06
9.4222264925678e-06
9.4222264925678e-06
9.42222649256781e-06
9.42222649256781e-06
9.42222649256781e-06
9.42222649256781e-06
9.42222649256781e-06
9.42222649256781e-06
9.42222649256782e-06
9.42222649256782e-06
9.42222649256781e-06
9.42222649256781e-06
9.42222649256781e-06
9.42222649256781e-06
9.42222649256781e-06
9.42222649256781e-06
9.42222649256781e-06
9.42222649256775e-06
9.42222649256774e-06
9.42222649256773e-06
9.42222649256773e-06
9.42222649256772e-06
9.42222649256772e-06
9.42222649256774e-06
9.42222649256774e-06
9.42222649256774e-06
9.42222649256773e-06
9.42222649256773e-06
9.42222649256773e-06
9.42222649256773e-06
9.42222649256774e-06
9.42222649256774e-06
9.42222649256774e-06
9.42222649256774e-06
