0.05
0.0367788136367025
0.0336855745786071
0.0284220044001124
0.0348794700577518
0.0321472939246705
0.0287879704480702
0.0367623052256841
0.0339759212645412
0.0289071923581784
0.025186476677833
0.022175312039736
0.0199451323760373
0.0170609754236606
0.0137206182488124
0.0369262492026162
0.0315773209806721
0.0267252405058894
0.0259805252202337
0.0227695845606247
0.0195012270000686
0.0186947438430922
0.018238283355612
0.0177405919032965
0.016925589673367
0.0153938733780304
0.0134854333888851
0.0117815191045727
0.010329168113079
0.00911789716082727
0.00813568433000263
0.00733624838666472
0.0366380546853801
0.0347566712819711
0.0321858305253929
0.0300157291401111
0.0281395798447347
0.0266173890282001
0.0253460270201702
0.024023802112129
0.025324969005783
0.0222183736605336
0.0186859282841956
0.015404287699854
0.0116876536037985
0.0253291693700992
0.0225884088947693
0.0198657077065102
0.0104161356453939
0.00917422910048449
0.00807162135822247
0.00720773604196735
0.00645389821511576
0.00582315993579644
0.00536670525185731
0.00502258708899156
0.00478810832901567
0.00468221658186674
0.00469138212306075
0.00481588814083639
0.00506351898928812
0.00542367043804923
0.0058859671470979
0.00648926314764793
0.00722627406787137
0.00814150271716917
0.00928864112046754
0.0106622314213136
0.0121894193864819
0.0138385531907912
0.0155549259045031
0.017257060752025
0.019398494908587
0.0219632235111669
0.0244968544882684
0.0269394047289705
0.0290741436634625
0.0309376178012037
0.0324629452072
0.033606073720454
0.0343672121631393
0.0347595821359753
0.00981455081579878
0.00849642321694598
0.00721869783202266
0.00600388636749646
0.00499031455398516
0.00415316274790847
0.00340577196771342
0.00288184245779332
0.00248596391864892
0.00220024926300793
0.00205205567868087
0.0183459896823509
0.016508584788204
0.0141756157368887
0.0169184115840377
0.013538051623802
0.0103019962690653
0.0135503805230621
0.0128687301614826
0.0121205290115951
0.0126412754774298
0.0104259444767656
0.00800013603401738
0.00636858223582062
0.00501239066575063
0.00362645930670571
0.00231447816115078
0.00131841552026036
0.00049794924611325
-0.000268416415351099
-0.000902485297664845
-0.00143816187962
-0.00185300277767402
-0.00214197804093633
-0.00232189643970447
-0.00242110335113074
0.0110749382258618
0.00978259428065673
0.008424885949565
0.00734174326188957
0.00663009677352267
0.00618575662473611
0.0111530117384435
0.0102574910631875
0.00934058446360722
0.00618660931437054
0.0064953902926167
0.00711776191244842
0.00806139168992608
0.00940615421962587
0.0111313442819718
0.0131482473564085
0.0155408868529139
0.0184321960261623
0.0217835874916932
0.0253960317880883
0.0290186207948288
0.0325020123146905
0.0358172255598003
0.038895901854764
0.0416187244044712
0.0438425091019778
0.0454638996127364
0.0464111152239281
0.0465411721566357
0.0456027729595485
0.0430328831498405
0.0381195848102533
0.0307253770272322
0.0250070759412057
0.0186568085357105
0.0140938763255238
0.0105774027201276
0.0080132750474359
0.006240667345926
0.0049356487168959
0.00401590800910137
0.00353018318881547
0.0032062848640483
0.00603747961368241
0.00617971674982612
0.006617911614503
0.00748904710790886
0.00877037504160142
0.0104565819761165
0.0124544067971075
0.015014626491245
0.0179563097738721
0.0212777284394423
0.0248005147937732
0.0284278795438138
0.0320464881507015
0.0354673326286117
0.0385726687933071
0.0414724527060789
0.0439220946012009
0.045810396014042
0.0472112195082665
0.0482050362472658
0.0488478996045539
0.0492102479603697
0.0493720589492541
0.00772064067691415
0.00624470694963092
0.00493994933212861
0.00381131536476445
0.00283289052580513
0.00197141403626472
0.0012064069246143
0.000556327498879919
2.64445452117661e-05
-0.00039510954893482
-0.000712308057232843
-0.000923898772560483
-0.00103293351659686
0.0082970068026689
0.00734162181437071
0.00650424550099723
0.00582839381245414
0.0052764557381961
0.00484841138188449
0.00455257520746719
0.00436325063058118
0.00426244600741634
0.00427716248258279
0.00442363699656294
0.00470275591858967
0.00511378053584073
0.00567953259452565
0.00637832692542413
0.00721423266743259
0.00816340075797323
0.00921443744255955
0.0104943796477756
0.0125909768764828
0.0155176523426811
0.018444006965337
0.0219844705585985
0.0253318176643175
0.0286847437671101
0.032128454098542
0.0355144044536802
0.0386191693441704
0.0412479170276936
0.0433527519051838
0.0450535376990237
0.0464211810897762
0.0473809146851649
0.0481016629691797
0.0486416774380186
0.0489550721593725
0.0491047518046446
0.00891740707118713
0.00773092574158163
0.00668742421811783
0.00567579062091849
0.0048252852156152
0.00394381052842044
0.00319185536227571
0.00256902851674631
0.00193645611235404
0.00137521713077271
0.000990595902283999
0.000444462056280345
0.000100533554230523
-0.00030379946969616
-0.000700241967250843
-0.000984424574505958
-0.00115965826121805
-0.00133150604652862
-0.00147289451800563
-0.00157438353029091
-0.00164311811791947
-0.00167575847881417
0.00918348484818695
0.00816339034969464
0.00722759274705578
0.00637621493350919
0.00564080112337129
0.0050100679564538
0.00446620897168775
0.00396898383043886
0.00359251019691228
0.00325742810962502
0.00297139937224308
0.00274063133625671
0.00247560112012358
0.00226770408113358
0.00213014223392458
0.00205262051245084
0.00202672978198192
0.00204143665281328
0.00208466363504839
0.00216380511336369
0.00226970503433601
0.00238428350261574
0.00249269069023924
0.00258702969843497
0.00265394750537711
0.00269153798476968
0.0278445808222859
0.0266547187736892
0.0250162818972262
0.0269011775447576
0.0249528353822321
0.0227640982325889
0.0242781804214263
0.0233364668955248
0.0220761212213355
0.0235720482038804
0.0212308495792588
0.0182293055583225
0.0157216757109578
0.0138283488754082
0.0121295374670114
0.0105665115555441
0.00922986369008558
0.00818020654915629
0.00730285167647633
0.00664108209059967
0.00617853706750107
0.0058769732770139
0.00570250114315071
0.00572057194536374
0.0059337521235763
0.00644668226911348
0.00710840785734642
0.00805833837949338
0.00919860928908873
0.0107561731645537
0.0126302068312988
0.014724409818047
0.0171411033628889
0.0198206496817404
0.0226306441814425
0.0255034268902426
0.0280979123292763
0.0304633086067478
0.0328499459917515
0.0347244281099292
0.0361007034625489
0.0370257368638427
0.0375110907818345
0.0198371423017888
0.0171010243944334
0.0143656026385355
0.0118950592094101
0.00979961546850963
0.00796991718162561
0.00639181609766989
0.00502383520763392
0.00392583606682419
0.00305565009367154
0.00241090167563743
0.00198934630833874
0.00177044264291622
0.0182139814571829
0.0150837853862532
0.0117201720736974
0.010315043326254
0.00892407936601619
0.00751727115518297
0.0105419913352077
0.00938018481896315
0.00818701458566978
0.00725163310644889
0.00651567480212452
0.00595327185467108
0.00557602207820129
0.00537390227207084
0.00533838382897771
0.00546611192335954
0.00575361841671802
0.00620719254976159
0.00682106758163111
0.00761894480847335
0.00859049720797137
0.00973790640654256
0.011035074865179
0.0125018157783036
0.014051548244491
0.0156559031793501
0.0173175128711594
0.019161995853875
0.0209884629572732
0.0225953967891281
0.0238693081586717
0.0246714948667774
0.0251469096775109
0.00682391298421498
0.00618447516744165
0.00563229602093854
0.00523547323599299
0.00503300258627875
0.00498166768920571
0.00509653819132891
0.00536001587792346
0.00571973384023989
0.0062723847003804
0.00704538305941762
0.00802885793882551
0.00912198516830256
0.0102183193200818
0.0116193775180726
0.0131711528582656
0.014880509439745
0.0166267714075
0.0183091306813057
0.0196306048281183
0.0207634015890294
0.0218706428770849
0.0227405076129099
0.0231574532366369
0.00600997025567789
0.00459864811528908
0.00344117373188397
0.00235499607479764
0.00148816474964057
0.000652372871052476
-6.93598542821288e-05
-0.000588644098782636
-0.00101349302344926
-0.00137830756580754
-0.00162821337488382
-0.00177444278290339
0.0213304696499641
0.0195793912604466
0.0175198326133684
0.0151399934425192
0.0129904745041646
0.0112665767279063
0.00965331916258344
0.0081633538949681
0.00686376321065427
0.00564758070898523
0.00450101965025893
0.00348872636201773
0.00262756412270045
0.00176335340833797
0.000895953365067324
0.000129558781948162
-0.000507711756844136
-0.00104869960864437
-0.00150237774459239
-0.00186204293306945
-0.00212139135979853
-0.00229095319176264
-0.00238917346815535
0.0215844199389145
0.0202382505544162
0.0186984000075159
0.0168909148763129
0.0150194260264087
0.0133093587057134
0.0117961156821102
0.0104440341084558
0.00925097693770837
0.00820814866962108
0.00730272704314202
0.00655101582172187
0.00589374290746928
0.00533502982703984
0.00490638922690671
0.00459754459804196
0.00439245296004325
0.00428424232375201
0.00427197661612713
0.0043530326939807
0.00452435027396588
0.0047829378712886
0.00511806711554169
0.00554657631901028
0.00614967587879249
0.00688964534037509
0.00770500439390168
0.00857870623264263
0.0094535762623714
0.0103057577897273
0.0111180790093638
0.0118106090419396
0.0123997430231813
0.0127819554758526
0.0129997244341229
0.0122254038125095
0.0104785989457915
0.00835522476115425
0.0131275599080194
0.0126692238731067
0.0124353913811918
0.00680524772510388
0.00531450294950649
0.00399612679645305
0.00286569891364603
0.00202318655320191
0.00132497017968092
0.00080171081398554
0.000459003572802212
0.000287919180352389
0.0068488026094537
0.0056711594089056
0.00471003462340026
0.00392683988932886
0.00435053783837451
0.00488594494752245
0.00561153949495948
0.00651830913543889
0.00756839350407009
0.00882132376465352
0.0102704128603538
0.0119237538211201
0.0137981774758422
0.0158861004015588
0.0181914305581433
0.0206617825826307
0.023208658409793
0.0257073771692136
0.0281050594908037
0.0306139368366833
0.0332532314008609
0.0357260868379692
0.0380227100869843
0.040079970494088
0.041814670866965
0.0432259539592633
0.0443503111542606
0.0451662990380535
0.0456881941237403
0.0459527179194305
0.00291634142552725
0.00214651532800296
0.00158103549659605
0.00102283360602594
0.000766481698174737
0.000584463657382216
0.00704491242036492
0.00696349672486221
0.00715022887832978
0.0076462809857738
0.00845969582375054
0.00959724396437425
0.0110636591909114
0.0128748481220902
0.0150945729037613
0.0177324253951812
0.0206173165351814
0.0235791821871517
0.0267294269048255
0.0300297398450988
0.0332117063108817
0.0362445877570524
0.0390685953650613
0.0415972860555493
0.043743788508679
0.0454376515236484
0.0466405424345469
0.0473419814088626
0.0475286971125845
0.047163834052189
0.0461731525072833
0.0445149141742132
0.0423975760015692
0.0403960653840721
0.0391346157778527
0.00698522053843971
0.00687630625567745
0.00698385661446958
0.00733085372522459
0.00792612821347939
0.00870228459748242
0.00966368759454736
0.0109711660315945
0.012634837921889
0.0144770061397509
0.016435880964004
0.0187037369496857
0.0214206016491065
0.0247529360874976
0.0281979017071851
0.0314469265473811
0.0345313384382858
0.0374001539001392
0.0400259335414831
0.0424123706373854
0.0443162976661046
0.045959852918245
0.0467790395508912
0.0473197927808434
0.0474395862197215
0.0468378627507207
0.0453739800016058
0.0426789673314469
0.0390449663448942
0.0350151686089656
0.0316978474382825
0.0297682155849716
0.0225359384233635
0.0205706393185446
0.0185459927908993
0.0167047133235103
0.0149148049894908
0.023292846529373
0.0215965198954348
0.0191667303304614
0.0172099710103215
0.015280399521005
0.0133794645688091
0.0118702494495888
0.0104701740030273
0.00901415490658661
0.00750070316965508
0.00625602140961039
0.00511446786894105
0.00407233465230507
0.00312277001083782
0.002271856951152
0.00151950425205854
0.000846364851327112
0.000289980833653375
-0.000357449455314771
-0.00093004915295914
-0.00137299690238309
-0.00174824159250475
-0.00205584967717881
-0.00227771095280952
-0.00241578790160137
-0.00249338819799672
0.0136360229764026
0.0116936995140687
0.00936153463314788
0.0138665608829766
0.0125247161964773
0.0110948311133348
0.00972334507084413
0.00831603869648686
0.00763631016485985
0.00718460679191461
0.0083902903273643
0.00767604309761527
0.00710282898336633
0.00677292968046064
0.00651580939691676
0.00711909572243212
0.00726061843208355
0.00773269075670609
0.00854960721056902
0.00674023411507707
0.00645949892236565
0.00630655769003176
0.00926855020485297
0.0105068808339588
0.0123178778616577
0.0143936791449153
0.017049974650652
0.0202602911289545
0.023697212905431
0.0276083476188659
0.0317080006055008
0.035757432256424
0.0395803266723043
0.0434738636086799
0.00903209295129323
0.00982087915192165
0.0109961292542354
0.0121153217059395
0.0138850111751935
0.0155209319503457
0.0178100040258663
0.0204180075488766
0.0229008648912834
0.025489722786592
0.0282054958997062
0.03096280321295
0.0334598213873519
0.0358246446219308
0.0384396365365029
0.0407121030094755
0.0429379047063015
0.0446959726740296
0.0461836285838328
0.0473426659568834
0.0481391944450489
0.048701002345768
0.0490676062017741
0.0492619678786678
0.0493508940018601
0.0451658253888134
0.0465072696830795
0.0475008405318765
0.0481281341976765
0.0486159851668865
0.0488795927823296
0.0490135163158949
0.0450318160037779
0.0461286309354344
0.0467173605703498
0.0466837022625847
0.0458975728581254
0.0439641973441038
0.0403836514392933
0.0350178449958606
0.0288836729382306
0.0232155435923197
0.0183220755924999
0.0143834149927364
0.0113966461949391
0.00925650373218815
0.0077675768286234
0.00670178424461687
0.00601203823056758
0.00567711406387429
0.00661074713811992
0.00709588400676338
0.00782293286283644
0.00882553397998196
0.0100419763483182
0.0114133448703273
0.01295135044823
0.0146646219733779
0.01655576126637
0.0186182510489654
0.0208338412742095
0.0231729595537813
0.0255944326460253
0.0281762720631419
0.00594451329971876
0.00564038114691652
0.0053981888446507
0.00522126335645306
0.00512211068659377
0.00508433710565098
0.00511160863389276
0.00520007147185113
0.00534182422265854
0.00554264984936676
0.00580335008946953
0.00609271245665665
0.00637123606290222
0.00662820269447379
0.00684240465937642
0.00702430946414805
0.00714696061360543
0.00721786664848831
0.0298508557587814
0.0314947782884641
0.0331005911444136
0.0349253756853104
0.0366332655112256
0.0381622477956745
0.0400099586064015
0.0421603059952996
0.0441061922016834
0.0456425146538255
0.0468079997005868
0.0476955841342555
0.048377093210914
0.048862615184066
0.0491745147015415
0.0493541645875936
0.049455218070558
0.0495051252779593
0.0295055831376435
0.0307831271884704
0.0320085002959788
0.0331911639847503
0.0343477904917895
0.0354815483274592
0.0365337827704928
0.0374170978830874
0.0380915222075581
0.038545094148154
0.0387800807242397
0.00708399176622577
0.0079345224053596
0.00913846909819443
0.010586871265922
0.0122791313724591
0.0143139389474846
0.0166125231744672
0.0193996950402674
0.0224433585690545
0.0256868238833123
0.0292269070779274
0.00585863796287073
0.00526260294991946
0.00485360668665953
0.00453575497057157
0.00436975841413691
0.00428488608452501
0.00429592388580087
0.00436703136635153
0.00448937224318773
0.0045827200935496
0.00469245653055967
0.00477131408307862
0.00481395306714388
0.030920550257785
0.0325614110931594
0.0341172092586867
0.0357611550769897
0.0371550042776972
0.0383834520370677
0.0392740121187171
0.0399495359869611
0.0403496486670081
0.0314205194281569
0.033645219344576
0.035863496907102
0.0380359532552352
0.0401137154810364
0.0420169815655334
0.0436821091321102
0.0450796794005413
0.0461310605105678
0.0468052953742579
0.0470901877802697
0.0469036275573755
0.0461519078665507
0.0446113673915538
0.0419956964182462
0.0380456104243459
0.0331029128384624
0.0281759018165189
0.0242235723842869
0.0211775911375066
0.0191238072099413
0.0181129769540098
0.00913980721310101
0.00859426288185925
0.00815407139167782
0.00786141274675397
0.00771202130249107
0.00770042870456663
0.00785000989494502
0.008160714175671
0.00849089278110432
0.00904398869739135
0.00987707963262873
0.0107854788172784
0.0119096975026555
0.0133164904398687
0.0148688257201994
0.0167058003088142
0.00920256783148886
0.00878236011634806
0.00849233461563127
0.0083355407492627
0.00830694875434589
0.00841591181588394
0.00869084402072491
0.00917745643343572
0.00989432907444714
0.010813027465262
0.0118597081282302
0.0129575610735286
0.0141546609498794
0.0158035771009205
0.0181461532233267
0.0201587372244344
0.0223792523544777
0.0246233170814474
0.0271281582026044
0.0295106651868263
0.031824351623175
0.0344630382461885
0.036619197666777
0.0386183720548377
0.04032326901426
0.0418030252441093
0.0429771754419095
0.0438416720630819
0.0444193641109928
0.0447178971424156
0.0178402683557122
0.019201484120125
0.0208553471279089
0.0225513264664308
0.0241894921973417
0.0260396160084013
0.0278136359425213
0.0293783250598691
0.0307390507364342
0.0319643321090534
0.0330818404924352
0.0340524039660157
0.0347945119353055
0.0352106369288227
0.0172250282528577
0.0187181362484637
0.020349215385215
0.0222113753016146
0.0242076261949656
0.0263296916659619
0.0284308331368361
0.0305762288755665
0.0328599411828099
0.0351584761578226
0.0373111271294747
0.0392933211710721
0.0411725251739247
0.0429996223225115
0.0163313792403087
0.0171404145076746
0.0181155464746094
0.0194406265421822
0.0213918887840488
0.0236016105969476
0.025731379532194
0.0281720786944401
0.0307321212311589
0.033264901708567
0.03574828128526
0.0379113631695686
0.040058137319462
0.042010667343056
0.0436945209947435
0.0449813524138734
0.0459063900011238
0.0464511141112898
0.0464980464528073
0.0459553513024049
0.0446235080399398
0.0421704764810156
0.0383099982224254
0.0332970763811882
0.0278894457972102
0.0226403595899058
0.0180410937006789
0.0142589759981029
0.0110157884760394
0.00825398620010993
0.00570283929845792
0.0440984010401127
0.0450874874227698
0.04591205379956
0.0464895176738793
0.0466977415301098
0.0464129066578936
0.0456380556115829
0.0441544404310277
0.0415553310559277
0.0379077241254968
0.0333455792330362
0.0286250641978322
0.0240151625285652
0.0196345358310797
0.0160901032625319
0.0133031400493838
0.0107874173420044
0.00866968711871632
0.00700125921664771
0.00571925842795076
0.00468717931010025
0.00380310651099665
0.00307581454264037
0.00249830810642267
0.00202327871894982
0.00160521757490289
0.0436832305390462
0.0441588833534799
0.0444658839360413
0.00134048041059538
0.00109062204372006
0.000865044195938927
0.00067889408201374
0.000531136739869244
0.000405515135782532
0.00134903775642476
0.00111171380127865
0.000980506309040872
0.000903399009105916
0.000338789603162073
0.000295742968186338
0.000270529237006646
0.000258268775415943
0.000353446010394324
0.000322855350585553
0.000309114512005238
0.00445935778313449
0.00348346817788197
0.00274866123746091
0.00214057934993475
0.00160374788185184
0.0011385181521934
0.00451982842662236
0.00362517274392644
0.0029123220563811
0.00234408062632993
0.00188688549601613
0.00154462923082244
0.00124754456783344
0.00102167747963873
0.000838691148230158
0.000692454382695196
0.000578661350130606
0.000486329839477627
0.000413832603911903
0.000354399414500585
0.000306872867443697
0.000269552790742272
0.000236902709924832
0.00092343420359097
0.000773981137276757
0.000648274149420664
0.000551340563862372
0.00046915871271519
0.000403910499036886
0.000351783790405904
0.000310201197683231
0.000276854291252783
0.0002505993276294
0.000229263324034691
0.000211902772139325
0.000198086132164617
0.000187424342079152
0.000179394767884162
0.000173483552461702
0.000169330482950858
0.000166700369138185
0.000165386270072539
0.000935534265944175
0.000794880457263789
0.000685001572953653
0.000610929652140205
0.000565495726033058
0.000542824372823032
0.000217128113928821
0.000200095723257668
0.000187003135413942
0.000177843241682056
0.000171205110776206
0.000167105458953785
0.000165056493472893
0.000218014434604923
0.00020333645350106
0.000193902084895441
0.000189437661591554
