4.21943722624361e-05
4.21943722624361e-05
4.21943722624361e-05
4.21943722624361e-05
4.21943722624361e-05
4.21943722624362e-05
4.21943722624362e-05
4.21943722624361e-05
4.21943722624361e-05
4.21943722624362e-05
4.21943722624362e-05
4.21943722624363e-05
4.21943722624363e-05
4.21943722624363e-05
4.21943722624364e-05
4.21943722624361e-05
4.2194372262436e-05
4.2194372262436e-05
4.2194372262436e-05
4.2194372262436e-05
4.2194372262436e-05
4.2194372262436e-05
4.2194372262436e-05
4.2194372262436e-05
4.21943722624361e-05
4.21943722624361e-05
4.21943722624362e-05
4.21943722624362e-05
4.21943722624362e-05
4.21943722624363e-05
4.21943722624363e-05
4.21943722624363e-05
4.21943722624361e-05
4.21943722624361e-05
4.21943722624361e-05
4.21943722624361e-05
4.2194372262436e-05
4.2194372262436e-05
4.2194372262436e-05
4.2194372262436e-05
4.21943722624362e-05
4.21943722624362e-05
4.21943722624363e-05
4.21943722624364e-05
4.21943722624364e-05
4.21943722624361e-05
4.21943722624362e-05
4.21943722624362e-05
4.21943722624365e-05
4.21943722624365e-05
4.21943722624365e-05
4.21943722624365e-05
4.21943722624366e-05
4.21943722624366e-05
4.21943722624366e-05
4.21943722624366e-05
4.21943722624367e-05
4.21943722624366e-05
4.21943722624366e-05
4.21943722624366e-05
4.21943722624366e-05
4.21943722624367e-05
4.21943722624367e-05
4.21943722624367e-05
4.21943722624367e-05
4.21943722624367e-05
4.21943722624367e-05
4.21943722624367e-05
4.21943722624367e-05
4.21943722624367e-05
4.21943722624367e-05
4.21943722624367e-05
4.21943722624366e-05
4.21943722624366e-05
4.21943722624366e-05
4.21943722624366e-05
4.21943722624367e-05
4.21943722624367e-05
4.21943722624367e-05
4.21943722624367e-05
4.21943722624366e-05
4.21943722624367e-05
4.21943722624365e-05
4.21943722624366e-05
4.21943722624366e-05
4.21943722624366e-05
4.21943722624367e-05
4.21943722624367e-05
4.21943722624367e-05
4.21943722624367e-05
4.21943722624367e-05
4.21943722624367e-05
4.21943722624367e-05
4.21943722624362e-05
4.21943722624363e-05
4.21943722624364e-05
4.21943722624362e-05
4.21943722624363e-05
4.21943722624363e-05
4.21943722624364e-05
4.21943722624364e-05
4.21943722624365e-05
4.21943722624364e-05
4.21943722624364e-05
4.21943722624365e-05
4.21943722624365e-05
4.21943722624365e-05
4.21943722624365e-05
4.21943722624365e-05
4.21943722624365e-05
4.21943722624365e-05
4.21943722624365e-05
4.21943722624365e-05
4.21943722624366e-05
4.21943722624366e-05
4.21943722624366e-05
4.21943722624366e-05
4.21943722624366e-05
4.21943722624365e-05
4.21943722624365e-05
4.21943722624366e-05
4.21943722624366e-05
4.21943722624367e-05
4.21943722624368e-05
4.21943722624365e-05
4.21943722624366e-05
4.21943722624366e-05
4.21943722624369e-05
4.21943722624369e-05
4.2194372262437e-05
4.2194372262437e-05
4.21943722624371e-05
4.21943722624371e-05
4.21943722624371e-05
4.21943722624371e-05
4.21943722624371e-05
4.21943722624371e-05
4.21943722624371e-05
4.2194372262437e-05
4.2194372262437e-05
4.2194372262437e-05
4.2194372262437e-05
4.2194372262437e-05
4.21943722624369e-05
4.21943722624369e-05
4.21943722624369e-05
4.21943722624369e-05
4.21943722624369e-05
4.21943722624369e-05
4.21943722624369e-05
4.21943722624369e-05
4.21943722624369e-05
4.2194372262437e-05
4.2194372262437e-05
4.21943722624371e-05
4.21943722624371e-05
4.21943722624371e-05
4.21943722624371e-05
4.21943722624371e-05
4.21943722624372e-05
4.21943722624371e-05
4.21943722624368e-05
4.21943722624368e-05
4.21943722624368e-05
4.21943722624368e-05
4.21943722624368e-05
4.21943722624369e-05
4.21943722624369e-05
4.21943722624369e-05
4.2194372262437e-05
4.2194372262437e-05
4.2194372262437e-05
4.2194372262437e-05
4.2194372262437e-05
4.2194372262437e-05
4.21943722624371e-05
4.21943722624371e-05
4.21943722624371e-05
4.21943722624371e-05
4.21943722624371e-05
4.21943722624371e-05
4.21943722624371e-05
4.21943722624371e-05
4.21943722624371e-05
4.21943722624366e-05
4.21943722624366e-05
4.21943722624366e-05
4.21943722624366e-05
4.21943722624367e-05
4.21943722624367e-05
4.21943722624367e-05
4.21943722624367e-05
4.21943722624367e-05
4.21943722624368e-05
4.21943722624368e-05
4.21943722624368e-05
4.21943722624368e-05
4.21943722624366e-05
4.21943722624367e-05
4.21943722624367e-05
4.21943722624368e-05
4.21943722624368e-05
4.21943722624369e-05
4.21943722624369e-05
4.21943722624369e-05
4.21943722624369e-05
4.21943722624369e-05
4.21943722624368e-05
4.21943722624368e-05
4.21943722624368e-05
4.21943722624368e-05
4.21943722624368e-05
4.21943722624368e-05
4.21943722624368e-05
4.21943722624368e-05
4.21943722624368e-05
4.21943722624368e-05
4.21943722624368e-05
4.21943722624368e-05
4.21943722624368e-05
4.21943722624368e-05
4.21943722624369e-05
4.21943722624369e-05
4.21943722624369e-05
4.21943722624369e-05
4.21943722624369e-05
4.2194372262437e-05
4.2194372262437e-05
4.2194372262437e-05
4.21943722624369e-05
4.21943722624369e-05
4.2194372262437e-05
4.2194372262437e-05
4.21943722624369e-05
4.21943722624363e-05
4.21943722624363e-05
4.21943722624363e-05
4.21943722624363e-05
4.21943722624363e-05
4.21943722624363e-05
4.21943722624363e-05
4.21943722624363e-05
4.21943722624363e-05
4.21943722624364e-05
4.21943722624364e-05
4.21943722624364e-05
4.21943722624365e-05
4.21943722624365e-05
4.21943722624365e-05
4.21943722624365e-05
4.21943722624365e-05
4.21943722624365e-05
4.21943722624365e-05
4.21943722624365e-05
4.21943722624365e-05
4.21943722624365e-05
4.21943722624364e-05
4.21943722624364e-05
4.21943722624365e-05
4.21943722624365e-05
4.21943722624365e-05
4.21943722624365e-05
4.21943722624364e-05
4.21943722624365e-05
4.21943722624365e-05
4.21943722624365e-05
4.21943722624365e-05
4.21943722624365e-05
4.21943722624365e-05
4.21943722624365e-05
4.21943722624365e-05
4.21943722624366e-05
4.21943722624366e-05
4.21943722624366e-05
4.21943722624366e-05
4.21943722624366e-05
4.21943722624366e-05
4.21943722624366e-05
4.21943722624365e-05
4.21943722624365e-05
4.21943722624365e-05
4.21943722624365e-05
4.21943722624362e-05
4.21943722624363e-05
4.21943722624363e-05
4.21943722624363e-05
4.21943722624363e-05
4.21943722624364e-05
4.21943722624363e-05
4.21943722624363e-05
4.21943722624363e-05
4.21943722624363e-05
4.21943722624363e-05
4.21943722624363e-05
4.21943722624364e-05
4.21943722624364e-05
4.21943722624364e-05
4.21943722624365e-05
4.21943722624365e-05
4.21943722624366e-05
4.21943722624366e-05
4.21943722624366e-05
4.21943722624367e-05
4.21943722624367e-05
4.21943722624367e-05
4.21943722624368e-05
4.21943722624368e-05
4.21943722624369e-05
4.2194372262437e-05
4.2194372262437e-05
4.2194372262437e-05
4.2194372262437e-05
4.2194372262437e-05
4.21943722624371e-05
4.21943722624371e-05
4.21943722624371e-05
4.21943722624371e-05
4.21943722624371e-05
4.2194372262437e-05
4.2194372262437e-05
4.2194372262437e-05
4.2194372262437e-05
4.2194372262437e-05
4.21943722624371e-05
4.21943722624371e-05
4.21943722624363e-05
4.21943722624363e-05
4.21943722624364e-05
4.21943722624364e-05
4.21943722624364e-05
4.21943722624365e-05
4.21943722624365e-05
4.21943722624365e-05
4.21943722624365e-05
4.21943722624365e-05
4.21943722624365e-05
4.21943722624365e-05
4.21943722624365e-05
4.21943722624364e-05
4.21943722624364e-05
4.21943722624364e-05
4.21943722624365e-05
4.21943722624365e-05
4.21943722624365e-05
4.21943722624364e-05
4.21943722624364e-05
4.21943722624363e-05
4.21943722624363e-05
4.21943722624362e-05
4.21943722624362e-05
4.21943722624362e-05
4.21943722624362e-05
4.21943722624361e-05
4.21943722624361e-05
4.21943722624361e-05
4.21943722624362e-05
4.21943722624362e-05
4.21943722624362e-05
4.21943722624362e-05
4.21943722624362e-05
4.21943722624362e-05
4.21943722624362e-05
4.21943722624362e-05
4.21943722624362e-05
4.21943722624362e-05
4.21943722624362e-05
4.21943722624363e-05
4.21943722624363e-05
4.21943722624363e-05
4.21943722624363e-05
4.21943722624363e-05
4.21943722624366e-05
4.21943722624366e-05
4.21943722624366e-05
4.21943722624366e-05
4.21943722624367e-05
4.21943722624368e-05
4.21943722624368e-05
4.21943722624369e-05
4.21943722624369e-05
4.21943722624369e-05
4.2194372262437e-05
4.2194372262437e-05
4.2194372262437e-05
4.2194372262437e-05
4.2194372262437e-05
4.21943722624371e-05
4.21943722624371e-05
4.21943722624372e-05
4.21943722624372e-05
4.21943722624372e-05
4.21943722624372e-05
4.21943722624372e-05
4.21943722624372e-05
4.21943722624372e-05
4.21943722624366e-05
4.21943722624366e-05
4.21943722624366e-05
4.21943722624366e-05
4.21943722624367e-05
4.21943722624367e-05
4.21943722624367e-05
4.21943722624367e-05
4.21943722624367e-05
4.21943722624368e-05
4.21943722624368e-05
4.21943722624368e-05
4.21943722624364e-05
4.21943722624364e-05
4.21943722624365e-05
4.21943722624365e-05
4.21943722624365e-05
4.21943722624365e-05
4.21943722624365e-05
4.21943722624366e-05
4.21943722624366e-05
4.21943722624366e-05
4.21943722624366e-05
4.21943722624366e-05
4.21943722624366e-05
4.21943722624366e-05
4.21943722624367e-05
4.21943722624367e-05
4.21943722624367e-05
4.21943722624367e-05
4.21943722624367e-05
4.21943722624367e-05
4.21943722624367e-05
4.21943722624368e-05
4.21943722624367e-05
4.21943722624364e-05
4.21943722624364e-05
4.21943722624364e-05
4.21943722624364e-05
4.21943722624365e-05
4.21943722624365e-05
4.21943722624366e-05
4.21943722624366e-05
4.21943722624366e-05
4.21943722624366e-05
4.21943722624366e-05
4.21943722624366e-05
4.21943722624366e-05
4.21943722624366e-05
4.21943722624366e-05
4.21943722624366e-05
4.21943722624366e-05
4.21943722624366e-05
4.21943722624366e-05
4.21943722624366e-05
4.21943722624367e-05
4.21943722624367e-05
4.21943722624367e-05
4.21943722624367e-05
4.21943722624367e-05
4.21943722624368e-05
4.21943722624368e-05
4.21943722624368e-05
4.21943722624368e-05
4.21943722624368e-05
4.21943722624368e-05
4.21943722624368e-05
4.21943722624368e-05
4.21943722624368e-05
4.21943722624368e-05
4.21943722624364e-05
4.21943722624364e-05
4.21943722624364e-05
4.21943722624364e-05
4.21943722624364e-05
4.21943722624364e-05
4.21943722624364e-05
4.21943722624364e-05
4.21943722624364e-05
4.21943722624363e-05
4.21943722624363e-05
4.21943722624363e-05
4.21943722624363e-05
4.21943722624363e-05
4.21943722624363e-05
4.21943722624364e-05
4.21943722624364e-05
4.21943722624364e-05
4.21943722624363e-05
4.21943722624363e-05
4.21943722624363e-05
4.21943722624363e-05
4.21943722624363e-05
4.21943722624363e-05
4.21943722624363e-05
4.21943722624363e-05
4.21943722624363e-05
4.21943722624362e-05
4.21943722624362e-05
4.21943722624362e-05
4.21943722624362e-05
4.21943722624363e-05
4.21943722624363e-05
4.21943722624363e-05
4.21943722624364e-05
4.21943722624364e-05
4.21943722624364e-05
4.21943722624364e-05
4.21943722624364e-05
4.21943722624364e-05
4.21943722624364e-05
4.21943722624364e-05
4.21943722624363e-05
4.21943722624363e-05
4.21943722624363e-05
4.21943722624363e-05
4.21943722624363e-05
4.21943722624362e-05
4.21943722624362e-05
4.21943722624362e-05
4.21943722624362e-05
4.21943722624363e-05
4.21943722624363e-05
4.21943722624363e-05
4.21943722624363e-05
4.21943722624364e-05
4.21943722624364e-05
4.21943722624363e-05
4.21943722624363e-05
4.21943722624363e-05
4.21943722624363e-05
4.21943722624363e-05
4.21943722624363e-05
4.21943722624363e-05
4.21943722624363e-05
4.21943722624363e-05
4.21943722624363e-05
4.21943722624364e-05
4.21943722624364e-05
4.21943722624365e-05
4.21943722624365e-05
4.21943722624365e-05
4.21943722624364e-05
4.21943722624364e-05
4.21943722624364e-05
4.21943722624364e-05
4.21943722624364e-05
4.21943722624364e-05
4.21943722624365e-05
4.21943722624365e-05
4.21943722624363e-05
4.21943722624363e-05
4.21943722624363e-05
4.21943722624363e-05
4.21943722624363e-05
4.21943722624363e-05
4.21943722624363e-05
4.21943722624364e-05
4.21943722624364e-05
4.21943722624364e-05
4.21943722624364e-05
4.21943722624364e-05
4.21943722624364e-05
4.21943722624364e-05
4.21943722624364e-05
4.21943722624364e-05
4.21943722624363e-05
4.21943722624363e-05
4.21943722624363e-05
4.21943722624363e-05
4.21943722624363e-05
4.21943722624363e-05
4.21943722624363e-05
4.21943722624363e-05
4.21943722624363e-05
4.21943722624363e-05
4.21943722624364e-05
4.21943722624364e-05
4.21943722624364e-05
4.21943722624364e-05
4.21943722624364e-05
4.21943722624364e-05
4.2194372262436e-05
4.2194372262436e-05
4.2194372262436e-05
4.2194372262436e-05
4.2194372262436e-05
4.2194372262436e-05
4.2194372262436e-05
4.2194372262436e-05
4.2194372262436e-05
4.21943722624359e-05
4.21943722624359e-05
4.21943722624359e-05
4.21943722624359e-05
4.21943722624359e-05
4.21943722624359e-05
4.21943722624359e-05
4.21943722624359e-05
4.21943722624359e-05
4.21943722624359e-05
4.21943722624359e-05
4.21943722624359e-05
4.2194372262436e-05
4.2194372262436e-05
4.2194372262436e-05
4.2194372262436e-05
4.21943722624361e-05
4.21943722624361e-05
4.21943722624361e-05
4.21943722624361e-05
4.21943722624361e-05
4.21943722624361e-05
4.2194372262436e-05
4.2194372262436e-05
4.2194372262436e-05
4.2194372262436e-05
4.21943722624361e-05
4.21943722624362e-05
4.21943722624363e-05
4.21943722624359e-05
4.21943722624359e-05
4.21943722624358e-05
4.21943722624361e-05
4.21943722624362e-05
4.21943722624363e-05
4.21943722624364e-05
4.21943722624365e-05
4.21943722624358e-05
4.21943722624359e-05
4.2194372262436e-05
4.2194372262436e-05
4.21943722624358e-05
4.21943722624357e-05
4.21943722624356e-05
4.21943722624361e-05
4.21943722624362e-05
4.21943722624362e-05
4.21943722624363e-05
4.21943722624364e-05
4.21943722624364e-05
4.21943722624365e-05
4.21943722624365e-05
4.21943722624366e-05
4.21943722624366e-05
4.21943722624367e-05
4.21943722624367e-05
4.21943722624361e-05
4.21943722624361e-05
4.21943722624362e-05
4.21943722624362e-05
4.21943722624362e-05
4.21943722624362e-05
4.21943722624363e-05
4.21943722624363e-05
4.21943722624363e-05
4.21943722624363e-05
4.21943722624364e-05
4.21943722624364e-05
4.21943722624364e-05
4.21943722624365e-05
4.21943722624365e-05
4.21943722624366e-05
4.21943722624366e-05
4.21943722624366e-05
4.21943722624366e-05
4.21943722624367e-05
4.21943722624367e-05
4.21943722624367e-05
4.21943722624367e-05
4.21943722624367e-05
4.21943722624367e-05
4.21943722624367e-05
4.21943722624367e-05
4.21943722624367e-05
4.21943722624367e-05
4.21943722624368e-05
4.21943722624368e-05
4.21943722624368e-05
4.21943722624368e-05
4.21943722624368e-05
4.21943722624368e-05
4.21943722624368e-05
4.21943722624368e-05
4.21943722624368e-05
4.21943722624368e-05
4.21943722624368e-05
4.21943722624368e-05
4.21943722624368e-05
4.21943722624368e-05
4.21943722624368e-05
4.21943722624368e-05
4.21943722624368e-05
4.21943722624368e-05
4.21943722624368e-05
4.21943722624368e-05
4.21943722624368e-05
4.21943722624356e-05
4.21943722624356e-05
4.21943722624356e-05
4.21943722624356e-05
4.21943722624356e-05
4.21943722624357e-05
4.21943722624357e-05
4.21943722624357e-05
4.21943722624358e-05
4.21943722624358e-05
4.21943722624358e-05
4.21943722624358e-05
4.21943722624358e-05
4.21943722624358e-05
4.21943722624356e-05
4.21943722624356e-05
4.21943722624356e-05
4.21943722624355e-05
4.21943722624355e-05
4.21943722624355e-05
4.21943722624355e-05
4.21943722624354e-05
4.21943722624354e-05
4.21943722624354e-05
4.21943722624354e-05
4.21943722624354e-05
4.21943722624354e-05
4.21943722624354e-05
4.21943722624354e-05
4.21943722624354e-05
4.21943722624354e-05
4.21943722624354e-05
4.21943722624358e-05
4.21943722624358e-05
4.21943722624359e-05
4.21943722624359e-05
4.21943722624359e-05
4.21943722624359e-05
4.2194372262436e-05
4.2194372262436e-05
4.21943722624361e-05
4.21943722624361e-05
4.21943722624362e-05
4.21943722624362e-05
4.21943722624362e-05
4.21943722624361e-05
4.21943722624361e-05
4.21943722624361e-05
4.21943722624361e-05
4.21943722624361e-05
4.21943722624358e-05
4.21943722624358e-05
4.21943722624359e-05
4.21943722624359e-05
4.21943722624359e-05
4.2194372262436e-05
4.2194372262436e-05
4.2194372262436e-05
4.2194372262436e-05
4.2194372262436e-05
4.2194372262436e-05
4.21943722624366e-05
4.21943722624367e-05
4.21943722624368e-05
4.21943722624369e-05
4.21943722624369e-05
4.2194372262437e-05
4.2194372262437e-05
4.21943722624371e-05
4.21943722624371e-05
4.21943722624372e-05
4.21943722624372e-05
4.21943722624366e-05
4.21943722624366e-05
4.21943722624366e-05
4.21943722624367e-05
4.21943722624367e-05
4.21943722624367e-05
4.21943722624367e-05
4.21943722624368e-05
4.21943722624368e-05
4.21943722624368e-05
4.21943722624368e-05
4.21943722624369e-05
4.21943722624369e-05
4.21943722624373e-05
4.21943722624373e-05
4.21943722624373e-05
4.21943722624374e-05
4.21943722624374e-05
4.21943722624374e-05
4.21943722624374e-05
4.21943722624374e-05
4.21943722624374e-05
4.21943722624372e-05
4.21943722624372e-05
4.21943722624372e-05
4.21943722624372e-05
4.21943722624372e-05
4.21943722624372e-05
4.21943722624372e-05
4.21943722624372e-05
4.21943722624373e-05
4.21943722624372e-05
4.21943722624372e-05
4.21943722624372e-05
4.21943722624372e-05
4.21943722624372e-05
4.21943722624373e-05
4.21943722624373e-05
4.21943722624374e-05
4.21943722624375e-05
4.21943722624375e-05
4.21943722624375e-05
4.21943722624375e-05
4.21943722624375e-05
4.21943722624363e-05
4.21943722624363e-05
4.21943722624364e-05
4.21943722624364e-05
4.21943722624365e-05
4.21943722624365e-05
4.21943722624366e-05
4.21943722624366e-05
4.21943722624367e-05
4.21943722624367e-05
4.21943722624367e-05
4.21943722624367e-05
4.21943722624367e-05
4.21943722624368e-05
4.21943722624368e-05
4.21943722624369e-05
4.21943722624363e-05
4.21943722624363e-05
4.21943722624364e-05
4.21943722624365e-05
4.21943722624365e-05
4.21943722624366e-05
4.21943722624366e-05
4.21943722624367e-05
4.21943722624367e-05
4.21943722624367e-05
4.21943722624367e-05
4.21943722624367e-05
4.21943722624368e-05
4.21943722624368e-05
4.21943722624369e-05
4.2194372262437e-05
4.2194372262437e-05
4.2194372262437e-05
4.2194372262437e-05
4.2194372262437e-05
4.2194372262437e-05
4.2194372262437e-05
4.2194372262437e-05
4.2194372262437e-05
4.2194372262437e-05
4.2194372262437e-05
4.2194372262437e-05
4.2194372262437e-05
4.21943722624371e-05
4.21943722624371e-05
4.21943722624369e-05
4.21943722624369e-05
4.21943722624369e-05
4.21943722624369e-05
4.21943722624368e-05
4.21943722624368e-05
4.21943722624368e-05
4.21943722624368e-05
4.21943722624369e-05
4.21943722624369e-05
4.21943722624368e-05
4.21943722624368e-05
4.21943722624368e-05
4.21943722624368e-05
4.21943722624368e-05
4.21943722624368e-05
4.21943722624369e-05
4.21943722624369e-05
4.21943722624369e-05
4.2194372262437e-05
4.2194372262437e-05
4.2194372262437e-05
4.2194372262437e-05
4.21943722624371e-05
4.21943722624371e-05
4.21943722624371e-05
4.21943722624371e-05
4.2194372262437e-05
4.21943722624368e-05
4.21943722624368e-05
4.21943722624368e-05
4.21943722624368e-05
4.21943722624368e-05
4.21943722624368e-05
4.21943722624369e-05
4.21943722624369e-05
4.2194372262437e-05
4.2194372262437e-05
4.2194372262437e-05
4.2194372262437e-05
4.2194372262437e-05
4.2194372262437e-05
4.2194372262437e-05
4.2194372262437e-05
4.21943722624371e-05
4.21943722624371e-05
4.21943722624371e-05
4.21943722624372e-05
4.21943722624372e-05
4.21943722624372e-05
4.21943722624372e-05
4.21943722624372e-05
4.21943722624373e-05
4.21943722624373e-05
4.21943722624373e-05
4.21943722624373e-05
4.21943722624373e-05
4.21943722624374e-05
4.21943722624373e-05
4.2194372262437e-05
4.2194372262437e-05
4.2194372262437e-05
4.2194372262437e-05
4.2194372262437e-05
4.2194372262437e-05
4.2194372262437e-05
4.2194372262437e-05
4.2194372262437e-05
4.2194372262437e-05
4.2194372262437e-05
4.2194372262437e-05
4.2194372262437e-05
4.21943722624369e-05
4.21943722624369e-05
4.21943722624369e-05
4.21943722624368e-05
4.21943722624369e-05
4.21943722624369e-05
4.21943722624369e-05
4.21943722624369e-05
4.21943722624369e-05
4.21943722624368e-05
4.21943722624368e-05
4.21943722624367e-05
4.21943722624367e-05
4.2194372262437e-05
4.2194372262437e-05
4.2194372262437e-05
4.21943722624367e-05
4.21943722624367e-05
4.21943722624367e-05
4.21943722624367e-05
4.21943722624366e-05
4.21943722624366e-05
4.21943722624366e-05
4.21943722624366e-05
4.21943722624366e-05
4.21943722624366e-05
4.21943722624366e-05
4.21943722624366e-05
4.21943722624366e-05
4.21943722624366e-05
4.21943722624366e-05
4.21943722624366e-05
4.21943722624366e-05
4.21943722624374e-05
4.21943722624374e-05
4.21943722624374e-05
4.21943722624375e-05
4.21943722624375e-05
4.21943722624376e-05
4.21943722624374e-05
4.21943722624373e-05
4.21943722624374e-05
4.21943722624374e-05
4.21943722624374e-05
4.21943722624373e-05
4.21943722624373e-05
4.21943722624373e-05
4.21943722624372e-05
4.21943722624372e-05
4.21943722624372e-05
4.21943722624372e-05
4.21943722624372e-05
4.21943722624372e-05
4.21943722624372e-05
4.21943722624372e-05
4.21943722624372e-05
4.21943722624377e-05
4.21943722624378e-05
4.21943722624379e-05
4.2194372262438e-05
4.2194372262438e-05
4.21943722624381e-05
4.21943722624381e-05
4.21943722624381e-05
4.21943722624382e-05
4.21943722624382e-05
4.21943722624382e-05
4.21943722624382e-05
4.21943722624382e-05
4.21943722624382e-05
4.21943722624382e-05
4.21943722624383e-05
4.21943722624383e-05
4.21943722624383e-05
4.21943722624383e-05
4.21943722624376e-05
4.21943722624375e-05
4.21943722624375e-05
4.21943722624375e-05
4.21943722624374e-05
4.21943722624374e-05
4.21943722624372e-05
4.21943722624371e-05
4.21943722624371e-05
4.21943722624371e-05
4.21943722624371e-05
4.21943722624371e-05
4.21943722624371e-05
4.21943722624372e-05
4.21943722624372e-05
4.21943722624372e-05
4.21943722624372e-05
