0.05
0.0379572975604637
0.0362858608867024
0.0339320992227168
0.0364044085446614
0.0344621733449245
0.0329203605716455
0.0378523264536107
0.0361258547349827
0.0340495971879585
0.0335019963244686
0.0336889667306277
0.034102210222814
0.0348475037031027
0.0355774019146311
0.0379583096632822
0.0326513962954781
0.0281329914433775
0.027625124773863
0.0263118310985207
0.0252658191863146
0.025106447382574
0.025104588705407
0.0252257135135657
0.0256301672263446
0.02666305827007
0.028029974649082
0.0289932829372652
0.0291756508020095
0.0283421930533258
0.0264661918386539
0.0236501346262272
0.0377383833641615
0.036149050433404
0.0341326268956296
0.0325884382560634
0.0314000897253089
0.0305492804892821
0.0299304804175415
0.0293635622422885
0.0332242807854504
0.0332350421675256
0.0336939327201848
0.03427544034441
0.0347764063146781
0.0326290303009152
0.0316330154979503
0.0307126192301759
0.0333591103264142
0.0313470747087073
0.0288911797374961
0.0264236033200433
0.0237819447601412
0.0211188819055808
0.0188057188874144
0.0166419732617427
0.0145908756306747
0.012829471588004
0.0112311689101451
0.00980580520951748
0.00849466445721817
0.00734416196164245
0.00633956075682102
0.00539990728224776
0.00455095600407277
0.00374433993070148
0.00294681920637615
0.00217594417625794
0.0014739719116348
0.000848536905771427
0.000308089377045946
-0.000145394917950824
-0.000637480991030587
-0.0011580117591829
-0.00162587008707942
-0.00204519347880769
-0.00239251951641711
-0.00268431955781233
-0.00291700392350085
-0.00308855319713114
-0.00320170665074008
-0.00325975214595071
0.0364675672466233
0.0374852883343115
0.0382903832852423
0.038849145385804
0.0391308051957577
0.0392142475924329
0.0391544099188447
0.0390298469002797
0.0388844986884752
0.0387488675495405
0.0386676709589605
0.03031846557727
0.0297834075353882
0.0289798571135349
0.0293721017075025
0.0273663723212395
0.0247854128610804
0.0286746663993879
0.028321318956379
0.0279112214759453
0.0287168147412038
0.0278396930145385
0.0261783646025466
0.0245615082230117
0.022889808893058
0.020914562810961
0.018862663300129
0.0172289637178086
0.0158511212869302
0.0145479122535288
0.0134638158543021
0.0125463336237986
0.0118357570023378
0.0113410135502028
0.0110331404356091
0.0108634412899442
0.0269483731591397
0.0248289053869419
0.0216800139100512
0.0182865620074077
0.0152232483790705
0.0121473612887708
0.0273724049431925
0.0268209339920049
0.0262033454648548
0.0107384158392682
0.00935939940038423
0.00815766071268785
0.00711535806884538
0.00617392327384353
0.00536588290757496
0.00470116752523448
0.00412429415165549
0.00360285106015125
0.00314046975550649
0.00274656634837467
0.00242291357844212
0.00216055103043088
0.00194648474943304
0.0017742935967635
0.00164093150328219
0.00154427724937081
0.00148130784327731
0.00144945124626184
0.00144875420455841
0.00148040184160076
0.00154616132425727
0.00164896752604596
0.00180353375646476
0.00195793371199165
0.00220573021380541
0.00248627905653083
0.00282077738169769
0.0031869102187976
0.00354514956622674
0.00389919384391146
0.00421806042601462
0.00441503480893022
0.00456380526845358
0.0106020215349732
0.00920991928986196
0.00798053322057607
0.00668991033219472
0.00546733398613561
0.00434999486063715
0.00338059660488248
0.00243655769959853
0.00158228904951164
0.000785898267215995
5.31348177454545e-05
-0.000632170999999988
-0.00127627040557187
-0.00186640660680586
-0.00239820328457627
-0.00290430263725652
-0.00335638065930978
-0.00374075314557343
-0.00406874404472476
-0.00434782496085929
-0.00457150147013003
-0.00472793832249931
-0.00481066657967831
0.0253706718730672
0.0243076553637892
0.023129908245229
0.0219412943145875
0.0207957943775065
0.0197101847317159
0.0186950344653235
0.0178014523553777
0.0170560584498494
0.0164541308471628
0.0159969013161811
0.0156901527988681
0.015531588004837
0.0249366994276304
0.0234058492384956
0.0217317067160917
0.0200952042449988
0.0184949212883461
0.0169855509564681
0.0156468482126557
0.0144034755440073
0.0130578193776636
0.0116431282503255
0.0102627230642319
0.0090150019713995
0.00790187213513866
0.00686562805342187
0.0059472473029387
0.00514039893890964
0.00446645324266478
0.00390991897006912
0.00338620314619845
0.00269509504000906
0.00188084440008415
0.00117465876118124
0.000420824685732909
-0.000228445001986529
-0.000840638039159125
-0.00144524311893
-0.00202638753457721
-0.00255592410880427
-0.00301078456639855
-0.00338939517728092
-0.00371552800241102
-0.00400316455981623
-0.00423019893424738
-0.00442561717827416
-0.00459587200956128
-0.00470903389717066
-0.00476872916806823
0.0234911972142249
0.0221235133101222
0.0207375992335517
0.0192448569681563
0.0178900538271951
0.0163986969329803
0.0150655769916382
0.0139213770795857
0.0127215474618943
0.0116263965361281
0.0108601498726004
0.00974732292787742
0.00902999695952476
0.00816650102836346
0.00729454654315974
0.00665072727872064
0.00624437317624563
0.00583712340846981
0.00549465660367304
0.00524425287532767
0.00507219960882918
0.00498977234379873
0.0237240106957955
0.0225083228225413
0.0211835056247194
0.0197999269543192
0.0184610054832193
0.017196437268799
0.0160059184642534
0.0148144994229776
0.0138212463581191
0.0128298760408716
0.0118492921057412
0.010920818797435
0.00965152199925558
0.00842201142627688
0.00733403912684957
0.00636054840389769
0.00551985141554586
0.0047757793177948
0.00417120783659832
0.00356464337110231
0.00303120278090353
0.00259799328045363
0.00225818553045111
0.00199922710014283
0.00183122506819631
0.00174192504959467
0.0325604504691955
0.0322288190436532
0.0319101322413606
0.0323615092564338
0.032142116493935
0.0322403818202261
0.0317642919116098
0.0316024795568
0.0314076496240622
0.0319914902187473
0.0327927728325649
0.0342855184899151
0.0356779630493682
0.03665647200032
0.0372798531066358
0.0373739407312737
0.0367611870839685
0.0354690812696538
0.0334368684267481
0.0309345013284683
0.0282123658265659
0.0252889235394212
0.0216953623345461
0.017756961465679
0.0148076873370323
0.0117848374339164
0.00962812087042106
0.00765912775617279
0.00606096142504416
0.004531175883282
0.00321370775782211
0.00211443267878985
0.00113210966165415
0.00026157784622274
-0.000495468392006969
-0.00116055123193004
-0.00169593590361526
-0.00214370875182903
-0.00256430677962287
-0.00287801513397598
-0.00310096016730058
-0.0032479231931374
-0.00332422302247325
0.0328892477349455
0.0350649125297292
0.0373710317244218
0.0394597578601448
0.0411974150965731
0.0426724181174944
0.0438995661072618
0.0449161664026597
0.0456896508123067
0.0462683612644973
0.0466736705191703
0.0469263613763404
0.0470532730910525
0.0296275983870943
0.027868794214038
0.0254129493234488
0.0241962483844986
0.0228128773793758
0.0212592507425202
0.0243587553754059
0.022763909954123
0.0205876248012118
0.0184509818163112
0.0163750099648758
0.014362379090432
0.0125075893626588
0.0108212787568563
0.0092608671209016
0.00786469032943569
0.00659227128076833
0.00542165654483719
0.00436587204516259
0.00338778569429053
0.00250423514605239
0.00170668382917122
0.000999843719609437
0.000359875296732876
-0.00019076569783383
-0.000661925421800429
-0.00107295668700153
-0.0014674574219335
-0.00181684267789289
-0.00209928540562327
-0.00231023295885264
-0.00243846062657127
-0.0025128031189594
0.0197265672222601
0.0178809966392748
0.0157955331464307
0.0137095668222336
0.0119474783562699
0.010316560228752
0.00871397443404345
0.00735718276111037
0.00625149629442215
0.00510065419132669
0.0039733554966972
0.00293716620547802
0.00207082164301407
0.00138452000570601
0.000679985709218648
5.06545106888069e-05
-0.000517646088637051
-0.00100405334704546
-0.00140804976465338
-0.00169238358481892
-0.00191649399599195
-0.00212050837611363
-0.00227285934781514
-0.00234393239053523
0.0200582831972393
0.0187740938226861
0.0176222067083583
0.0164710346571295
0.0155126517203179
0.0145598651099049
0.0137182858724696
0.0131033830008176
0.0125943637388151
0.0121533902375597
0.0118496952017587
0.0116713754302746
0.0326734449638932
0.0335093377346206
0.0346995065442742
0.0361753000946036
0.0374663082793235
0.0383581714835224
0.0389516334833865
0.0391520877114168
0.0389189467379506
0.0382176914281095
0.0369759600115274
0.0352698307974124
0.0332757253553554
0.0307609982199619
0.0278358457497644
0.0250254154649509
0.0226000665082616
0.0205227168432486
0.0187928487989371
0.0174413091212123
0.0164819178208966
0.0158627947466647
0.0155076935057978
0.032257549407562
0.0324922565204441
0.0329080949864619
0.0334501613431543
0.0339081216426906
0.0340442751268989
0.0337240015402345
0.0328531206409915
0.0314049551196131
0.0294429227883938
0.0270998174670963
0.0246452017174692
0.0220703234567339
0.0194953327886614
0.0171598073961091
0.0150963355557654
0.0132546859736134
0.0115954397869474
0.0101053610477396
0.00879177379030286
0.00762175173627294
0.00658103262657707
0.00568086590983839
0.00486579504969311
0.00400915311950771
0.00317345816433447
0.00242524824101881
0.00176356708210282
0.00120596983889663
0.000738812564524633
0.00034803698406236
4.85236645138746e-05
-0.000185428293657901
-0.000328604768590291
-0.000407161043635966
0.034891670941704
0.0336062184899514
0.0313702766464707
0.0367477517469014
0.0376178037898493
0.0380461069943081
0.0308908979667103
0.0296750392199846
0.0279618251751672
0.0260316052787398
0.0243557664594759
0.0228361408907123
0.0216364897942054
0.0208288466995212
0.0204203726000379
0.0275805725263304
0.0235370732790664
0.0194196190586454
0.0153340248337276
0.0131517727096999
0.0113567741002904
0.00964797940161897
0.00810100460640773
0.00676049847980735
0.00553545289708487
0.0044337711788528
0.00344048163253463
0.00253651507001367
0.00171386696183429
0.000956145894647459
0.000262826591158613
-0.000362103037235972
-0.000910423308689747
-0.00139122119954647
-0.00185913660882204
-0.0023243506622766
-0.00274204421044469
-0.00311814732651364
-0.00344883875381623
-0.00372648498447952
-0.00395455659612117
-0.00414014426025331
-0.00427865756285225
-0.00436972044768892
-0.00441683967340709
0.0138927877285032
0.0128022762819823
0.0120073931869219
0.0112296463308747
0.0108746048797184
0.0106236865581868
0.0221993663525687
0.0202550347981861
0.0179489241525788
0.0155535229240663
0.0133146769138835
0.0113065389082656
0.00953615332511737
0.00797289834346111
0.00655763123880871
0.00527665007740035
0.00416382675005096
0.00320919388083686
0.00232418855198804
0.00148740903252083
0.000733469267170496
4.00747134959412e-05
-0.000603499750226428
-0.00120102261590252
-0.00175444496855308
-0.00226438755961614
-0.00273136057008029
-0.00315672868998488
-0.0035384309909346
-0.00387200898248232
-0.00415449728087082
-0.00438347974913666
-0.00455635034781067
-0.00467125607723255
-0.00473039579665567
0.0215605349975245
0.0194842155611318
0.0173016591219943
0.0151921031077993
0.0132429100576464
0.0116094508559092
0.0101848238826325
0.00877993938623483
0.00747102993548949
0.00637533432818222
0.00545866665187054
0.00460598711825844
0.00376301257008626
0.00286989081378523
0.00203586793144999
0.00130059805403537
0.000630794802395755
1.7058280009288e-05
-0.000553581913666339
-0.00110198278149157
-0.0015903324009616
-0.00210088575036249
-0.00243861993093537
-0.00277913576157506
-0.00317837532601912
-0.00352983116684169
-0.00385177279122917
-0.00414369979752188
-0.00437228445038566
-0.00454992617601042
-0.00466992684263967
-0.0047334810186284
0.028433868673196
0.0271597958420827
0.0257096984468798
0.0241908246825544
0.0224714604323463
0.0295131676357845
0.0301743637123948
0.0313212230739192
0.0322797341912871
0.0331410632909564
0.0337543395031816
0.0339237318525552
0.0336996818465953
0.0330239895431917
0.0317717382587427
0.0302407345531906
0.0284092601797954
0.0264072077396532
0.0243550334508171
0.0223805536225106
0.0205693150257697
0.0189262706728934
0.0175702806098381
0.0160086048606132
0.0146496241147411
0.0136156969106126
0.0127531958446081
0.0120558834855208
0.011558479667038
0.0112512588933278
0.0110794710028189
0.0207975222338839
0.0179142600651678
0.0141509829182215
0.0216171404197799
0.0201471035039421
0.0182209448599724
0.0160191951917895
0.0121939424264625
0.0108011219593841
0.00976575586859649
0.0127860242773368
0.0115328279271189
0.0102325974072838
0.00920073756302127
0.00783906138769021
0.00933192887912324
0.0084213915912436
0.00718723956569328
0.00590347855500222
0.00869128645475815
0.00771075813630178
0.0067232429095714
0.00529509035748512
0.00462495277240635
0.00392658053727919
0.00332423145376353
0.00272004595797027
0.00213175998435292
0.00160167939445587
0.00107311234064143
0.000570621953160143
0.00010593470814879
-0.000318927873579375
-0.000758677382136984
0.00519565974792515
0.00447471297555433
0.00372181023802477
0.00317301059651917
0.00248301555034183
0.00196108738772034
0.00134551260703254
0.000746255958358138
0.000238635250595988
-0.00024864500095233
-0.000730541245366302
-0.00120086632380655
-0.00161713713983523
-0.00200767498147707
-0.00244155119746012
-0.00282745621648968
-0.00322261585668741
-0.00355810020920331
-0.00387179793313476
-0.00415117543481461
-0.00437586480372124
-0.00456411116316945
-0.00471079961366056
-0.0048008270689023
-0.00484625150758061
-0.00113132404153596
-0.00146965933263247
-0.0017581433469086
-0.00196691698126863
-0.00215379429443871
-0.00226764889416936
-0.00233070047926201
-0.000778437336883529
-0.000778884290262502
-0.000766545320042201
-0.00074860871996778
-0.000728408421068878
-0.000708033838943362
-0.000689213371274908
-0.000671777134231226
-0.000654800443097957
-0.000636624104496471
-0.000614358476935887
-0.000586252113458411
-0.000552628057895978
-0.000516777572629211
-0.000482633313502852
-0.000451447543513947
-0.00042730242271925
-0.000414229910917185
0.00627628357082502
0.00574934498951787
0.0051250401360393
0.00441529433057234
0.00368925491038078
0.00299483617316006
0.00233033944482139
0.00169463554273049
0.00108686269099758
0.00050619421663855
-4.82692046599164e-05
-0.000577863551294963
-0.0010838655295237
-0.00159200000632499
0.00627408608699939
0.00580906620728025
0.00533982599038961
0.00487604742362245
0.00446989872559093
0.00407679765967152
0.0037011091909661
0.00335532375950573
0.00303241606035349
0.00270462557423357
0.00236884449429393
0.00205762915767795
0.00179765332135879
0.00158363890132666
0.00142059572991051
0.00129148640997061
0.00120845691662398
0.00116192090878736
-0.00191284555157357
-0.00220573531104976
-0.00247732992271761
-0.00277277726731473
-0.00303991436064288
-0.00327454641571012
-0.00355740771751071
-0.00389402742531898
-0.0042161866843811
-0.00449441739548878
-0.00473185543260604
-0.00494055865782503
-0.00513123047062109
-0.00529795081514467
-0.00543138746592728
-0.00552555076041955
-0.00558813414753153
-0.00562313801154194
-0.00183813480215595
-0.00205588289599666
-0.00224917294227259
-0.00242307517684047
-0.00258302328497538
-0.00273209106082685
-0.00286529919883947
-0.00297419859307344
-0.00305589758527499
-0.0031102526937927
-0.00313824596268819
0.00700965263073637
0.00611277530176318
0.00516319752056732
0.00429578674120459
0.00350459363578505
0.00274797437612458
0.00205533200387724
0.00136208476019122
0.000721219531641414
0.000121198484197054
-0.000476559910565853
0.007093568633302
0.00626706917468038
0.00555687122863212
0.00481389824831022
0.00422843497109998
0.00359122308878142
0.00307193594132729
0.00263781374103498
0.00223738758323258
0.00201028640658495
0.00179185470874528
0.00165449006335301
0.00158555106420559
-0.000833106225232149
-0.00114072430268784
-0.0014070358862675
-0.00166773479927484
-0.0018765289294384
-0.00205342558053662
-0.00217870394501556
-0.00227241851082778
-0.00232748798410547
-0.000753270871359083
-0.00101061657536092
-0.00125318514778707
-0.00148603786892102
-0.00171350542690938
-0.00193646659306528
-0.00215643142067475
-0.00237843892279913
-0.00259798481306216
-0.00281300655826091
-0.0030325495200345
-0.00324405467391668
-0.0034457518047985
-0.00364063245621986
-0.00382665318950148
-0.00400846847786214
-0.0041803486543398
-0.00432975647885403
-0.00444558816266339
-0.00453600134432352
-0.00459869127472429
-0.00463027810520686
0.0150015532262651
0.0138071243233979
0.012551948589083
0.0113480200249709
0.0102082447149181
0.00910236697627542
0.00794518438304208
0.00687566159627223
0.00613287848240946
0.00522294173799172
0.00422056244408795
0.00338650640637637
0.00256381746944145
0.00173247707498778
0.000975925227208578
0.000217632971344565
0.0150169597689219
0.0139505966455841
0.0129014740088421
0.0119033718861113
0.010935907496421
0.00998006732068405
0.00901280147642356
0.0080306854223851
0.00708573188636268
0.00622971977574792
0.00549544889955121
0.00488289353158215
0.00433065919972411
0.00369595885570682
-0.000267409842600662
-0.000823872605865527
-0.00134331161205345
-0.00180166917068705
-0.00225831890285761
-0.00265428627261969
-0.00301169664034119
-0.00339341350944235
-0.00368992985266828
-0.00395525767694831
-0.00417666979019676
-0.00436720133582051
-0.00451891996155082
-0.00463194012186713
-0.00470856749941224
-0.00474864900977497
-0.000215992209669052
-0.000630571262597063
-0.00104917592325571
-0.00141733857873081
-0.00173193345032292
-0.00205123469811146
-0.00233072721823878
-0.00256027782604068
-0.00274919011254779
-0.0029120107937488
-0.00305537438741858
-0.00317655212085529
-0.00326747845855112
-0.00331791895853808
0.00326630003150135
0.00290563793880287
0.00258155275150059
0.00227216541466983
0.00199132494808304
0.00173547635588493
0.00151593802544136
0.00132044886989866
0.00114005657747346
0.000984729071979675
0.000862055551297895
0.000768838310128113
0.000699558794320414
0.000653293032202117
0.00348874936480986
0.00329103725388772
0.0031334822836038
0.00298697387989872
0.00283271395918907
0.00270800491884358
0.00262793788312669
0.00257725106650307
0.002564597391254
0.00259350402216891
0.00266708141135684
0.00277578939423896
0.00293786808197631
0.00315395546202748
0.00342856516626419
0.00374763163202557
0.00412388718614026
0.0045863235413916
0.00511827621970675
0.00572467178900872
0.00642403749713029
0.00723426891649025
0.00817290817787312
0.00924905838924686
0.0104847897288715
0.0119550126547602
0.0136765021500235
0.0156230784587646
0.0179121390101112
0.0205308347508876
0.0236544105189809
0.000724240098080588
0.000829080665028024
0.000973776939221996
0.00116522601050574
0.00140882229935194
0.00168393782481053
0.00196258470960213
0.00228683919373762
0.00268055115501614
0.00311577897563344
0.00361722393475941
0.00417395413298182
0.00483021673135909
0.0056511341437122
0.00655310886466025
0.0075148973889768
0.00870990473463192
0.0101297419474552
0.0117103586545669
0.013393592751369
0.0152322531011581
0.0173503371354586
0.0196648307858682
0.0220349631419363
0.0244655902219964
0.0270476571932801
0.000535986920694535
0.00045107702013661
0.000394986607678535
0.029722325609525
0.0329682101994195
0.0365880909491004
0.0401120262007206
0.0432341890885456
0.0459747012574909
0.0279248452741376
0.0289630745932411
0.029634076926078
0.0300738524056748
0.04745381011581
0.0483411445308604
0.0488157992255773
0.0490295974574625
0.047016010832994
0.0475986539180632
0.0478522322058241
0.0261047451021208
0.0288211487360196
0.0315803135122809
0.0345141008303226
0.0377092723712019
0.0409084599174759
0.0248483937805829
0.0262934932966746
0.0280165050496796
0.0299662465610833
0.0321043361390365
0.0341893078738179
0.0364845712597609
0.0386279465304063
0.0406781410180881
0.0425255104801482
0.0440422155910136
0.0452182412552274
0.0459387625580958
0.0461413562254792
0.045662398048644
0.0443136881201277
0.0415982973465731
0.042718916220124
0.0440930499540862
0.045284332938881
0.0461438373201401
0.0467065257076627
0.0468575724144592
0.0465156396386817
0.0455328417569333
0.0436617070392142
0.040701187554508
0.0365441119421432
0.0315750273464108
0.0265945949749891
0.0222698540082904
0.0188340368893439
0.0162478056288727
0.0144154293489582
0.013251884713506
0.0126701926883043
0.0421644815580151
0.0431506325580412
0.0440109483493753
0.0446407413420535
0.0450482472422777
0.0452580221192906
0.0378677535153922
0.0324391945068574
0.0268159232498254
0.0222966459818425
0.018819157649792
0.0166214440180201
0.0155137670182776
0.0396180605636134
0.0363680729622061
0.0332530546018759
0.0314604756864427
