0.05
0.0368449683381112
0.0337212022153109
0.0284632129867488
0.0351248521998992
0.032677031954073
0.0299566988643502
0.0368333763962146
0.0341514795937368
0.029413632229686
0.026003441740677
0.0232407328600807
0.0211753970792935
0.0184757079258735
0.0153273795601849
0.0370101270897174
0.0325235457682547
0.028668831722682
0.028115408071012
0.0258525461786994
0.0235510034564317
0.0229853847496807
0.0226715846596267
0.0223422923388493
0.0218317612917969
0.0209290153725265
0.019870527981133
0.0189971588520474
0.0183189054256421
0.0178004356207432
0.0173944786059826
0.0170304332444428
0.036724301026138
0.0349193407843893
0.0324945671697622
0.0304797542874577
0.0287563358198127
0.0273613344394493
0.0261878531787626
0.0249483391457351
0.0254906382503068
0.0226521354069199
0.0195068624127973
0.0166366019087051
0.0134383523958018
0.0254121339702562
0.0227837054889947
0.0202537862258078
0.0123868059197715
0.0113992092029565
0.0105739997337628
0.00998511621321895
0.00954558014863692
0.00927845040838649
0.00920188927888105
0.00929486693768513
0.0095826430821021
0.0100471582580459
0.0107123995414192
0.0115756689261924
0.0126757379097153
0.0139616411496321
0.0154026396776823
0.0170958243844212
0.0189783280428382
0.0211135140783792
0.0235504973612775
0.026184274042312
0.02879701709455
0.0312889873569802
0.033567699067315
0.0355661500761658
0.0378034480294041
0.0401960609838829
0.0423145315560761
0.0441366457705452
0.045548839840031
0.0466370754959825
0.0474229378934736
0.0479479634204084
0.048266339443238
0.0484203658544913
0.0118112263537115
0.0106756713562599
0.0095794523001653
0.00853871764057542
0.00766973542497809
0.00695059637039622
0.00630686559160689
0.00585441563622386
0.00551177561930669
0.0052640139722844
0.00513533907336152
0.0187361654747364
0.016971635471244
0.0148121526881374
0.0179930364232232
0.0157778910865331
0.0140530717371648
0.0142862118782293
0.0137217769605674
0.0131114818161589
0.0131925741551847
0.0110204244223433
0.00884188251467143
0.00752143214764887
0.00653469246926338
0.00564185873099366
0.00491346447743625
0.00444420718999142
0.00412034720258871
0.00387687743109205
0.0037227962892941
0.00362929082113901
0.00358170475241366
0.00356261072522258
0.00355727974599022
0.00355680704843476
0.0132434812198454
0.0141161840608246
0.0158962965346252
0.0184586144700582
0.0214621402481614
0.0251758071197288
0.0121623966203974
0.0113003842958667
0.0104341906414838
0.0271669571418512
0.0296281692183466
0.0322181384100122
0.0347992107132396
0.0373322549375546
0.039503790942352
0.0410526603088507
0.0418979089205408
0.0417690863877196
0.0401684833773808
0.0366739067441004
0.0316024434907712
0.0260665165096797
0.020925768172817
0.0165429423571001
0.0129553458170908
0.0100738189382384
0.00775288777127865
0.00583008011701226
0.00428391100302988
0.00292895477544098
0.00179166830694825
0.00081500921636193
-8.54140535633716e-05
-0.000699833810007665
-0.00140295072680327
-0.00197570341821071
-0.00248747694081952
-0.00292046584282462
-0.00326214883838898
-0.00354457547037264
-0.00376430732924947
-0.00388808923518069
-0.00397500175105317
0.0272894475566204
0.0296615569258405
0.0321408581891653
0.0350262957833678
0.0377664705825717
0.0399346017513048
0.0411238650548594
0.0410891867189914
0.039296419836324
0.0353953902962403
0.0299075706104285
0.0240374146071134
0.018736309634616
0.0144117298356331
0.0110086538926719
0.008187340852689
0.00597800289919021
0.00430582595164266
0.00301486442918509
0.00200704560703574
0.00125520767543798
0.000757355408944804
0.000503225988294136
0.00863749527526803
0.007073388872927
0.00574774150816088
0.00464461910038272
0.00372161921694944
0.00293510031989221
0.00225767246609713
0.00169783291990812
0.00125245556151197
0.000905321586966813
0.000648419114411062
0.000479152346883372
0.000392612317946018
0.00980852049330307
0.00940292783566339
0.00923680946593058
0.00931508681642963
0.00962792682912883
0.0101734486923951
0.0109222347419516
0.0119118223025271
0.013354120733626
0.0152975114178453
0.0176302009011875
0.0201562462364298
0.022774418278526
0.0255097803106589
0.0281418973539693
0.0305920831962785
0.0327194580362221
0.0345044441343712
0.0361582119423735
0.0382101604698463
0.0403072104071444
0.0416363361781081
0.0422163734407428
0.0416139071785663
0.0396390323026523
0.0358411667951677
0.0304136568208289
0.0246543702064092
0.0197372925426701
0.0159144450862086
0.0128825809012241
0.0104248999100274
0.00863061227896451
0.007189983086915
0.00600783887755588
0.00525496040880294
0.00486842239642892
0.0135983533231242
0.0134433164108458
0.0135192827649793
0.013823230588838
0.0142956163971184
0.0150489406889125
0.0159578082037969
0.0169496491026569
0.0182413556708864
0.019664538658438
0.0207971449988789
0.0226605851133905
0.0240001918038393
0.0257680161717215
0.0277218820284094
0.0292677156356771
0.0302866113440826
0.0313434902482761
0.0322588854612395
0.032942910510543
0.033420166873957
0.0336508117392469
0.0134385044352142
0.0130642143157171
0.0129140756642423
0.0129869682078434
0.0132695895873014
0.0137387894345321
0.0143832347485411
0.0152607974453646
0.0162107044654033
0.0174123013733643
0.0188962815462356
0.0205626748803233
0.0231568463009981
0.0259366835400928
0.0285998030609859
0.0311377337484978
0.0334375803566051
0.0355509359442115
0.0373188007101719
0.0391375802156707
0.0407670540379657
0.0420997748407556
0.0431418814910952
0.0439289065305705
0.0444340545502967
0.0447002208208673
0.0293660342138143
0.0286785191166916
0.0277974302574216
0.0281977522672681
0.0264107343443192
0.0244025113683658
0.027508549119052
0.0271561477908974
0.0267010570410112
0.0265703294258561
0.0245916194591413
0.0219522258275239
0.0196319214406211
0.0178017747197927
0.0161034078699205
0.0145022601241147
0.0131105367512784
0.0120062443669804
0.0110772905726731
0.010375040622902
0.00988624674090294
0.00957419587112715
0.00941071219075769
0.00947522757303634
0.00976572716023534
0.0104322720327655
0.011291658630714
0.0125350605935517
0.0140386789463374
0.0160936792929008
0.0185326021259156
0.0211741779346954
0.0240832829715915
0.0271272654559013
0.0301364057149062
0.0330568669945661
0.0355894178302288
0.0378252010202907
0.0400113429550066
0.0416748787844922
0.0428615451249037
0.0436401349865074
0.044041739211596
0.0258009913199974
0.024650694200333
0.0232461447195289
0.021655997021076
0.0200396929812557
0.0184334570824341
0.0169180595259426
0.0155204042480677
0.0143509579955408
0.013397835792137
0.012678228643759
0.0122020318465689
0.0119530017693203
0.0255199518801866
0.0246987602084136
0.0239900645255144
0.0232480610384009
0.022580558859474
0.0219874461874963
0.0248630717193443
0.026213495301464
0.0281508631466963
0.0302034030810413
0.0323774619451808
0.0346597677016942
0.0368765917937692
0.038904885595055
0.0406610799023253
0.0419547426113077
0.0426818099164355
0.042685480012623
0.0417813789083041
0.0397285465169767
0.0364511426224382
0.0322029941615021
0.0276634116737307
0.0232938390137819
0.0195963333810807
0.0166085126129777
0.014191134239671
0.0120476490973331
0.0102799538158142
0.00893723216515704
0.00798390902317884
0.00742406490029241
0.00710706584090474
0.0232566897364572
0.025079933551708
0.0274705821111396
0.0301753488159741
0.0326778356408132
0.0351402368524103
0.0376279170675907
0.0396760190973655
0.0411919644563324
0.0424753764048469
0.0432033160696405
0.0430625505704482
0.0419251465446733
0.0399735758054262
0.0366039686894294
0.032273056298325
0.0275000334564512
0.0231154876708313
0.0194906674149042
0.0170251859014154
0.0151588418552422
0.0135320925202828
0.0123616731179995
0.0118279712947468
0.0200989150301639
0.0184338434732012
0.0171736651100113
0.016100347125596
0.0153316824568742
0.0146759823761495
0.0141849709431731
0.0138804771237179
0.0136686799939268
0.0135151822951827
0.0134235112575901
0.0133754725257356
0.0231067667774466
0.0214719985618206
0.0194912340708264
0.0171463058205078
0.014987471180753
0.0132302163240862
0.0115644135080642
0.0100075818173278
0.0086353231895873
0.00733873476237866
0.00610485034099833
0.00500542486394845
0.00406190875810443
0.00310700518149497
0.00214109538601995
0.00128142208478408
0.00056178678399006
-5.28759208315261e-05
-0.00057122474326591
-0.000984151575412139
-0.00128304002910945
-0.00147898247164385
-0.00159270047686936
0.0232706118994639
0.0219389973308024
0.020381095494608
0.0185293429942387
0.0166095116038104
0.0148722406568967
0.0133642740314708
0.0120554617755728
0.0109466462049259
0.0100303731592997
0.00929552758054566
0.00875202697121398
0.00835724621441264
0.008124634066384
0.00807033545780459
0.00818024500562078
0.00844620249602979
0.00887096105695575
0.00945788729118448
0.010196283537526
0.0110900177012301
0.0121340842179472
0.0132927146079971
0.0146194919355356
0.0163378579604514
0.018311519074948
0.0203434390787546
0.0223651376646342
0.0242369592144268
0.0259229151465224
0.0274131283676435
0.0286012795964697
0.0295560182161143
0.0301506100326257
0.0304803428113843
0.0139417731244902
0.0123325518495197
0.010390923942359
0.0147387944444804
0.0142816758329756
0.0140478186863414
0.00890096438218318
0.00747731885611469
0.00622276964989827
0.00514828003153794
0.00434703173200188
0.00368214616544434
0.00318307225556025
0.00285574200477713
0.00269217710042929
0.00911352745967363
0.00817393977188574
0.00748803802214402
0.00704210536138131
0.00813998522641955
0.00934744187643373
0.0108565996887073
0.0126452175698735
0.0146397477064502
0.0169377382844868
0.0194828573678349
0.0222201153230096
0.0250895719456862
0.0279946075267966
0.0308793938988486
0.0336500843094188
0.0362101751086175
0.0384550367552782
0.0403603196922139
0.0420787925848795
0.0435598964974327
0.0445869332253391
0.045139913568189
0.0451906091433947
0.0447587225421693
0.0439152887984946
0.0427522378802917
0.0415038057695809
0.0404605453843898
0.0398382115312002
0.00571744595769388
0.00470607804418702
0.00396170756147021
0.00322535733732776
0.0028867411592913
0.00264605865241324
0.0167751390643244
0.0164507949631216
0.0160128225463677
0.0154449100912023
0.0147592751452135
0.0139698920472109
0.0131000344965765
0.0121689667607413
0.01117334918345
0.0101320183675696
0.00911055883172399
0.00814404945571081
0.00717299671239398
0.00619169958942477
0.00526140768490315
0.00437480469913233
0.00353343503063574
0.00274403616394535
0.00201230830039032
0.00134247603165168
0.00073613779381143
0.000191731492845242
-0.000289291297938566
-0.000703414041041479
-0.00104942786759052
-0.00132674280759574
-0.00153423013337858
-0.00167124673618856
-0.00174147680906799
0.0168835425685363
0.0167133016772065
0.0164657338948107
0.0161153521961231
0.0156504131937563
0.0151215897205161
0.0145304959108666
0.0138036649004827
0.012975487576419
0.0121546457953301
0.0113659586058393
0.0105351454791071
0.00961781808789948
0.00855622785193831
0.00749519693415315
0.00650906687278124
0.00557369339655659
0.00469252815637752
0.00386041717451458
0.00305683863417634
0.00234464523775146
0.00160956224097967
0.00113165782664515
0.000658732401649389
0.000118853379728593
-0.000342395492198879
-0.000754827210241808
-0.00112111266273288
-0.00140308869538934
-0.00161933834793587
-0.00176401581920515
-0.00184016761503321
0.0235385054739255
0.0216152075043951
0.0195678360075499
0.0176433529691295
0.0157099217255275
0.0242282956822427
0.0224653640211651
0.0198711466627327
0.0177543721339414
0.0156572031386876
0.0135957767673951
0.0119700394164639
0.0104745309242205
0.00893273011120275
0.00734560856441079
0.00605426575944178
0.00488270421080807
0.00382490578258963
0.00287181399650839
0.0020274096601882
0.00128924577062661
0.000636305190128219
0.000102480206002206
-0.000512019924553443
-0.00105007354265927
-0.00146283237440039
-0.001810014239011
-0.00209284849546958
-0.0022958297915613
-0.00242172100826261
-0.00249230727143447
0.0141945532254733
0.0117995250076145
0.0088249611151316
0.0146411201984062
0.0131798607389915
0.0115181453896196
0.00979494990667906
0.00735734817543138
0.00634862125664089
0.00562682066893958
0.00771543401352702
0.0067997012274804
0.0059419994227156
0.0053267241030404
0.00460420203920231
0.00550294991087898
0.00540441946031256
0.00543346109332835
0.00565462496534161
0.00481057659033597
0.00412199326944893
0.00348379208504805
0.00623359696185916
0.00717297580706594
0.00851406909120432
0.0100469433403102
0.0120375624834497
0.0145335298847584
0.0173681024508633
0.0208384604823037
0.0247602082912649
0.0288738328030146
0.0329521880000262
0.0373724609553099
0.00555094188766222
0.00560694614319247
0.0058576903694856
0.00618689432755725
0.00680906216263948
0.00746299498044373
0.00847695501297539
0.00976749558389738
0.0111420747842638
0.0127454891003307
0.0146408627340029
0.0168222893539906
0.0190522103474317
0.0214019907980614
0.0242597226265685
0.0269619397909897
0.0298536041944569
0.0323853656245159
0.0348052058025007
0.0369929265215961
0.0387648350860704
0.0402493930517826
0.0413992323620012
0.0420987402931401
0.0424491642081431
0.0390087374112113
0.0405330756890244
0.0418741637240327
0.042860848314248
0.0437490937953798
0.0442882576711812
0.0445851980996789
0.0397239753319937
0.0418112407061194
0.0435688607453413
0.0447659754551158
0.0453912462361464
0.0452862848483521
0.044187939384061
0.0417044520819655
0.0375652879521502
0.0322116263332566
0.02639049505835
0.0210657760457258
0.0167696727568353
0.0135941568429095
0.0113445337750953
0.00971414672408822
0.00864974584032581
0.00813015254600927
0.00355170581673716
0.00369386271983376
0.00393231246863142
0.00427856907722462
0.00470832821395662
0.00519695536874359
0.00574628261162944
0.00635987296078389
0.00704283681823868
0.00780142857905652
0.0086422325069155
0.00957151127458924
0.0105930044147046
0.0117628032342505
0.00285613076832133
0.00221913557481794
0.00158739465312593
0.0009729753337407
0.000443196195612781
-6.14889007175964e-05
-0.000535636202345186
-0.000964432224830937
-0.001358211146745
-0.00175191713809598
-0.00214972815269469
-0.0025139392077226
-0.00281490844886115
-0.00306032196427898
-0.00324578638058787
-0.0033916824036739
-0.00348507093137172
-0.00353724913031978
0.0130288621975459
0.0143928152584439
0.015835566779423
0.0176174923301648
0.0194456360038289
0.0212316846981225
0.0235785659524574
0.026561214542792
0.0295423208669043
0.0321866899362013
0.0344804589799069
0.0365163589357439
0.0383845543486492
0.0400152751258941
0.0413100362957321
0.0422131277413705
0.0428064182743885
0.0431351587413254
0.0120509357884806
0.0124093863059165
0.0128256027587964
0.0132918839402041
0.0138060956194165
0.0143619463872745
0.0149201141592628
0.0154192639345646
0.0158197257866798
0.0160989117692108
0.0162468555484839
0.00490783800084806
0.00536615190815768
0.00600541093700644
0.00675470396937936
0.00760865731042895
0.00861866859664415
0.00975815356241986
0.011166594166977
0.0127758594613497
0.0146111627228493
0.0167892852896556
0.00355908374069974
0.00242874787954128
0.00147767316282432
0.000502669490796103
-0.000251562116605826
-0.00105763341841815
-0.00170316403954963
-0.00223471491445237
-0.0027180617538019
-0.00298942906332513
-0.00324822255038777
-0.0034099098871676
-0.00349073254108613
0.0171332570352367
0.0176702927557832
0.0183218512134356
0.0191386595742074
0.0199220625816178
0.0206788269750746
0.0212649145881446
0.0217318152116514
0.0220182384366449
0.0189153358258706
0.0212387013416009
0.0237230376627133
0.0263279421099288
0.0290066343854278
0.0316780184047055
0.0342808700451825
0.0368073277580341
0.0391477782792873
0.0412383019477287
0.0431233109758563
0.0446640943942599
0.0458515161741062
0.046709690598035
0.0472411965831036
0.0474704039670237
0.0473892734768915
0.0470079188400669
0.0464309194545184
0.0457396158065942
0.0450950099809191
0.0447080793410749
0.00907791352226259
0.00829942542152943
0.00753106886035482
0.00683292068913194
0.00620262726327035
0.00561684748263587
0.00502904575516749
0.0045070279336257
0.00415585326214312
0.00373843454622239
0.00329503842104813
0.00293993114752846
0.00260341394242449
0.00227942823034644
0.00200132881102117
0.0017413108936936
0.00901213738406143
0.00823787484323718
0.00752100829463585
0.00687504419097937
0.0062804919432181
0.00572334557082902
0.00519135465072918
0.00468678708906873
0.00423971906220634
0.00387297637993429
0.00359312483510885
0.00338908981685232
0.0032324064474487
0.00308931036657511
0.00185686961241579
0.00203995129755274
0.00226416638114157
0.00251437410636628
0.00282417375944102
0.003153543158203
0.00351114408955382
0.00397248931434344
0.00440027675026459
0.00484672097164561
0.00527398035004687
0.00568857147984846
0.00605394274058005
0.00634866024620126
0.00656049735908374
0.00667552194625724
0.00138592107757247
0.00105426914468903
0.000729582508072505
0.000454631106918534
0.000229509726382974
1.24214319243571e-05
-0.000166362669736362
-0.000303861718238252
-0.000409576663773323
-0.000494492589703838
-0.000563981677813943
-0.000618575126174189
-0.000656944070925901
-0.000677255741033836
0.00305649143052894
0.0030754818393874
0.00314047552806228
0.00325801559161762
0.0034279061966023
0.00365553095274885
0.00393020647400897
0.00426601914063401
0.00469401505628554
0.00521366016548136
0.00580321857720235
0.0064634065638924
0.00723484328916357
0.00818143440313704
0.00302047289053641
0.00299875237173806
0.00303291210414713
0.00313490014646005
0.00334384521350714
0.00364140356436069
0.00399249150323696
0.00447845871812155
0.00509244223174643
0.00582927273364231
0.00671570576354239
0.00766956626987589
0.008855894125166
0.010258381846397
0.0118993700334205
0.013693359490248
0.015702038150934
0.0180385539027495
0.0205496977697062
0.0231760077797923
0.0258899636547209
0.0286262576956653
0.0312908315773257
0.0337507429118089
0.0358912348672716
0.037615147377762
0.0386443598831041
0.038663342288309
0.0372460215208103
0.0338177522663735
0.0280253932246769
0.00962806912798315
0.0113525821803893
0.0134047337119292
0.0158231201222652
0.0185925473785752
0.0213974871929272
0.0239307117455131
0.0265333127179694
0.0292596553657832
0.031808614014636
0.0342578991785315
0.0364862735529951
0.0385863842475522
0.0406026094669426
0.0422337954752459
0.0434412562083111
0.0443329180728213
0.0446899817247946
0.0443490656975894
0.043225891173288
0.0411469146161952
0.0377416197281073
0.0331573223446644
0.0281753612469746
0.0232820666847661
0.0185530762279261
0.00769094229018169
0.0073402640499768
0.00711131168799244
0.0153203969929228
0.0120916699091187
0.00904707354400643
0.00644226789200345
0.00430865286679077
0.00244826719289433
0.0156415920444211
0.0128094268192276
0.0112031819668659
0.0102436896540453
0.00142955162694556
0.000755597451162976
0.0003534485868856
0.000155573816277359
0.0016802750723293
0.00122177851070064
0.00101387159386179
0.0241764700109861
0.0201385406923569
0.0165458155770574
0.0132198126511708
0.0100091114767887
0.0070270909323666
0.0247626735213391
0.0213752743422365
0.0181033704923551
0.0151272194274985
0.0124688359930506
0.010294569166145
0.00824002031013954
0.00654408399437555
0.0050565379956753
0.00377071610103118
0.00269134649422785
0.00174818968208334
0.000952511732558231
0.000253060591237759
-0.000344933950373593
-0.000843795586951866
-0.00130397334436814
0.00545796009872802
0.00427655655946323
0.00320263876586632
0.00230953355765538
0.0014932749606932
0.000794850762189014
0.000194745863880945
-0.000319045525933579
-0.000760327174305726
-0.00113128762153112
-0.00145231524683387
-0.00172992123450377
-0.00196399518401432
-0.00215439523760341
-0.00230454686356454
-0.0024194408291428
-0.00250268405933716
-0.00255659871979495
-0.00258391994108237
0.00580726335398075
0.00491317210667922
0.00417977487515495
0.0036658148358036
0.00334180946883094
0.00317734057523641
-0.00161071096805693
-0.00189273320004922
-0.00212274485252151
-0.00229203184640637
-0.00242002667261692
-0.00250163116566696
-0.00254325951563058
-0.0015632092313823
-0.0017739713257084
-0.00191416589984521
-0.0019819418619936
