0.05
0.0372306710005557
0.0341068629778208
0.0288664752029392
0.0357000500121118
0.0335514066771576
0.0314888490732586
0.0372460558254381
0.0350524183315927
0.0316412544036565
0.0295451750366238
0.0279674147088524
0.0267445435743282
0.0249665382100022
0.0224868060779678
0.0374074407444962
0.0336158167542162
0.0305731711221139
0.0301880321065759
0.0287925597642073
0.0273168970081846
0.0268800607787618
0.02655599964898
0.0260875024692672
0.0251128311492392
0.0229582873574484
0.0200171446852727
0.0172135173303385
0.0146802353906024
0.0124177154394167
0.0104000501153016
0.00850808031670423
0.037150518698348
0.035530411300431
0.0334383988452301
0.0317914350042027
0.0304720249232164
0.0294749329908854
0.0286924728936914
0.0279086667723266
0.0262288357306074
0.0237557186376154
0.0209940120904141
0.0184069117291894
0.0154244917620525
0.0257018055897536
0.0229612999968372
0.0203080761050008
0.0141413309893836
0.0128301655327737
0.0116123370208148
0.0106129226525647
0.00969369887182556
0.00887161683475158
0.00822422642155318
0.00767586448103286
0.00721992036851592
0.00689817223325207
0.00668746230053167
0.00659388128525914
0.00662015738775474
0.00676783294184969
0.00702902593051747
0.00742920768687906
0.00796865400819962
0.00868296207334562
0.00961908449390363
0.0107780125694213
0.0121019397113286
0.0135659767055483
0.0151229736721306
0.0166957411160647
0.0187048729738067
0.0211402780323886
0.0235665616328128
0.0259191079729041
0.027982447116305
0.0297874403540976
0.0312671984640995
0.0323778038085198
0.0331183305012446
0.0335004917241755
0.0141907381974468
0.0133173076137076
0.0124639815738507
0.0116446726237338
0.0109540183782042
0.0103780951932829
0.00985924960616949
0.00949283667935978
0.00921439221542698
0.00901252409258113
0.00890751025422129
0.0187309119486745
0.0168837951161662
0.0146065317222159
0.0178603241512382
0.0153911314460848
0.0133882703046474
0.0140436744385974
0.0134374549514735
0.0127796609341617
0.012919545638094
0.0106140718964488
0.00824165049859526
0.00675235305987634
0.0055938557612006
0.00449097236365326
0.00352680674257108
0.0028504994320124
0.00233407536461197
0.0018891220036164
0.00155029490450781
0.00128627448238113
0.00109659316575073
0.00097271095571273
0.00089938825172498
0.000860379788573235
0.01265468818937
0.0130775589668381
0.0142299923503051
0.0161084607879466
0.0184986641346778
0.021666907578053
0.0118004672421097
0.0109074187146249
0.0100060990918347
0.0234203623300252
0.0257625516928804
0.0283745790282236
0.031116221405571
0.0339735269773868
0.0366525647750222
0.0388887019514309
0.0406576003350569
0.0418024083607497
0.0419384364523505
0.0405963239802524
0.0374264640565618
0.0326070420674517
0.0269938540789676
0.0216011696817767
0.0169713996453642
0.0132055133313293
0.0101793047487392
0.0076967257051059
0.00572969503382567
0.00403836701339228
0.00265056102152529
0.00148813385075341
0.00044518176716195
-0.00024945113786898
-0.00102532878576816
-0.00164255730668179
-0.00218277133784989
-0.00263178711305283
-0.00298118778539606
-0.00326681067170983
-0.00348710860301632
-0.00361055131327507
-0.00369687560239644
0.0236077861813158
0.0259463830192816
0.0285321761180984
0.0317117022131332
0.0349492286240971
0.037852370717836
0.040014047847046
0.0413745967617284
0.0414050062142154
0.0396899507717124
0.0359097909995735
0.0304067600832669
0.0244093078713638
0.0190994491557552
0.0148116356372779
0.0112384390253514
0.00844565838715743
0.00633997424872009
0.00472103081306768
0.00346220718783962
0.00252650661956652
0.00190871571729628
0.00159398572332532
0.0082198825321152
0.00664835878922205
0.00530117839419626
0.00416693011085871
0.00320672810007749
0.00237899092655401
0.00165785843126634
0.00105533681155375
0.000571219327585045
0.000190614953578889
-9.30813467677986e-05
-0.000281016538346432
-0.000377437257177214
0.00924791901727184
0.00868239493486435
0.00833222566711903
0.00821275577708869
0.00830662227527341
0.00861287539090861
0.00911206130173542
0.00982806263835027
0.0109241569341984
0.0124541927897839
0.0143509223303268
0.0164819206736716
0.0187860274476174
0.021303953500413
0.0238372544125612
0.0262997460968053
0.0285332187609933
0.0304955635974179
0.0324099557177891
0.0349419519129408
0.0377783608603142
0.0399369877926557
0.0416813886625395
0.0424265434196781
0.042147224974438
0.0404324352889057
0.036782060221421
0.0315083865693733
0.0260323318131234
0.0213606720270851
0.0175129995297059
0.0143512629968484
0.0120352453948424
0.0101760913372551
0.00865261484508604
0.00768367566767373
0.0071866850045727
0.0127930704376621
0.0124980746901174
0.0124332698188097
0.0125818748732841
0.0129065873967636
0.0134874401362208
0.0142319556205929
0.0150750426223435
0.0162046026315637
0.0174783989114064
0.0185088503342511
0.0202318669768435
0.0214900854282573
0.0231732061353358
0.0250595475478881
0.0265681296181721
0.0275690023711823
0.0286122758807137
0.0295194364054935
0.0301991341097014
0.0306742094329055
0.0309040206643363
0.0126770930920809
0.0121987114787059
0.0119364982213217
0.0118896620540128
0.0120507879496048
0.0123980818978013
0.0129201423983937
0.0136673588656029
0.0145033454082069
0.015588473304653
0.0169595006453059
0.0185273667410548
0.0210065374914512
0.0237048869050185
0.0263283677712791
0.028860140258382
0.0311767549464397
0.0333224063389391
0.0351306055471225
0.0370073127914532
0.0387083865426549
0.0401182271428413
0.041234689213644
0.0420878589404242
0.0426407615467516
0.0429340573745364
0.0311336667229516
0.0307852294043844
0.0304173399275204
0.0301390444274573
0.0288670838467771
0.0274987652834671
0.0302425858838983
0.0300388624230816
0.0297834884349777
0.030424252902396
0.0309281456739063
0.0318055119750657
0.0324275093215657
0.0325700281928653
0.0321802978762347
0.0311202137386654
0.0294529806264218
0.0274755084188057
0.0252093833838296
0.0229717382792062
0.0208899612817311
0.0188685789470871
0.0164963682819427
0.0138998946657651
0.0119067223218352
0.00978708540890515
0.00821301881468071
0.00671995245827718
0.00546318802446708
0.00421692109396085
0.00310654976634186
0.00215187788755577
0.0012758638845806
0.000481219636602591
-0.000223456687237509
-0.000852274381096788
-0.00136417319069607
-0.0017955157906698
-0.00220271812919171
-0.00250719968816356
-0.00272377990195381
-0.00286656525208611
-0.0029406854253188
0.0291771625641101
0.0285051556608039
0.0278902160423202
0.027444317492616
0.0272149097043324
0.0271755672652929
0.0272942123728708
0.0275322088157189
0.0278245362426267
0.02812624495572
0.0283922397925401
0.028586584284844
0.0286943183044319
0.0292211486983674
0.0285460165689963
0.0273194003300853
0.0266476821651844
0.0257713495251175
0.0246829825946337
0.0265844202154835
0.0251852116301667
0.0230558972370476
0.0208245065155581
0.0185728657919173
0.016348234807965
0.0142854752981353
0.0124120142006216
0.0106863426590623
0.00915159330246192
0.00776168797810741
0.00649080294521975
0.00535104587819592
0.00430054931454404
0.00335587776494063
0.00250650283611593
0.00175624648029427
0.0010788907381457
0.000497480950190397
1.02534441902274e-06
-0.000431303785086984
-0.000845635551138386
-0.00121217383391639
-0.00150822850794298
-0.00172920229964106
-0.00186347045064299
-0.00194129450209153
0.023193283114083
0.0212313000436328
0.0189002113924001
0.0165149362244069
0.0144896465009881
0.0126212592293754
0.0107998232532184
0.00927254626246357
0.00803885787634942
0.00676562821432687
0.00552904648647201
0.00440135410792581
0.00346474704724806
0.00272660948983399
0.00197231597732458
0.00130131477438622
0.000697540501424623
0.000182315207967509
-0.000244582241210057
-0.000544504338636448
-0.000780580558684542
-0.000995235026178627
-0.00115539082291866
-0.00123006764905707
0.0240424667482292
0.0231524528729021
0.0222106524537447
0.0211543679278143
0.020202066910521
0.0191984425400203
0.0182730287198415
0.0175776512963768
0.0169905438454511
0.0164750353093645
0.0161173867838478
0.0159064761258296
0.0268347752953432
0.0259357311284163
0.0247148875372551
0.0230792224159252
0.0213871300647773
0.0198780565813735
0.0183442616652869
0.0168362357525145
0.0154624244502398
0.0141360859046564
0.0128551369017108
0.011702120269197
0.010705415116664
0.00969093419834994
0.00866013970284994
0.00773914797215553
0.00696547637295987
0.00630251017476533
0.00574172680032758
0.00529378154142368
0.00496882914696457
0.00475545432911473
0.00463147467849688
0.0265150527160278
0.0252794475362361
0.0237254167631556
0.0217442986961628
0.0195554572830281
0.0174639726217133
0.0155557817216336
0.0138099427248218
0.0122354297741249
0.0108263574765775
0.00956777440057093
0.00848504519341553
0.0074927977802397
0.0065908996270673
0.00582823529022885
0.00519349221811249
0.00466123604656138
0.00421663053745385
0.00385521524701898
0.00357713906785681
0.00337275370627495
0.00323674565995547
0.00316636381082707
0.00315460991282574
0.0032042124045653
0.00331217589617502
0.00346686177416846
0.00365970987692441
0.00387156511704051
0.00409038578560668
0.00430719492320593
0.00449675136638601
0.00466080370589479
0.00476836618377209
0.00483005035382196
0.0209092308533162
0.0189394800093863
0.0164399225556993
0.0225373282400127
0.0225732573290695
0.0225901296441769
0.0150479663373842
0.013683228044183
0.0124618199370408
0.0114068984601573
0.0106173753308957
0.0099613242784609
0.00946879619111923
0.00914586045062702
0.00898454795772349
0.0141229507312656
0.0121393982428096
0.0103291069294357
0.00861427640690194
0.00793346478941465
0.00741091292732495
0.00695414314275429
0.00658738010324394
0.00632007721818255
0.00613390791175894
0.00603365938152683
0.00602047070935847
0.0060981188295849
0.00627251439488887
0.00655362513052196
0.00694936427666349
0.00746325744691493
0.00808611876007542
0.00881217068981801
0.00972106328543344
0.0108506302287047
0.0120892687485703
0.0134239971764462
0.014800694336508
0.0161236814758229
0.0173358857119912
0.0184114597946407
0.0192677990343304
0.0198560435196131
0.0201685704189415
0.00779569500040465
0.00716488936833841
0.0066965226271948
0.00622878486603257
0.00601239466475784
0.00585785928601562
0.00772496760133908
0.00701918851244438
0.00640938980324384
0.00594641063419436
0.00566814449924139
0.00557851521916268
0.00567432920162592
0.00595590948366096
0.00644462161979263
0.0071696879532623
0.00811957105184378
0.00927444710412859
0.0107355203393758
0.0125839282502898
0.0147533940409194
0.0172626909836143
0.0200848440608056
0.0231341155771288
0.0262920104001073
0.0294362120342323
0.0324692106217273
0.0353279907863034
0.0379444356637967
0.0402421829906362
0.0421661578279403
0.0436849200117281
0.0447903882755849
0.045498217386126
0.0458522392018466
0.00741415454657837
0.006581224222865
0.00587211176744004
0.0053171253370483
0.00492215417961913
0.00469738482070091
0.00460587960294218
0.00464700820965983
0.00485206551329741
0.00520185189556244
0.0056754112763811
0.00633361135589509
0.00725926966169614
0.0085785907858653
0.0101815256735686
0.0119928807141268
0.0140838221666618
0.0164579171568084
0.0191047493667935
0.0220531099920652
0.0249807985005152
0.0282922079233528
0.0305784070716189
0.0329462924753831
0.0357874384916406
0.0383116805391721
0.0406023580264482
0.0426237944535696
0.0441397107479737
0.0452584263381386
0.0459767020470342
0.0463425616359434
0.0271402464551281
0.0260708237798345
0.0248346726865958
0.0235217147468566
0.0220181150008293
0.027330179418688
0.0258799375357151
0.0236532228585411
0.0217325008728847
0.0197192774437433
0.0176416461936591
0.0159415081702181
0.0143323923983677
0.0126366603012686
0.0108554910912806
0.0093773964917468
0.00801098924287266
0.00675436733483521
0.00560127379866975
0.00456087771600359
0.00363485272825439
0.00280080773144641
0.00210697062121177
0.00129428630122697
0.000570907892502978
8.12619051652772e-06
-0.000471083926970384
-0.000865741353189137
-0.00115145179747909
-0.00132972453276832
-0.00143009054228154
0.0204791080483423
0.017817688306321
0.014340328737548
0.0213325919010453
0.0201079705557133
0.018465376604576
0.0165539532052892
0.0125234203658916
0.0112304210655489
0.0102693255948899
0.0130957372662368
0.0119535563010792
0.0107690536565262
0.00982934347761786
0.00858944208467666
0.00986158910567404
0.00900465634293786
0.00784163251518226
0.00662935660795552
0.00927535835294307
0.00836815046832604
0.00745403955693193
0.00607829984973614
0.00546858377728417
0.00482912952209542
0.00427325666908242
0.00371096092740739
0.00315888384926872
0.00265836302283258
0.00215800002929472
0.00168378645664276
0.00124975239680412
0.00085996960663876
0.00046690207169915
0.00593685064574616
0.00522696212166351
0.00448044700534238
0.00393272075242662
0.00323946720264788
0.00271166833009461
0.00208536730102252
0.00147197481181592
0.000949860105355518
0.000446817434418236
-5.20508275988008e-05
-0.000539843873148698
-0.000971941854051442
-0.00137732295985534
-0.00182738168640721
-0.00222720944336594
-0.00263600291316215
-0.0029824655280524
-0.00330587119383895
-0.00359341602815029
-0.0038243438478567
-0.00401758557544895
-0.00416801829573298
-0.00426028009476847
-0.00430681235808179
3.0107848763864e-05
-0.000363714584702189
-0.000697637070336966
-0.000938353764717088
-0.00115316245875306
-0.001283766763357
-0.0013560019369426
0.000561531479367337
0.000683122989701791
0.000830271890485067
0.000987400269847132
0.00116043824714409
0.00135349220124331
0.00156385503584691
0.00179463926302052
0.00204399333319677
0.00230973607390388
0.00260431417970078
0.00292301834448982
0.00324748855488208
0.00354929617371265
0.0038089441685739
0.00402925900383772
0.00419143119754817
0.00427673939836451
0.00701717771373178
0.00649998215608822
0.00588479937126146
0.00518288604541103
0.0044624353455333
0.00377107886005164
0.00310738318263354
0.00247048625231645
0.00185979774584425
0.0012747627305356
0.000714747660538553
0.000178667158168466
-0.000334517122170827
-0.000850689027017171
0.00706221848722809
0.00665744829478403
0.00624967903900969
0.00584718056980977
0.00549505970065603
0.00515453719410232
0.00482932133568695
0.00453013970322027
0.0042508378774276
0.00396735661513792
0.00367697759948933
0.00340783234528919
0.00318297923069833
0.00299785559751263
0.00285680412011073
0.00274509584489143
0.0026732502002997
0.00263297982130405
-0.00119249360293375
-0.00150596949773499
-0.00179752542531458
-0.00211534547456409
-0.00240296694423059
-0.00265548414273088
-0.00295947154937122
-0.00332035012995121
-0.00366459864137803
-0.00396081851002407
-0.00421269279414058
-0.0044333279672024
-0.00463424720619854
-0.00480940240532785
-0.00494923307785497
-0.00504771754520027
-0.00511308269975711
-0.00514960827779044
-0.00108850727354759
-0.00129847235890011
-0.0014844784137888
-0.0016514967112531
-0.00180482236840357
-0.00194746947528306
-0.00207474860434769
-0.00217867163636624
-0.00225656043256292
-0.00230834333892
-0.0023349998361791
0.00779613888143156
0.00693536104886428
0.0060205442970998
0.00518130223967068
0.00441239124003601
0.00367367090009116
0.00299422128520191
0.00231088198067603
0.00167606724438422
0.00107884561305758
0.000481038499807619
0.00794859950633071
0.00724022089190535
0.00663278485078103
0.00599834564575607
0.00549896275640566
0.00495587818253703
0.00451351304512572
0.00414378036005216
0.00380276865329236
0.00360935770547
0.00342331726260206
0.00330631331326518
0.00324758936582757
0.000152354252104511
-0.000131832716729669
-0.000378326682115339
-0.000620073882903252
-0.000814016090362895
-0.000978568068717474
-0.00109523474386977
-0.00118258285053003
-0.0012339436368433
0.00017835876110685
-0.000107004296337625
-0.000379251824146088
-0.00064317776884354
-0.000902840070649984
-0.00115841436659841
-0.00141087268795058
-0.00166535322220027
-0.00191616583915889
-0.00216061923474611
-0.00240874368136864
-0.00264622568045628
-0.00287117604820631
-0.00308705658293158
-0.00329179416729156
-0.00349076555101972
-0.00367797341832806
-0.00384007167955739
-0.00396537319247918
-0.00406296404811951
-0.00413052305846227
-0.00416453020476812
0.015621394500654
0.0145120471020911
0.0133355364165901
0.0122000201656804
0.0111207939728179
0.0100712851187392
0.00897185432533178
0.00795556423559683
0.00725007231175254
0.00638645558323802
0.00543628749243748
0.00464690958489712
0.00386960901680127
0.00308567635494417
0.00237379457796016
0.0016618625234728
0.0157135804138947
0.014805072819497
0.0139003045376694
0.0130315952130448
0.0121838937672365
0.0113424966537795
0.0104886386115043
0.0096207006545714
0.00878604052230487
0.00803134270557978
0.00738571041654135
0.00684872030637378
0.00636613263471376
0.00581348954456554
0.00118818056418314
0.000645650340161671
0.000140540972079103
-0.000303650256195323
-0.000744333364878992
-0.00112462473757317
-0.00146617681818553
-0.00182890605628971
-0.00210911036829364
-0.00235858693478296
-0.0025658298562881
-0.00274345479282736
-0.00288441529007263
-0.00298913868510826
-0.00305999894895181
-0.00309701601613921
0.00127139140681686
0.000900693856971712
0.000528964001883433
0.000204216782647471
-7.15581464397134e-05
-0.000349719815794726
-0.000591716961531384
-0.000789390065717813
-0.000951297600311899
-0.00109025908095046
-0.0012121548826463
-0.00131484879432055
-0.00139170351982443
-0.00143426424986895
0.00538478971248912
0.0050229538064626
0.00469560282121984
0.00438029938778777
0.00409059580399208
0.00382229688031712
0.00358695374033501
0.00337116150947681
0.00316359453296235
0.00297366003423192
0.00280997648333675
0.00266904551172352
0.00254205031113228
0.00242262106291065
0.00569223934011844
0.00558821410378348
0.00551815436522839
0.00546960462976711
0.0054411342332157
0.0054447373431418
0.00547776851334636
0.00554639718143519
0.00564879738177066
0.00578039726541887
0.00594074191257614
0.00610904461630943
0.00630824894284249
0.00652689690842928
0.00675978878556547
0.00698853368843903
0.0072170948074301
0.00745249689855012
0.00767567894276647
0.00788242999544215
0.00807288002957523
0.00824579112940645
0.00840088760738891
0.00854012342209546
0.00867231222630712
0.00881663700797396
0.00899443383456568
0.00923001208133632
0.00957049959249948
0.0100551746157952
0.0107701443675915
0.00236916806527105
0.0023239317970786
0.00228728974263162
0.00225992353350982
0.0022427174601613
0.0022361044968001
0.00223724311144832
0.00224427034497688
0.00225723535877565
0.00227420160039579
0.00229504085894251
0.002318481466067
0.00234584823799302
0.00237959114069059
0.00241657612680398
0.00245676525884801
0.00250896625844121
0.0025760052663524
0.00265898105117592
0.00275875159091886
0.0028827973994448
0.00304736543528694
0.00325762979125661
0.00351187782899285
0.00382213742184708
0.00421853744683915
0.0023563839277025
0.00230851783593148
0.00227693095505637
0.00526545519815027
0.00671219760989319
0.00855503794707167
0.0106374913816343
0.0128426764555936
0.0152138039905683
0.00367634753656097
0.00310334474969621
0.00275903926109584
0.00254463377224375
0.0171923048566505
0.0188048793334546
0.0199163646393095
0.0205127774921065
0.0158678324087478
0.0163234201823362
0.0165497025158421
0.011756740418639
0.0130350418600259
0.014524477188151
0.0163179281407418
0.0185323877828712
0.0210553423813379
0.0108096409796961
0.0111285656986436
0.0117435772079438
0.0126681187379675
0.0139296364549131
0.0154126138376034
0.0173601803185057
0.0195329856586554
0.0220196161523758
0.0247453873494391
0.0275541367426425
0.0304848238415988
0.0333641561458711
0.0362460018514587
0.0389800919596676
0.0414246180920211
0.0437517062104783
0.0239133287462511
0.0264718868405048
0.0291777238327844
0.0317473797593599
0.0343880567062324
0.0368888515241752
0.039218375834014
0.0413278575527656
0.0431877170861212
0.0447366482761787
0.0460124525052082
0.0470131362239261
0.04773561144937
0.0482062364212597
0.048480227833402
0.0486179233644864
0.0486708946617376
0.0486807199604269
0.0486772724525749
0.020853423150059
0.0208003403778855
0.0208388140176306
0.0209176160510043
0.0209922213940852
0.0210383874552608
0.0453319039792606
0.046726969107779
0.04776772791865
0.0484425953729117
0.0488830595447084
0.0491271368463028
0.0492392835438552
0.0450207371151934
0.0460449016875949
0.0467167225081731
0.0470367904609356
