0.05
0.0369401089074338
0.0337309885992244
0.0282922159059737
0.0350015972228799
0.0322185842981499
0.0288418356355537
0.0369270512032007
0.034113073332683
0.029063414418823
0.0254024797900965
0.0224600679891546
0.020293369793505
0.0175160917928068
0.0143568779247316
0.0371332962364311
0.0337302554350559
0.0311714473451773
0.0309637307012701
0.0308457270216386
0.0308620175357844
0.0308271830907055
0.0307416455351318
0.0305313904719093
0.0299441994329684
0.0283815912276935
0.0259298241312445
0.0232814152086396
0.0206919780228569
0.0183415129248042
0.0163478045350503
0.0146885310062407
0.0368891331981743
0.0353613696517566
0.0334197036488777
0.0319331936369474
0.0307976480711479
0.0300027535570821
0.0294553516263998
0.0290036527501533
0.0252689339264338
0.0223213261747451
0.0190284558547853
0.0160183540988926
0.0126683060898055
0.0250628577856744
0.0222302111096104
0.0194503051394359
0.0116139703850235
0.0106359762858537
0.00983099682838636
0.00926759682281228
0.00885975993151345
0.00862884294594653
0.00858698073349981
0.00871473046204295
0.00903661227162379
0.00952984597735235
0.0102188642146639
0.0110993862320518
0.0122097477895558
0.0134982246474456
0.0149350446940909
0.0166179629440998
0.0184860987857845
0.020604855123571
0.0230260661261929
0.0256485487141327
0.0282570608662937
0.0307518701578411
0.0330396225707122
0.0350523490348691
0.0373148307265463
0.039748166338308
0.0419187240461836
0.0438029067671603
0.0452784928715308
0.0464279723723363
0.0472668469639594
0.0478324816937566
0.0481779639126469
0.0483459011197763
0.0109156408975036
0.00969465128694898
0.00851910566182752
0.00740707806664694
0.00648224549560595
0.00571978901129489
0.00503977710466806
0.00456327082861435
0.00420326235392888
0.00394342838878613
0.00380864952286733
0.0179328703748156
0.0161352632998256
0.013894353236943
0.0164635060009737
0.0131828617196333
0.0101937175838013
0.0133318965635038
0.0127233116651367
0.0120600453443984
0.0122453918573966
0.0099295320864417
0.00746767415530906
0.00586293493297573
0.00456688765997376
0.00328067987415616
0.00210028433126489
0.00122951897188194
0.000530399676975935
-0.000106308454657392
-0.000620646638938239
-0.00104594468327111
-0.00136928962651257
-0.00159122158460628
-0.00172788707981053
-0.00180268424114019
0.0116959864234852
0.0116319961555537
0.0120415544140284
0.0130296271015939
0.0145137141181617
0.0167176898561671
0.0111088012920996
0.0102362559073795
0.00935066692979654
0.0181675414655998
0.0203211680356951
0.0229269305196551
0.02585449434811
0.0291027775843415
0.0323634187164423
0.0353430411246469
0.038071784011843
0.0404985011563573
0.0423348852526612
0.0432091201818053
0.0427727545801671
0.0406604823421021
0.0364911604845387
0.0306029193101474
0.0243517740850404
0.0188484922128256
0.0143636577521416
0.0107275103513461
0.00791269745373389
0.00556687887646044
0.00371491326608085
0.00223138450093429
0.000967488286988206
0.000166341713413775
-0.000682150127154808
-0.00132025169124521
-0.00184981300335517
-0.00226886555298508
-0.00258166436405531
-0.00282858903882058
-0.00301363755720418
-0.00311545132127603
-0.00318563950012221
0.0180984710440325
0.0200223026038327
0.0223963334308387
0.0256077375970611
0.0291970137697078
0.032819007619677
0.0360776890654598
0.03915529952309
0.0415783167585665
0.0431796685966432
0.0436727791086613
0.0427304194414271
0.0398164571583999
0.034741189693908
0.0285630856967988
0.0223412657166304
0.017194625962672
0.0133003704767344
0.0103409654007514
0.00807421025821495
0.00641357120127434
0.00533010145486003
0.0047825308518814
0.00764553767768253
0.00612274209325412
0.00479934472119359
0.00367119499505141
0.00270536812435089
0.00186419069918814
0.00112434578435326
0.000500841090934571
-3.88986254991023e-06
-0.000403194308145311
-0.000702334377279399
-0.000901241832121996
-0.00100353462448303
0.00852717650132972
0.0078553191201883
0.00736030780241236
0.00706682886500724
0.00695219263758196
0.00701631321200304
0.00724967751580121
0.00766055183754385
0.00835234600548149
0.00937331550099964
0.0106925645739278
0.0122372756581006
0.0139868672793882
0.0160026449021752
0.018154407433799
0.0203855024859607
0.0225525076550273
0.0245886802327966
0.0267041501812781
0.0296812900093243
0.0332540284489732
0.0362708226061516
0.0392546365881771
0.0414513883458328
0.0430157582407169
0.0438189969976895
0.0434951293887499
0.0416341761374148
0.0381014703650576
0.0334702965611547
0.0284902560161392
0.0237578923398168
0.0200648986044176
0.0170298547275533
0.0145298514316504
0.012942827839204
0.0121310673184288
0.0090055712882078
0.00807003296544165
0.00732040057868025
0.00667166087576973
0.00619867310254467
0.00579589996484918
0.00554064099343588
0.00540948583446662
0.00537394974304462
0.00544166658078417
0.00554781629039501
0.00580098062309078
0.00603437773663891
0.00640199665498711
0.00688188694565114
0.0073155643871953
0.00762805581427975
0.00797686657956721
0.00830007647615571
0.00855483322818302
0.00873978200048959
0.00883130062921007
0.00916598799821697
0.00829754726849496
0.00757180612334515
0.00698837583555241
0.00656542915399932
0.00628735090945574
0.00613880501008988
0.00611554075915398
0.00621339990196799
0.00645028429834093
0.00685483679444595
0.00740076104895756
0.00836734424427237
0.00953659720636916
0.010809204481184
0.0121927731490487
0.0136131028468981
0.0150758528284187
0.0164301108566958
0.017969093984515
0.0194916743361138
0.0208492342558093
0.0219852203383996
0.0228917064654024
0.0234979584282931
0.023826202497163
0.0279155486890558
0.0267561625031037
0.0251710681590988
0.0269207867200312
0.0249409735937949
0.0227164816371592
0.0244685045243468
0.0235757464291367
0.0223854282282471
0.0237445908098604
0.0214688904333188
0.0185794479430935
0.0161927756404544
0.0144190876991179
0.0128604712329371
0.0114652710740112
0.0103146050566094
0.00945455707019357
0.00878733355132297
0.0083452057687873
0.00811516895836505
0.00808551438286128
0.00830442277311334
0.00885590292376067
0.00958750002669997
0.0108176670343801
0.0121824502262557
0.0139945095708595
0.0160512491084552
0.0187126739647512
0.0217012141893793
0.024770239244978
0.0279892500983863
0.0312189071145369
0.0343058049109157
0.037216096779832
0.0396665829510146
0.0417581488682105
0.0437163288878675
0.0451333282839776
0.0460969200905311
0.0467040943104458
0.0470084431978696
0.020448248921036
0.0181499895781157
0.0158793034001352
0.0138352116076762
0.0120989855952132
0.0105767690885354
0.00925634832451419
0.00810405659086841
0.00717280977079164
0.00643005349349519
0.00587671250982876
0.00551342595331443
0.00532427110273063
0.018664678022682
0.0157504107602238
0.0127684996516374
0.0114963083553807
0.0102925030412119
0.00913221907951959
0.0119492274477555
0.011380515561874
0.0110943847969213
0.0112032469108753
0.0116938879100429
0.0125954974898357
0.0138839568093088
0.0155366268954269
0.0175749229124656
0.0198927033013002
0.0224626078012787
0.0252341877105113
0.0280660305091721
0.0309561398795259
0.0337668306081627
0.0364435972718791
0.0388959942965763
0.0411411032652412
0.0430453196639965
0.0446065161669834
0.0458704576345133
0.0469576818777934
0.0477937592730598
0.0483645997233633
0.0487213950741361
0.0489082367749547
0.0490047190532222
0.0091840437453346
0.00956584307441454
0.0103603989336622
0.011569646822147
0.012995737677882
0.014751722009063
0.0170029828779366
0.0193991890410674
0.0217236801469579
0.0245231859653828
0.0276412520775288
0.0308190293680432
0.0336849572094088
0.0360747936529937
0.0386214923138516
0.0409417150825159
0.0430277156444577
0.0447538335191384
0.046100345704434
0.0469761422111299
0.0476096950890664
0.0481328678379549
0.048488537642351
0.0486441317592396
0.00742994816166014
0.00590150327457741
0.00469718907842703
0.00361020875226811
0.0027736096643478
0.00199472664924352
0.00134498546456958
0.000891510686003757
0.000530778695609341
0.000228589107850149
2.5105408949168e-05
-9.25181821867481e-05
0.021271906094165
0.0195072600810424
0.0174324982088092
0.0150377189504699
0.0128777925534978
0.0111475912482029
0.00952982884678744
0.0080365354660374
0.00673443716067795
0.00551610882293017
0.00436763666200946
0.00335370800860418
0.00249113838150118
0.00162539762252703
0.000756193882708907
-1.22151695015883e-05
-0.000651657380904043
-0.0011950013940609
-0.00165112763678366
-0.00201309645079293
-0.00227432272357743
-0.00244521481335754
-0.00254424829496561
0.021505926880698
0.0201289104072161
0.018567135684211
0.0167591030873343
0.0149239942697118
0.0132898878627505
0.011889398673512
0.0106874828735234
0.00968044840677214
0.00885822809008681
0.00820835598837234
0.00773712695975091
0.00740601539855609
0.00722661180109844
0.00721073638402349
0.00734450711885749
0.00762071890838015
0.00804227905630517
0.00861247224250187
0.00932147161691119
0.0101740533057088
0.0111669147494648
0.0122680739373824
0.0135310589733751
0.0151726017122188
0.0170677832495665
0.0190327229465778
0.0210040117598463
0.0228444182150948
0.0245144702548316
0.0259998330029681
0.0271896655759435
0.0281489901099583
0.0287476766014263
0.0290800825631438
0.0130415498056931
0.0115392960379434
0.00975401675662401
0.0136912776177846
0.0131769799762539
0.0129147315257736
0.00818348567225143
0.00669045172594182
0.00538059310535421
0.00426288365988521
0.00343172920670922
0.00274352637482755
0.00222781948936367
0.00188998114385706
0.00172128576390266
0.00882164414750305
0.00823065899689922
0.0079218074484816
0.00789934868524944
0.00945721458034563
0.0111108430093815
0.0131177568342165
0.0154237075415589
0.0179043256278083
0.0206427002537562
0.0235291119754241
0.0264779838145943
0.0294243861976328
0.0322865868537223
0.035029894171017
0.0375748164939116
0.0398293190347952
0.0416934913653364
0.0431464352682683
0.0442922724245017
0.0450525820860576
0.0452577874968035
0.0448327237174134
0.0436725142362248
0.0417669630982653
0.0392459656369782
0.0363638023640078
0.0336722613928245
0.0316525041534446
0.0305317307019311
0.0065371877276613
0.00551192699302253
0.00476727952827089
0.00404117269974995
0.00371033922457279
0.00347689767031575
0.0140715916143991
0.0138682602062035
0.0141865759413596
0.0150913961369259
0.0165661553167812
0.0185665985816734
0.0210156074749473
0.0238253393756044
0.0269517927037754
0.030255542492801
0.0334301844379744
0.0362797185519501
0.0388812918063295
0.0410859916986041
0.0425700527231194
0.0431656745003508
0.0426198238394479
0.0405903507449461
0.0368098919791857
0.0316182628400165
0.0260418476876033
0.0209482782065924
0.0166982795276443
0.0133244853344466
0.0107246518306919
0.0087839975102525
0.00741291467670589
0.00654458363220622
0.00611101762252533
0.0139512217957877
0.0136966628643795
0.0138587116178809
0.0144660244157178
0.0155106786105642
0.0168435822395838
0.0184401836775298
0.0205119845054126
0.0229787969596187
0.0254946393812366
0.0279407275083485
0.0305070037205887
0.0332696783832561
0.0362967614709614
0.0390315823278397
0.041156933662954
0.0425950837405165
0.0431835204119972
0.0427316759829129
0.0408840653656495
0.0375431587078674
0.0321438935760388
0.0279640009388379
0.0236212975672914
0.0188222759119005
0.0150839742734056
0.012030192691752
0.00953585721119883
0.00774761306021856
0.00645232991342874
0.00562156913997986
0.0051960125829122
0.0291377361098457
0.0295461544540012
0.030141355869439
0.0307894544271622
0.0314605966166486
0.0281397110595872
0.0260918007312529
0.0230927002733211
0.0206369911566889
0.018196989623663
0.0157991169864228
0.0139136355405084
0.0121861191030052
0.0104122820580959
0.00859396680639034
0.00712081976675145
0.00578974467805612
0.00459266853614975
0.00351829229940597
0.00257013404815996
0.00174444745273731
0.00101688711797836
0.00042423074858607
-0.000255510509370645
-0.000848668782570217
-0.00130240688019483
-0.00168313073651012
-0.00199263609634906
-0.00221438864005553
-0.00235176486347713
-0.00242873165466523
0.0316917076941839
0.0317767896899952
0.0313277718787773
0.0320679846364275
0.0328559906780063
0.0337816993809257
0.0348882819756819
0.0300977652118797
0.0289198157251597
0.0278176401726453
0.0321919808021832
0.0320934722016482
0.031111321643942
0.029716218383483
0.027133308861413
0.0272059737283241
0.0251081924170208
0.0217523957954435
0.0180645842085937
0.0263868104966857
0.024731296822955
0.0228179492924613
0.0161168838380885
0.0140419160614821
0.0119840392105879
0.0103060283484232
0.00871679159130861
0.00725664064726491
0.00600842570574969
0.0048199854874932
0.0037323598659006
0.00275255684649961
0.00186820078032795
0.000953042376353136
0.0162316828992316
0.0144372431187818
0.0126622763281496
0.0114389711521632
0.00998974989395009
0.008957192729212
0.00780966989863637
0.0067623780665646
0.00592667129312444
0.00516742198608752
0.00445633661622927
0.00379964481101769
0.00324940564010093
0.00275930342453252
0.00224092602924592
0.00179906256877459
0.00136412542809959
0.00100780302428547
0.000684907398564866
0.000405243607742916
0.000185393039301877
4.5850236664086e-06
-0.000134225095755236
-0.000218562858047738
-0.000260862320755155
0.000694810323096666
0.00047859648205911
0.000306267373696261
0.000187548321591398
8.54857866815326e-05
2.50032666450905e-05
-7.90730268947102e-06
0.000395990447633979
-0.000111966270676347
-0.000587176229243271
-0.00100109522212645
-0.001383422092212
-0.00174328278507427
-0.00207298265705461
-0.00237501682733462
-0.00264569537559312
-0.00288457121767224
-0.00310363348593264
-0.00329987021427374
-0.00346713712643347
-0.0036004780296995
-0.00370178645751882
-0.00377966934790575
-0.0038328967191808
-0.00385964046561166
0.0218115179760587
0.0205598717463752
0.0190460623765459
0.0173325347535027
0.0156163714923404
0.0140263726296132
0.0125602171746868
0.0112107121275552
0.00996837397411541
0.00882288598999609
0.00776396089720246
0.00678120138909942
0.00586525172209191
0.00496428790089743
0.0219929337877737
0.0210759891821859
0.0201137523426761
0.0191441592481964
0.0182907957093922
0.0174690640692355
0.016694850660633
0.0159974075394187
0.0153622486808068
0.0147339328537292
0.0141064722916219
0.0135387765594415
0.013074834051131
0.012700268730531
0.0124195594188789
0.0122002319254545
0.0120605024136423
0.0119826769750533
0.00439169447135401
0.00388225093600925
0.00342033185437594
0.00293001497260239
0.0024993304564831
0.00213222342381762
0.00170283030286446
0.00120716597188643
0.000746478579374583
0.00035919362436426
3.64575925258359e-05
-0.000241339453521459
-0.000490356647551504
-0.000704418187195646
-0.000873330976153562
-0.000991273594930028
-0.00106908146250099
-0.00111238418562146
0.0045449823370821
0.00418501505526727
0.00387423299400619
0.00360170621618659
0.00335685743113036
0.00313335417459525
0.00293707111378239
0.00277883966625855
0.00266141352020687
0.00258389518841239
0.00254416575674988
0.0248561507126118
0.022132030371587
0.0191660646254481
0.0165204815928917
0.0142207544544883
0.0121433539824106
0.0103469184688624
0.0086433237962989
0.00714223920002384
0.00579154724394756
0.00448814363678555
0.0258796358930433
0.0241602490937175
0.0225211735504688
0.0207171052120195
0.0192815182074356
0.0177383941952939
0.0165165901873125
0.0155286548423789
0.0146494926187582
0.0141642896594309
0.0137084270551517
0.0134269244889113
0.013287216564087
0.00395698754445813
0.00353228294434155
0.00318632449169223
0.00286571378289385
0.00262045983773137
0.00242028081116735
0.00228238300299408
0.00218134842951752
0.00212285314294606
0.00370701036181258
0.0029962195751772
0.0023476443903522
0.00175214589851729
0.00120259678408161
0.000699455670682433
0.000239928542628289
-0.000186432630944706
-0.000572457105518806
-0.000918642399369506
-0.00124260855363517
-0.00152957742544109
-0.00178254566435362
-0.00200947645340191
-0.00221184753856805
-0.00239835211554465
-0.00256627918896621
-0.00270648477423593
-0.00281188766638256
-0.00289227460932593
-0.00294707852902127
-0.0029744104293256
0.0355299505390293
0.0364484014151983
0.0375749740796792
0.0387794615307579
0.0399811865771216
0.0411307838788436
0.0422046468007471
0.0429300086515692
0.0431742931109443
0.0430573633967517
0.0421388334094067
0.0404192398001443
0.0375622257509205
0.0333388850223565
0.0285640608274037
0.0233640907168155
0.0354027907060713
0.036113885290129
0.0369728829767696
0.0379222723923464
0.0389330462231785
0.0399618366280543
0.0409387050348081
0.0417082928945175
0.0419986664310431
0.0415632926533959
0.0403021531227136
0.0383015418995103
0.0355432092668433
0.0312410373761391
0.0202048862336624
0.0167874457262618
0.0138704699541578
0.0115382154444034
0.00944241579136832
0.00779984868709001
0.0064494317839256
0.00513990974814784
0.00420753525412739
0.00343324251715352
0.00282758601675823
0.00233457668813476
0.00195964912208844
0.00169012719919596
0.00151206820646383
0.00142045246396929
0.0202642991126517
0.0174403004549635
0.0147864869940392
0.0126364278425692
0.0109415832395171
0.00935835069401734
0.00808175597140171
0.00710752982281017
0.00635544692416614
0.00574288867829242
0.00523024653125673
0.00481573461345542
0.0045155130360819
0.00435279095922097
0.0281158639836554
0.0251179656299867
0.0222743112602925
0.0195330575819127
0.017083636209125
0.0149091435596846
0.0130883751263531
0.0114924786347407
0.0100213912220468
0.00872378019297774
0.00763451500341729
0.00670958722710754
0.00587662077107609
0.00508095671282466
0.0293012031473262
0.0268950331363041
0.0246166702463978
0.0222049714521459
0.0193844991910384
0.016819552879075
0.0148211106849597
0.0129503245702908
0.0113131248075283
0.00993365890660281
0.00875767661895658
0.00783942712883583
0.00699870972007644
0.00626602658742164
0.0056256198632068
0.00508881834953488
0.00461344149937075
0.00416503753154841
0.00376079448974802
0.00339049604115173
0.00304045664381232
0.00270318196640917
0.00237451432574892
0.00205455231873858
0.00174022216090115
0.00141923711053478
0.00109608932744617
0.000779576368135449
0.000453549231694193
0.000121514490195088
-0.000239818178427774
0.00457812552000241
0.0040891173485081
0.00360929771729994
0.00313768711273419
0.00268073136647137
0.00227882515694441
0.00195188598650312
0.00164092559141892
0.00133290983499455
0.00105370270642248
0.000787281100867975
0.000540546425801413
0.000296874545829164
4.11416340713403e-05
-0.000197909237644371
-0.000417965277449276
-0.000654312672973193
-0.000895710638963812
-0.00112783969160702
-0.00134434733538367
-0.00155467771970933
-0.00177273624330495
-0.00199048127443864
-0.00219895243286573
-0.00240376369923741
-0.00261710762556842
0.0047996198229426
0.00460371026550727
0.00447803037466365
-0.00288028267678167
-0.0032042441328284
-0.00357449330505664
-0.00394924825062521
-0.00430384402496446
-0.00464961323938132
-0.00263495069444584
-0.00265142432825469
-0.00266046593383755
-0.00266573681522522
-0.0048777670441975
-0.00504648351094223
-0.00515543539066751
-0.00521173581497334
-0.00477822628050983
-0.00486017412365915
-0.00489875628096845
-0.000490123274491303
-0.000744149399726373
-0.000986805716955346
-0.00123598344449071
-0.00150570697835171
-0.00178505813005319
-0.000383760177658008
-0.000531240240235066
-0.00069112203682944
-0.00086482862781881
-0.00105554275146579
-0.00124798038807832
-0.00147312272072382
-0.00170330961207198
-0.00195130832174263
-0.00221322146644945
-0.00247888747333545
-0.00275640154595406
-0.00303288015281769
-0.00331631649946548
-0.0035949823561584
-0.00385715834252877
-0.00412481689753716
-0.00203805635067915
-0.0022588289189496
-0.00249118347958414
-0.00271497573537447
-0.00295193109445186
-0.00318687971270139
-0.00341958454857422
-0.00364771097485165
-0.00387029583297816
-0.00408072557205642
-0.00428353486581731
-0.00447716892530369
-0.00465561893835893
-0.00481233504241133
-0.00494401989542003
-0.00505003344986559
-0.00512989106046512
-0.00518306186154387
-0.00521047002500906
-0.00181291813089575
-0.00183768889711833
-0.00186135852134531
-0.00187994248693773
-0.00189259027236792
-0.00189931585497083
-0.0043675659762919
-0.0046178037912996
-0.00484256481386576
-0.00502129088843869
-0.00516493081898331
-0.00526061300911663
-0.00531077456036304
-0.00423339537753252
-0.00432793953607785
-0.00439405734644842
-0.00442701399732903
