0.05
0.0375699727449372
0.0346255112091831
0.0297224019383455
0.0360831928921715
0.0340408334289677
0.0322618465579427
0.0375950390627154
0.0358831023179258
0.0337902814394848
0.0331557424328248
0.0331799677854461
0.0333909845306699
0.0337357739015854
0.0337759057129435
0.0377479806553006
0.035040579888466
0.033294646222505
0.0332873072124601
0.0343645149448797
0.035670577125972
0.0359744597412616
0.0360975742809236
0.0361324661247008
0.0359515866710381
0.0350510966834457
0.0330684159443151
0.0302066378244046
0.0267140123299689
0.0229540242931392
0.0192339403091047
0.0155431832054505
0.0374926295332134
0.035969080181513
0.0340527430751915
0.0326039030475219
0.0315098084455438
0.0307466026106959
0.0302117680996336
0.0297429783329592
0.0276128473835735
0.0256479609965646
0.023399231057831
0.021184340009226
0.0184821340304233
0.0265953516264278
0.0238249462561452
0.0210661735755563
0.0170753062369932
0.0155642617671035
0.014095181588271
0.012834258523376
0.0116147703535771
0.0104527974055389
0.00946271327018244
0.00853558814188054
0.00764629795468552
0.0068708566603782
0.00615750549862399
0.00551521527933693
0.00492209279317945
0.00440321021447713
0.00395470849364725
0.00354276353818608
0.00318075954890669
0.00284929468266247
0.00253631955250494
0.00225039902732269
0.00200786714517567
0.00181116442673138
0.00166191826755241
0.00155666867546044
0.00146669437409245
0.00139916458910573
0.00136384530990691
0.00135643950142667
0.00137106408165692
0.00140053845594705
0.00143687924980434
0.00147173730334722
0.00149879708756488
0.00151403667238249
0.0175638968629807
0.0168868804238033
0.016204829206969
0.0155326639634255
0.0149547610192751
0.0144660764690832
0.014021205293272
0.0137048872862026
0.0134634453205016
0.0132878727071213
0.0131963759560182
0.019585174058212
0.0177918349866968
0.0155115760117054
0.0179246723307324
0.0143178665137051
0.0108931894107649
0.0149119840545524
0.0142582689819488
0.013540718699493
0.0139340665043427
0.0116377812195063
0.00910249796359622
0.00738272181182756
0.00594225449782367
0.00445901563025922
0.00304385681464544
0.00196168339479808
0.00106452855424356
0.000221120050987504
-0.000481046492411412
-0.00107763047811519
-0.00154190914749266
-0.00186658544061081
-0.0020693096392339
-0.00218130623156619
0.0126006859357735
0.0114741841443016
0.0103477696433181
0.00954483554835155
0.00915468109338004
0.00914209460737238
0.0126004433528433
0.0117296632640265
0.0108374823233972
0.00917766655145418
0.00964145686731963
0.0105401437925342
0.0118807622450045
0.0137616011102393
0.0161197576563299
0.0187823353200546
0.0217901030078271
0.0251928826774041
0.0288263998458728
0.0323960468772201
0.0356168601525082
0.0383026935082068
0.0403087255511063
0.0413795434227802
0.0411583684813535
0.039236925772275
0.0353631574618569
0.0298834698373943
0.0242369999314095
0.0189023021151393
0.014496005518147
0.0109172530283238
0.00786368210233242
0.0059370853149523
0.00391348125703979
0.00241000433234056
0.00117979761790386
0.000221161947456903
-0.000483910115882809
-0.00103292725393327
-0.00143937759653751
-0.0016611827198843
-0.00181307341393775
0.00948826210231367
0.0102602529148904
0.0114721556935298
0.0134431825729103
0.0160643445007494
0.0192382491791702
0.0226581670131932
0.0265466968087021
0.0303988234984877
0.0340986440734751
0.0373991459723044
0.0401629177939887
0.0421795014879259
0.0431712219413613
0.042922526698806
0.0410424054073314
0.0372331540425505
0.0321198591702611
0.0267761497889944
0.0220030892838966
0.0182760226375378
0.0157887898305398
0.0145232093907428
0.00931797556315074
0.00793105887369097
0.00670080857718
0.00563190897932006
0.00470063481641401
0.00387630840900523
0.00314025297813239
0.00251137443153525
0.00199620788078291
0.00158457187822117
0.00127372159360627
0.00106580617229763
0.000958480438607756
0.00976171301271972
0.00876428653960697
0.00787756778052565
0.00714944279970925
0.00654161842170558
0.0060555154924729
0.00570273422490375
0.00545501637135622
0.00528499777022942
0.00522150111520202
0.00528808985721977
0.00549418158911521
0.00584274763539728
0.00635747158045734
0.00702328660312151
0.00784903213653581
0.00881640050396983
0.00991583711369599
0.0112818434625409
0.013553350638154
0.0167582903739137
0.0199817552959719
0.0238759919588182
0.0275130863310874
0.0310850055601044
0.0346562309108069
0.0380411842220041
0.0409867166208698
0.0433038876987581
0.0449895536159656
0.0461934102652323
0.0470065007204805
0.0474415777840166
0.0476361703621433
0.0476487077164685
0.0475681336805706
0.0474912908086277
0.00943631498537201
0.00820982315605859
0.00715110904336024
0.00614623441612961
0.0053213434461327
0.00449023370337585
0.00380482555184174
0.00325799487732141
0.00272727768068947
0.00228053888705374
0.00198831464444138
0.00159646040667768
0.00136542690998819
0.00111284468046574
0.000888283029760555
0.00074366816463045
0.000662365297951728
0.000589825311294895
0.000536132455291698
0.000501277561613877
0.000479653658682623
0.000469969256007897
0.00972548366200744
0.0086817295580728
0.00774656500081931
0.0069201533881064
0.00623199135095798
0.00566844747852366
0.00521097407757464
0.00482742154134191
0.0045721419228974
0.00438994367177001
0.00429447565013395
0.00428184221466556
0.00436594583433992
0.00455003173532239
0.0048145306265249
0.00515446170111283
0.00554385339323681
0.00597845774068957
0.00640789705036399
0.0069273634508181
0.00747550716701315
0.00799366917365219
0.00844827024282382
0.00882566666417532
0.00908581380224269
0.00922955743694718
0.0318946265613666
0.0315512051104847
0.0312211456601811
0.0313832738790706
0.0307389588784932
0.0302259994345176
0.031139302205446
0.0310678569172743
0.0310069069855152
0.0309512340922272
0.0311891202148358
0.0320535123380646
0.0331380656216945
0.0342212522589775
0.035439544078994
0.036787799611924
0.0381040361912138
0.0392057037828524
0.040093064961685
0.0405926435207737
0.0405821759095809
0.0398620511496541
0.0378260051414193
0.0339465165871522
0.0297065342388994
0.0242252934490263
0.0199591858980665
0.0159963034217696
0.0128342732685631
0.00990524157299029
0.00748475589978936
0.00554832231516104
0.0038873044373697
0.00247179890858358
0.00128403686362179
0.000273276457917112
-0.000519059669708372
-0.00116755717634346
-0.00176503849905639
-0.00220386932082738
-0.00251232053437732
-0.00271411373679228
-0.00281839105886746
0.0275678563556543
0.0232401297038797
0.0189609341518753
0.0152785086071973
0.0123557424698989
0.00997943106572493
0.008071315429009
0.00652815807255833
0.00536545337971441
0.00449320586586826
0.0038754588350102
0.00348488603702698
0.00328643273640234
0.0335555144279943
0.0359067817305357
0.0385369607111508
0.0396742690606071
0.0407654669597763
0.0418186128279409
0.0393128944383322
0.0399009039343682
0.0401394245555278
0.0397151386876191
0.0384358750507943
0.0360774132213664
0.0327492138401019
0.0288362303127241
0.0247424574848284
0.0209884819188649
0.0176770523120133
0.0148116449573628
0.0124068409690407
0.0103370253068287
0.00859421345343027
0.00711906051193659
0.00588409596135202
0.00482050059118745
0.00394463214405305
0.00322394104893353
0.00261667069351122
0.00205092353184499
0.00156150093592946
0.0011731802735715
0.000887253217235193
0.000715050666068729
0.000615826328255606
0.0420524783006445
0.0418786960362265
0.0409729794890896
0.0390165019378879
0.0362151593655886
0.0325113682784806
0.0279768172118834
0.0238160955343655
0.0204432289074006
0.0170910049435656
0.0140469334450809
0.0114849569142456
0.00951564491576992
0.00806196052978878
0.00666480957515227
0.00549196871362124
0.00449000663950724
0.00367251930608753
0.00301990965242696
0.00257389463315519
0.00223030939273916
0.00192374696993205
0.00169824589500943
0.00159394673685433
0.0430757643338733
0.044169480214312
0.0450172461782802
0.0457735749668737
0.0463479208807682
0.04687229004349
0.0472968934108469
0.0475824860626208
0.047800131705944
0.0479740409863581
0.0480864337648904
0.048149274905835
0.0303922362837283
0.030678873937353
0.0309697770842068
0.0311041220145374
0.0308846970891554
0.0303332211056703
0.0293916332209771
0.0280858767609625
0.026591876979038
0.0249091243999799
0.0231028828340893
0.0213674849197173
0.0198162638134711
0.0182178542496227
0.0165989909223706
0.0151712366496207
0.0139923383654711
0.0130002645250896
0.012175625601806
0.011527021263823
0.0110622458889936
0.0107597296521868
0.0105850355506371
0.0295952375039507
0.0288212890477596
0.0277845753330664
0.0263058298236427
0.0244397938557755
0.0224265618455321
0.0204034427198856
0.0184094913784742
0.0165042357123844
0.0147161337398594
0.0130483718339876
0.011551061517133
0.0101140371413635
0.00873514110838782
0.00749259965035154
0.00637990683888709
0.00536332839931476
0.00442128599173382
0.00354936065978227
0.00275699550903839
0.00203001653126181
0.00136465643130983
0.000772973144479835
0.000222111212560883
-0.000372371311383231
-0.000965044048137351
-0.00150598793788188
-0.00199256118664266
-0.00240849455348555
-0.00276105381553502
-0.00305878054594758
-0.00328865163797446
-0.00346922220072458
-0.00358014759330607
-0.00364115456171403
0.0324061162407811
0.0303128563686311
0.0272146116018102
0.0353169586371276
0.0365253870746831
0.0371419199142878
0.0257639446631107
0.0239871767575759
0.0221603325541412
0.0204481179878555
0.0191130066106035
0.0179810126372141
0.0171240810589122
0.0165609972186841
0.0162797516569379
0.023541607781721
0.0200700309902391
0.0167600038807897
0.0135668759587939
0.0118944243118368
0.0105253014142176
0.00922354618234164
0.00804344267877619
0.00701719902467948
0.00607415442197352
0.00521965411728128
0.00444192404256367
0.00372615022597588
0.00306638690534331
0.00245012582000395
0.00187782134131372
0.00135405762932433
0.000887577950647315
0.000472928517865083
6.46533046834564e-05
-0.000344902719380127
-0.000714621542470611
-0.00104807865492937
-0.00134065999424027
-0.00158502784534912
-0.00178432384620397
-0.00194519249658743
-0.00206433423764599
-0.00214217522508083
-0.00218228334290535
0.0124266504458386
0.0115696489522211
0.0109467400110433
0.0103379751973001
0.0100600560870937
0.00986357620776887
0.0138824664235786
0.0122429363146918
0.0106426820324435
0.00918168421728832
0.00794503099543432
0.0069310444841907
0.00611635471363995
0.00546926140990987
0.00495595541415909
0.00456770023975452
0.00430759103958167
0.00415987064240902
0.00410493530940926
0.0041486529509123
0.00429303271472092
0.00454113964767757
0.00490013110723339
0.00537685045156188
0.00597656471270645
0.00670083751133147
0.00754675798026998
0.00850787271614152
0.00956202442102716
0.0106642417630572
0.0117547703393775
0.012760774421781
0.0136008579730308
0.0142006473682499
0.0145231706526198
0.0134154426477401
0.011708507739658
0.0101523269804908
0.00879794406666092
0.00764743046158361
0.00675102393112753
0.00602191520019603
0.00535778847772887
0.0047977815800149
0.00438311618817596
0.00408504707185565
0.00386126202329759
0.00370226120918491
0.00360514696330795
0.00358815018364795
0.00365028371634682
0.00379388864273925
0.00402285384455156
0.00434372863100412
0.00477789170947935
0.00529794718706622
0.00601353976842696
0.0066071693743311
0.00733042403815234
0.00839125906263579
0.0095547458920321
0.0108117419091302
0.0121239448465536
0.0132793452774588
0.0142640277758473
0.0149750626656392
0.0153677793806207
0.0293618538772508
0.0288882954869261
0.0283178556822291
0.0276096219861281
0.0266314275605387
0.0294045734421914
0.0286681975347511
0.0275341064163943
0.0264432589964441
0.0251111473349657
0.023506131865131
0.0220181666451844
0.0204776326174782
0.0187564884129292
0.0168749604127784
0.0152746955422758
0.0137743241804319
0.0123835493097305
0.0111017226423724
0.00994219545445718
0.00890834826116946
0.00797580931798388
0.00719890864631819
0.00628750170035549
0.00547488287774959
0.00484164653691851
0.00430160678128604
0.00385619404621975
0.00353333509261265
0.00333170133642504
0.003218112101787
0.0250627537961588
0.022128860671233
0.0181327815163635
0.0265355115887886
0.0258619173627289
0.0245376131363312
0.0226251721769735
0.0159919392293878
0.0144552059697854
0.0133078423277598
0.0167225338721919
0.0153799002596681
0.0139611759701225
0.0128272494558386
0.0113276507166779
0.0127701027243169
0.01162800226979
0.0100757928510829
0.00846372080596511
0.0121519804354953
0.0110980719269004
0.0100397344867564
0.00766848264151118
0.00679652532092526
0.00589316980334066
0.00511955846094262
0.00434969119741786
0.00360629750132435
0.00294110796035432
0.00228055595025919
0.00165198391869052
0.00106573468159532
0.000520264751635837
-6.02222716303529e-05
0.00760776772357748
0.006742812506078
0.00584750132220356
0.00520072802866716
0.00439554626576266
0.00379317865474332
0.00309123016964633
0.00241797191216796
0.00185652967320618
0.00132615711170498
0.000810715180153685
0.000317276108705584
-0.000110540342130978
-0.000503732221349446
-0.000931814436502898
-0.00130572794062688
-0.00168207332349399
-0.00199657368732959
-0.00228656245476159
-0.00254162971370368
-0.00274469805310162
-0.00291344087043267
-0.00304407291198351
-0.00312389154780511
-0.00316405910996601
-0.000239926636349787
-0.00040143896289169
-0.00053839033449662
-0.000637259285554632
-0.000725664185973348
-0.00077951136053629
-0.00080933271063945
-0.000410327929586154
-0.000744376973268205
-0.00107567136860196
-0.0013843384204558
-0.00169092686242963
-0.00200290630027686
-0.00231268938041648
-0.00261995559146874
-0.00291693586024299
-0.00319772395173529
-0.00347187674939593
-0.00373169402592903
-0.0039640567551062
-0.00415652043224616
-0.00430703554970169
-0.00442531497272853
-0.00450745753324501
-0.00454913525008915
0.00952150833291812
0.00891104816825329
0.00818879334609319
0.00736913204581947
0.006532290457691
0.00573357696784636
0.004970920204479
0.00424286957551227
0.00354827121023493
0.00288601404017117
0.00225491461378997
0.0016533110245943
0.0010796353302139
0.000504684450406069
0.00960306804285603
0.00915649272428607
0.00871075886116418
0.00827471703958231
0.00789662356766012
0.00753431982772389
0.00719170032321813
0.00687965908608032
0.00659107762698126
0.00630061573643382
0.00600526798540398
0.00573326151118267
0.00550725401326031
0.00532204000836161
0.00518145434460551
0.00507045243561594
0.00499921068309239
0.00495933420618145
0.000114396634128986
-0.000241920440515255
-0.000571652819549314
-0.00092872579929872
-0.00124895443231029
-0.00152719910855685
-0.00185845754198948
-0.00224708554348584
-0.00261340779261336
-0.00292505609597648
-0.00318734336561498
-0.00341500035998285
-0.00362057482026609
-0.00379842924376544
-0.00393951013134776
-0.00403839980715307
-0.00410381278867621
-0.00414028219268936
0.000249346070598239
2.59901216382721e-05
-0.000170107940423271
-0.000344667529930015
-0.000503602994435757
-0.000650361355283683
-0.000780464787349534
-0.000886128808653719
-0.000964989538288175
-0.0010172583199862
-0.00104411325233129
0.0103156253317279
0.00921966972044594
0.00805922272851433
0.00699968191927091
0.00603358308984247
0.00510967064909444
0.00426341477226805
0.00341547753115075
0.00263028012914719
0.00189358250055916
0.00115799636354743
0.0106091157278123
0.0098236708748454
0.00915767564616145
0.00847024556024607
0.00793523177832834
0.00735990925044678
0.006896253018006
0.00651220114641775
0.00616088128360339
0.00596274296254435
0.00577303228910917
0.00565413105083261
0.00559457839303886
0.000880757464476582
0.000649097722652763
0.000453565058151813
0.000266422283056793
0.000119315475144297
-3.46050265354376e-06
-8.945630268831e-05
-0.000153258983410563
-0.00019053272205299
0.000680902008547515
0.000230104395655339
-0.000196720237259386
-0.000603309258408977
-0.000992717916615909
-0.00136286586916814
-0.00171391137324068
-0.00205226087699162
-0.00237049582908986
-0.00266669845627968
-0.00295422080244624
-0.00321810949689738
-0.00345873499809308
-0.0036817906482595
-0.00388698627598126
-0.00408144670713777
-0.00426080694791114
-0.00441370403296124
-0.00453056084251759
-0.00462083305215964
-0.00468296636520822
-0.00471413549494927
0.021575098113136
0.0201834665087821
0.0186159696165828
0.017057513252269
0.0155631718028764
0.0141163790178032
0.0126208754430004
0.0112644267101478
0.0103393682392909
0.00922654871044362
0.0080270748737935
0.00704941375358493
0.00610258829044078
0.0051624277754016
0.00432013824293986
0.00348715409555645
0.0217095508834403
0.020579477387016
0.0193593477845247
0.0181295824683394
0.0168969243584264
0.0156590001646037
0.0144016706794345
0.0131326380614351
0.0119267395035394
0.0108504574863835
0.0099398513049525
0.00918836107793922
0.00851620503648774
0.00774810188581521
0.0029431940970066
0.00232839304610571
0.00176279646510397
0.00127058364282879
0.000786912398731891
0.000373077115733532
4.12724358410036e-06
-0.000384892556654202
-0.000683551959815717
-0.000948106598902328
-0.00116693324858063
-0.00135381172982947
-0.00150168165414544
-0.00161129242767251
-0.00168533995784576
-0.00172398256213618
0.00302974870763125
0.00260136628493114
0.00217695089747914
0.00181014475648714
0.00150151111304235
0.00119289088367275
0.00092653125949352
0.000710425149920982
0.000534416573445316
0.00038408001742671
0.00025276053537401
0.000142523985930862
6.02558925413796e-05
1.4780146990174e-05
0.00719630997783252
0.0067307993552029
0.00630892091962886
0.00590090669067993
0.00552345085628854
0.0051704384171669
0.00485677226371145
0.00456449336567139
0.00427746162701131
0.00400770869928781
0.00376756868017608
0.00355280475675135
0.00335031203478063
0.00314902266701917
0.00753206534705396
0.00733066033359959
0.00717304255323821
0.00702784430623246
0.00687377757708109
0.00674377923637694
0.00664983136896187
0.00656938870555516
0.00650601281378806
0.00645858912493632
0.00642255868350176
0.00639613990883661
0.00637104698779927
0.00634455165168875
0.00631234904410715
0.00627251777904397
0.00622074961406742
0.00615029620624808
0.00606154594427263
0.00595309111534902
0.00582204077982218
0.00566672531515621
0.0054873334874879
0.00528792197474763
0.00507240668136631
0.00483892925238364
0.00459939347785918
0.00437097230075617
0.00415330160580561
0.00396124239537836
0.00379592261459157
0.00300870155952052
0.00286648251840468
0.0027212906650159
0.00257291675884061
0.00242334816360864
0.0022863936167875
0.00217051521188154
0.002055741697992
0.00193672049547905
0.00182329832117806
0.00170921430431006
0.00159754912622964
0.00148067673335743
0.00135031598738327
0.00122121487724398
0.00109592353055269
0.00095417008369845
0.00080155034925185
0.000647351430665565
0.000497122564836252
0.000345499049628039
0.000182709148772437
1.48500981251127e-05
-0.000150475629955781
-0.000317031199698255
-0.000494580342580526
0.00308782549897456
0.00304381165152784
0.00301486916576884
-0.000700607080844538
-0.000962117490758515
-0.00127075020476625
-0.00159177399293788
-0.00190102827597004
-0.00220522437596244
-0.000533144540494974
-0.000580690139023014
-0.000612066015453942
-0.000632900426655487
-0.0023961137673512
-0.00253478215084966
-0.00262267999027595
-0.00266747775045811
-0.00232794647629064
-0.00240646631926852
-0.00244340294139854
0.0036385976249674
0.00355483691079326
0.0035514732855701
0.00363040788308472
0.00381640652103374
0.00412445650393136
0.00383096589814132
0.00392469683580403
0.00408337836431739
0.00431210949686218
0.00462067782124896
0.00498594988171768
0.00547619453364101
0.00604591979703183
0.00673830321817147
0.00756355958318264
0.00850902421853033
0.00962663066786755
0.0108890898899601
0.0123560338055973
0.0139852187790111
0.0156949984438103
0.0176088464172847
0.00529534793662433
0.00642336214884782
0.00772842125953438
0.0091100210848496
0.0107180366132531
0.0124726111951101
0.0143774793176135
0.016410349130048
0.0185483369839732
0.0206994016981639
0.0228773748355469
0.0250362074453089
0.0270789063935263
0.0289029061201828
0.0304494224788436
0.0316989681865023
0.0326404758609252
0.033266546077791
0.0335888206593742
0.00334246466888037
0.00275265895595258
0.00225774134230584
0.00190493633559077
0.00167992164555519
0.001564885626127
0.0196619155650697
0.0219267983168865
0.0240658546877009
0.0258236609173342
0.027264780575248
0.0282343319954159
0.0287447894865885
0.0182348491450346
0.0188784280921061
0.0193827851408685
0.0196511567499875
