0.05
0.036778382203061
0.0335289596242803
0.0280355183067749
0.0347615552695622
0.0318630196363746
0.0283110544809774
0.0367624491719159
0.033844494211987
0.0285595075466023
0.0247553041476524
0.0217655314189545
0.0196221872127961
0.0169654887463335
0.0140867868099687
0.0369855355569429
0.0340912233795281
0.0320589569805511
0.0319410536725478
0.0322437460798847
0.0326941061662327
0.0327761826792537
0.0327701964509098
0.032670001720397
0.0323125451281698
0.031280240730812
0.0296003768131795
0.0277287698539827
0.0258480200972537
0.0241228912089112
0.0227065763873485
0.0216634442768013
0.0367215842184566
0.035149121604114
0.0331350696235464
0.031578170925668
0.0303755816656477
0.0295241240835523
0.0289308365143639
0.0284365993328067
0.0247589013982491
0.0216323268246009
0.0182273940668308
0.015209342506982
0.0119676978191855
0.0249041147892396
0.0222060039527137
0.0196084970416591
0.0112828276979551
0.0107811489597975
0.0105287774981687
0.0105280659967032
0.0107659904296086
0.0112714658261136
0.0119768356243836
0.0129307695385762
0.0141882328197394
0.0156345475559971
0.0173283312762168
0.0192198235307677
0.021337765236034
0.0235313133260014
0.0257221047093332
0.0280168510461003
0.0302933653458014
0.0326157927385238
0.0350231346400307
0.0374019833726755
0.0395574374511933
0.041408475946249
0.042884746975306
0.0439642671947398
0.0448943241825235
0.0455248962486357
0.0456664546175422
0.0452574322426338
0.0442868752097715
0.0427502279079733
0.0408112767651413
0.0388364635025957
0.0372285998521054
0.0362977988266646
0.0099658317297881
0.0085888394318088
0.00727731859870311
0.00604960666498403
0.00503801496861145
0.00421049084798023
0.00347748431089083
0.0029665558757677
0.0025820673472744
0.00230541349082491
0.00216219312797799
0.0181541120111668
0.016473999122878
0.0144295540849205
0.0170406549322891
0.0144283261237161
0.0122640819500755
0.0139410779809069
0.0134182667454945
0.0128544598359528
0.0128547333204791
0.0107560498275995
0.00866702991298221
0.00741323806600466
0.00648700651877617
0.00566156152242476
0.00500291644367542
0.00459119670505318
0.0043183901074905
0.00412627010163722
0.00401780046524369
0.00396538367994848
0.00395143036232938
0.00395682945303684
0.00396725855033391
0.00397567161027253
0.0130818664246829
0.0141118927645352
0.016103760787674
0.0188921322744255
0.0221025298304334
0.0260215110463955
0.0119624777559701
0.0111550939020172
0.0103466884442769
0.0282066334347101
0.0308631674510126
0.0336183913044372
0.036323546295449
0.0389278136889705
0.0410941902883334
0.0425565605750992
0.0432296256952251
0.0428120841371264
0.040731351545892
0.0364899823844746
0.0306141411939546
0.0245498944593904
0.0191739866897781
0.0147280532319102
0.0111594957520947
0.00833705856682171
0.00609825145235142
0.00427580679158064
0.00284043349058612
0.00161355165721039
0.000613586908238087
-0.000217444426993719
-0.000956021184956919
-0.00144323782710463
-0.0019816841285462
-0.00240505072189017
-0.00277141814415763
-0.00307271142000135
-0.00330503814465579
-0.0034935039218672
-0.0036379446465619
-0.00371855314303456
-0.00377474412298788
0.0281452395283045
0.0305249431449541
0.0330211021974465
0.0359541521064495
0.0387982174816449
0.0411635102420563
0.0426799488152949
0.0432198846837282
0.0422912005835274
0.0393902217493077
0.0343386040794063
0.0280062184718871
0.0218389644590165
0.0167230661465181
0.0127290131672924
0.00946904082083113
0.00696029987574865
0.00509256403424037
0.00367189622268916
0.00257744853126192
0.00177025668424446
0.00124050191958031
0.000971672883365481
0.00859356751777705
0.00707697060101737
0.0058005118177456
0.00474613228579826
0.00387056871931941
0.00313017909282211
0.00249742417204359
0.00197847203229254
0.00156852412236317
0.0012509954778745
0.00101723480645049
0.000863833930899527
0.000785610580417411
0.00985613885143072
0.00959854077604947
0.0095898251643079
0.00982625228196269
0.0103045160438268
0.0110218233016054
0.0119413997451101
0.0131094735677057
0.0147665256190115
0.0169518391287433
0.0195216119675127
0.0222422674695579
0.0249968044739945
0.027812229464128
0.0304703367444159
0.0329031657305222
0.0349795031072094
0.036687861073008
0.0382339509351576
0.0400962726468681
0.0419217502639593
0.0429809942531539
0.0432389286791394
0.0423169736589576
0.039963883863029
0.0356900524361268
0.0298164364048458
0.0238081284986382
0.0188096837678721
0.0149832978597104
0.0119782694525747
0.00956016387228104
0.00780513317736373
0.00640307065590634
0.00525748249315658
0.00453011028916916
0.00415739457049358
0.0115660799076194
0.0111578790083251
0.0109696616127013
0.0109721703670644
0.0111490770591236
0.0115468525487047
0.0121063733159646
0.0127723247220632
0.0136966826706065
0.0147685782426223
0.0156529863294533
0.0171614373207443
0.0182859861413114
0.0198190180100631
0.0215740238342009
0.0230036258316442
0.0239638668397409
0.024974747551946
0.0258613315170333
0.026529831993656
0.0269991381587464
0.0272267212854932
0.0115053559706682
0.0109648663687529
0.0106250946318192
0.010484818234816
0.0105411897577971
0.0107742352198124
0.0111728581748166
0.011778851614407
0.0124821342765898
0.0134202426057575
0.0146339467666632
0.0160489882538592
0.0183256816551616
0.0208520428498122
0.0233596205530388
0.0258272341013257
0.0281211901759452
0.0302719355208735
0.0321016965508197
0.0340181417914448
0.0357730739694764
0.0372435650799544
0.0384202480299997
0.0393282944392239
0.0399215650606779
0.0402380893971728
0.0273898060728903
0.026248924132117
0.0247069978260536
0.0261853087425343
0.0240017867184219
0.0215766731177141
0.0240723749553662
0.023273099974823
0.0222156818904339
0.0231033677916663
0.0205947266240114
0.017488632709087
0.0149991934998324
0.0132152660238442
0.0117180278370893
0.0104590461574375
0.0095111039119296
0.00889910128887088
0.00854535084046239
0.008466180700924
0.0086538981498701
0.00914649901049612
0.0101557650346116
0.0118038361874656
0.0135977403698915
0.0162442272365629
0.0188656416351157
0.0219927616450424
0.0251406252524307
0.0287153716237608
0.0322153122513954
0.0353921845142855
0.0383676276601113
0.0410150272637471
0.0431956462261263
0.0448685469973508
0.0459156772976832
0.0464713642655897
0.0465902518803207
0.0462950517365211
0.0457839219260636
0.0452518132248213
0.0448947070541149
0.0199595411486361
0.017306251104434
0.0147173602981193
0.0124145862082206
0.0104763236566173
0.00878802370052659
0.00733060673874272
0.00606360883051567
0.00504278940635653
0.00423060720095107
0.00362673531959526
0.00323084352478441
0.00302490257645017
0.0193875723909707
0.0173050785759123
0.0153398944277084
0.0144690365476114
0.013707757395369
0.0130434523306615
0.0150587779791912
0.0152058058091005
0.0158766997230772
0.0169670696671508
0.0184828349713417
0.0204497367703277
0.0227510842843809
0.0252871576361793
0.0280227508877617
0.030773549790038
0.03350090066635
0.0361516449043559
0.0385965227310937
0.0408218554351068
0.0426882471964366
0.0441245201425352
0.0450553103071081
0.0454520747203478
0.045234526478609
0.0443238010906686
0.0425718227206225
0.0396139755751219
0.035711261875537
0.0316232980731272
0.0281051952175196
0.0258312291172949
0.0244766458600054
0.013788711026411
0.0150651838859951
0.0169633305520956
0.0193685083775862
0.0218416557487195
0.0245337007074276
0.027571514710756
0.0304248927093944
0.0329133052782947
0.0356269113914614
0.0383466689264892
0.0408057307080552
0.0427173859835949
0.0440376675004825
0.0450945727660885
0.0456284557789015
0.0455699726077155
0.0448269388579062
0.0433601297618942
0.0415736294309585
0.0394991578270944
0.036932485259367
0.0345734335560443
0.0333498024538135
0.0115606620178691
0.0103170968497214
0.00941453617477847
0.00867652011965433
0.00816986559335335
0.00775889791038816
0.00747106829673266
0.00730714536308287
0.00720600173769687
0.0071442362308063
0.00711386562054036
0.00710106757733562
0.0199956999343166
0.0181228727771875
0.0159781874007584
0.0135585394394636
0.0114215867569126
0.00974304996932955
0.0082043708461033
0.00681304713961923
0.00562406635376735
0.00453352135083712
0.00352673557831493
0.00265707804162705
0.0019334301822421
0.00122321281795878
0.000525200425091544
-7.93967193183203e-05
-0.000573060772948038
-0.000985257190600032
-0.00132576374139303
-0.0015921872290573
-0.00178229350920436
-0.00190563918239393
-0.00197669974336746
0.0203115684082212
0.0189329480808442
0.0174350392103342
0.0157761889335032
0.0141754425514417
0.0128350081823277
0.0117751445844355
0.0109650003794055
0.0103998029070895
0.0100701785454759
0.00996778335912459
0.0100810456016955
0.0104165085384823
0.0110004893936715
0.0118035845716933
0.0128012642748886
0.0139961434962987
0.0153962125294838
0.0169909207085702
0.0187293263965975
0.0205958463796326
0.0225502655076778
0.0245012978823347
0.026511996184463
0.0288698811751504
0.0313582681792748
0.0337285969239577
0.0359315525118573
0.0378593602215317
0.0395175841163219
0.0409271480885616
0.0420147229330125
0.0428644650448417
0.0433827851121533
0.0436661682227284
0.013071698822745
0.0119810743003339
0.0107671939833859
0.0132910297838529
0.0126788432775347
0.0123676238138831
0.00892436197321476
0.00718989966483815
0.00568704510469189
0.00442171027574652
0.00349225737363903
0.00273106334057123
0.00216601405655625
0.00179848669146762
0.00161578913090435
0.0110478975363195
0.0116599746694063
0.0126242599692486
0.0139849401731302
0.0166717690110935
0.0193402896789927
0.0223421931041677
0.0254795303391884
0.0285124974158913
0.0315096466023165
0.0343408505342974
0.0369408826329151
0.0392618478532278
0.0412250087620566
0.0427672685277604
0.0437851795173359
0.0441704022443383
0.0438239613061785
0.0426647265446976
0.0403869659450681
0.0366913041318238
0.0321268572293557
0.0272853968148468
0.0228095694584296
0.0191072975055987
0.0161881794603904
0.0139216479011572
0.0123003808796702
0.0112686459273255
0.0107459428063739
0.0128162807939973
0.0119811461114294
0.0114056869556313
0.0108781004591693
0.0106476682650306
0.0104906606657195
0.0212778145831719
0.0214419230943277
0.0222838505425757
0.0238117794746405
0.0258943365051802
0.0283727861169569
0.0310700316100909
0.0338318300715598
0.036560638539242
0.0390575122754026
0.0410018174300145
0.0422003102898991
0.0425439715500881
0.0416605294754441
0.0391909889712099
0.0349802271764055
0.0295600992184568
0.0240043215113868
0.0190656987573891
0.0149668760681026
0.0116524612235368
0.00898870333532273
0.00686462087914042
0.00519593345072418
0.00390758012991997
0.0029406168182409
0.002253542668241
0.00181639041747908
0.00159745063448999
0.0214382426953671
0.0217261229141323
0.0225216357652735
0.0238053186679472
0.0255057934093496
0.0273626872424249
0.0293376277969084
0.0316310242609772
0.0340664825075112
0.0362799115712607
0.0381853860138654
0.0398960287536456
0.0413510628022568
0.0423923849588136
0.0425631228974659
0.0415776343719408
0.0391155502131201
0.0350676427821763
0.0299166163109525
0.0244170300580335
0.0196809604216831
0.015215070720214
0.0125796019461442
0.0101977832905238
0.0077745347560172
0.00593328639559056
0.00443137456778573
0.00319823146637425
0.00230840890329822
0.00166009364924323
0.00124238363222056
0.00102776963664653
0.0286035968178086
0.0290789441946253
0.0297549161907416
0.0304676424715579
0.0311614757531889
0.0274643620106961
0.0251775854846647
0.0218951563979238
0.0192855004693129
0.016780939255071
0.0144099669613243
0.0126145934907841
0.011030109264722
0.00946016173243618
0.00791238476720548
0.00671180500310159
0.00567546367306131
0.00478788598310949
0.00403237418218554
0.00340327666195637
0.00288920826152926
0.00246740835618946
0.00214931831014321
0.00181493895419745
0.00154941050864947
0.00136415274402467
0.00122222404591978
0.00111687760433194
0.00104731006709507
0.00100679930373845
0.000985098790991196
0.0302935366624218
0.0284517840439999
0.0255390753899017
0.0329075143524836
0.0351731260042338
0.0375550042398749
0.0398202278217414
0.0235271063703698
0.0219493040194918
0.0206872657826097
0.0248777106557621
0.0237875878948278
0.022266912029678
0.0208481331467026
0.0187701006652321
0.0200317135391571
0.0183985264637058
0.0160468664785269
0.0135582184896277
0.0193345610587008
0.0180033758678388
0.0166043347539759
0.0122427814218672
0.0108092645820118
0.00934132827081536
0.00810216720786429
0.00688800608396851
0.00573516194030642
0.00472081778816935
0.00373041207371454
0.00280402025767265
0.00195445248679951
0.00117686566406775
0.000363359106524881
0.0123179391039081
0.0110814439470141
0.00982457930610318
0.00893346702172897
0.00784595495292523
0.00704864782925825
0.00613810824760675
0.00528392113191198
0.00458622302956731
0.0039397413314501
0.00332346344956723
0.00274506245044743
0.00225343967845214
0.00181012432514997
0.00133618608463975
0.000928776023654701
0.000524834479712624
0.00019189828584247
-0.000111317457136495
-0.000375044324601491
-0.000583049969467215
-0.000754559470685709
-0.000886496364383225
-0.000966764692227447
-0.00100705439228656
0.000148272549376913
-3.34088523847024e-05
-0.000179254411075438
-0.000280242031773042
-0.000367417842960125
-0.000419221348186673
-0.000447458248617986
-0.000150934220751325
-0.000624935242827534
-0.00107272079638912
-0.001466096289587
-0.00183220476702108
-0.00217922385977242
-0.00249923268304616
-0.00279415273445316
-0.00305990988045842
-0.00329560352978118
-0.00351272689395793
-0.00370803610378726
-0.00387512357287944
-0.00400872658160579
-0.00411047581212752
-0.0041888432921537
-0.00424247630384265
-0.00426944698099534
0.0158885878276927
0.0150302698231052
0.0140073638042601
0.0128474451631415
0.0116704495425092
0.010557569834642
0.00950646203495379
0.00851434591789289
0.00757819530809095
0.00669478673975237
0.00586077886261741
0.00507230860847965
0.00432580571108051
0.0035821240821887
0.0160348189397329
0.015437054960963
0.0148306136331381
0.0142313077800749
0.0137086666408482
0.0132064695705949
0.0127314225306134
0.0122995764928958
0.0119015079334317
0.0115024539543818
0.0110984656559975
0.0107280612146595
0.0104215995169245
0.0101714235301724
0.00998215979132066
0.00983313308394212
0.00973767222881729
0.00968430896126368
0.00309479569250244
0.00265427753177301
0.00224996058575859
0.00181580891278073
0.00143007344256794
0.00109794805242897
0.000705990299873046
0.000250002405745547
-0.000176516093160542
-0.000536900592592122
-0.000838417569564081
-0.00109878038625278
-0.00133279645890836
-0.00153441498678361
-0.00169379052928088
-0.00180521366952492
-0.00187878301225977
-0.00191974960765104
0.00324116690991631
0.00294444756019244
0.00268512665858452
0.00245522620482787
0.00224665722365891
0.00205466695280243
0.00188489853202603
0.00174729890333027
0.00164476225636828
0.00157687570188141
0.00154202024809776
0.0172058072125919
0.0154640394763186
0.013609448203983
0.0119314267910015
0.0104248354793017
0.0090092620325846
0.00773536320059726
0.00648051501085873
0.005336824840186
0.00427883260034762
0.00323566650032087
0.01781942370385
0.0167163366322766
0.0157505969864455
0.0147357566249621
0.0139407883872854
0.0130855712630545
0.0123992604576609
0.0118341823033713
0.0113208344378188
0.0110328998041696
0.0107585272296935
0.0105872089674205
0.0105016013555231
0.00282794927417878
0.00249428574486717
0.00221752680349168
0.00195693965281528
0.00175500251577915
0.00158847247483649
0.00147289145378207
0.00138773721300118
0.00133824265946312
0.00258192496473055
0.00197528673191223
0.00141233450118672
0.000887893380290654
0.000397815721552799
-5.57387797251048e-05
-0.000473823098469406
-0.000864854483663445
-0.00122135542823593
-0.00154296539935957
-0.00184549981302352
-0.00211469873515396
-0.00235293710951705
-0.00256741076688568
-0.00275927683233803
-0.0029365789021254
-0.00309658001446675
-0.0032304204176972
-0.00333118568599187
-0.00340812182269427
-0.00346061637126913
-0.00348680965244248
0.0407325074599567
0.0416142719587428
0.0423297970082762
0.0427428247482412
0.0427717066923172
0.0423069716226489
0.0410709854198172
0.0389781420700555
0.036875101675586
0.0335486684376821
0.0291315235231682
0.0252060961327313
0.0213676909019334
0.0176948096923149
0.0145938684867839
0.011710760835815
0.0407636923178707
0.041604600264524
0.0422726994156285
0.0427155057523032
0.0428817006411294
0.0426640030639515
0.041860163749867
0.0401410916763881
0.0372651870019329
0.033430138785825
0.0293262159781253
0.0255485721623752
0.0220323598236215
0.0179981466515451
0.0100381430192779
0.00831367824119879
0.00685878994216379
0.00568715786231221
0.00461581072306079
0.00375600998506464
0.00303027321581272
0.00230432528427194
0.00177109511430406
0.00131531784241289
0.000949224161568227
0.000644025096239053
0.000407124712005963
0.000234031095556585
0.000118288976395311
5.82728012414617e-05
0.0101155226030757
0.00873775301592216
0.00747235286559764
0.00645211789468529
0.00564410896175121
0.0048813113501794
0.00425700688745115
0.00377267041396516
0.00339257138204391
0.00307796852223139
0.00281053855854742
0.00259114032956316
0.00243029425281715
0.00234239336661454
0.0156999700865715
0.0138743510419677
0.0123211036056987
0.0109135425353889
0.00969323230700734
0.00862077816998611
0.00772061508957087
0.00692388764913033
0.00617820001979565
0.00550747256402313
0.00493211267114787
0.00443268335160017
0.00397290680823513
0.00352415868931113
0.0163101208276729
0.0147205161837124
0.0134614307214681
0.0122781690948268
0.0109843730827131
0.00984214121965795
0.00895911100336992
0.00812841271881015
0.00739098984456222
0.0067562631976925
0.00620022725337089
0.00575246752564351
0.00532805054853434
0.00494318597831965
0.00459186397678532
0.00428384034543585
0.00399842288751166
0.00371628849718364
0.00344969395142289
0.00319426896692685
0.00294238649322151
0.00268994708626784
0.00243497843063854
0.00217880392521482
0.00192027240099809
0.00165022931776969
0.00137335692508
0.00109846770292165
0.000812645580941389
0.000519911831180288
0.000200620101804753
0.00321713107088845
0.00290960394658039
0.00259893646852275
0.00228472452662083
0.00197160496917714
0.00168880330636783
0.00145329009968851
0.00122433583348639
0.00099244986072029
0.000777622930005436
0.000568281404361492
0.000370380613773119
0.000170867573163152
-4.29747284847714e-05
-0.000246854370936434
-0.000437983314627865
-0.000647062408532053
-0.000864765701678314
-0.00107812655437047
-0.00128069392828257
-0.0014807647650891
-0.00169156597226814
-0.00190543110797303
-0.00211326320752424
-0.00232030246558094
-0.00253882705298832
0.00338622731637595
0.00328928535414408
0.0032266303595756
-0.00282258627679466
-0.00317616278347251
-0.00358429678044409
-0.00400067641085862
-0.00439704452022726
-0.0047851712531287
-0.00254349217838604
-0.00254683920313932
-0.00254828422292544
-0.00254894885891257
-0.00504509978774781
-0.00523810066824134
-0.00536304862662776
-0.00542770709998497
-0.0049269634945468
-0.00501727147707185
-0.00505976688357769
-5.72522028361885e-05
-0.000315672239599207
-0.000558450446636855
-0.000802976972486615
-0.00106167931648877
-0.00132288045275392
0.00010986799102142
1.39446557029368e-05
-9.37652658492235e-05
-0.000215259657221571
-0.00035387809530835
-0.000499026426200274
-0.000675032953774298
-0.000861311077684194
-0.00106841716728929
-0.00129352986117819
-0.00152767054475765
-0.00177750352736245
-0.00203067987626973
-0.00229351505205418
-0.00255396054858012
-0.00279972903087686
-0.00305035763922612
-0.00146544739956692
-0.00158713236522854
-0.00171439741263752
-0.00183788074276328
-0.00197089592779087
-0.00210600805392891
-0.00224345254920654
-0.00238177370468488
-0.00251994794707938
-0.00265310334962574
-0.00278327000382739
-0.00290867435089696
-0.00302467991491105
-0.00312646696981541
-0.00321164857563629
-0.00327984408238013
-0.0033309282762391
-0.00336478600329324
-0.00338218536687854
-0.00144094741725393
-0.00153844686562372
-0.00162666637092936
-0.00169330891767568
-0.00173754171616251
-0.00176071609533212
-0.00325331321822549
-0.00345918097900976
-0.00364111057532095
-0.00378356613948506
-0.00389648001868445
-0.0039708837813806
-0.0040096130730427
-0.00317713949994257
-0.00328950457390775
-0.00336900829157947
-0.00340890806034269
