0.05
0.037633710932591
0.0359375857152179
0.033524624204835
0.0358037576192006
0.0334438171100215
0.0310831983954156
0.0374993666929039
0.0352556224404888
0.0318708871732987
0.0301673025137318
0.0294039502694332
0.0292046959728995
0.0294313794096578
0.0303442933948101
0.037606901325503
0.0306642595196986
0.0242213776097835
0.0232381783352796
0.0190841328583631
0.0149488477839945
0.0139704177563089
0.0134552614950167
0.0129491179987601
0.0122196749375601
0.0110108244217681
0.0096630344464147
0.00861836310279367
0.00789474147833565
0.00747426009292581
0.00734331675228518
0.00750254307492541
0.0374339712320868
0.0359195528932074
0.0340298074049246
0.0326262091989091
0.0316031924827602
0.030935148450459
0.0305259906740122
0.0302482162217114
0.0333369904722346
0.0339760451282244
0.0352634270637896
0.0367674330530472
0.0385964130633221
0.031950424848369
0.0306716406442434
0.0294219541721205
0.0390697462168302
0.0392700370652056
0.0389782164907687
0.0381340992107276
0.0365627016446876
0.0341716812422042
0.0313876456695098
0.0282181387905437
0.0248133172034366
0.0217050303380252
0.0188323323527015
0.0162918886712558
0.0140104838053265
0.012072063822177
0.0104377825491092
0.00896515385777263
0.00768483269109456
0.00651256616934781
0.00539217567445205
0.00434129824434393
0.0034093425307669
0.0025985345414821
0.00191296530755011
0.00134848042768687
0.000746135718052841
0.00011794201238098
-0.000440489077830786
-0.000936530524501749
-0.00134449993410488
-0.00168535352261304
-0.00195599703215687
-0.00215491260156496
-0.00228583886437408
-0.00235291573806831
0.0395817792212348
0.0402421187788101
0.0408694469945973
0.0414671752347004
0.0419752479415803
0.0424054900769201
0.0428001227828092
0.0430832246398912
0.0433010154882993
0.0434604401790626
0.0435438924481821
0.0288989015441549
0.0281747460362389
0.0271059433606131
0.0274699160911571
0.0246544967716114
0.02137307020733
0.0267468935841683
0.0263357605286151
0.0258640483046409
0.0265556627398602
0.0252840620035146
0.0233073158135058
0.0216201327614417
0.0200043523940263
0.0181901680962556
0.0163654120680981
0.0149341558270379
0.01373367804369
0.0125989564106033
0.0116527137597897
0.0108488864500133
0.0102238502768048
0.00978714501405765
0.00951466132787082
0.00936419460379092
0.0248574801283005
0.0228495970285085
0.0200270788211471
0.0170974059057685
0.0145070028925631
0.0119412698586845
0.0252470966055222
0.0246314576661703
0.0239580792471696
0.01076077436674
0.00963369736572492
0.0086847083302847
0.00789967492437458
0.00723651740754161
0.00671986350331251
0.00635001447581422
0.0060905354791582
0.00593235609190223
0.00589013856375132
0.00597756428944721
0.0062000345668934
0.00656363455828778
0.00709235148236587
0.00782252327269347
0.0087961995261366
0.0100530569390317
0.0116416377362231
0.0136547577515551
0.0160376800818906
0.0189873808594643
0.0223073707395261
0.0258893256325381
0.0298147770553082
0.0327918566684476
0.0364665831276417
0.0395824813434591
0.0423621272591429
0.0445975853835866
0.046198444988517
0.0473554616816877
0.0481216609841872
0.0484983677115686
0.0487324793104867
0.0106836432702256
0.00957930590728541
0.00863330160299456
0.00767453176318318
0.00679915008314591
0.00603053127780373
0.00539155830255332
0.00479798681563452
0.00428910627125916
0.00384361811317248
0.00346423990939457
0.00314337021129681
0.00288112781701554
0.00268538312592824
0.00255724034838977
0.00249079467262905
0.00249015951320868
0.00254410806141671
0.00263834936312883
0.00276001701809118
0.0028892760734555
0.00299848457943964
0.00306315020846218
0.0229910280139757
0.0218888334241869
0.0207507097132627
0.0196539733357367
0.0186290575832658
0.0176775774140603
0.0168000207612286
0.01603424255335
0.0153986987655362
0.0148869080136646
0.0144986917659175
0.0142384025796382
0.0141038832898789
0.022730574914371
0.0213253090989898
0.0198455595097671
0.0184358819364986
0.0170797098839777
0.0158130001551823
0.014695690507151
0.0136611338762693
0.0125434704733964
0.0113698591029295
0.0102260687979969
0.00919387369577278
0.00827476577290143
0.00742064627031707
0.00666445482950189
0.00599984984035621
0.00544312445829755
0.00498043012667199
0.004540638379563
0.00395262027150315
0.00324904121432557
0.00262727662553212
0.0019480979636232
0.00134809562819424
0.000768266224895031
0.000181369032908785
-0.00039630776202318
-0.00093377824234735
-0.00140303175017663
-0.00179810077620248
-0.00214097543498699
-0.00244478146026026
-0.0026850897447531
-0.00289201783449163
-0.00307219649715782
-0.00319186185125357
-0.00325494696425437
0.0198592510317639
0.0184047112421616
0.0170201083098124
0.0155927004763307
0.0143331807556865
0.0129712181225762
0.0117641025918738
0.0107299439167988
0.00964306399726616
0.00864580625670673
0.00794430899869067
0.00691897775019584
0.00625360636491061
0.00544753726685325
0.00462787191545832
0.00401908058954618
0.00363330050814409
0.00324538740469713
0.00291820671918831
0.00267842827653155
0.0025133985024707
0.00243425812693467
0.0201066054474877
0.0187945593937355
0.0174633543907507
0.016143140844449
0.0149100601622973
0.0137711323544144
0.0127123893839206
0.0116590777948307
0.0107811999315791
0.00990189418764373
0.0090261468795673
0.00819029821975282
0.00703845309363851
0.00591377467628047
0.00491088837086849
0.00400712417766533
0.0032218923388373
0.00252336728571708
0.00195342741500498
0.0013793866834041
0.000872737435508579
0.000460111655342958
0.00013579404661267
-0.000111729037977045
-0.000272477144601351
-0.000357976179948023
0.0303456569447043
0.0294829403473215
0.0283693378970123
0.030239484563352
0.0296763688237954
0.029361670141091
0.0277471999939408
0.0269607056164315
0.0259124369708791
0.0282542291257007
0.028672781981895
0.0297018630906744
0.0308765639849209
0.0320041487920015
0.0332645718115693
0.0346938637702169
0.0361703833645406
0.0375304557652884
0.0388236930586767
0.0398810495852561
0.0406062899186961
0.0409075386752418
0.0405133281205186
0.0388146487832839
0.0360388081426652
0.0311643632215447
0.0265120058124715
0.0217083966310941
0.0177126095357816
0.0139736644229689
0.0109040978543119
0.00848140953724363
0.00643779486817802
0.00472854974364514
0.00332189380921866
0.00214774756549229
0.00124345771269295
0.000514749731224984
-0.000146747721161962
-0.000626551866668857
-0.000960660046714657
-0.00117778879697349
-0.00128952048520946
0.0230031694651514
0.0193323631640599
0.0157022774517738
0.0125504023649413
0.010009955381891
0.00790709808313632
0.0061866181521576
0.00476884597664618
0.00368164244450081
0.00285312851017918
0.00225854403429752
0.00187883140014797
0.00168462328729617
0.0234495680911684
0.0212908978201006
0.0187252024606955
0.017667957514938
0.0165562853250053
0.0153721511805639
0.0175784201799674
0.0162052015832419
0.0145457293749236
0.0130127039118948
0.0115568823010345
0.010143763114287
0.00882175621800291
0.0075940131907568
0.0064307735537521
0.00536499443040902
0.00437133810749593
0.00343700498487794
0.00257665632477507
0.0017636559132649
0.00101519225177298
0.000327394368882474
-0.000292364895493529
-0.000862133805974528
-0.00135931173046573
-0.00179025680370534
-0.0021705635767697
-0.00253913889686853
-0.00286798805789576
-0.00313531337472892
-0.0033357643401202
-0.00345791331083864
-0.0035288414267187
0.0142298609534567
0.0129062867564125
0.0114213642863966
0.00991677296736896
0.00861659904324085
0.00738106683148702
0.00613092992095968
0.00504171109814581
0.00413177505424139
0.00316182903416216
0.00218785706254122
0.00127057831678784
0.000486706407255769
-0.000145633136937376
-0.000805851529673811
-0.00140523423000641
-0.00195449761238963
-0.00243069123332819
-0.00283047271326437
-0.00311410583389935
-0.00333906957798113
-0.00354498936126666
-0.00369940686085633
-0.00377161812608818
0.0145121619689359
0.0136451329840969
0.0128876264673745
0.0121363446860285
0.0115080876571633
0.0108766966337884
0.0103104754679915
0.00989023458108769
0.00953699145331226
0.00922673351722102
0.00901099975068886
0.00888346254361391
0.0291176423260748
0.029120463318767
0.0293927492336893
0.0299764009704374
0.0307536019446692
0.0315905589847003
0.0325942810071365
0.0337442087041088
0.0349394627428227
0.036231736252559
0.0376121161994291
0.0389661644966693
0.0402177546652646
0.0415534760717726
0.0429423663784303
0.0441820395008412
0.0452010433619938
0.0460421199956382
0.046719254067808
0.0472309118834336
0.0475829208790262
0.0478042823877627
0.0479287630520905
0.0295392719523189
0.0300559104435121
0.030924902930853
0.0321849566546411
0.0336413237805651
0.0349953411597754
0.0360891022061286
0.0368262406751067
0.037085769349533
0.0367617210592984
0.0357681949280163
0.0341408157650369
0.0318226954834438
0.0289130732379175
0.0258411790116881
0.0228787605927472
0.0201188586000336
0.0175968732382945
0.0153401829373886
0.0133779116045028
0.0116626505622231
0.0101687491681408
0.00890483671296895
0.00778661282372441
0.00663777234283734
0.00553814180991493
0.00457034763861615
0.00372754772461491
0.00302668551109054
0.00244600889575811
0.00196478873373838
0.0015986694722569
0.00131435290036298
0.00114103841003236
0.00104618675245093
0.0316378513701477
0.0333086490741166
0.0354055960808546
0.0294484503386973
0.0286896443615335
0.0282815809686712
0.0371408287972507
0.0388053711382317
0.0403136681787419
0.0416496126501793
0.0426711520156758
0.0435321325136018
0.0441829281593554
0.0446102460874147
0.0448235313858214
0.036570927736407
0.0368901985898376
0.0360645832131984
0.0338076154793647
0.0307269075941579
0.0274701057169505
0.0238973831049534
0.0204510221466245
0.0174314810690114
0.014715910611545
0.0123446321676623
0.010279838897285
0.00846811449090678
0.00687832354920275
0.00546490401532317
0.00421477320666211
0.00312405246599203
0.00219639185515388
0.00140629615173512
0.000657859340111745
-6.83081976723064e-05
-0.000706360788823022
-0.00126999641580479
-0.00175731686454269
-0.0021607005359245
-0.00248823011269066
-0.00275224633877978
-0.00294786432430323
-0.00307581087523642
-0.00314180451891051
0.0338907409706541
0.0333893753513151
0.0326639425727473
0.031583619065132
0.0309845107279363
0.0305034360580806
0.00784587634483202
0.00859182513841608
0.00984067913234426
0.0116014736038782
0.0138077965856878
0.0164111687414735
0.019336825416304
0.0225018989213733
0.0258738104263683
0.0293272658608057
0.0325913186094938
0.035526585664996
0.0382772305837272
0.0407770432208446
0.0427748220241054
0.0442008010121437
0.0449451782300981
0.0448581949757124
0.0437156795441525
0.0411992201991389
0.0371123648224426
0.0318601512734897
0.0264399162119423
0.0216894781063679
0.0179110109689023
0.0150878041573862
0.0131125936840999
0.01187541478239
0.0112627235966952
0.00765151503885016
0.00806689612621063
0.00879387104577967
0.00984220087072707
0.011209412025274
0.0127495277133814
0.0144794059432982
0.0166418548209209
0.0191662788863316
0.0217243632918993
0.0242151081197929
0.0268474749344452
0.0297267867228894
0.0329790897905679
0.0360960139098176
0.0388123398711405
0.0411453578972561
0.0430232119393648
0.0443907461938246
0.0451825734132086
0.0452484790699709
0.0443455398640827
0.0428951117850553
0.040426750184291
0.0358185030235063
0.030510850330924
0.025301495970583
0.0207173983432178
0.0173765244822715
0.0149706719118022
0.0134455064485803
0.0126719506978149
0.0299728886431571
0.0297467211842436
0.0295367492044764
0.0292442424834776
0.0287293228420619
0.030294301737891
0.0308177887536268
0.0318978142700973
0.0329623652155556
0.0341850756297664
0.0355479086978996
0.0367406143748481
0.0379293443484972
0.0392180049181852
0.0405720555335001
0.0416453528822319
0.0425384697191008
0.0432085167694329
0.0436156267365424
0.0437157549465464
0.0434787326297011
0.0428636561473464
0.0419208090425292
0.0401706503582548
0.037908668038935
0.0356024727665019
0.0332172057642899
0.0309599260151345
0.0291742970259079
0.0280030730549668
0.0273245253380865
0.0272239405293368
0.0242866922813734
0.0201428708798145
0.0292117052802735
0.029315635902345
0.0287597618332492
0.0273922079775048
0.017843718270737
0.0161702402743036
0.0149083926783062
0.0187228876941676
0.0172887941447693
0.0157193077273374
0.0144400354035512
0.0127263102653283
0.0143220381428899
0.0130474734626848
0.0112992032811781
0.00947685116837282
0.0136171992997298
0.0124278670438981
0.0112262361466866
0.00857294269326142
0.0075828745764186
0.00655992735482693
0.00568738915519617
0.00482330468787485
0.00399378826700469
0.00325613891687565
0.00252832103229262
0.0018402578328114
0.0012025121766743
0.000612494976503933
-1.20969246858533e-05
0.00851305667815261
0.00754038398181824
0.00653605507380434
0.00581275524713117
0.00491555437800937
0.00424708630812664
0.00347149938757566
0.00273138608023755
0.00211724635057213
0.00153981869844353
0.000981298618606491
0.000449203482557008
-9.92482823399227e-06
-0.000429999723990303
-0.000885428670396834
-0.00128180016240791
-0.00167943272643181
-0.00201073920185956
-0.00231543119363828
-0.00258281163138804
-0.00279527875215196
-0.00297155753183488
-0.00310785288217686
-0.00319106145072405
-0.00323291391861161
-0.000214868943866716
-0.000395882057516767
-0.000548490271947121
-0.000658198289377525
-0.0007559564029026
-0.000815359651827924
-0.000848208654515627
-0.000377160353678804
-0.000722790366173101
-0.00106305124226159
-0.00137806380357581
-0.00168932190013331
-0.00200469318472598
-0.00231678645383118
-0.00262555729075726
-0.00292344246534699
-0.00320472246978519
-0.00347910215581427
-0.00373895959155655
-0.00397124367179586
-0.00416357249003292
-0.0043139423739173
-0.00443208444717879
-0.00451412025214427
-0.00455574046279795
0.0106483014681661
0.00996654906174329
0.00915976641110269
0.00824478771324372
0.00731182493304687
0.00642291012342792
0.00557583252880462
0.00476895290413746
0.0040008844010576
0.00327023824398565
0.00257551569651201
0.00191467635941329
0.00128577909488671
0.000656643874268276
0.0107164669423728
0.0101923152097283
0.00966714195429368
0.00915191295254928
0.00870418408790609
0.00827440479499465
0.00786739317298692
0.00749630212763985
0.00715285126974101
0.00680699445953623
0.00645521868683451
0.00613119752894214
0.00586195950042549
0.00564132082199224
0.00547385360867172
0.00534163412067684
0.00525677884575212
0.00520928412470133
0.000237030020294827
-0.000144548361422628
-0.0004964712992035
-0.000876235409815389
-0.0012154859551307
-0.00150914347462982
-0.0018574933380223
-0.00226478436295019
-0.00264753102948667
-0.00297229179214331
-0.00324500300078679
-0.00348125335112568
-0.00369422249923957
-0.00387819537285383
-0.00402394702414853
-0.0041260161461483
-0.00419348882843524
-0.00423109040618136
0.000372222265663674
0.000123766688531046
-9.40772219274906e-05
-0.000287744797438705
-0.000463862760853855
-0.000626305737480397
-0.000770175706784052
-0.000886927917857988
-0.000974009788518098
-0.00103170137707382
-0.00106133403889267
0.0115840517561052
0.0103438106738523
0.00903062387445785
0.00783397762291831
0.00674611506393034
0.00570945945693332
0.0047635951411348
0.00381968603230597
0.00294919019559995
0.00213562129860584
0.0013261887370019
0.011879158806209
0.0109448788561984
0.0101484559164133
0.00932342522849767
0.00867995286108696
0.00798705446981727
0.0074282460024507
0.00696524611054486
0.00654168108795034
0.00630281296530865
0.00607412750759911
0.00593081370532498
0.00585903908196005
0.00100597520025093
0.000739072219355788
0.000514279650300545
0.000299579734307212
0.000131123499559503
-9.24949008302774e-06
-0.000107451620687671
-0.000180242505657665
-0.000222738182992459
0.000816263911190351
0.00033716456687838
-0.000114003476970363
-0.000541589263970361
-0.000949165447418047
-0.00133491173868187
-0.00169934989281443
-0.00204942495555388
-0.00237773627431739
-0.00268258383942343
-0.00297790582244601
-0.00324851223746158
-0.00349494278326665
-0.00372313748061284
-0.00393288166420872
-0.0041315212318479
-0.00431464416203325
-0.00447068826308155
-0.00458991683490614
-0.00468200265066373
-0.00474537535123349
-0.00477716363053664
0.0264436602958679
0.0249280241957471
0.0230321074265379
0.0210283827969004
0.0190465098635208
0.0171056624371497
0.0151020791660219
0.0133024904762453
0.0120891979062964
0.0106470749964039
0.00911521136703967
0.00788363302440459
0.00670508733568646
0.00554782085387349
0.00452096096100175
0.00351344721158773
0.0266099789393011
0.0253902597378751
0.023895303869956
0.0222705341044023
0.0205690439309659
0.018821665197163
0.0170344950358904
0.0152385985115359
0.0135522432119426
0.0120695429248137
0.0108332678937274
0.0098256905458506
0.00893389946107239
0.00792481312719604
0.00287148778117741
0.00215345563574084
0.00149909536922646
0.00093434310942424
0.000383622861330137
-8.43534220824437e-05
-0.00049909267439432
-0.000933840957743004
-0.00126591783555224
-0.00155883683901739
-0.00180026103531956
-0.00200581657419936
-0.00216806397349041
-0.00228810463455799
-0.00236908703375534
-0.00241131204391368
0.00295375895394756
0.00243388906062128
0.00192257167588282
0.00148349215722458
0.00111606278468179
0.000750524404238012
0.000436517973399943
0.000182761420360084
-2.32316474372053e-05
-0.000198685181276949
-0.000351569329367011
-0.000479640985613037
-0.000575063521564194
-0.00062775511986975
0.00724592969111432
0.00668223151170962
0.0061789534798031
0.0056993913591698
0.00526234749437443
0.00485972887750659
0.00450732046688683
0.00418386892561701
0.00387132886801126
0.00358273471439586
0.00333052393611466
0.00310921203293553
0.00290472063846495
0.00270590066491866
0.00760149958170632
0.00730059680654917
0.00706555754125832
0.00684973364994184
0.00662210187657252
0.00643242092111977
0.00629890296505506
0.00619046452372265
0.00611366961907917
0.00606802518813178
0.00604885239868517
0.00605076609325916
0.00606906742114255
0.00609982655698508
0.00613812393275677
0.00617655574728654
0.00621211779431206
0.00624210647134832
0.00626021456456675
0.00626342366374082
0.00624938843551238
0.00621611718887072
0.00616298463478614
0.00609226006201515
0.00600827019039729
0.00591500634784836
0.00582488997378267
0.00575462747948996
0.00571719306889564
0.00573299124914022
0.00582797323421114
0.00258415824371016
0.00246596343562352
0.00235074366557791
0.00223866281213684
0.00213142781482548
0.00203822338094442
0.00196297868254088
0.00189156909040313
0.00182045482447712
0.00175499685958716
0.00169095701892411
0.00162961063992848
0.00156650091982353
0.00149717181857041
0.00142953917872889
0.00136506450786798
0.00129391364380805
0.00122019547280089
0.00114976079482496
0.00108610782386989
0.0010278798870843
0.000973252592356407
0.000926791883231339
0.000892040436347135
0.000869064776594816
0.000858346888324211
0.00262889486977781
0.00257358203141128
0.00253724431358845
0.00101829523771914
0.00123563025547585
0.00150019606399362
0.00178332349605457
0.00206973957368
0.00236990837116081
0.000658149962417432
0.000429946058720864
0.000286135230759825
0.000193557435773216
0.00269402512236699
0.00296546284465129
0.00315768785842018
0.00326294685414319
0.00238494185527554
0.00239364906115424
0.00239789210953486
0.00599541613987457
0.00629173598441314
0.00670208510678024
0.00725984808290929
0.00802869350682351
0.00901062176699745
0.00587018017563407
0.00603303897083667
0.00633113045619467
0.00677767209058309
0.00739489285064268
0.0081374678932171
0.00914508524195129
0.0103231259309201
0.0117552983184358
0.0134507101900899
0.0153617908652582
0.0175585456749791
0.0199371754733844
0.0225480480855518
0.0252504329924053
0.0278773531321075
0.0306030237761031
0.0110245264381887
0.0129478005097528
0.0151437667523456
0.0174146520075922
0.0199616912293124
0.0225944867543321
0.0252657020438266
0.027908352391957
0.030482285387444
0.0328950677409937
0.0351918671139627
0.0373506244236199
0.0393011657169001
0.0409722352019653
0.0423355204262492
0.0433979992666421
0.0441731330111059
0.0446753299647755
0.0449293413870926
0.00812045038276356
0.00748612742457585
0.00698314428742438
0.00664214945132469
0.0064328458261479
0.0063285109029836
0.0329762670001366
0.0354232875911841
0.0376104662089353
0.0393321273901623
0.0406963360809419
0.0415910209104821
0.0420542747027762
0.031838535381679
0.0329648860037688
0.0337827450426171
0.0341998209851274
