5.40540635041694e-05
5.40540635041694e-05
5.40540635041694e-05
5.40540635041694e-05
5.40540635041694e-05
5.40540635041695e-05
5.40540635041695e-05
5.40540635041694e-05
5.40540635041694e-05
5.40540635041695e-05
5.40540635041696e-05
5.40540635041696e-05
5.40540635041697e-05
5.40540635041697e-05
5.40540635041698e-05
5.40540635041694e-05
5.40540635041693e-05
5.40540635041692e-05
5.40540635041692e-05
5.40540635041692e-05
5.40540635041692e-05
5.40540635041692e-05
5.40540635041693e-05
5.40540635041693e-05
5.40540635041693e-05
5.40540635041694e-05
5.40540635041694e-05
5.40540635041695e-05
5.40540635041695e-05
5.40540635041696e-05
5.40540635041696e-05
5.40540635041696e-05
5.40540635041694e-05
5.40540635041694e-05
5.40540635041694e-05
5.40540635041693e-05
5.40540635041693e-05
5.40540635041693e-05
5.40540635041693e-05
5.40540635041693e-05
5.40540635041695e-05
5.40540635041696e-05
5.40540635041697e-05
5.40540635041698e-05
5.40540635041699e-05
5.40540635041694e-05
5.40540635041695e-05
5.40540635041695e-05
5.40540635041699e-05
5.40540635041699e-05
5.405406350417e-05
5.405406350417e-05
5.405406350417e-05
5.40540635041701e-05
5.40540635041701e-05
5.40540635041701e-05
5.40540635041702e-05
5.40540635041701e-05
5.40540635041701e-05
5.40540635041701e-05
5.40540635041702e-05
5.40540635041702e-05
5.40540635041702e-05
5.40540635041702e-05
5.40540635041702e-05
5.40540635041702e-05
5.40540635041702e-05
5.40540635041702e-05
5.40540635041702e-05
5.40540635041702e-05
5.40540635041702e-05
5.40540635041702e-05
5.40540635041702e-05
5.40540635041701e-05
5.40540635041701e-05
5.40540635041702e-05
5.40540635041702e-05
5.40540635041702e-05
5.40540635041702e-05
5.40540635041702e-05
5.40540635041702e-05
5.40540635041702e-05
5.405406350417e-05
5.405406350417e-05
5.40540635041701e-05
5.40540635041701e-05
5.40540635041702e-05
5.40540635041702e-05
5.40540635041702e-05
5.40540635041702e-05
5.40540635041702e-05
5.40540635041702e-05
5.40540635041702e-05
5.40540635041696e-05
5.40540635041696e-05
5.40540635041698e-05
5.40540635041696e-05
5.40540635041697e-05
5.40540635041698e-05
5.40540635041698e-05
5.40540635041699e-05
5.40540635041699e-05
5.40540635041698e-05
5.40540635041698e-05
5.40540635041699e-05
5.40540635041699e-05
5.40540635041699e-05
5.405406350417e-05
5.405406350417e-05
5.40540635041699e-05
5.405406350417e-05
5.405406350417e-05
5.405406350417e-05
5.40540635041701e-05
5.40540635041701e-05
5.40540635041701e-05
5.40540635041701e-05
5.40540635041701e-05
5.405406350417e-05
5.405406350417e-05
5.40540635041701e-05
5.40540635041702e-05
5.40540635041703e-05
5.40540635041704e-05
5.405406350417e-05
5.405406350417e-05
5.40540635041701e-05
5.40540635041705e-05
5.40540635041705e-05
5.40540635041706e-05
5.40540635041707e-05
5.40540635041708e-05
5.40540635041708e-05
5.40540635041709e-05
5.40540635041709e-05
5.40540635041709e-05
5.40540635041708e-05
5.40540635041708e-05
5.40540635041708e-05
5.40540635041708e-05
5.40540635041707e-05
5.40540635041707e-05
5.40540635041707e-05
5.40540635041707e-05
5.40540635041707e-05
5.40540635041707e-05
5.40540635041706e-05
5.40540635041706e-05
5.40540635041706e-05
5.40540635041706e-05
5.40540635041706e-05
5.40540635041707e-05
5.40540635041708e-05
5.40540635041708e-05
5.40540635041709e-05
5.40540635041709e-05
5.40540635041709e-05
5.40540635041709e-05
5.4054063504171e-05
5.4054063504171e-05
5.4054063504171e-05
5.40540635041704e-05
5.40540635041704e-05
5.40540635041704e-05
5.40540635041705e-05
5.40540635041705e-05
5.40540635041705e-05
5.40540635041706e-05
5.40540635041706e-05
5.40540635041707e-05
5.40540635041707e-05
5.40540635041707e-05
5.40540635041708e-05
5.40540635041708e-05
5.40540635041708e-05
5.40540635041708e-05
5.40540635041708e-05
5.40540635041709e-05
5.40540635041709e-05
5.40540635041709e-05
5.40540635041709e-05
5.40540635041709e-05
5.40540635041709e-05
5.40540635041709e-05
5.40540635041701e-05
5.40540635041701e-05
5.40540635041701e-05
5.40540635041701e-05
5.40540635041701e-05
5.40540635041702e-05
5.40540635041702e-05
5.40540635041702e-05
5.40540635041702e-05
5.40540635041703e-05
5.40540635041703e-05
5.40540635041703e-05
5.40540635041703e-05
5.40540635041702e-05
5.40540635041702e-05
5.40540635041703e-05
5.40540635041704e-05
5.40540635041704e-05
5.40540635041704e-05
5.40540635041705e-05
5.40540635041705e-05
5.40540635041705e-05
5.40540635041705e-05
5.40540635041705e-05
5.40540635041704e-05
5.40540635041704e-05
5.40540635041704e-05
5.40540635041704e-05
5.40540635041704e-05
5.40540635041704e-05
5.40540635041704e-05
5.40540635041704e-05
5.40540635041704e-05
5.40540635041704e-05
5.40540635041704e-05
5.40540635041705e-05
5.40540635041705e-05
5.40540635041705e-05
5.40540635041706e-05
5.40540635041706e-05
5.40540635041706e-05
5.40540635041706e-05
5.40540635041706e-05
5.40540635041706e-05
5.40540635041706e-05
5.40540635041706e-05
5.40540635041706e-05
5.40540635041706e-05
5.40540635041706e-05
5.40540635041706e-05
5.40540635041697e-05
5.40540635041697e-05
5.40540635041697e-05
5.40540635041697e-05
5.40540635041697e-05
5.40540635041697e-05
5.40540635041697e-05
5.40540635041697e-05
5.40540635041697e-05
5.40540635041698e-05
5.40540635041698e-05
5.40540635041699e-05
5.40540635041699e-05
5.40540635041699e-05
5.405406350417e-05
5.405406350417e-05
5.40540635041699e-05
5.40540635041699e-05
5.405406350417e-05
5.40540635041699e-05
5.40540635041699e-05
5.40540635041699e-05
5.40540635041698e-05
5.40540635041699e-05
5.40540635041699e-05
5.405406350417e-05
5.405406350417e-05
5.40540635041699e-05
5.40540635041699e-05
5.40540635041699e-05
5.40540635041699e-05
5.40540635041699e-05
5.40540635041699e-05
5.40540635041699e-05
5.40540635041699e-05
5.40540635041699e-05
5.405406350417e-05
5.405406350417e-05
5.405406350417e-05
5.40540635041701e-05
5.40540635041701e-05
5.40540635041701e-05
5.40540635041701e-05
5.405406350417e-05
5.405406350417e-05
5.405406350417e-05
5.405406350417e-05
5.405406350417e-05
5.40540635041695e-05
5.40540635041696e-05
5.40540635041696e-05
5.40540635041696e-05
5.40540635041697e-05
5.40540635041698e-05
5.40540635041696e-05
5.40540635041697e-05
5.40540635041697e-05
5.40540635041696e-05
5.40540635041697e-05
5.40540635041697e-05
5.40540635041698e-05
5.40540635041698e-05
5.40540635041699e-05
5.40540635041699e-05
5.405406350417e-05
5.405406350417e-05
5.40540635041701e-05
5.40540635041701e-05
5.40540635041702e-05
5.40540635041702e-05
5.40540635041703e-05
5.40540635041703e-05
5.40540635041704e-05
5.40540635041705e-05
5.40540635041706e-05
5.40540635041707e-05
5.40540635041707e-05
5.40540635041707e-05
5.40540635041707e-05
5.40540635041708e-05
5.40540635041708e-05
5.40540635041708e-05
5.40540635041708e-05
5.40540635041708e-05
5.40540635041708e-05
5.40540635041707e-05
5.40540635041707e-05
5.40540635041708e-05
5.40540635041708e-05
5.40540635041708e-05
5.40540635041708e-05
5.40540635041697e-05
5.40540635041697e-05
5.40540635041698e-05
5.40540635041698e-05
5.40540635041698e-05
5.40540635041699e-05
5.40540635041699e-05
5.40540635041699e-05
5.40540635041699e-05
5.40540635041699e-05
5.40540635041699e-05
5.40540635041699e-05
5.40540635041699e-05
5.40540635041697e-05
5.40540635041698e-05
5.40540635041699e-05
5.40540635041699e-05
5.405406350417e-05
5.405406350417e-05
5.40540635041698e-05
5.40540635041698e-05
5.40540635041697e-05
5.40540635041696e-05
5.40540635041696e-05
5.40540635041695e-05
5.40540635041695e-05
5.40540635041694e-05
5.40540635041694e-05
5.40540635041694e-05
5.40540635041694e-05
5.40540635041694e-05
5.40540635041694e-05
5.40540635041695e-05
5.40540635041695e-05
5.40540635041695e-05
5.40540635041694e-05
5.40540635041694e-05
5.40540635041694e-05
5.40540635041695e-05
5.40540635041695e-05
5.40540635041696e-05
5.40540635041696e-05
5.40540635041696e-05
5.40540635041696e-05
5.40540635041696e-05
5.40540635041696e-05
5.405406350417e-05
5.405406350417e-05
5.40540635041701e-05
5.40540635041702e-05
5.40540635041703e-05
5.40540635041703e-05
5.40540635041704e-05
5.40540635041705e-05
5.40540635041705e-05
5.40540635041706e-05
5.40540635041706e-05
5.40540635041706e-05
5.40540635041707e-05
5.40540635041707e-05
5.40540635041707e-05
5.40540635041708e-05
5.40540635041709e-05
5.40540635041709e-05
5.4054063504171e-05
5.4054063504171e-05
5.4054063504171e-05
5.4054063504171e-05
5.4054063504171e-05
5.4054063504171e-05
5.405406350417e-05
5.40540635041701e-05
5.40540635041701e-05
5.40540635041701e-05
5.40540635041702e-05
5.40540635041702e-05
5.40540635041702e-05
5.40540635041702e-05
5.40540635041702e-05
5.40540635041702e-05
5.40540635041703e-05
5.40540635041703e-05
5.40540635041698e-05
5.40540635041699e-05
5.40540635041699e-05
5.40540635041699e-05
5.405406350417e-05
5.405406350417e-05
5.405406350417e-05
5.405406350417e-05
5.405406350417e-05
5.40540635041701e-05
5.40540635041701e-05
5.40540635041701e-05
5.40540635041701e-05
5.40540635041701e-05
5.40540635041702e-05
5.40540635041702e-05
5.40540635041702e-05
5.40540635041703e-05
5.40540635041703e-05
5.40540635041703e-05
5.40540635041703e-05
5.40540635041703e-05
5.40540635041703e-05
5.40540635041698e-05
5.40540635041698e-05
5.40540635041699e-05
5.40540635041699e-05
5.40540635041699e-05
5.405406350417e-05
5.405406350417e-05
5.405406350417e-05
5.405406350417e-05
5.40540635041701e-05
5.40540635041701e-05
5.40540635041701e-05
5.40540635041701e-05
5.40540635041701e-05
5.40540635041701e-05
5.40540635041701e-05
5.40540635041701e-05
5.40540635041701e-05
5.40540635041701e-05
5.40540635041701e-05
5.40540635041702e-05
5.40540635041702e-05
5.40540635041702e-05
5.40540635041703e-05
5.40540635041703e-05
5.40540635041703e-05
5.40540635041703e-05
5.40540635041703e-05
5.40540635041703e-05
5.40540635041704e-05
5.40540635041704e-05
5.40540635041704e-05
5.40540635041703e-05
5.40540635041704e-05
5.40540635041704e-05
5.40540635041698e-05
5.40540635041697e-05
5.40540635041697e-05
5.40540635041698e-05
5.40540635041698e-05
5.40540635041698e-05
5.40540635041697e-05
5.40540635041697e-05
5.40540635041697e-05
5.40540635041697e-05
5.40540635041697e-05
5.40540635041696e-05
5.40540635041696e-05
5.40540635041696e-05
5.40540635041696e-05
5.40540635041697e-05
5.40540635041697e-05
5.40540635041697e-05
5.40540635041697e-05
5.40540635041697e-05
5.40540635041697e-05
5.40540635041697e-05
5.40540635041697e-05
5.40540635041697e-05
5.40540635041697e-05
5.40540635041696e-05
5.40540635041696e-05
5.40540635041696e-05
5.40540635041696e-05
5.40540635041696e-05
5.40540635041696e-05
5.40540635041696e-05
5.40540635041697e-05
5.40540635041697e-05
5.40540635041698e-05
5.40540635041698e-05
5.40540635041698e-05
5.40540635041698e-05
5.40540635041698e-05
5.40540635041698e-05
5.40540635041697e-05
5.40540635041697e-05
5.40540635041697e-05
5.40540635041697e-05
5.40540635041697e-05
5.40540635041696e-05
5.40540635041696e-05
5.40540635041695e-05
5.40540635041695e-05
5.40540635041695e-05
5.40540635041695e-05
5.40540635041696e-05
5.40540635041696e-05
5.40540635041697e-05
5.40540635041697e-05
5.40540635041697e-05
5.40540635041697e-05
5.40540635041697e-05
5.40540635041697e-05
5.40540635041697e-05
5.40540635041697e-05
5.40540635041697e-05
5.40540635041697e-05
5.40540635041697e-05
5.40540635041697e-05
5.40540635041697e-05
5.40540635041697e-05
5.40540635041698e-05
5.40540635041698e-05
5.40540635041699e-05
5.40540635041699e-05
5.40540635041699e-05
5.40540635041699e-05
5.40540635041698e-05
5.40540635041698e-05
5.40540635041698e-05
5.40540635041698e-05
5.40540635041699e-05
5.40540635041699e-05
5.40540635041699e-05
5.40540635041697e-05
5.40540635041697e-05
5.40540635041697e-05
5.40540635041696e-05
5.40540635041696e-05
5.40540635041696e-05
5.40540635041697e-05
5.40540635041697e-05
5.40540635041697e-05
5.40540635041697e-05
5.40540635041698e-05
5.40540635041698e-05
5.40540635041698e-05
5.40540635041698e-05
5.40540635041697e-05
5.40540635041697e-05
5.40540635041697e-05
5.40540635041697e-05
5.40540635041697e-05
5.40540635041697e-05
5.40540635041697e-05
5.40540635041697e-05
5.40540635041697e-05
5.40540635041697e-05
5.40540635041697e-05
5.40540635041697e-05
5.40540635041697e-05
5.40540635041698e-05
5.40540635041697e-05
5.40540635041698e-05
5.40540635041698e-05
5.40540635041698e-05
5.40540635041693e-05
5.40540635041693e-05
5.40540635041693e-05
5.40540635041692e-05
5.40540635041692e-05
5.40540635041693e-05
5.40540635041693e-05
5.40540635041692e-05
5.40540635041692e-05
5.40540635041692e-05
5.40540635041691e-05
5.40540635041691e-05
5.40540635041691e-05
5.40540635041691e-05
5.40540635041691e-05
5.4054063504169e-05
5.4054063504169e-05
5.4054063504169e-05
5.4054063504169e-05
5.40540635041691e-05
5.40540635041691e-05
5.40540635041691e-05
5.40540635041691e-05
5.40540635041692e-05
5.40540635041692e-05
5.40540635041693e-05
5.40540635041693e-05
5.40540635041693e-05
5.40540635041693e-05
5.40540635041693e-05
5.40540635041693e-05
5.40540635041692e-05
5.40540635041692e-05
5.40540635041692e-05
5.40540635041693e-05
5.40540635041694e-05
5.40540635041695e-05
5.40540635041696e-05
5.40540635041691e-05
5.4054063504169e-05
5.4054063504169e-05
5.40540635041693e-05
5.40540635041695e-05
5.40540635041696e-05
5.40540635041697e-05
5.40540635041699e-05
5.4054063504169e-05
5.4054063504169e-05
5.40540635041692e-05
5.40540635041693e-05
5.40540635041689e-05
5.40540635041688e-05
5.40540635041687e-05
5.40540635041694e-05
5.40540635041694e-05
5.40540635041695e-05
5.40540635041696e-05
5.40540635041697e-05
5.40540635041698e-05
5.40540635041699e-05
5.40540635041699e-05
5.405406350417e-05
5.40540635041701e-05
5.40540635041702e-05
5.40540635041703e-05
5.40540635041693e-05
5.40540635041694e-05
5.40540635041694e-05
5.40540635041695e-05
5.40540635041695e-05
5.40540635041695e-05
5.40540635041696e-05
5.40540635041696e-05
5.40540635041697e-05
5.40540635041697e-05
5.40540635041698e-05
5.40540635041698e-05
5.40540635041699e-05
5.40540635041699e-05
5.405406350417e-05
5.405406350417e-05
5.40540635041701e-05
5.40540635041701e-05
5.40540635041701e-05
5.40540635041702e-05
5.40540635041702e-05
5.40540635041702e-05
5.40540635041702e-05
5.40540635041702e-05
5.40540635041702e-05
5.40540635041703e-05
5.40540635041703e-05
5.40540635041703e-05
5.40540635041703e-05
5.40540635041703e-05
5.40540635041703e-05
5.40540635041703e-05
5.40540635041703e-05
5.40540635041704e-05
5.40540635041704e-05
5.40540635041704e-05
5.40540635041703e-05
5.40540635041703e-05
5.40540635041703e-05
5.40540635041703e-05
5.40540635041704e-05
5.40540635041704e-05
5.40540635041704e-05
5.40540635041704e-05
5.40540635041704e-05
5.40540635041704e-05
5.40540635041704e-05
5.40540635041704e-05
5.40540635041704e-05
5.40540635041704e-05
5.40540635041686e-05
5.40540635041686e-05
5.40540635041687e-05
5.40540635041687e-05
5.40540635041687e-05
5.40540635041687e-05
5.40540635041688e-05
5.40540635041688e-05
5.40540635041688e-05
5.40540635041688e-05
5.40540635041689e-05
5.40540635041689e-05
5.40540635041689e-05
5.40540635041689e-05
5.40540635041686e-05
5.40540635041686e-05
5.40540635041686e-05
5.40540635041685e-05
5.40540635041685e-05
5.40540635041685e-05
5.40540635041684e-05
5.40540635041684e-05
5.40540635041684e-05
5.40540635041683e-05
5.40540635041683e-05
5.40540635041683e-05
5.40540635041683e-05
5.40540635041683e-05
5.40540635041683e-05
5.40540635041684e-05
5.40540635041683e-05
5.40540635041683e-05
5.40540635041689e-05
5.40540635041689e-05
5.40540635041689e-05
5.4054063504169e-05
5.4054063504169e-05
5.40540635041691e-05
5.40540635041691e-05
5.40540635041691e-05
5.40540635041692e-05
5.40540635041693e-05
5.40540635041693e-05
5.40540635041693e-05
5.40540635041693e-05
5.40540635041693e-05
5.40540635041693e-05
5.40540635041693e-05
5.40540635041693e-05
5.40540635041693e-05
5.40540635041689e-05
5.40540635041689e-05
5.40540635041689e-05
5.4054063504169e-05
5.4054063504169e-05
5.40540635041691e-05
5.40540635041691e-05
5.40540635041691e-05
5.40540635041691e-05
5.40540635041691e-05
5.40540635041691e-05
5.405406350417e-05
5.40540635041702e-05
5.40540635041703e-05
5.40540635041705e-05
5.40540635041706e-05
5.40540635041707e-05
5.40540635041707e-05
5.40540635041708e-05
5.40540635041709e-05
5.40540635041709e-05
5.4054063504171e-05
5.405406350417e-05
5.40540635041701e-05
5.40540635041701e-05
5.40540635041701e-05
5.40540635041702e-05
5.40540635041702e-05
5.40540635041702e-05
5.40540635041703e-05
5.40540635041704e-05
5.40540635041704e-05
5.40540635041704e-05
5.40540635041704e-05
5.40540635041704e-05
5.40540635041711e-05
5.40540635041712e-05
5.40540635041712e-05
5.40540635041713e-05
5.40540635041713e-05
5.40540635041713e-05
5.40540635041713e-05
5.40540635041713e-05
5.40540635041713e-05
5.40540635041711e-05
5.40540635041711e-05
5.40540635041711e-05
5.40540635041711e-05
5.40540635041711e-05
5.40540635041711e-05
5.40540635041711e-05
5.40540635041712e-05
5.40540635041712e-05
5.40540635041712e-05
5.40540635041712e-05
5.40540635041712e-05
5.40540635041712e-05
5.40540635041712e-05
5.40540635041712e-05
5.40540635041713e-05
5.40540635041714e-05
5.40540635041715e-05
5.40540635041715e-05
5.40540635041716e-05
5.40540635041716e-05
5.40540635041716e-05
5.40540635041697e-05
5.40540635041698e-05
5.40540635041698e-05
5.40540635041699e-05
5.40540635041699e-05
5.405406350417e-05
5.40540635041701e-05
5.40540635041702e-05
5.40540635041702e-05
5.40540635041702e-05
5.40540635041703e-05
5.40540635041703e-05
5.40540635041703e-05
5.40540635041704e-05
5.40540635041705e-05
5.40540635041705e-05
5.40540635041697e-05
5.40540635041697e-05
5.40540635041698e-05
5.40540635041699e-05
5.405406350417e-05
5.40540635041701e-05
5.40540635041702e-05
5.40540635041702e-05
5.40540635041702e-05
5.40540635041703e-05
5.40540635041703e-05
5.40540635041703e-05
5.40540635041703e-05
5.40540635041704e-05
5.40540635041706e-05
5.40540635041706e-05
5.40540635041706e-05
5.40540635041706e-05
5.40540635041707e-05
5.40540635041707e-05
5.40540635041707e-05
5.40540635041707e-05
5.40540635041707e-05
5.40540635041707e-05
5.40540635041708e-05
5.40540635041708e-05
5.40540635041708e-05
5.40540635041708e-05
5.40540635041708e-05
5.40540635041708e-05
5.40540635041705e-05
5.40540635041705e-05
5.40540635041705e-05
5.40540635041705e-05
5.40540635041705e-05
5.40540635041705e-05
5.40540635041705e-05
5.40540635041705e-05
5.40540635041705e-05
5.40540635041705e-05
5.40540635041705e-05
5.40540635041705e-05
5.40540635041704e-05
5.40540635041704e-05
5.40540635041704e-05
5.40540635041704e-05
5.40540635041705e-05
5.40540635041705e-05
5.40540635041706e-05
5.40540635041707e-05
5.40540635041707e-05
5.40540635041707e-05
5.40540635041708e-05
5.40540635041708e-05
5.40540635041708e-05
5.40540635041708e-05
5.40540635041708e-05
5.40540635041708e-05
5.40540635041704e-05
5.40540635041704e-05
5.40540635041704e-05
5.40540635041705e-05
5.40540635041705e-05
5.40540635041705e-05
5.40540635041706e-05
5.40540635041706e-05
5.40540635041707e-05
5.40540635041707e-05
5.40540635041707e-05
5.40540635041707e-05
5.40540635041707e-05
5.40540635041708e-05
5.40540635041708e-05
5.40540635041708e-05
5.40540635041709e-05
5.4054063504171e-05
5.4054063504171e-05
5.4054063504171e-05
5.40540635041711e-05
5.40540635041711e-05
5.40540635041711e-05
5.40540635041712e-05
5.40540635041712e-05
5.40540635041712e-05
5.40540635041713e-05
5.40540635041713e-05
5.40540635041713e-05
5.40540635041713e-05
5.40540635041714e-05
5.40540635041707e-05
5.40540635041707e-05
5.40540635041707e-05
5.40540635041707e-05
5.40540635041708e-05
5.40540635041708e-05
5.40540635041708e-05
5.40540635041707e-05
5.40540635041707e-05
5.40540635041707e-05
5.40540635041707e-05
5.40540635041707e-05
5.40540635041707e-05
5.40540635041707e-05
5.40540635041706e-05
5.40540635041706e-05
5.40540635041705e-05
5.40540635041705e-05
5.40540635041705e-05
5.40540635041705e-05
5.40540635041705e-05
5.40540635041705e-05
5.40540635041705e-05
5.40540635041704e-05
5.40540635041704e-05
5.40540635041703e-05
5.40540635041708e-05
5.40540635041707e-05
5.40540635041707e-05
5.40540635041703e-05
5.40540635041703e-05
5.40540635041703e-05
5.40540635041702e-05
5.40540635041702e-05
5.40540635041702e-05
5.40540635041702e-05
5.40540635041702e-05
5.40540635041701e-05
5.40540635041701e-05
5.40540635041702e-05
5.40540635041702e-05
5.40540635041702e-05
5.40540635041702e-05
5.40540635041702e-05
5.40540635041702e-05
5.40540635041702e-05
5.40540635041714e-05
5.40540635041715e-05
5.40540635041715e-05
5.40540635041716e-05
5.40540635041717e-05
5.40540635041718e-05
5.40540635041714e-05
5.40540635041714e-05
5.40540635041714e-05
5.40540635041714e-05
5.40540635041714e-05
5.40540635041713e-05
5.40540635041713e-05
5.40540635041712e-05
5.40540635041712e-05
5.40540635041712e-05
5.40540635041712e-05
5.40540635041712e-05
5.40540635041711e-05
5.40540635041711e-05
5.40540635041711e-05
5.40540635041711e-05
5.40540635041711e-05
5.40540635041719e-05
5.40540635041721e-05
5.40540635041722e-05
5.40540635041723e-05
5.40540635041724e-05
5.40540635041725e-05
5.40540635041725e-05
5.40540635041725e-05
5.40540635041726e-05
5.40540635041726e-05
5.40540635041727e-05
5.40540635041727e-05
5.40540635041727e-05
5.40540635041727e-05
5.40540635041727e-05
5.40540635041727e-05
5.40540635041727e-05
5.40540635041727e-05
5.40540635041727e-05
5.40540635041717e-05
5.40540635041717e-05
5.40540635041716e-05
5.40540635041716e-05
5.40540635041715e-05
5.40540635041715e-05
5.40540635041711e-05
5.40540635041711e-05
5.40540635041711e-05
5.4054063504171e-05
5.4054063504171e-05
5.4054063504171e-05
5.4054063504171e-05
5.40540635041711e-05
5.40540635041711e-05
5.40540635041711e-05
5.40540635041711e-05
