0.05
0.0373256874026216
0.0342722616591573
0.0291516985828314
0.0358965971853686
0.0339132078744621
0.0321927859212386
0.0373378803921914
0.0352199495517092
0.0320174721239901
0.0301445018946402
0.028793974803609
0.0277557166276593
0.0262163118677604
0.0239594448031874
0.0374594286775236
0.031804846790528
0.0267346734607869
0.0259816243150809
0.0228462088315572
0.0197000653396014
0.0189472066365103
0.0185446866598754
0.018140400437339
0.0175386457910468
0.0164944643035666
0.0152478001244749
0.0141462955919499
0.0131791356588963
0.0123067584996804
0.0114955675876693
0.0106811402964912
0.0372531300239082
0.0357016782675137
0.0337349232537052
0.03223676799286
0.0311013940918244
0.0303152059239232
0.0297820358555676
0.0293504695686336
0.026777516201782
0.0245241566685692
0.021958836154363
0.0194953822189254
0.0165863878501379
0.0259447906241824
0.0231174086790372
0.0203230914902867
0.0152355220860908
0.0138233204400705
0.012480958310239
0.0113514130856774
0.0102807371732694
0.00928396251419751
0.00845689685283798
0.00770613129303619
0.00701420165980999
0.00644092205897298
0.00594692910514786
0.00553934044186932
0.00520609698539222
0.0049618639301046
0.0048010612834704
0.00471345665546958
0.00470673059939698
0.00478313295987549
0.00495386882148362
0.0052257338514214
0.00558930263388687
0.00604140237164451
0.00657175656181413
0.0071544158634666
0.00795775224474888
0.00900892215067669
0.0101440071817884
0.0113457529538384
0.0124993660968298
0.0135986855903859
0.0145712846361356
0.0153476948763966
0.0158892389941109
0.0161767163576891
0.0154633198307668
0.0146588841796707
0.0138669057732027
0.0131023780812617
0.0124558975607811
0.0119160190752267
0.0114293986385783
0.0110857814944166
0.0108247475973319
0.0106355778499504
0.0105372016004014
0.0187970229561422
0.0169690725207273
0.0146664755331247
0.0172665465726621
0.0138512966473921
0.0106975385663157
0.0140728200749395
0.0134276478614492
0.0127215457269345
0.0130311284509196
0.0106883179788294
0.00814191347193082
0.00644097457545787
0.00503532871853989
0.0036068770428195
0.002262179376446
0.00124622340408389
0.000412744987314683
-0.00036291050416673
-0.00100263843525913
-0.00154170396716498
-0.00195831405073058
-0.00224806582020353
-0.0024282619613415
-0.00252754653844682
0.0119953720254905
0.0112741194756388
0.010739104930854
0.0106290259214306
0.0109693260155267
0.0118376310967752
0.0117644923173919
0.010881694797653
0.00998061235449993
0.0123808066956475
0.0135096696107455
0.0151567272609127
0.0172922931163331
0.0199873454834367
0.023036879419754
0.0261422822892762
0.029312412840422
0.0325566635815117
0.0356803340898559
0.0383846622642193
0.0403716699736677
0.0414044494823943
0.0412157575689113
0.0393952209659068
0.0356071794955832
0.0302733999443881
0.0245711957933248
0.0193168136291421
0.0150279444968913
0.0113635470930912
0.00842979970080166
0.00605777294554988
0.00402294907905411
0.00272768839824259
0.00135157748345975
0.000314722136544405
-0.00054649137546046
-0.00122803957556675
-0.00173657498842639
-0.00213776473207522
-0.00243821158411126
-0.0026034314694717
-0.00271727870954312
0.0126815431735818
0.014054783199862
0.0159454602291438
0.0187624747008114
0.0222098040946723
0.0259957057640677
0.0296646571141277
0.0334154953671691
0.0367429762742526
0.0395223897901461
0.0414683299508226
0.0423392660438418
0.041774654578495
0.0393733063457607
0.0350678350634083
0.029216921123314
0.0234114280708177
0.0186403264574706
0.0148863518983986
0.011964407424556
0.00980498177819
0.0083885619673239
0.00767046863755771
0.00837015617952865
0.00691265015111389
0.00562938996085495
0.0045217548823154
0.00356235194418367
0.00271757229222389
0.00196685625595139
0.00132818699970865
0.000806907448653431
0.000391645907990971
7.88126818541478e-05
-0.000130059251894938
-0.000237758265745133
0.00898861622918315
0.00810391288422927
0.00735585220082827
0.00678348532489614
0.00635348678463735
0.00606618327315679
0.0059249901281195
0.00591434334862316
0.00605338626579832
0.00637740023955828
0.00689079976973982
0.00757577136491178
0.0084316900845721
0.00950458359520266
0.0107498896426171
0.0121679046534534
0.013705507183509
0.0153323432725023
0.0172264941640992
0.0201871429717337
0.0240906195711417
0.0276972749305047
0.0316475872886861
0.0349956688271811
0.037993265492609
0.0406644586265896
0.0427671474144165
0.0440349477451837
0.0443382268502867
0.0437049467141063
0.0421206538112622
0.0394729522138594
0.0362452300439741
0.0325728300352771
0.0288113572727957
0.0261296946757758
0.0246778075940646
0.00942155728134792
0.00839768379073406
0.00755942732156693
0.00681352181580666
0.00624863346031649
0.00573840613113043
0.00537915506785595
0.00515056989176119
0.00500213924706666
0.00495521155309199
0.00497384268679484
0.00508704451149179
0.0052205413078522
0.00545549258775261
0.00578512065750546
0.00609537870148123
0.00632366301229793
0.0065821569998822
0.00682434308556901
0.00701667434133001
0.00715700060780001
0.00722662885051227
0.0096136552791574
0.0086835119988758
0.0078910972782974
0.00723664479820093
0.00674182366865718
0.00639138149299554
0.00616908764753378
0.00606456045948334
0.00608680872908206
0.0062382123918427
0.00654531183608936
0.00698611488226601
0.0077911227065774
0.00878469593130211
0.00988280100595537
0.0110921616275151
0.0123478359489776
0.0136550011922776
0.014878164631959
0.016284415569329
0.0176938204697915
0.0189657364079397
0.0200404632110583
0.0209048996453004
0.0214864380857071
0.0218025127476736
0.0319702766455896
0.0318161082145107
0.0317515384885371
0.0310367861444879
0.0300124249046993
0.0289571764995477
0.0318167566776492
0.0319336611322287
0.0321255325976511
0.0315569501775405
0.031743818584588
0.0321830349228293
0.0323718989992371
0.0321147228172068
0.0313007981466866
0.0298190345616652
0.0278219527751905
0.0256633526187127
0.0233471461901569
0.0211659319414795
0.0192044413444915
0.0173438973661377
0.0151891316916217
0.0128418681480965
0.0110403998224388
0.00912188141046968
0.00769436079023121
0.00633785791058402
0.0051943511711193
0.00405912675673322
0.00304707939354773
0.00217700404232403
0.00137926247042909
0.000656862713147766
1.80089148648959e-05
-0.000549883769130379
-0.00100999827662043
-0.00139564885624165
-0.00175744907772422
-0.00202625867867115
-0.00221641888386198
-0.00234124896137023
-0.00240586107238188
0.0306337264824715
0.028928370625625
0.0273525471981529
0.0261140929087593
0.0252737905820217
0.0247496977770248
0.0244883341011892
0.0244269758240874
0.0245001299181782
0.024642276073112
0.0247985131175822
0.0249251614779682
0.0249990992822841
0.0343741605437062
0.0364402183112593
0.0387758408714464
0.0397067120803889
0.0406219413942904
0.0415343907654116
0.0396851758943586
0.0405210230524251
0.0411551418701322
0.0412036113994805
0.0404873394032857
0.038742237649404
0.0358912351221327
0.0321343417500364
0.0278504669440495
0.0237093945315435
0.0199663446956498
0.0167100948712657
0.0139931449293662
0.0116816763547949
0.00976321701843148
0.00816405601110206
0.006845202237055
0.00572530926060248
0.00481504142652528
0.00407502820912755
0.00345828055173692
0.00288917823397441
0.00240058277814779
0.00201525835089803
0.00173283600094591
0.0015632483291312
0.00146572236427005
0.0421461494488105
0.0425765727855652
0.0425750120961263
0.0418083200473288
0.0401995755614154
0.037524005961287
0.0335037087286747
0.0291726486479947
0.0253165044573644
0.0212712102619641
0.0175117738767356
0.0143457980158804
0.0119386345703796
0.0101870697026175
0.0085313029067618
0.00716654176550014
0.00602185329239975
0.00510406097096766
0.00438267538805811
0.00389562383530411
0.00352411615800946
0.00319558758227532
0.00295558648319958
0.00284502123761066
0.0423165860031988
0.0430286776616722
0.0436200042459232
0.0441933385995995
0.0446693657755205
0.0451470586006502
0.0455753729649638
0.0458929364336648
0.0461593220396921
0.0463924573797499
0.0465538648660681
0.0466489184362728
0.0284789222371798
0.0277898294447351
0.0267729210847049
0.0252974315277027
0.0236601231151169
0.0221216225770777
0.0204982902209426
0.0188622077803349
0.0173516298285889
0.0158845974202133
0.0144665089027303
0.0131934663724218
0.0120982343233241
0.0109899323306884
0.00987053076027158
0.00887617115012365
0.00804524055031659
0.00733647642043596
0.00673933967678142
0.00626392829422385
0.00591991706210874
0.00569442353876025
0.00556356119266329
0.0281675224286691
0.0271370115938117
0.0257695470776874
0.0239238617878871
0.0217708896223575
0.0196203198052279
0.0175906054128358
0.0156834816828735
0.0139244650535544
0.0123169681814932
0.0108496709137796
0.00955702026539153
0.00833908350098945
0.00719316863473266
0.00618199254472722
0.0052960553432
0.00450496686048411
0.00378951984570697
0.00314437453272349
0.00257409004015184
0.00206585779144744
0.00161471523161891
0.00122644276366087
0.000877828688815776
0.00051567162802395
0.00016707305948417
-0.000139732257505307
-0.000405216275535805
-0.000623219753317317
-0.00080068689142594
-0.000944676903817719
-0.00105184759689966
-0.0011333364879744
-0.00118220604254449
-0.00120864402507337
0.0223385030677415
0.0202817250345887
0.017645868294359
0.024215170623337
0.0244173897410808
0.0245215201019708
0.0162050422945373
0.0147837671361968
0.0135083759924963
0.012406338733715
0.0115821527781872
0.0108980811569855
0.0103851440201997
0.0100491702198057
0.00988145770657926
0.0151549914315147
0.0130104642157005
0.0110449918319697
0.00917434178031622
0.00834669896094794
0.00769060336603667
0.00709148088168429
0.00657788731527931
0.00616394884648048
0.00582161093681774
0.00555551399213943
0.0053638228172478
0.00524560161851074
0.00520330022081532
0.00524037063737194
0.00536190898703524
0.00557108854977442
0.00586384075419258
0.00623505072681454
0.00672548472359266
0.00735823634160686
0.00807253083981133
0.00886198598949615
0.00969644242462519
0.0105182029388907
0.0112896024502699
0.0119903325254405
0.0125601989107476
0.0129583047730782
0.0131722166597505
0.00835935423664716
0.0077335255863852
0.00727013672926475
0.0068085981879021
0.00659541090450496
0.00644334076119073
0.0102847424914174
0.00982995192332831
0.00930176568328
0.00872050388196496
0.00811818634325034
0.00750509330868067
0.0068863867206559
0.00626061117359146
0.00561274166394208
0.00494424141681971
0.00428791769450019
0.00366031312722
0.00301892559561258
0.00235592546440819
0.00171039120565431
0.00107711742816201
0.000457616930413473
-0.000141876160475839
-0.000714811006731698
-0.00125489008389422
-0.00175736288617334
-0.00221996209252138
-0.00263794922958404
-0.0030048399239633
-0.00331640268739946
-0.003569402977695
-0.0037606197220036
-0.00388780179258806
-0.00395328102098795
0.0101960112176155
0.0097564866952429
0.00929420705252689
0.00881934020032363
0.00833582617045817
0.00788267509228933
0.00743975607662524
0.00694625916124412
0.00642137600064942
0.00592097310956343
0.00544836185624183
0.0049522297002796
0.00440038667034236
0.0037522464949754
0.00309125565693823
0.00246168554767189
0.00184742005264244
0.00125077674062356
0.000669280778888186
8.91355104248371e-05
-0.000442016297012405
-0.00100893823019382
-0.00138831517500484
-0.00177346711713974
-0.00222726957430705
-0.0026274143596317
-0.00299386544585838
-0.00332584556989657
-0.00358552422461171
-0.00378714777525966
-0.00392324967059417
-0.00399529503619639
0.029275281027937
0.0293842344817226
0.0296638904236732
0.0300415344219301
0.0304971019029437
0.0287975957870863
0.0275839898736127
0.0257863861568938
0.0242000624283023
0.0224521527883074
0.0205397916902257
0.0188936627861554
0.0172747649135827
0.0155231704298979
0.0136468315461264
0.0120673831077153
0.0105921777065762
0.00922485119631488
0.00796233878824329
0.00681733965483628
0.00579379245699368
0.00486842630125051
0.00409614493321776
0.00318894745060768
0.00237943931258892
0.00174843305788076
0.0012102896002152
0.000766521196587898
0.000444939271267086
0.000244151488965657
0.000131060353335405
0.0315236661652387
0.0330699814181133
0.0346277046992099
0.0300367585260608
0.029429690987059
0.028894915460388
0.0286501321897772
0.0343830445121549
0.0338779823826952
0.0332182396826462
0.0363818550027245
0.0371583291810773
0.0370999766702586
0.036357710260178
0.0343698502419441
0.032778494014894
0.0305934086401348
0.0266451744694128
0.0219943019893421
0.0320882348985092
0.030471758491558
0.028357248638993
0.0195147375301698
0.0168586722549962
0.0142594189760754
0.0121863746189661
0.0102713581385373
0.00855691509182083
0.00712551669202373
0.00579098448622722
0.00459160090910634
0.00352651809323839
0.00257516952853948
0.00159754507130861
0.0196160075749839
0.0172692679837329
0.0149651923823877
0.0134004022559374
0.0115801510785641
0.0103080658395929
0.00892149193543407
0.00768144572314078
0.00670921544253703
0.00583922611641026
0.00503558084433654
0.00430276553848159
0.00369563198375147
0.00316008387808852
0.00259839701622518
0.00212275986420427
0.00165718007032639
0.00127748293189759
0.000934664063796274
0.000638632116745843
0.000406440326357209
0.000215811217038791
6.96512356469155e-05
-1.90781027861109e-05
-6.35588915489454e-05
0.00133817052315247
0.00112435697730768
0.000956179193404447
0.000841443426552564
0.000743596209120341
0.000685931394866105
0.000654664099771588
0.000988684207134477
0.000433396025937374
-8.71560374325674e-05
-0.000542183951130505
-0.000964429808264742
-0.00136409206681481
-0.00173257818980898
-0.00207242790019435
-0.00237909949072487
-0.00265156376286638
-0.00290306562818173
-0.00312978184204009
-0.00332414148405219
-0.00347983854333943
-0.00359859415958078
-0.00369017235576708
-0.00375290536421415
-0.00378447077598942
0.0271660879919697
0.0255853840854179
0.023597906606273
0.0213066839427697
0.0190057602411346
0.0168911467983507
0.0149695853888639
0.0132324528042531
0.0116635569633947
0.0102439039760833
0.00895437032636325
0.00777628164775339
0.00669305053441886
0.00563923147506059
0.0273930929297966
0.0262200058985149
0.024917973450595
0.0235565791159908
0.0223298566147646
0.0211314263960943
0.0199944190698786
0.0189700030495325
0.0180415268321243
0.01713008396167
0.0162283479859672
0.0154206444013499
0.0147670165529727
0.0142441066678711
0.0138553259219476
0.0135535624442056
0.0133622166129996
0.0132559791234922
0.00498373353587967
0.00440847497998354
0.00389238441102776
0.00335007209773611
0.00287848019187181
0.00248006806027388
0.00201773455108696
0.00148772843056095
0.000997896454273622
0.00058794787256642
0.000247512142491712
-4.47108826603264e-05
-0.000306058346072965
-0.000530292771036674
-0.000706971888689362
-0.000830209489326417
-0.000911454104244984
-0.000956649119694861
0.00514544225248924
0.00472660554182338
0.00436894085385261
0.00405841883595209
0.00378193823615983
0.0035315475077222
0.00331308722614574
0.0031378964400433
0.00300840625616678
0.0029231683474521
0.00287955987990797
0.0319706657917836
0.0286836899148384
0.0247718202993074
0.0211376325276056
0.0179654169166861
0.0151453162045319
0.0127678179716235
0.0105773393773631
0.00870103478420986
0.00705355416843225
0.00549463607158268
0.0334309047925995
0.0316196218752902
0.0295633752635913
0.0270209591488328
0.0248533861572192
0.0224247160221245
0.0204695459520358
0.0188869146530861
0.0174888407236932
0.0167243636997101
0.0160128727442523
0.0155771005462482
0.015361977234567
0.00485195666852756
0.00434997021338056
0.00394873911495367
0.0035832502691491
0.00330767931419495
0.00308539100286887
0.0029335965545563
0.00282310826320807
0.00275943905257375
0.00458535822850161
0.00377219823650969
0.00304108615914006
0.00237806539747802
0.00177244111830825
0.00122253540187716
0.00072356359436014
0.000262937890728187
-0.000152548631292652
-0.000524183187007599
-0.000871363790526809
-0.00117859520090586
-0.0014493212960579
-0.00169219862013541
-0.00190887979642826
-0.00210869774627005
-0.00228874329023549
-0.00243918248370295
-0.00255235806608207
-0.00263872457599378
-0.00269763305639886
-0.00272702091562948
0.0288789418608116
0.0294796413867845
0.0304372916142917
0.0316538071770096
0.033056218569093
0.034617973405117
0.0364090341180936
0.0381231921836188
0.0392821876364632
0.0405960430684757
0.0417637789993737
0.0423374476829311
0.0423549462672044
0.0415366634430873
0.0397039670135141
0.0365288658973561
0.0285272547449068
0.0287216185999173
0.0292317928112404
0.0300217424014247
0.0310807038450371
0.0324125115315167
0.0340399486362206
0.0359513014762747
0.0379775698871383
0.0398832804736345
0.0414689775129384
0.0426625781817269
0.0435528652550619
0.0442537179839152
0.0338037130226488
0.0295577382543042
0.0250996945215478
0.0211615753135178
0.0174636030068108
0.0145278563827246
0.0121146563297453
0.00978868520022757
0.00814676635060791
0.0067953074606285
0.00574743607842247
0.0049015766569769
0.00426316864836887
0.00380712802365469
0.00350730618995547
0.003353535115818
0.033970400765988
0.0305986557000562
0.0266347808419949
0.0229973214492033
0.019947727885325
0.0170077240455587
0.0146071040386637
0.012769373199478
0.0113516113817526
0.010199271414609
0.00923742434464447
0.00846179103390526
0.00790134036329714
0.00759806743699429
0.04401797440269
0.0432704835889942
0.0419455720438113
0.0398476976224525
0.0370039427147659
0.0335154136801813
0.0298729017396234
0.0262175022970159
0.022586278186756
0.0192896293844545
0.0165243380482269
0.014212152096226
0.0121755284337608
0.0102780102785908
0.0447725598382369
0.0448919097217079
0.0445566827011744
0.0436290854415894
0.041688227499794
0.0388501419646707
0.0355870503104635
0.0315019076213437
0.0272192546907517
0.0232684082623489
0.0198027284176146
0.0171242403027285
0.0147473159338844
0.0127697559513875
0.0111351175560362
0.00984481329091509
0.00877056434280286
0.0078207571276739
0.00701880486380433
0.00632919260652433
0.00571539623965128
0.00515660045888071
0.00463991291460135
0.00416019244850129
0.00370828946955939
0.00326378289827515
0.00283093620977688
0.00241898401339791
0.00200509347031052
0.00159259677398327
0.00115183320536551
0.00919053703776786
0.00817643620779485
0.00722385934124024
0.00632872096736447
0.00550049785211024
0.00480425683718717
0.00426066323068375
0.00376335310691841
0.00328991020142691
0.00287686781951269
0.00249661694110635
0.00215605167096037
0.00183017653925975
0.00149828412614838
0.00119589611485066
0.000923439543094908
0.000636503537632767
0.000348825557021893
7.67031337769779e-05
-0.00017360197862422
-0.000413894941206464
-0.000660361209120735
-0.000904086303179978
-0.00113545129234955
-0.00136107110939886
-0.00159454051962605
0.00951076289619946
0.00898211441867439
0.00864582046736356
-0.00187583868870268
-0.00222012632203276
-0.00261182143164321
-0.00300685312931167
-0.00337956648231312
-0.00374225016834447
-0.00162037221859797
-0.00164457795176205
-0.0016580165844453
-0.00166592272527266
-0.00397990642832283
-0.00415525770876633
-0.00426832663998579
-0.00432670308707876
-0.00387823772211535
-0.00396486322646256
-0.00400564456602805
0.000865311345084401
0.000580421493316009
0.000312740340295011
4.14389273645503e-05
-0.000249100895908712
-0.000547649553508716
0.000964594149251654
0.000779838941991262
0.000585511106818094
0.000379283659004711
0.000156860988630477
-6.4744671899931e-05
-0.000321621301890734
-0.00058252477387822
-0.000862324228612424
-0.00115681064548512
-0.0014546921939613
-0.00176505595713655
-0.00207341627103919
-0.00238856261188146
-0.00269731858011529
-0.00298672433896067
-0.00328107356813375
-0.000800787692019494
-0.00102156060157507
-0.0012544728610105
-0.00147982840619101
-0.00171982446225163
-0.0019593050151394
-0.00219793309121413
-0.0024330852176016
-0.00266345710615107
-0.0028818452918398
-0.00309263325393239
-0.0032939433281674
-0.00347933049484454
-0.0036418986359282
-0.00377824996390394
-0.0038878157697405
-0.00397021337929406
-0.00402500562240215
-0.00405322618791684
-0.000594130536922606
-0.000634041826947959
-0.000671276192391386
-0.000700046820762377
-0.000719433335216537
-0.00072968316891955
-0.00354058229483257
-0.00380654948001846
-0.00404420452565351
-0.00423235222023829
-0.00438301240704592
-0.00448309913332563
-0.00453547896873778
-0.00340717164898454
-0.00351693163143516
-0.00359364133274971
-0.00363185852664469
