0.05
0.0445778938963141
0.0442408122701792
0.0440404504527248
0.0438564496854838
0.0430477974708628
0.0426531187713652
0.0444856729710339
0.043772233798697
0.0431357886871484
0.0432763071637267
0.0437767444786398
0.0443087555907527
0.0451031303854027
0.0458662154796399
0.044565469905438
0.0438106015254716
0.0435640509315002
0.0436921443277002
0.0449539183607737
0.0463251345462012
0.0466423746135689
0.0467927534874949
0.0469044348007427
0.0469682824317274
0.0468084427172886
0.0461205096724512
0.044593724879084
0.041655899212162
0.0366386210705102
0.0297808100064611
0.0220521539457553
0.0444503961912116
0.0437978346202227
0.0430327993796933
0.0425241625252288
0.0422204109823735
0.0420888629017877
0.0420838816123379
0.0421816360037186
0.043912866974638
0.0442855951637362
0.0450369966857389
0.0458454115853796
0.0465750115101541
0.0441976152893499
0.044501276181832
0.0449184875307707
0.0465187560537891
0.0459450515537047
0.0446368385960474
0.0425479950995565
0.0392412387646266
0.0346864022004172
0.0299609634905734
0.0252248148435765
0.0207563526632022
0.0171097922093276
0.0140336889865703
0.0115137882797948
0.00940167665135978
0.00772069385644445
0.0063915681058689
0.00527379774904879
0.00437356144340756
0.00361461665743838
0.00294951686665527
0.00237908444602835
0.0019180298406405
0.00155486767441062
0.0012795942414812
0.00107755811955645
0.000886931843201953
0.000711660796828917
0.000573263379037342
0.000463663122074821
0.000382718852152688
0.000321405921010092
0.000276750429707111
0.000246166921100996
0.000227068368813726
0.000217607891336486
0.0468195747856168
0.0466128976584718
0.0459322634458754
0.0445387240545005
0.0424236912177014
0.0396735593033372
0.0362050531793403
0.0331798552715214
0.0305796610232447
0.0285518403855665
0.0274578367904234
0.0451864828725791
0.0455345912541662
0.0459488622819835
0.0454515060209477
0.0460255896195759
0.0461542909645535
0.0460114033251089
0.046065562209349
0.0461072034249157
0.0463500693543096
0.0466108647784005
0.0462503203632649
0.0451251435972527
0.0430740149451361
0.0392417242241547
0.0335231990228805
0.0281328176158912
0.0233985458113228
0.019019847218111
0.0155626969348894
0.0128003824576141
0.0107696588043211
0.00941379644940719
0.00859561205539307
0.00815381663542546
0.0462605808535412
0.0455788378220116
0.0432583881817621
0.0380379573670402
0.0302142119579123
0.0209323543930742
0.0460628555371078
0.0459577467086425
0.0457705363894706
0.0165930366969332
0.0127122078469704
0.00969507859979126
0.00738189710386241
0.00554850188427477
0.00417292057120859
0.00318001874558791
0.00242167881290872
0.00182019130467368
0.0013541561213348
0.00100738698527326
0.000757273548906106
0.000577705319793908
0.000446537097289629
0.000350633230177429
0.000281321311910013
0.000232086764170909
0.000197362816106145
0.000172603675754725
0.000155764355932365
0.000143578743676807
0.000135341186687812
0.000129762889194921
0.000125833245468967
0.000123750287313112
0.000121948888387748
0.000120865487333031
0.000120151326221517
0.000119704665299869
0.000119437789995931
0.000119267062924546
0.000119161717876884
0.000119111121431554
0.000119080013131307
0.0165252613633601
0.0129602516465295
0.0102278564566674
0.00779681182254413
0.00585394278778899
0.00437074274600363
0.00330216560690762
0.00244888842845286
0.00182404246194719
0.0013568418067676
0.00101484615999763
0.000762166973244086
0.000575975596070138
0.000442599316953108
0.000348250971509531
0.000277871913568106
0.000228452067800306
0.000194879731701281
0.000171549446716817
0.000155104994579148
0.000143953126231938
0.000137137945319929
0.000133848352629962
0.0451547710333799
0.0436417890507604
0.0410960802104271
0.0375878177571796
0.033449515435369
0.0291036864215875
0.0249241144031168
0.0213165579416371
0.0184277068252514
0.016196994685004
0.0145690684465133
0.0135102175347598
0.0129737207201857
0.0452584951761531
0.043930397674216
0.0415687800345102
0.0382056528867611
0.0339727285844909
0.0294313521867397
0.0253030954831299
0.0216441448718174
0.0180299564359428
0.0146337938673657
0.0116832352382708
0.00931727941852297
0.00744744234689998
0.0059039867096557
0.00468884381504387
0.00374565739637115
0.0030612470095904
0.00258061210971347
0.00220300635284495
0.00179252015737378
0.00138960903945605
0.00109713117421832
0.000840618175334472
0.000660244059031165
0.000520821129721904
0.000409217611565372
0.000323594632756875
0.000261796432737582
0.000219498135150632
0.000190950640564754
0.000170682428967788
0.000155844296039078
0.000145996476817148
0.000138773572390672
0.000133323989145233
0.000130068383754338
0.000128466699063768
0.0458735735316222
0.0450314034981597
0.043582986225072
0.0412195235062384
0.0382239678623918
0.034002382653279
0.0296579900303518
0.0257644747263368
0.0217562307810888
0.0183188996318295
0.0160657560417857
0.0130431021660852
0.011247579517712
0.00925133565216281
0.00740743744930005
0.00614786277713899
0.00539499998567723
0.00467501907179631
0.00409536328982234
0.00368594623237762
0.00341181791025845
0.00328249756906211
0.045984196294134
0.0453132150478031
0.0440249809588438
0.0419505944171078
0.0390987165287765
0.0356297544483626
0.0318214611026705
0.0277360679486448
0.0243514545364682
0.0211635480814513
0.0183179740859164
0.0159158830151712
0.0129882923658258
0.0104551252250306
0.00844944575996295
0.00683996726409451
0.00558244443754983
0.00456647314883661
0.00380569831947293
0.0031031584175732
0.0025353820848759
0.00210721838309435
0.00179003633637534
0.00155897963536546
0.00141389475748953
0.00133839092772114
0.0426170280308324
0.0426626484942264
0.0428310893801907
0.0425978651558407
0.0427774560796522
0.0431944963181139
0.0429545563561133
0.043134479756188
0.0433975805470983
0.0429901344566313
0.0437001777850851
0.0448973354151275
0.0459346754066293
0.0465979874152786
0.0469365501008624
0.0467999199781946
0.0459767216637019
0.0443013055977189
0.0413389507326747
0.0372099635032011
0.0324739313644916
0.0275378310115954
0.0219617851363756
0.0164417215809546
0.0127049809944766
0.00927586935604988
0.0070937421385884
0.00532476248616136
0.004059793866453
0.00300746207697969
0.00223111737062734
0.00167790242904895
0.00125761211702692
0.000943034576012983
0.000712571024981311
0.000542154333294025
0.000425596994228926
0.000341722877164804
0.000274066623392731
0.000230074909980832
0.000202048575674335
0.000185026003513014
0.000176650422378815
0.0440414030325348
0.0450408625419743
0.0460638248411327
0.0468236920598823
0.0471519684827104
0.0469675413572119
0.0461115159637165
0.04429353173324
0.041423485629849
0.0377190716784487
0.033971828557118
0.0310637075134322
0.029421726786015
0.0442672332613526
0.0449236369064136
0.0452670573020645
0.0448311226712581
0.0440084686483764
0.0426379533890132
0.0457465439475374
0.0454549755362751
0.0440029824149397
0.0412027909144214
0.0367855429729193
0.0310665467795323
0.0252849054036743
0.0202188165757597
0.0159869564417078
0.012658015958437
0.0100121353591379
0.00789652479833222
0.00623806299738317
0.00490244872200885
0.00385256448275619
0.00302584807687071
0.00238388384772857
0.00187253512464464
0.0014842599656736
0.00119096997051814
0.000964956342781178
0.000772409980715314
0.000618825245594863
0.000505559628457936
0.000427154421285072
0.00038194389003323
0.000356677552499108
0.0412420618054339
0.0380346707822026
0.032895708911546
0.0269345391225376
0.0219160068120855
0.0176176420880767
0.0138693902309473
0.0110890102303335
0.0090832406942524
0.00723849861290127
0.0056596630127346
0.00439685630120698
0.00347154168816254
0.0028186819423947
0.00222140129174469
0.0017472937869797
0.00136605771603737
0.00107404940592915
0.000855015681688503
0.000713164187953247
0.000608957785006439
0.000520185483255353
0.000457331585219556
0.000428925326090159
0.0404808861085549
0.0367613378312822
0.0323955024726755
0.027459803405825
0.0232776223501224
0.019268432628298
0.0159518330802586
0.0136865659257088
0.0119273455783325
0.0104857258436584
0.00952964298825314
0.0089827499351254
0.0435740239944376
0.044182847881918
0.0449692748580302
0.0458581903505381
0.0465345534091125
0.0468855552310956
0.0469364458979981
0.0465848847616305
0.0457595307580874
0.0442599454711837
0.0417943922982114
0.0383795446242389
0.034426965498985
0.029686051289365
0.0246054568130898
0.0201610758181866
0.0166281615452923
0.0137900683181029
0.0115377339102877
0.00983803198480856
0.00865969800384347
0.00791082046183334
0.0074855999263613
0.0434935951482263
0.0439662416786043
0.0445903253685344
0.0453437673792474
0.0460494559207161
0.0465185948655647
0.0466604857996309
0.0463862828692203
0.0455565135876827
0.0439633963472002
0.0413385213544795
0.037694250260002
0.0330259483546603
0.0278508024305356
0.0230854968026923
0.0190305606822906
0.0156314039772881
0.0127897646994886
0.0104387795014332
0.00853808268370424
0.00699086826783548
0.00573753119557117
0.00475538187802272
0.00395787727017885
0.00321108234210831
0.00255532826578655
0.0020260071954797
0.00160336348560066
0.00128002997938028
0.001032142112772
0.000840856285759902
0.00070397699968498
0.000603045659074786
0.000543752574943737
0.000512091949744108
0.0455411488505224
0.0447629673802713
0.0430613929474891
0.0466253960233462
0.0471772045990366
0.0474480973700624
0.0421593861616429
0.0392619147819057
0.0345403802202328
0.0289628020795869
0.0242992622238055
0.0203516491699436
0.0174481941104408
0.0155973742857134
0.014692127641348
0.0394923933964426
0.0336286368363096
0.0261894578581574
0.0184428623505496
0.0150087389465858
0.0123636103569839
0.0100274187136232
0.00808503131476752
0.00654786406584045
0.0052724340878781
0.00423823754845765
0.00340247912161976
0.00272497670483186
0.00217909582905163
0.00173640478561521
0.00138164131925209
0.00110329026583153
0.000892085264980415
0.000732548930978415
0.000599285400752601
0.00048554958836674
0.000397564229661861
0.000329044255721382
0.000276681173346886
0.000238069823970817
0.000209819200838841
0.000189049060535347
0.000174791557792636
0.000165982591797026
0.000161602901948579
0.0151094068398104
0.0126365471554961
0.0108708258600767
0.00918107699365429
0.00842029140490588
0.00788829147912219
0.018453064010938
0.0150055297789813
0.0118148547054554
0.00907213760639081
0.00689116250818915
0.00520935551693176
0.00393199316389675
0.00296300468729058
0.00221559630042435
0.00164631885749654
0.00123403491895572
0.000940376182270831
0.000716586173029481
0.000545903635397874
0.000423620815601582
0.000335124422673675
0.000271207968148395
0.00022546580626759
0.00019301744056689
0.000170179716358818
0.000154190350159115
0.000143012392241444
0.000135258250672349
0.000129952897164444
0.000126369197578976
0.000123993482051359
0.000122478337777656
0.00012159260037718
0.000121173182410056
0.0176476067686394
0.0142303137116237
0.0112642049399724
0.0088255658000393
0.00687289743119756
0.00543357561808151
0.00431962160422139
0.00335143929739412
0.00256717951844197
0.00199905692278868
0.0015883908710443
0.00126402262265935
0.000997612609613884
0.00076478358911717
0.000585735544901302
0.000456816369580329
0.000362439230716205
0.000293896876534556
0.000243831931494719
0.00020651143732952
0.000180853722872332
0.000160551111158156
0.000150002097002183
0.000141501657961816
0.000134068882163679
0.00012930036637037
0.00012595566812516
0.00012358088667665
0.000122081439602992
0.000121109575215276
0.000120539320698645
0.000120264477875125
0.0423527588438302
0.0426742986273885
0.0430134915405294
0.0432252509042122
0.0432018210072624
0.042326185672416
0.0429146309957203
0.043923349212987
0.0447801964508151
0.0455978553833069
0.0462886215122138
0.0466677985972532
0.0467974290559748
0.0466304322162784
0.0459686225624687
0.0447484356046239
0.0427069211654341
0.0396832167008561
0.0357368145671955
0.0313107611579884
0.0269597620378828
0.0229730870457403
0.0197633894428743
0.0162168786765809
0.0132731177347935
0.0111258682100364
0.00939943836964363
0.0080481525782211
0.0071087765921718
0.00653879462970847
0.00622388269035855
0.0419762314489038
0.0390802719867334
0.0334557730335052
0.0439739189977131
0.0443968718395705
0.044053974218151
0.042400690653352
0.0289435190226918
0.0252727151160555
0.0223583457615785
0.0320098964396862
0.0290419606915436
0.0250255218234343
0.02160689515587
0.0171150577726151
0.0210783385162634
0.0182640442869044
0.0145609058280632
0.0109463343638344
0.0192335844458472
0.0163997903493465
0.0136435326698946
0.00918122095521173
0.00746401877404015
0.00589389132366912
0.00471557177867014
0.00369828805421339
0.00286099295265962
0.00222739016627908
0.00170009707074581
0.00128356684274366
0.000960448253300675
0.00070731770180591
0.000477086342763474
0.00921466994708387
0.0076364990595042
0.0061759473282732
0.00522851295081899
0.00417891843918532
0.00348405295690034
0.00277273846278465
0.00218595016640228
0.00176456237172601
0.00142096388426146
0.0011348178740268
0.000902818372966851
0.000733922020983217
0.000604016244702335
0.000486253442673224
0.000399518514526361
0.000325961083174592
0.000273936577351501
0.000233052818909934
0.000202252951078213
0.000180890331306529
0.000165168494490686
0.000154204177502537
0.000147985646621527
0.00014499650783616
0.000382676118391832
0.000311805868220737
0.000260903443467116
0.000228688741681831
0.00020302674392794
0.000188649067503035
0.000181113070575578
0.000382943842087323
0.000312622258062675
0.000259402154063258
0.00022192924875089
0.000193950135709946
0.00017281628631624
0.000157363174844362
0.000146098941992328
0.000138065541100188
0.000132398227880964
0.000128242070323495
0.000125266428235791
0.000123223328432177
0.000121884134546263
0.000121022452331388
0.000120446405967862
0.000120093943725559
0.000119929038441708
0.0125706668153365
0.0114058594241636
0.0101376786337991
0.00881119284339539
0.00756106209622246
0.00646241054539267
0.00549849535985304
0.00465434703805379
0.00391615756926564
0.00327092794415549
0.00270637004031485
0.00221062085057616
0.00177278545047665
0.0013630751028037
0.0122995311463684
0.0109865457803805
0.00973227226908326
0.0085576282406641
0.00758309934542259
0.00669210293017145
0.00589260692604718
0.00520409743654954
0.00460150031873461
0.00402546816702355
0.00346699525662979
0.00297441492242552
0.00258054747312854
0.00226850504697789
0.00203833318559605
0.00186082142766476
0.00174876856370351
0.00168674425272306
0.00114852981498277
0.000976794455523746
0.000835410352033804
0.000700697763457669
0.000596658436915226
0.000519328505172564
0.000441133371656313
0.000363713413878239
0.000301894984097516
0.00025693689989498
0.00022417168905315
0.000199279487885226
0.000179499484912028
0.000164344300389254
0.000153545228860976
0.000146584936013974
0.000142253223540445
0.00013993752848958
0.0011518397210974
0.000980350345028611
0.00084054027518001
0.00072488078900226
0.00062684595495785
0.000542226595597666
0.000471558881931437
0.000416992197943399
0.000377892390528799
0.000352745246476045
0.000340069563450683
0.0146504614631902
0.0122229491098633
0.00991585318852464
0.0080446783929686
0.0065305152949948
0.0052489131392473
0.00421114415737891
0.00329479011255362
0.00254677421145096
0.00192308282693667
0.0013629070212959
0.0146324407538501
0.0121144209907228
0.0101323725983287
0.00823840998989926
0.006867865620747
0.00549861485585436
0.00447080863182605
0.00367068711564047
0.00298052589654744
0.00260715067438585
0.00226199894727382
0.00205142117377503
0.00194767331415667
0.00108139243708338
0.000872455022124791
0.000713675972811697
0.000576666817784987
0.000478691962357746
0.000403431237992266
0.000354059641331284
0.000319273066676377
0.00029971525430839
0.00110132281461394
0.000891202500174603
0.000723276191032124
0.000589224792757089
0.000482444173680451
0.000398568401698031
0.000333145373255637
0.000281586111350305
0.00024209151250164
0.000212139620777555
0.000188507457835878
0.000170869095618182
0.000157752895898651
0.000147863870754006
0.000140467744643182
0.000134722125888876
0.000130312240769101
0.000127138384977299
0.000125035490930467
0.000123590504618174
0.000122682474456462
0.000122252458826994
0.0411638288624753
0.0384768916522354
0.0345048518023896
0.0299764477819114
0.0255053881834253
0.0213536781075584
0.0174235005138374
0.0142379802032649
0.0122738346506976
0.0101379863926186
0.00810106669078231
0.00662863214945986
0.0053548538668529
0.00422697010738379
0.0033200253829348
0.00250557503753555
0.0408688812886966
0.0380447463505763
0.0342370105016901
0.029981208155976
0.0256545655649384
0.0215124054360982
0.0176590633325882
0.014179608751566
0.0112463349033019
0.0089126097731043
0.00712861055219458
0.00577514373130315
0.00464640326938459
0.00343769996244482
0.00206281470759738
0.00163133111620512
0.00128962434858023
0.0010328286258649
0.000815729219317258
0.000655786355738943
0.00053223198567804
0.000420753239354451
0.000347012896067543
0.000290001569096753
0.000248410112974372
0.000216744638517086
0.0001940922241951
0.000178626495103815
0.000168810913957658
0.000163893816726929
0.00205236197315789
0.00167603702802254
0.00134477916907543
0.0010897251864257
0.000897103724124905
0.00072468236816216
0.000591523804492421
0.000493971065470311
0.000421478347000738
0.000364533982924606
0.000318511921959444
0.000282491711842969
0.00025711203224716
0.000243613878293476
0.00280175746861318
0.00232217520897129
0.00193269848055064
0.00159607143595016
0.00131871705332709
0.00108817373327336
0.000905948651366748
0.000754782361122551
0.000623296437425253
0.000514367448849129
0.000428676906660489
0.0003604943449443
0.000302990218832468
0.000251535465971133
0.00291757142061803
0.00244998407373603
0.00209521486397002
0.00177655408962135
0.0014435952477879
0.00116328357426166
0.000958081939196358
0.000777205830942774
0.000628259356440869
0.000510766618744892
0.000417800842801518
0.000350863387459361
0.000294980362655704
0.000251323464054208
0.000217700644843079
0.000193219255194081
0.000174650876227648
0.000159984564207724
0.000149157453319438
0.000141175729580889
0.000135215257940114
0.000130769361367949
0.000127481464613744
0.000125091572363781
0.000123360057926525
0.000122075781382351
0.000121148763992278
0.000120497264771561
0.000120014098649127
0.000119656000228494
0.00011936402031517
0.000226268165181752
0.000204486403135046
0.000185775236336805
0.000169899376686716
0.000156837802999121
0.000147191363067347
0.000140591328989746
0.000135345527647391
0.000131100024872767
0.000128001922801866
0.000125648362860207
0.000123934373675286
0.000122628776879086
0.00012160005873927
0.000120876984775719
0.00012037173584277
0.000119966867369812
0.000119667095384372
0.000119460290439928
0.000119321057876013
0.000119222927491403
0.000119149963195465
0.000119098327989438
0.00011906312309616
0.000119038223399142
0.000119019263341118
0.000227177662915564
0.000210621688901027
0.000200204683213996
0.000119009253860855
0.000119001781612296
0.000118996510478754
0.000118993128994041
0.000118991053840053
0.000118989666401592
0.000119008241717727
0.000118999826079261
0.0001189957983023
0.000118993683782315
0.000118989080166137
0.000118988790957896
0.000118988655222621
0.000118988598698348
0.000118989129535871
0.000118988867739565
0.000118988763433146
0.000119235464023146
0.000119150279088624
0.000119096264416867
0.000119058695793542
0.000119031044814757
0.000119010758300314
0.000119237476351558
0.000119155469328001
0.000119099786258299
0.000119062186661564
0.000119036754232622
0.000119020738211872
0.000119009178093215
0.000119001920019596
0.000118997090765438
0.00011899394895206
0.000118991966982747
0.000118990673155997
0.000118989860785948
0.000118989333270225
0.000118989001911197
0.000118988796990315
0.000118988654475581
0.000119002668229872
0.000118997976788291
0.000118994696805143
0.000118992600553141
0.000118991140123465
0.000118990194933827
0.000118989581900335
0.000118989186428026
0.000118988931012643
0.000118988769241615
0.000118988663851733
0.000118988595551211
0.000118988552415333
0.000118988525904827
0.000118988509816522
0.000118988500092186
0.000118988494330261
0.000118988491137882
0.000118988489678576
0.000119002381647441
0.000118997453505144
0.000118994164043848
0.000118992231120782
0.000118991163834042
0.00011899066711973
0.000118988586271007
0.000118988541838039
0.000118988515949448
0.000118988501983265
0.000118988494025077
0.000118988489994457
0.000118988488239607
0.000118988581549469
0.000118988537433986
0.000118988514515055
0.000118988505140955
