0.05
0.0368727814929149
0.0337882054402963
0.0285789024714851
0.0350590689820443
0.0324747658062025
0.029462564779232
0.036862689068918
0.0342698408906858
0.029753498960977
0.0265320960085943
0.0239121964720906
0.0219313324130988
0.0193011595586094
0.0161711575831182
0.0370073518622833
0.031139441630371
0.0257968259893488
0.024994986615045
0.0216490754524708
0.0183252505141178
0.0175499908765342
0.017156470736017
0.0167959044267419
0.0163341553719467
0.0156911354976792
0.0151368179359453
0.0149266848792195
0.01508565438707
0.0156248733883274
0.0165547066381727
0.0179434207609858
0.0367731320274031
0.0350825734226517
0.0328569432545939
0.0310627973409088
0.0295886569871882
0.0284498432698317
0.0275421225611726
0.0266308212348879
0.0258837348928329
0.0232562864120415
0.0202790086229962
0.0174938699045364
0.0143134491261303
0.0254052232168027
0.022606953866411
0.0198440689959682
0.01308389541896
0.0118593095563246
0.0107533029815697
0.00987374393214138
0.00909542174477908
0.0084353241279819
0.0079521789646164
0.00758503914031169
0.00733492964412201
0.00722634873151122
0.00724895377556079
0.00740696477212036
0.00771396232921752
0.00816053341778946
0.00873684590216081
0.0094938714513849
0.0104242793289302
0.0115841893909876
0.0130387931933175
0.0147728979103552
0.0166791281027887
0.0186968367562174
0.0207368609491425
0.022691528408207
0.0250609405385664
0.0277912097087339
0.030394317104731
0.0328287775019049
0.034907280222381
0.0366908162655757
0.0381325092224939
0.0392032425127297
0.0399117046824424
0.0402754852782247
0.0128627491870867
0.0118429218094952
0.0108537891939897
0.00991165142259907
0.00912350125310862
0.00847062766324403
0.00788595367775089
0.00747497117823664
0.00716374704770962
0.00693872296515751
0.00682186688918161
0.0183394237621253
0.016541297495265
0.0142814357408829
0.0168211331876819
0.013444627400901
0.0103191032513802
0.013704490510753
0.0130781436095037
0.0123933429711107
0.0126492745276826
0.0103191847616373
0.00779695523193458
0.00612012791592056
0.00474064841836263
0.00334530994376079
0.00203827813457856
0.00105529067431156
0.000252116496448129
-0.000492381813916368
-0.00110413690821361
-0.00161793466810949
-0.00201390759593015
-0.00228869676721398
-0.00245930987800744
-0.00255321158734803
0.0118198281474228
0.0113551219825107
0.0111701455190142
0.0114483325571381
0.0121812351517381
0.0135061436972324
0.0114420078981245
0.0105654650625811
0.00967181148720943
0.014369218871874
0.015880859260169
0.0179163570424108
0.0204100461380207
0.023399239860941
0.0266150542679624
0.0297413687289675
0.0327994431189853
0.0357872898820316
0.0384806558207168
0.040544773625821
0.0416550525320927
0.0415381081564341
0.0398447675591054
0.0362076979518803
0.0308904756270805
0.0250878915601768
0.0198093931536326
0.0153112163740637
0.0117455396444563
0.00872891742963583
0.00631928542666655
0.00436939016079457
0.00269219285720926
0.00162075162167081
0.000477255909591686
-0.000389120439131242
-0.00111295847178996
-0.00168919389232221
-0.00212147683367328
-0.00246415109382095
-0.00272184105283383
-0.00286393364304819
-0.00296205796084073
0.0145368061999081
0.0161201311863909
0.0182194921178882
0.0212429447442361
0.024814940724401
0.0285980070707816
0.0321465235611381
0.0356614697604444
0.0386516570943694
0.0409689840240542
0.0423151031884855
0.0424118523687227
0.0408321802478412
0.0372148069920421
0.0319329105570214
0.0258114897630364
0.0203253358714777
0.0160212681179244
0.0126949418552472
0.0101227162508734
0.0082260846119369
0.00698297949570282
0.00635290161116224
0.00803674468431916
0.00656049439214702
0.00526398226134096
0.00414770363941761
0.00318314211804228
0.00233577017830298
0.00158439681214232
0.00094645629063925
0.000426689087387347
1.32470754762238e-05
-0.000297842910211739
-0.000505367128476317
-0.000612311084834646
0.00873196118898409
0.00790941066608523
0.00723224330311053
0.00673551153922367
0.00638882493105748
0.00619230307205716
0.00614598827065821
0.00624033781221306
0.00651518984064718
0.00700875860904225
0.00771723025340823
0.00861081360771147
0.00968661211243172
0.0109984879905251
0.0124856428338673
0.0141389500287183
0.0158833396467723
0.0176743287527957
0.0196978729301688
0.0227695879195054
0.0267046141925022
0.0302366923227543
0.0339928526734435
0.0370761508815791
0.039723566945365
0.0419179631237901
0.0433870558276472
0.0438471615151187
0.0431482846128335
0.0413006011451144
0.0383144994643454
0.0343247409926214
0.0303246252555999
0.026460330323177
0.0229629698592355
0.0206443570645939
0.0194357348947459
0.0090425519139947
0.00800967908471909
0.0071555055327745
0.00638523135146732
0.00579118664443026
0.00523987823576503
0.0048341586274228
0.00455632164198461
0.00434435436185608
0.00422686012608856
0.00418832262068389
0.00420491633520392
0.00426607690780381
0.00440120471197776
0.00461357046851484
0.00482488212919843
0.00498454778626877
0.00516852962890883
0.00534317524056599
0.00548307647157176
0.00558572686842157
0.00563681665556948
0.00924871892787602
0.00832483137325548
0.00753160310899939
0.00686905859678786
0.00635927421835646
0.00598746813869926
0.00573737068021053
0.00559563321278728
0.00557738811780032
0.00567653032957391
0.00591679360492678
0.00627925499715326
0.0069561476220472
0.0078026885942506
0.00874705742426154
0.00979508364469206
0.0108908918144515
0.0120399273703984
0.0131237048866413
0.0143815725291415
0.0156569374280482
0.0168213725371308
0.0178151146157284
0.0186212144166269
0.0191670345794421
0.0194649819861909
0.0286126796184655
0.0275569188941539
0.0261204872267931
0.0278511639370038
0.0262209004169368
0.0243900470022711
0.0254616603867476
0.0246238788071824
0.023505737975976
0.0249622143144127
0.0231297613037195
0.0207448745095652
0.0186868489388925
0.017076829595455
0.0155813659485758
0.0141580007065784
0.0128980946425158
0.0118702822167624
0.0109690830756601
0.0102421290225478
0.00967535792776056
0.00921907190188498
0.00878884659232286
0.00843657832280969
0.00828263185683069
0.00829462212160822
0.00848766285689501
0.00889349564216337
0.00948301184467797
0.0103922098649153
0.0115898572181816
0.0130238454130335
0.0147772457946053
0.0168280908269907
0.0190887034550884
0.0215065009899895
0.02377203977522
0.0258953971471121
0.0280848028467886
0.0298310303330441
0.0311269049978822
0.0320047363650067
0.0324677608538507
0.0222284578188544
0.020748667963436
0.0192542632393617
0.0178473690114963
0.0165939574924156
0.0154483018139849
0.0144203230848064
0.0134990468557856
0.012739599552386
0.0121250738883319
0.01166255139037
0.0113568182036136
0.0111969787425082
0.01960122404644
0.0165037702032145
0.0133042044644826
0.011924143656836
0.010608557485705
0.00932957222355159
0.0124305235903878
0.0118057245614392
0.0114625534284663
0.0115299867619267
0.0119936830164672
0.0128830410487458
0.0141743521585559
0.0158433902665928
0.0179093563425024
0.0202606247895806
0.0228644188927545
0.0256645541693486
0.0285144029073618
0.0314097844306027
0.0342115817825644
0.0368647370160833
0.039278850486297
0.0414700033822973
0.0433083408196434
0.0447948243332733
0.0459773671387589
0.0469722470298508
0.0477164617994042
0.0482062382028793
0.0484978807812853
0.0486427464421451
0.048713692767967
0.00925780789170535
0.00949101605211866
0.0101107163241544
0.0111328213627119
0.0123888594490017
0.0139778844929632
0.0160613122113939
0.0183235374487144
0.0205552084080487
0.0232845200952343
0.0263691460784518
0.02955038892204
0.0324441533749704
0.0348733481545257
0.0374808131585863
0.0398800278521205
0.0420657808536183
0.0439048999803036
0.0453674404496287
0.046336863314386
0.0470510190101043
0.0476521497863423
0.0480679687335216
0.0482519674627948
0.00754722906208079
0.00593263237427119
0.00464681166495531
0.00347211206852378
0.00255632977721241
0.00169202760264904
0.000960398586514075
0.00044266056821117
2.52277423189221e-05
-0.000328802576008797
-0.000569299206804759
-0.000709205092735826
0.0232255421887179
0.0217430474732686
0.0199284107800715
0.0177581096767499
0.0157412364832605
0.0140871868989034
0.0125094621888965
0.0110270898069431
0.00971457684897171
0.00846934427986295
0.0072793942465562
0.00621450283150092
0.00529655579688288
0.00436332267884662
0.00341525005725973
0.00256794988788115
0.0018559468319283
0.00124567028922045
0.000729383315098295
0.000316967057854566
1.77987827463517e-05
-0.000178633612983662
-0.000292761965196386
0.0233343046647686
0.022074578861083
0.0205763530808257
0.0187622758641396
0.0168404087734929
0.0150568645992461
0.0134612435680658
0.0120226818640883
0.0107421954247521
0.00961209485725385
0.0086193870395888
0.0077830822161068
0.00703757032312901
0.00638597054703825
0.00586492664624979
0.00546452532159418
0.00516666189507351
0.00496271446217424
0.00485125137854085
0.00483093690923648
0.00489729972946383
0.00504708709407212
0.00527201711188366
0.00558258768274945
0.00603909789433338
0.00661270751658145
0.0072543767718557
0.00794841322597169
0.00864694979880331
0.00932899757678934
0.00997970565162469
0.0105345584149072
0.0110065990888338
0.0113128868213643
0.0114874273758132
0.0147382653541791
0.0130548752104266
0.0110028200739449
0.0156397354689069
0.015224245273526
0.015010788007187
0.00960038760555192
0.00825659065152891
0.00707013250057698
0.00605275979553159
0.00529364346094946
0.00466352979961616
0.00419049844076442
0.00388024010965659
0.00372520678701052
0.00944717030012815
0.00822021595805036
0.00721314461739554
0.00639132701035218
0.00692604264965501
0.00757630285484337
0.00844258187710251
0.00951949804406108
0.01076972890557
0.0122708108222129
0.0140183901859169
0.0160183585099842
0.0182763361016533
0.0207565962607344
0.0234300166997426
0.0262051187303319
0.0289669176349906
0.0315842965740015
0.034016639013287
0.0364822081739327
0.0389847452548972
0.0412258111932255
0.0431887576788317
0.0448223014986796
0.0460876696453905
0.0470287992428636
0.0477142737989836
0.0481726130122885
0.048447160220373
0.0485802942750138
0.00524216430079877
0.00435814607184724
0.00370311741142467
0.00305056101432541
0.00274914996329129
0.00253417577398138
0.0186718439802438
0.0199830132001232
0.0219698820792625
0.0245297668046887
0.0274224889894018
0.0304564276827461
0.0334624967227767
0.0363148182071495
0.038935884794959
0.0411327690096925
0.0426161901689696
0.0432315828698877
0.0428243457141914
0.0409488014390374
0.0373121087222519
0.0321080361361559
0.0263140132943704
0.0209330812981617
0.0163918817738479
0.0127106429117156
0.00976722997011334
0.00741786780256197
0.00555454793913201
0.00409766235734655
0.0029776657256415
0.00214024776782739
0.00154709930921657
0.0011706049465115
0.000982332813808978
0.0191684758850229
0.0206581602606111
0.0225663915788027
0.0248058626595138
0.0272715511194794
0.0296564240610642
0.0319818925476873
0.0344921789093212
0.0369822767324595
0.0390992780574396
0.0407924537046493
0.0421621223591359
0.043118118866703
0.0434485447710702
0.0427485768437098
0.0407348771766533
0.0370966389553981
0.0320805794750723
0.0265541107732166
0.0212219705095578
0.0168734052480972
0.0128858570186777
0.010559844986599
0.00847340407422046
0.0063675491768725
0.004780017855758
0.00349343936150793
0.00244330055256576
0.00168941737365084
0.00114248994608326
0.000791252284347761
0.000611178481490134
0.0258521611612486
0.0248323532285612
0.0237254900925132
0.0226099043203663
0.0213733943802803
0.0258415604206353
0.0239085652978001
0.0210596652623109
0.0187355853753801
0.0164385238305522
0.0141886870275695
0.0124201630740535
0.0107971540127919
0.00912614093499937
0.00740692229410952
0.00600777913645242
0.00473749559002326
0.00358932096282068
0.00255340080474225
0.00163416573552389
0.000829166953411009
0.000115692954788447
-0.000468867764527086
-0.00114335078180725
-0.00173538965980022
-0.00219063090055135
-0.00257440172035702
-0.00288770762685886
-0.00311296041916147
-0.00325284385782247
-0.00333134559851915
0.0200439466764993
0.0177511496975149
0.0147414248679428
0.0209041028758639
0.0200494559141363
0.0188622201085177
0.0174180273053107
0.0131444266852162
0.0120008580867127
0.0111455562746549
0.0136884604089917
0.0127007263523658
0.0116568018298693
0.0108152763814995
0.00968775852229673
0.0107459861224311
0.00987911873626633
0.00868028073881603
0.00741174370037844
0.0102764043670646
0.00947374514209347
0.00865630573849486
0.00679067953409485
0.00608838418205287
0.00533980171961764
0.00468164378788514
0.00401053855543742
0.00334745563516146
0.0027423159778064
0.0021313593018243
0.00154219275126071
0.000987504906734652
0.000468494426125485
-8.52104450667129e-05
0.00671406626681771
0.0059913800899898
0.00522496396739562
0.00465951499403864
0.00394104211655867
0.00339315733618436
0.0027431385853288
0.00210815649624837
0.00157016049274536
0.00105492736151262
0.000547832035880917
5.65693130417333e-05
-0.000374032740673922
-0.000773610898235331
-0.00121236879509188
-0.00159825799520582
-0.00198900857679534
-0.00231723148443077
-0.00262118209495232
-0.0028895138849849
-0.00310376170299791
-0.00328220121880115
-0.00342058672421621
-0.00350524291429872
-0.00354787442242669
-0.000308865062146848
-0.000512728249655123
-0.00068737900462034
-0.000814308513625356
-0.00092836811938667
-0.000998058843777233
-0.00103672674224365
-0.000367810397338183
-0.00063670163496532
-0.000904404831564618
-0.00115628243980276
-0.00140991747724405
-0.00167228635466297
-0.00193741821376832
-0.00220492161894309
-0.00246748343394062
-0.00271895368093249
-0.00296704230353059
-0.00320399654845535
-0.0034169885807808
-0.00359388080523995
-0.00373236708569411
-0.00384121944503152
-0.00391680523649218
-0.0039551493149245
0.00823419428465172
0.00772729715347883
0.00711675369772947
0.00641260400702736
0.00568310173120557
0.00497707774562939
0.00429403773661059
0.00363399198576581
0.00299716807938181
0.00238377330132289
0.001793877329103
0.00122701861266411
0.000682732596824057
0.00013410115163716
0.00833327367063334
0.00799632910939454
0.00765404944345652
0.00731359817068063
0.00701358696965809
0.00672134325362743
0.00644010530571754
0.00617942135195237
0.00593437520881376
0.0056841656744656
0.00542653770812598
0.00518669210746529
0.0049855720359542
0.0048194713599617
0.00469259347471481
0.0045919081093656
0.00452706238183963
0.00449068239231929
-0.000242054489872182
-0.000587933910828951
-0.000909843128551113
-0.00126042743780989
-0.0015767186140509
-0.00185307016832588
-0.00218375924323747
-0.0025735398404281
-0.0029424477060619
-0.00325737853993478
-0.00352318285403461
-0.00375444186709385
-0.00396370172414799
-0.00414506888076224
-0.00428914466595635
-0.00439024012861822
-0.00445716075445405
-0.00449448867634511
-0.00010893062228151
-0.000323183808295079
-0.000512654282101483
-0.000682445964207957
-0.000837988712560726
-0.00098239395457779
-0.00111099216174194
-0.00121581515377527
-0.00129426945525988
-0.00134637415499062
-0.0013731784687393
0.0088919625320896
0.00801174033425956
0.00705880959651317
0.00616886247585076
0.00534031737111761
0.00453255693846124
0.00377972796822354
0.00301339115131311
0.00229379892705444
0.00161078809512207
0.000922380396970768
0.00916268269141629
0.00857327913520776
0.00806123311727456
0.00751981846702278
0.0070890522664051
0.00661584037372548
0.00622688032310439
0.00589937759859551
0.0055953353923079
0.00542213637987438
0.00525494783744913
0.00514952500268939
0.00509653107324199
0.000647908942262945
0.000413869671305328
0.000213107380645318
1.81530918526757e-05
-0.00013696030168258
-0.000267691225203462
-0.000359922779413303
-0.000428722380045719
-0.000469070440252498
0.000483895386498975
6.60247452073663e-05
-0.000333159651344577
-0.000716984499759945
-0.00108821549808761
-0.0014447081322731
-0.00178635957526675
-0.00211918605523706
-0.0024355873482368
-0.00273314708297756
-0.00302490384889141
-0.00329525412036298
-0.00354397773261654
-0.0037764837458623
-0.00399202483494675
-0.00419765472548848
-0.00438837118884133
-0.0045517000963028
-0.00467697263634819
-0.00477400580566866
-0.00484092362108916
-0.00487453284391816
0.016664390637941
0.0157203555684878
0.0146762349238167
0.0136322558751433
0.0126107942912304
0.0115932511359062
0.0105045468090105
0.00948000334566705
0.00875972093744662
0.00786843217573538
0.00687678605587761
0.00604518083859943
0.00522003388774605
0.00438224502227907
0.00361727479423899
0.00284898970195448
0.0167809055597565
0.016045824924473
0.0152728244559111
0.014495299256242
0.0137055131509505
0.0128934391188208
0.0120427314776535
0.0111525044761116
0.0102738721891424
0.00946151484128728
0.00875364029795291
0.00815604362930361
0.00761220721345834
0.00698172209417721
0.00233735288056929
0.00174908022203257
0.00119973962847684
0.000715604195093393
0.000234538369330997
-0.00018101401268454
-0.000554431016319356
-0.000951080533649802
-0.0012574497842869
-0.00153013945939998
-0.00175657289416274
-0.00195055714869397
-0.00210443055820144
-0.00221870199040257
-0.00229599854134103
-0.00233636934820063
0.00242544732246847
0.00202137688909684
0.00161452833581604
0.00125791339251583
0.000954284084425843
0.000647341029549294
0.000379811800244937
0.000160980538641809
-1.84402967834606e-05
-0.000172552418278558
-0.000307819170100198
-0.000421829070576795
-0.000507179168922686
-0.000554453113165329
0.00650621148596982
0.00609975713290026
0.00572756908820328
0.00536466261859769
0.00502696116455813
0.00471005314775102
0.00442824408472841
0.00416610285636765
0.00390983276865965
0.00367089752749407
0.00346060805722532
0.00327527805579774
0.00310372750346438
0.00293711087048167
0.00682176291747963
0.0066718027999048
0.00655536606221117
0.00645100261279276
0.00634611244886403
0.00626639879577984
0.00621994847434059
0.0061962985106192
0.00619835058621416
0.00622478792909655
0.00627366824408715
0.00633518843516
0.00641543607095417
0.00650831347341604
0.00660938392795703
0.00670830010791912
0.00680475089964609
0.00689945335075323
0.00698244337853497
0.00705066323782364
0.00710291740453515
0.00713790109594931
0.00715564106294745
0.00715887077105864
0.00715402733161233
0.00715124614305203
0.00716675179334095
0.00722002498374722
0.00733740666132656
0.00754673340553161
0.00789896368108547
0.00283951250362791
0.00274612023034065
0.00265674807265306
0.00257179882851751
0.0024928074473873
0.00242638672218045
0.00237458207772839
0.00232715789874269
0.00228176407270502
0.00224163476021883
0.00220389677722626
0.00216914984580146
0.00213489925288347
0.00209916423735572
0.00206650683929545
0.00203801426141919
0.00201063368743554
0.00198871279105954
0.00197687962272284
0.00197783281192694
0.00199384723844389
0.00203085176373361
0.00209405674585368
0.00218474885162223
0.00230795435369683
0.00247684894383749
0.00286764703428716
0.00281744954368614
0.00278432432492283
0.00305002494147939
0.0038334398044414
0.00481247701715321
0.0058941542228919
0.00701709169909501
0.00821247305050487
0.00209758221394777
0.00168286948209414
0.00142815826579442
0.00126707099234761
0.0093222592826798
0.010248472890389
0.0109032889192421
0.0112616035707395
0.00844437284710945
0.00860560275034071
0.0086862381204843
0.00842951159970239
0.00915917975094368
0.0100471585357492
0.011158766994726
0.0125927678845152
0.0143151859466497
0.00791921767372808
0.00813065267476789
0.00854957696589982
0.00919188897989802
0.0100858380668317
0.0111603286427714
0.0126095871926564
0.014283668585938
0.0162814553855705
0.0185822658631879
0.0210813077645652
0.0238263665832882
0.0266524488260421
0.0296028508448017
0.0325214171941835
0.0352543435841045
0.0380017777433314
0.0168836167238151
0.0192793284778152
0.0219251780500879
0.0245469405458791
0.0273505471347914
0.030111069182606
0.0327918069726684
0.0353447730074653
0.0377457967831151
0.0399156458935302
0.0418934367630064
0.0436529355454688
0.0451380631187436
0.0463141978651723
0.0471967620114805
0.0478302824438836
0.0482593811815431
0.0485213029413753
0.0486486016181826
0.0136407117992901
0.0132105274230261
0.0129123939997488
0.0127378360604503
0.0126442768578149
0.012602264991142
0.040161700225861
0.0422864690029154
0.0440802841244728
0.0454040343295
0.046385332143585
0.0469921371110735
0.0472934502949451
0.0393949448635903
0.0406204914237206
0.0414851703598105
0.0419178059731401
