0.05
0.0375412782691016
0.0350439378429362
0.0309828321544834
0.0358815130298817
0.0336197225704295
0.0312517703063373
0.0374874257373607
0.0351642979466329
0.0313803852733146
0.0288721909613359
0.0268767651543518
0.025320107507081
0.0231132001422136
0.0202020619588416
0.0376664161582859
0.0344368060931587
0.0320270081312238
0.0318226290906847
0.03161664357728
0.0314679833577557
0.0313579692399192
0.0311992891343142
0.030866316332837
0.0300043448893627
0.0278235638927199
0.0245697984411399
0.0212521277216752
0.0181211307504543
0.0152472976584754
0.0126319396010358
0.0101306796798585
0.0373853269785199
0.0357058948854094
0.033501610818905
0.0317222273340895
0.0302464511896982
0.0290840875797851
0.028127419300098
0.0271273305671354
0.0287999281924242
0.0266265426307827
0.0240180047927114
0.0213672884476784
0.0180805810111287
0.0285850282362789
0.0264479632407951
0.0242707919922908
0.0165776688238936
0.014963855118103
0.0133932329371729
0.012042117514173
0.0107310852562038
0.00947622675041405
0.0084011130206084
0.00738788814081053
0.00640819985310414
0.00554553166129744
0.00474253823222406
0.00400897680881263
0.00331922947969685
0.00270220848015748
0.002154371328548
0.00163387882602037
0.0011563645602798
0.000695733430467034
0.000233278384906973
-0.000220898468558812
-0.000641674600698503
-0.00102392796041789
-0.00136161474157007
-0.00165162253772674
-0.00197390501091734
-0.00232279170092745
-0.00264277167565388
-0.00293459791222429
-0.00317971350885001
-0.0033878316305092
-0.00355507239993583
-0.00367903615411236
-0.00376109441291967
-0.00380327799731914
0.0167111475538463
0.0156981624063814
0.0146803190685362
0.0136834785804701
0.0128329676362872
0.0121189751536147
0.0114733453274265
0.0110166828711379
0.010669467450084
0.0104177212505509
0.0102867729725764
0.0230522767797376
0.0215017482332839
0.0194469089598908
0.021708396674059
0.0184687671901692
0.0151346915397937
0.0188653769870542
0.0182239017070986
0.0175125875124965
0.0181659257468252
0.0161656655035563
0.0138331782804817
0.0121874335564067
0.0107703914114882
0.00927735720589472
0.00782317072983218
0.00669211615903533
0.00574120909638068
0.00483550479192859
0.00407252561103979
0.00341765156437441
0.00290370125722015
0.00254192945522956
0.00231497058829728
0.00218918938471326
0.0162901492867412
0.0144959856802775
0.0123141488314884
0.0102141646122285
0.00841081957122501
0.00664372929663172
0.0166130256094053
0.0157674665190409
0.0148899612248047
0.0058244886044895
0.00505518410856679
0.00442560017968196
0.00392902643662779
0.0035429003419177
0.00328565894378409
0.00315446140773696
0.00313257336342708
0.00322932683115224
0.00346680484410608
0.00386088792755878
0.00441735974322513
0.00514688513823704
0.00608601669606273
0.00727916776980455
0.0087680804421889
0.0105801314548925
0.0127441252313444
0.0153297646869053
0.0182035914358562
0.0215317040733349
0.0250370288422318
0.0286124647901549
0.0323691449670032
0.0351500261573691
0.0385233537916755
0.0413390319356523
0.043811157133826
0.0457658161085676
0.0471415857460046
0.0481176587625433
0.0487508088152514
0.0490565268305657
0.0492436831804934
0.00579433336242265
0.00506522606717757
0.00446336009279229
0.00388707300009938
0.00340141015074127
0.0030227263119057
0.00275891688512791
0.00257498412722192
0.00248568621045961
0.00248437899318053
0.00256983962034553
0.00274366360630331
0.00301146524565857
0.00337017041179894
0.00381254422881558
0.00436877328702272
0.00500940194713866
0.00569043009440846
0.00639614224940659
0.00710795693581697
0.00776710115265047
0.00828250477737618
0.00857558011244915
0.0135187922412201
0.0122278944322669
0.0110569301781544
0.0100225765034951
0.00910996732245427
0.00829403880967081
0.0075594499299611
0.00692755569011052
0.00640709684726326
0.00598944036554638
0.0056729984061134
0.0054608403522404
0.00535116272158471
0.0136512017275791
0.01242161670135
0.0112473109841672
0.0102003302503801
0.00923615763459389
0.00836155390735285
0.00760606073270538
0.00691842198646185
0.00618766116394751
0.00543374600026846
0.00471468397338776
0.00408509079700184
0.00354762374503421
0.00307563325241598
0.00268796882538406
0.00238104592911689
0.00216115831583546
0.00201642251489418
0.0019181482473205
0.00183858992738526
0.00179748414539677
0.00180628520413306
0.00186880172958458
0.00197340892506252
0.00212345536904607
0.00233270994704
0.0026083288590928
0.00294449619125236
0.00331969462032274
0.00371126543688549
0.00412178985120976
0.00455514769238999
0.00495660853153728
0.00535348529753084
0.00574170392144258
0.00602139563943293
0.00617657477409026
0.0136718099899981
0.012351052082587
0.0111380368456374
0.00991360430066762
0.00884417755146077
0.00769212056355331
0.00666981031729964
0.00579059819603435
0.00486151865651117
0.00400383255681562
0.00339762093150253
0.00250708211441503
0.00192651512989666
0.00122034032458797
0.000499349054500616
-3.78207383529683e-05
-0.000378879455587061
-0.000722351076971284
-0.0010124281400482
-0.00122522043047393
-0.00137177664857028
-0.00144208548802217
0.0139234941342013
0.012750633008228
0.0116117715405184
0.0105133933740253
0.00950377319784875
0.00857822886357264
0.00771952620813995
0.00686368627048243
0.00614716255686403
0.00542485846283854
0.0046996187636018
0.00400202060585444
0.00303392015568748
0.0020825117635886
0.00122902946715985
0.000455692256069516
-0.000219339800109379
-0.000822172752901135
-0.00131561359699435
-0.00181408549131681
-0.00225524453307061
-0.00261531356580205
-0.00289875913487149
-0.00311533620553523
-0.00325609942517343
-0.00333100655474997
0.0305711505175121
0.0297452775797092
0.0286332921526232
0.0301255804445543
0.0290678611593014
0.0279226909086696
0.0281036522110117
0.0274249494993857
0.026509550229512
0.0278262571563613
0.0264773941872145
0.0245386271604482
0.0226368244929965
0.0209467768058294
0.0191941054468144
0.0173673361043498
0.0156261977695564
0.0141098927230344
0.0126868060507291
0.0114424863975944
0.0103610737499833
0.00934171868854505
0.00814608058242547
0.00681450416905966
0.00576727816676989
0.00462431171952449
0.00375570763050109
0.00291558110167566
0.00219605348087945
0.00147042098930147
0.000812447701807411
0.000236521608240196
-0.000301890851937044
-0.000799926242185583
-0.00125023275046512
-0.00165945767433855
-0.00199772018389802
-0.00228611598073518
-0.00256088535179617
-0.00276754041505387
-0.00291500261377532
-0.00301238636026853
-0.00306298276557392
0.0254950609600752
0.0240444968855055
0.0223137522505999
0.0204836023008815
0.0187435341122765
0.0171044999996977
0.0156201922721861
0.0142928055524827
0.0132067223317774
0.0123356285936276
0.0116853572751089
0.011258261024644
0.0110359118574709
0.0231379586274232
0.0201721985431415
0.0167540316613831
0.0153172694334053
0.0138476730442768
0.0123190490140875
0.015407665646146
0.0139036127576219
0.0121710129578338
0.0106272998417873
0.00920339806426476
0.00785450084677981
0.00661790470800994
0.00548888562638633
0.00443461818575369
0.00348024384646041
0.00259896146230833
0.00177635757587075
0.00102269663674703
0.000312528810800988
-0.000340811211459067
-0.000941955877431835
-0.0014852317423061
-0.00198684607456767
-0.00242696027980962
-0.00281092096917101
-0.00315217278326529
-0.00348524638423797
-0.00378430548243488
-0.00402878213346348
-0.00421295969099734
-0.00432556055465449
-0.00439109507759725
0.011130721308967
0.00982273228322038
0.00841304258018979
0.00702991295259995
0.00586509978671985
0.00478224765118394
0.00370852111577212
0.00278867877610615
0.00202979814904128
0.00122905833366275
0.0004316059169551
-0.000315340407315443
-0.000952098448357759
-0.00146567873797121
-0.0020025833973406
-0.00249128875912332
-0.00294067411308466
-0.00333175720154079
-0.00366128926135784
-0.00389578723467197
-0.00408224325026961
-0.00425330531987294
-0.00438181937195531
-0.00444198517738907
0.0110063814020553
0.00973929260400887
0.00867222428844425
0.00764640269434286
0.0068098984867239
0.00598689257260677
0.0052622052036817
0.00473191054687314
0.00429134282781919
0.00390798429011779
0.00364300881056389
0.0034869871766788
0.0271362799748804
0.026042369694746
0.024568631485263
0.0226362411456583
0.0206883721188908
0.0189918328268571
0.0173023516782696
0.0156688665506588
0.0141987247552538
0.0127915488477459
0.0114409201332053
0.0102303568684651
0.00918686639362437
0.00812681977339519
0.00705106057910596
0.0060906823116696
0.00528439710895985
0.00459380548231052
0.00400988678295222
0.0035436191394978
0.00320546563495297
0.00298346544595831
0.00285449197100232
0.0272857802374125
0.0264500796389563
0.0253291597908791
0.0237888133227613
0.0219427406375283
0.0200374832813984
0.0181786376762928
0.0163764691938625
0.0146658600599753
0.0130608460481475
0.0115586853949857
0.0102028922886451
0.00889363824516444
0.00762888256718331
0.00648151118569822
0.00544751427171524
0.00449721317193581
0.00361162731628062
0.00278755920548905
0.00203489489761523
0.00134106147388787
0.000703194976530107
0.00013351779566654
-0.000399146986349683
-0.000976367695827894
-0.00155383114263497
-0.00208262103236934
-0.00255976944457458
-0.00296886399744379
-0.00331657692027056
-0.00361094417601748
-0.00383870618838934
-0.00401794076414967
-0.00412818589636411
-0.0041888703989197
0.0185566966365458
0.0165365964026301
0.0139935984409218
0.0200342281011435
0.0198971577144096
0.019824591859775
0.0126031408616784
0.0112402142342309
0.0100175781451216
0.00895772726809354
0.00816150370684971
0.007497560430302
0.00699759311916029
0.00666902976125499
0.00650467206593987
0.011614722191725
0.00955999052833101
0.00765828930196296
0.00582767640292865
0.00497716734967008
0.00428859938764435
0.003643914630873
0.00307239755332181
0.00258980025990862
0.00216230124901672
0.00179182469493381
0.00147170547791507
0.00119408291897465
0.000954759267816609
0.000747323398619115
0.000570174747552003
0.000422902357031936
0.000305755611631728
0.000214669966575869
0.000138463194896623
7.62604402687648e-05
3.4080610758428e-05
1.01528423694086e-05
3.13025288384714e-06
9.82379175248964e-06
2.56679792554845e-05
4.65854486761225e-05
6.74178554580979e-05
8.37409550607515e-05
9.30770374726042e-05
0.00505809517445792
0.00446246609175318
0.00401896474314528
0.00357503988998562
0.00336943503095923
0.00322249192945898
0.00902627485067226
0.00795236220353761
0.00691538476322082
0.00597938677288207
0.00520138496781708
0.00458378516910517
0.00411534508368506
0.00378001942142691
0.00356367730073504
0.00346817311559667
0.00349416624492687
0.00362886278113523
0.00388083772482762
0.00427171572102412
0.00479491392317699
0.00546638683561538
0.00630358722081331
0.00732013721941592
0.0085256123405396
0.0099217767466044
0.0115007866283443
0.013245653383674
0.0151075952698381
0.0169971918621012
0.0188059103797778
0.0204169471057179
0.0217174692583927
0.0226199292560393
0.0230957936037885
0.00869720320467353
0.00755762160502102
0.00652551668463787
0.00563491614485514
0.00488945481883518
0.00432293902374686
0.00387988698766882
0.00350250367118213
0.0032222189547165
0.00306031636481648
0.00299604772435557
0.00301933841431505
0.00314444944198925
0.00339974532539225
0.00377042707680981
0.00423981079849247
0.00483093838576638
0.00555691122949494
0.00643634900766883
0.00751844255098706
0.00873063592333218
0.0103127036628473
0.0115722419614716
0.0130554504855487
0.0151397969275976
0.0173139725211322
0.019555470582764
0.0217782025083201
0.0236315975171197
0.0251319728498421
0.0261699026078587
0.0267263978968831
0.0258555291398428
0.0240731797872234
0.0221084208667635
0.0201889175841548
0.0181881435880453
0.0267082691911946
0.0256920412817301
0.0241343212755803
0.0227550314910336
0.0212424570222129
0.0195945736484829
0.0181771857729613
0.0167813116383202
0.0152676790747092
0.0136420536058065
0.0122701466557978
0.010985857534926
0.00979291915803001
0.00868900904714773
0.00768547717184665
0.00678607028110589
0.00597061153696447
0.00528802798178764
0.00448368090707338
0.00376369955269077
0.00320091686856754
0.00271976207791339
0.00232209620891668
0.0020333960290051
0.00185290793228954
0.00175116154365714
0.0165107169737857
0.0137800318226644
0.010317495838305
0.0171161815405964
0.0155622934765291
0.0137275265122131
0.0117723201055145
0.00856327541142237
0.00733025622320272
0.00642438963524993
0.00903465856244552
0.00790258379251919
0.00676378894407553
0.00588194282401983
0.00474488455031823
0.00614674894498376
0.00562590821254752
0.00497842329598424
0.00436743041058581
0.0054338919919795
0.00454694741281892
0.00366875581528577
0.00429843160880893
0.0043078918296809
0.00440606227809706
0.0045684951852654
0.00481306656828068
0.00514165137138709
0.00553039001820031
0.00603071916011876
0.00665014619151528
0.0074018788318729
0.00830386276316888
0.009526486244195
0.00389167625424671
0.00344933023349239
0.00303704692537301
0.0027733783158186
0.00249280221570141
0.00232335562226735
0.00217789366453346
0.00210101753570338
0.00209350182445932
0.00214329491281254
0.00225521927595726
0.0024350587252574
0.00266535915383825
0.00295352735079333
0.00336023354621471
0.0038016009677696
0.00434478251167306
0.00489331366993015
0.00549473524365072
0.00611686087968458
0.00668647559727082
0.00721923218845988
0.00767408307929881
0.00797136714475139
0.00812712906597081
0.00902928225993424
0.00873672979223344
0.00860984263263884
0.0085868391434713
0.00861890180185557
0.00866118919723645
0.00869280274147676
0.0113715115945439
0.013453863336495
0.0158562866240067
0.0183795691708474
0.0211125616774306
0.0240574858575862
0.0270702631612114
0.030083214845437
0.0329775182636593
0.0356745890821067
0.0382528787396648
0.040623142726445
0.0426528447183332
0.0442410495671041
0.0454047329719384
0.0462589556753753
0.0468157172169286
0.0470856361837357
0.00340914965115711
0.00312054553059303
0.00279662947513482
0.00244551007419193
0.00210096226389809
0.0017838355083758
0.00149118007838811
0.00122109321968546
0.000972599672290306
0.000745533734289625
0.00054040743937737
0.000358111645047499
0.000199870088519843
6.02629684547406e-05
0.00313301945256748
0.00257788544031646
0.00201712821696478
0.0014622446117085
0.000975694484212932
0.000504136143407854
5.28090105040233e-05
-0.000363185572073493
-0.00075213418245241
-0.00114734704826889
-0.00155248501532987
-0.00192816327085727
-0.00224207451730529
-0.00250052058321389
-0.00269741728428235
-0.00285332940173915
-0.00295359144535702
-0.00300978371156543
0.000331659864079232
0.000633677005171525
0.000961121059965254
0.00137704217859911
0.00182080039303114
0.00227531112360557
0.00290539601100969
0.00376107212508933
0.0046907882429506
0.00559860687360554
0.00646831479322011
0.00732083088238795
0.00818638265006922
0.00902314811802655
0.00975427919262395
0.0103061286321481
0.0106908464443214
0.0109131094448346
-0.000274990816320696
-0.000572143914676388
-0.000835351252898405
-0.0010709053446926
-0.00128590746985357
-0.00148447899894378
-0.00166028538646873
-0.00180276977299129
-0.0019088707480073
-0.00197905674147438
-0.00201506813566353
0.00433503175578637
0.00392640819021953
0.00352826383435397
0.00319438632085761
0.00291476425771789
0.00267137574172394
0.00247310201468558
0.00230552759670311
0.00218932931982063
0.00212840455474382
0.0021295085803674
0.00386261083386344
0.00288402634474647
0.00204240021570176
0.00116104553752057
0.000465954953228956
-0.000291035465912226
-0.000908075779006436
-0.00142385583623334
-0.00189941257331182
-0.0021690022897676
-0.00242817889749198
-0.00259110041667469
-0.00267284395314886
0.0014512631414654
0.000891137609933099
0.000425901436449723
-1.04919580172807e-05
-0.000346062296447783
-0.000620141452199005
-0.000808599483156017
-0.000946294769225854
-0.00102578910055557
0.00277089012292033
0.00348856806408515
0.00429226653548022
0.00519711746807391
0.00622146463417212
0.00737194325771579
0.00865885225263905
0.0101194379914995
0.011730963542731
0.0134746894726354
0.0154236981990658
0.0174568477255573
0.0195294556580071
0.0216455905288753
0.0237545595819832
0.0258798223568142
0.0279277030589857
0.0297262624821848
0.031125367923688
0.0322168434736857
0.0329717584181783
0.0333511634454362
0.0109173265504508
0.00996190473741099
0.00899385337458797
0.00809161126989857
0.0072567545093902
0.00646176939988104
0.00564336341418077
0.0048970542938325
0.00438335951374768
0.0037585248484212
0.00307464902000166
0.00250812704833609
0.00195096380859524
0.00138915125674238
0.000878711122461727
0.000367802489935537
0.0108973179537327
0.0100124067940502
0.00917651836387278
0.00840866393728397
0.0076880238480031
0.00699850533722314
0.00632434754428687
0.00566645368444877
0.00506262787514422
0.00454527528852132
0.00412894590882871
0.00380522725185596
0.00353543490856651
0.00325537463745041
0.000208764682679283
3.85552501071388e-05
-0.000110498636031508
-0.000234595511711209
-0.000351180963322936
-0.0004460041500527
-0.000525505695184799
-0.000602055348483894
-0.000653559352838446
-0.000691740175094435
-0.000716324430024033
-0.000730926814327737
-0.000737489955342965
-0.000739105008810571
-0.000738455005718864
-0.000737504824877552
-6.01228495034691e-05
-0.000476699218001546
-0.000903728569398058
-0.00128399826794022
-0.00161203741204417
-0.00194751605138393
-0.00224272139234291
-0.0024858432795569
-0.00268607948988146
-0.00285855551264087
-0.00301018159650501
-0.00313807083596022
-0.00323382943176479
-0.00328686845688762
0.00311809576013509
0.00304067717152395
0.00300995250504956
0.00302545491239236
0.00309044624249356
0.00320826832546268
0.00337321628809166
0.00359359711541981
0.00389237126499562
0.0042721386850684
0.00471788741048698
0.0052299439758522
0.0058405614823151
0.00660265990920801
0.00314568200009464
0.0030767495356334
0.00306364507866605
0.00310850229662589
0.00323820045258203
0.00344755143491362
0.00371213749014278
0.00409436741693993
0.00459125808297747
0.00519991184238518
0.00594338093704714
0.00675229330164701
0.00776683654103734
0.00897468989480122
0.0103969591255532
0.0119624715998522
0.0137304152417205
0.0158121984927518
0.0180894737769471
0.0205277896675628
0.0231239122234851
0.0258422436524297
0.0286235213366452
0.0313761280313418
0.0340438085951007
0.036647053414009
0.0390473414700358
0.0410693675704813
0.0426673688406455
0.043593168218562
0.0435366521950383
0.00782126866822259
0.00928300381370928
0.0110351889090523
0.0131210262849511
0.0155460361598892
0.0180548342973149
0.0203767754264856
0.0228248486553823
0.0254618187936768
0.0279970414534718
0.0305029139654349
0.0328571515370268
0.0351709872207942
0.0375342625644502
0.039628476796867
0.041406844440533
0.0430986070685588
0.0445226308362715
0.0455316073725352
0.046088121104446
0.0461982249514728
0.0457437607564807
0.0444888598029133
0.042192797016828
0.0385597989083227
0.0334360379729614
0.00615335553464619
0.00583135540649148
0.00562067169323096
0.0289540225352126
0.0235923545842323
0.0182409980339572
0.0136655357310427
0.00998631560771698
0.00684101479653731
0.029613552401084
0.0248071024212207
0.0218155100093109
0.0199550275283734
0.00516665020613815
0.00408405308677275
0.00344915018810038
0.00314022746768672
0.00553476124675728
0.00476541887601968
0.00441936890546075
0.0422550327507896
0.0390991714260783
0.0343453614893777
0.0284235958762954
0.0219383253718543
0.0158095515625695
0.0432599237042973
0.0415165306230052
0.0382112892092712
0.0335850519146088
0.0283171648329277
0.023595974442264
0.0191017747313132
0.0155355807087675
0.0125789531308802
0.010175406756064
0.00827442767232933
0.00670456265815375
0.00544791545249236
0.00439599096163523
0.00353630251729935
0.0028469565444203
0.00223227701089588
0.0128314256592048
0.0106902452632
0.00883552066581517
0.00736543815966848
0.00608441142610889
0.00503865140080718
0.00417978269461841
0.00347567114517557
0.00289567419901787
0.00242712296813049
0.00203683790711472
0.00171163252429903
0.00144696084561413
0.00123856151691486
0.00107885384984323
0.000959567821683569
0.000874799815640474
0.000820671764684396
0.000793487351733821
0.0131377720023062
0.0112325355035627
0.00971217714785953
0.00867116201779928
0.00802577719280801
0.0077015970033958
0.00185016535820885
0.00151350569474222
0.00124934211731269
0.00106126458752345
0.000922971059358492
0.000836633815668843
0.000793184373673574
0.00187603132098438
0.00159385944016641
0.00140977315812007
0.00132183661108738
