0.05
0.0453231416500462
0.0450136143291707
0.044805860339592
0.0447385751749201
0.0440957966422197
0.0438505328143275
0.0452470994195351
0.0446832935655076
0.0442714311645131
0.0444860467130909
0.0449509620557766
0.0453845903020569
0.0459361913411403
0.046208023232207
0.0453183043619504
0.0449140523165041
0.0449513679138014
0.0450878668999356
0.0462118078639902
0.047380680098159
0.0476294362675595
0.0477253105995842
0.0477545266157873
0.0476381701003557
0.0470454504151319
0.045651793000546
0.0431488250461892
0.038887237225185
0.0327226257092101
0.0256827119746965
0.018542102046118
0.0452241922919401
0.0447027566873654
0.0441151510130383
0.0437471051673334
0.0435495385359701
0.0434858657462335
0.0435158173651196
0.0436228070631503
0.044702930667805
0.0449716808960819
0.0454728298839909
0.0458990870213259
0.0459525401241398
0.0448924699536741
0.0450873341526872
0.0453468087290074
0.0455241125671506
0.0442657580858705
0.0419148766281333
0.038645169928741
0.0342309293807595
0.02915283689183
0.0245919707222884
0.0204281195962168
0.0167063235879306
0.0137426324232778
0.0112664346680507
0.00924347441736155
0.00754746067280223
0.00619571136967487
0.00512514351477678
0.00422347188444175
0.00349653970517705
0.00288351614284304
0.00234659185682982
0.00188677034188172
0.00151602503522638
0.00122502750964432
0.00100551455456473
0.00084536429845264
0.000695365487018768
0.000558621315226289
0.000451605728078823
0.000367658921406304
0.000306257728351057
0.000260187984519605
0.000226933289956113
0.000204333507425235
0.000190305420641458
0.000183384242823902
0.0457003695916947
0.0448639155444598
0.0432155267358682
0.0404421757313825
0.0368893791574685
0.0330205108274812
0.0289306649300633
0.0258328249685703
0.023419788973825
0.0216631074906846
0.0207525018595001
0.0455086064820247
0.0456717950878757
0.0457782946722281
0.0456011715704831
0.0456205974589129
0.0448808468081396
0.0457163941583335
0.0456241203604139
0.045492594847973
0.0460880241605862
0.045977526267593
0.0448011638094433
0.0426418656679409
0.0393227451213023
0.0341273664472573
0.0278734226872536
0.022835522401182
0.0187716310368351
0.0151772056220101
0.0123912430135288
0.0101794159566905
0.00855560586821576
0.00747094660966764
0.00681583979048921
0.0064618233331831
0.0455927895765212
0.0443819072864191
0.0408017673461455
0.0339801102205098
0.0259007557939192
0.0175582983837432
0.0451345192908657
0.04469749992636
0.0441201943355437
0.0137844628016779
0.0104915468204463
0.00796126358016262
0.00603496303285621
0.00451627945353976
0.00338200477034713
0.00256676857722621
0.00194689755420379
0.00145779280005473
0.00108123815192616
0.00080319819060377
0.00060444522856489
0.000463184732606741
0.000361158057544387
0.000287496224653699
0.00023499562281493
0.000198261285015204
0.000172767204955364
0.00015490024092357
0.000142964836015371
0.000134492674114458
0.000128880866506983
0.000125160230238718
0.000122599065044017
0.00012126918783733
0.000120145511541569
0.000119486230029162
0.000119062530466232
0.000118804342124814
0.000118653903306921
0.000118560007719244
0.00011850344371596
0.000118476752607871
0.000118460595095983
0.0137210522399597
0.0106918497703025
0.00839834220022293
0.00637380834182834
0.00476451800657023
0.00354150652660982
0.00266415123549912
0.00196687813300754
0.00145910279671453
0.00108192521741813
0.000807962378160714
0.000607373601035665
0.00046110908528535
0.000357563504151755
0.000285250063402485
0.000232070598770063
0.000195301782167824
0.000170717078802839
0.000153903177696358
0.000142240685095194
0.000134453958476836
0.000129759656495877
0.000127515892155105
0.042718343224201
0.0400622939216994
0.0362931065230509
0.0319435196240107
0.0275788662856815
0.0235285772097785
0.0199437996177629
0.0169934053244244
0.014685398058087
0.0129213398418399
0.011638823262409
0.0108053950620079
0.0103830823979869
0.0429150788013008
0.040528535447728
0.0369286184176477
0.0326398300438799
0.0280867684622895
0.0238171963196557
0.0202663578929717
0.0172757056538308
0.014394090276041
0.011705308377592
0.00936556684527167
0.00748047856213155
0.00598271782667695
0.00474051269285092
0.00375903443075838
0.00299545919854054
0.0024409084049444
0.00205180650432469
0.00174692451571812
0.00141696933835109
0.00109493836078296
0.000862751467308322
0.000660881132838588
0.000520349657422204
0.000412890724221812
0.000327927809350998
0.000263661190178018
0.000217996892154387
0.000187245309326849
0.000166819800155121
0.000152543715863511
0.000142258928611152
0.000135540487762704
0.000130689448833386
0.000127084350370598
0.000124956191807737
0.000123917696827721
0.0440672629945675
0.0424418335372524
0.0400224985165257
0.0365702368312876
0.0328155932086397
0.0282678994008462
0.0241477370427875
0.0207488152411546
0.0174325416764827
0.0146627538949187
0.0128620280999048
0.0104536115309321
0.00902048490607087
0.00742184781652941
0.00593797272397532
0.00491954431724406
0.00430876613122809
0.00372297165675332
0.00325010583849672
0.00291543570196607
0.00269102338323034
0.00258506546613674
0.0442375055779684
0.0428331237070846
0.0405572252839248
0.037368869069854
0.0336144554935065
0.0296957859466588
0.0259158549945871
0.0222485173065784
0.0193981334852026
0.0168175587536386
0.0145618320060396
0.0126700778254975
0.0103635435608573
0.00835893577755289
0.00676276114386184
0.00547473967656764
0.0044637104099267
0.0036439909692086
0.0030286883125968
0.00245952980380999
0.00199918864750607
0.00165207469123572
0.00139508233954779
0.00120801915871519
0.00109064810587409
0.00102960244572159
0.0438259944130402
0.0438683220915782
0.0440084186295395
0.0438962347271312
0.0441406798357461
0.0445808801222235
0.0440923543944291
0.0442142218215674
0.0443905470527883
0.0442155214112455
0.0448721519784914
0.0458579337674002
0.04659046525366
0.0468999213758194
0.0467574017403497
0.0459072738652068
0.0440168283055073
0.0409132651420296
0.0363058893110548
0.0310986777831035
0.0261974232080447
0.0217940979187617
0.0172304876655416
0.0128568601483628
0.00991798215598256
0.0072244219673492
0.00551041912410663
0.00412190377276539
0.00313087100498778
0.00230914800839274
0.00170592321392628
0.00127873887185653
0.000956622830912546
0.000717662048688124
0.000544359658063878
0.000417650587172498
0.000331998959966894
0.000271090026746368
0.000222598187618089
0.000191469811974385
0.000171856058829691
0.00016004721562153
0.000154271786207359
0.045036503411245
0.0458874536094358
0.0466095163154741
0.0469295211937231
0.0466736992667781
0.0456457903224311
0.0435129174450665
0.0398736846373681
0.0351842619091395
0.0303198926052349
0.0262372963944216
0.0234450693772869
0.0219777784619119
0.0447751569230091
0.0448798394901737
0.0443741753976924
0.043302006928883
0.0416342728680439
0.0391688625090653
0.0446692994195631
0.0437576665710859
0.0410788899906345
0.0368511757618862
0.0314384580350315
0.0256711136673617
0.0205387510234175
0.0163161847231232
0.0128759346791875
0.0101895399265396
0.00805624637224634
0.0063484438572749
0.00500762701367383
0.00392666289529915
0.00307677992498575
0.00240814077502335
0.0018899774231233
0.0014785401668437
0.00116746542478537
0.000933776306350044
0.000754889604296316
0.00060364128797294
0.000483914969544546
0.000396278423347956
0.000336024890977738
0.00030145588862748
0.000282207547895644
0.0368561454798023
0.0327834365223504
0.0274272060551224
0.0220429766221625
0.0178262859967866
0.0143201141062233
0.0112874445503783
0.00903414596637259
0.00740233234408154
0.00589536713186946
0.00460100180899204
0.0035635440407587
0.00280317501020022
0.00226738269527693
0.00177847901411538
0.0013919983635372
0.00108291214060296
0.000847698362017824
0.000672504122784968
0.00055978196243667
0.000477475582408132
0.000407792509546089
0.000358715678610092
0.000336609104054731
0.0359193273105276
0.0313741813430552
0.0268872839657027
0.0224052281701339
0.0188646785412464
0.0155884205321451
0.0129113075072161
0.0110835083478504
0.00965861652892075
0.00848498844948028
0.00770341054246964
0.00725494595226047
0.0449276565285761
0.0454218143590362
0.0459991541345367
0.0465645310496759
0.0468621970587374
0.046815500509386
0.0463556326273818
0.0453091941185531
0.0435730425403652
0.0408663390189671
0.03703816076495
0.0326171576211498
0.0283260147171316
0.0238556444806256
0.0194829550958412
0.0158365035800101
0.0129975743350328
0.0107360657475874
0.00894689673226191
0.00759790761200789
0.00666273447369608
0.00606827265318972
0.00573065568156867
0.0448756531753481
0.0452818722182741
0.0457643665764467
0.046276120309366
0.0466457759034939
0.0467102486959585
0.0463653669125421
0.0454576210819976
0.0437601812608588
0.0410110902108862
0.0371003934805019
0.0325239905570384
0.0275515942435448
0.0227068278883217
0.018582236338883
0.0152076990830339
0.0124299497134405
0.0101279072560672
0.00823251282067133
0.00670539058242741
0.00546614979791367
0.00446559806991249
0.00368449889709827
0.00305318854849179
0.00246528351221415
0.00195194871989351
0.00154011550287004
0.00121345151161396
0.000965246447887422
0.0007762431463838
0.000631358797610652
0.000528303211426055
0.00045271451396962
0.000408483034800138
0.000384927994597457
0.045366651538426
0.0437965458802317
0.040768792578894
0.0471341223478459
0.0477821077923585
0.0480912677426594
0.0386230991663719
0.0343208472089564
0.0288809905324292
0.0235418754403994
0.0195053841559315
0.0162501704615041
0.0139018372375777
0.0124137782738656
0.0116868425054372
0.0359576523347504
0.02943652073531
0.0223719502495565
0.0155228832286918
0.01254855351318
0.0102844625387349
0.00829852306548372
0.0066559466221513
0.0053622157796423
0.00429406755700603
0.0034326160891168
0.00274054182701977
0.00218308830905637
0.00173700718446044
0.00137788242203923
0.00109229526720324
0.000870038156334542
0.000702848223417168
0.000577704866140034
0.000474184305281003
0.000386733625085612
0.00031978943302799
0.000268216646449785
0.000229239325397304
0.000200810412330313
0.000180224105716952
0.000165233744869082
0.000155029376316053
0.000148765326218922
0.000145664275130551
0.0126021809924327
0.0104607719052072
0.00893954067105961
0.00748839500047688
0.00683589026717258
0.00637999151867539
0.0153025689237558
0.0123067667332466
0.00958987807846788
0.00728743778934879
0.00547941740857077
0.00410214627299737
0.00306865855472734
0.00229399520354014
0.00170361430471584
0.00125938106046212
0.000941491731936336
0.000717657417740992
0.000549035158818926
0.000421979128264471
0.000332084146177072
0.000267860239550018
0.000222095655984846
0.00018980473394922
0.000167236929235871
0.000151599420277526
0.00014082845507894
0.000133426021244828
0.000128381338434569
0.000124992073898787
0.000122744085304758
0.000121279938466339
0.000120361044269717
0.000119830874744151
0.000119582072977543
0.0146270441691305
0.0116704057527773
0.00914554033418859
0.00709603125443986
0.00547392236115349
0.00429102796764986
0.00338469512880143
0.00260517321621453
0.00198071692166811
0.0015331984168159
0.00121297138815964
0.000962724851374282
0.000759572877670216
0.000584122825385692
0.000450753210865846
0.000355832749543435
0.000287188587588184
0.00023797041225796
0.000202496487822361
0.000176425882070751
0.000158763420793651
0.000145014366257423
0.000137971066341543
0.000132372352644917
0.000127566896363232
0.000124548494036125
0.000122472581397913
0.000121027378163508
0.000120131865311246
0.000119561354017811
0.000119231377067814
0.000119073950299879
0.0437482996644579
0.0439466108560801
0.0440903429359208
0.0440478525240464
0.0436795013395545
0.0437844175301025
0.0443314434901367
0.0452015353045334
0.045883569254369
0.0464585512274136
0.0468294301215527
0.0468747773348601
0.0465960217473486
0.0458606407883109
0.0443502060651249
0.0420939274043636
0.038808266156378
0.0346470063836755
0.0300562488007375
0.0256020861324009
0.0216503941074637
0.0182541722758259
0.0156108351411105
0.012743276143792
0.0103807042370942
0.00866177859926922
0.00728105105486621
0.00620076628698608
0.00544991728663991
0.00499437470782146
0.00474270866549269
0.042105057917294
0.0384147936348306
0.031493278506318
0.0441798853474143
0.0439750566634773
0.0425620290176353
0.0392301084542487
0.026719121957951
0.0230095491271867
0.0201506528468042
0.0292222615680109
0.0259567039914102
0.022048160272525
0.0188995081356962
0.014880068676509
0.0188823175903785
0.0162608911219851
0.0128794753920095
0.00959975363169865
0.0171956468886737
0.0145696367559474
0.0120385261730053
0.00800149730952464
0.00645479179885486
0.00504989952222527
0.0040040863531496
0.00310982691313338
0.00238217601195256
0.00183837388264225
0.00139194742623165
0.00104449385189108
0.000779027618560974
0.00057407223675268
0.000390113808189514
0.00803262972339964
0.00661047017434428
0.00530153121464502
0.00445766030894286
0.00352973635556665
0.00292051222917565
0.00230266333237013
0.00179862626029299
0.00144068246102856
0.00115203802234778
0.000914445080785075
0.000724204191881766
0.000587508868594975
0.000483787299673485
0.000391115432746116
0.000323801345595397
0.000267534439011435
0.000228313642985877
0.000197938276537312
0.000175392102230313
0.000159970104282149
0.000148765926729327
0.000141042937803342
0.000136700709351086
0.000134624978663018
0.000315143509667503
0.000259662750982738
0.000220362768986976
0.00019577765488246
0.000176402595780328
0.000165634984684633
0.000160022256282233
0.000315625691508919
0.000260820693493261
0.000219998722383462
0.000191707411091618
0.000170917091855145
0.000155471319319427
0.000144369509530564
0.000136418992252877
0.000130850447303893
0.000126992955950637
0.000124216958519909
0.000122268371474378
0.000120957091837879
0.000120114026115832
0.000119580954917282
0.000119230104817785
0.000119018211515239
0.000118919939023174
0.0110571523004451
0.00999692944999373
0.00884779777402309
0.00765108050898062
0.00652841515915794
0.00554694804703018
0.00469096965455709
0.00394632149551437
0.00329985193661443
0.00273913545161992
0.00225242252382226
0.00182842482968542
0.00145679951454358
0.00111139925135118
0.0108074185558081
0.00960921333733104
0.00846801450661588
0.00740238603369781
0.00652112432953999
0.00571844909954815
0.00500161461731489
0.00438774982572675
0.00385372226602965
0.00334633627470957
0.0028573500123716
0.00242851273200847
0.00208742120056431
0.00181848865787051
0.00162094489655631
0.00146913152900982
0.00137354217364672
0.00132072151957858
0.000931559725249269
0.000789088463510162
0.000672870050446792
0.000563236872959795
0.000479532474579319
0.000418065061970585
0.000356727153150877
0.000296865510617525
0.000249757952393621
0.000215981898602086
0.000191696955559269
0.000173486473879854
0.000159204132823106
0.000148402904769373
0.00014079867882092
0.000135945694579582
0.000132947836197614
0.000131353609199446
0.000934167372500082
0.000791500583620102
0.000676184619447038
0.000581614463301767
0.000502151267040606
0.000434140034440162
0.000377778213729559
0.000334547759764454
0.000303740949488787
0.000284009245754563
0.000274089677974127
0.0126936281211785
0.0105493245241265
0.0085154631488723
0.0068697444331894
0.00554288403978572
0.00442569367536413
0.00352710171877642
0.00274005420700198
0.00210341123046429
0.00157743273518083
0.00110899981172841
0.012673111088101
0.0104439847037969
0.00869163389372415
0.00701932785028538
0.00581178192990753
0.00460936924166581
0.00371083792205834
0.00301476864346996
0.0024176110043285
0.00209593905485391
0.0017997422775192
0.00161960323528087
0.00153102982145409
0.000874759174748681
0.000702841649980352
0.000573544141432191
0.000463163951230226
0.000385032011995302
0.000325570601663761
0.000286859640826464
0.000259752648685611
0.000244583865865138
0.000891837776824067
0.000719292846342403
0.000582958395443229
0.000475407991927858
0.000390786415570882
0.000325157366443567
0.000274631054575376
0.000235346742960454
0.00020567032056195
0.000183478462238356
0.00016622120040938
0.000153529406113803
0.000144230983080849
0.000137328580766083
0.000132249557525231
0.000128368875817927
0.000125438640908251
0.000123363205370136
0.000122007679839564
0.000121087772631264
0.000120515546570375
0.00012024635862769
0.0371805336125212
0.0336509799286834
0.0292490017174083
0.0248626544170239
0.0208989478895032
0.0173971286696855
0.0141613074318723
0.0115592705426244
0.00995662178416999
0.00821312501578713
0.0065488491502221
0.00534549354525056
0.00430517402359304
0.00338556583909235
0.00264800237501755
0.00198769143084889
0.0368118808678983
0.0331854556921835
0.0290206563994632
0.0249080011300083
0.0210641099119507
0.0175623007177207
0.0143828155561553
0.0115368638210359
0.00914066018942221
0.00723239574267642
0.00577241868216071
0.00466460842553947
0.00374112384056034
0.00275314658049375
0.00162989370705912
0.00128344607685318
0.00101114293312792
0.000808187420374484
0.000638195496560953
0.000514205465676863
0.000419406066447717
0.000334897013253045
0.000279678683196593
0.000237497252812271
0.000207085700186569
0.000184196250500697
0.000167995701805539
0.000157035780795789
0.000150130143590997
0.000146687681105168
0.00162132332061118
0.00131888833735254
0.00105443873686581
0.000852306203551357
0.000700793132391834
0.000566298025721059
0.000463363984042063
0.000388620897075927
0.000333547141165216
0.000290638293495123
0.000256235761604303
0.000229512539304992
0.000210804856243076
0.000200899695927212
0.00223495529412665
0.0018455935461106
0.00153076876851235
0.00126008393337942
0.00103841380791684
0.000855411089398869
0.000711820982428488
0.000593630591359727
0.000491713288268578
0.000408077462631439
0.000342921284158361
0.000291568333567068
0.000248655294345712
0.000210581351160467
0.00232761795759392
0.00194632661075217
0.00165836752802514
0.0014012914300057
0.00113452309369191
0.000911597102630597
0.000749741864284571
0.000608398964189517
0.000493167545922956
0.000403237523706477
0.000332890986329947
0.000282819178982792
0.000241520106432657
0.00020967675200258
0.000185489140426298
0.000168122653157744
0.000155135997411581
0.000145031355043467
0.000137687436469599
0.000132358694090799
0.000128443480024747
0.000125571734923376
0.000123484530066124
0.000121994172191946
0.000120933850207932
0.000120162210158013
0.000119616202295073
0.000119240188499324
0.000118967127091697
0.000118769018064605
0.000118610660241714
0.000192194195470179
0.000176529257806485
0.000163240591988582
0.000152115787535603
0.000143093520780538
0.000136527010201299
0.000132095794729662
0.000128622188139508
0.000125852859991947
0.000123862948849812
0.000122374795367804
0.000121308175216511
0.000120509237193164
0.000119891188677407
0.000119464514705801
0.000119171439965528
0.000118940818570187
0.000118773393699497
0.000118660193589211
0.000118585464811776
0.000118533810057798
0.000118496177210666
0.000118470108861646
0.000118452714051321
0.000118440672276465
0.000118431691341648
0.000192409216267872
0.000180134679998392
0.000172450429442299
0.000118427031575568
0.000118423650034398
0.000118421334165474
0.000118419892755668
0.000118419035683391
0.000118418480374523
0.000118426558264911
0.000118422752565219
0.000118420972530117
0.00011842005537104
0.000118418251324045
0.000118418142105357
0.000118418092344816
0.000118418072075133
0.000118418269115407
0.000118418168789603
0.000118418129530461
0.000118541862692724
0.000118497341764501
0.000118469770471485
0.00011845104832581
0.00011843761867289
0.000118428003889819
0.000118542862451274
0.000118499892154066
0.000118471366893656
0.000118452542820804
0.000118440106595082
0.000118432452287595
0.000118427059106003
0.000118423754483406
0.000118421609168609
0.000118420248173997
0.000118419410910088
0.00011841887813653
0.000118418552115472
0.000118418345944954
0.00011841821992287
0.000118418144087048
0.000118418092762051
0.000118424227413537
0.000118422087300569
0.000118420625459594
0.000118419712546481
0.000118419091531304
0.000118418699288766
0.000118418451039921
0.00011841829478212
0.00011841819633154
0.000118418135492859
0.000118418096831421
0.000118418072407886
0.000118418057379883
0.000118418048381126
0.000118418043056626
0.000118418039914649
0.000118418038092943
0.000118418037101524
0.00011841803665391
0.000118424089534982
0.000118421840878364
0.000118420374982756
0.000118419531846747
0.000118419074177091
0.000118418863656622
0.00011841806872833
0.000118418053542404
0.000118418044962978
0.000118418040469943
0.000118418037982242
0.000118418036753465
0.000118418036228247
0.000118418067044563
0.00011841805196184
0.000118418044341343
0.000118418041286902
