0.05
0.0376124624485374
0.0351972855111232
0.0313301223741438
0.0360292329197062
0.033917370495074
0.031967741444378
0.0375843901358985
0.0358643346328013
0.0337470879163386
0.0330808237300915
0.033064727034013
0.033234431635452
0.0335076966150324
0.0334385545150843
0.0376774824641917
0.0318111156799667
0.0266580562016766
0.0260056470018443
0.0238596023790114
0.0219197114513487
0.0215370173386626
0.0214123110587225
0.021412408340339
0.0216634281160549
0.0225598810052861
0.0241063208271658
0.0259122800845102
0.0278765268858418
0.0299526057303744
0.0321102098659583
0.0344392853580661
0.0374805141519266
0.0359485093202976
0.0340163941965409
0.0325478017209172
0.0314270884705889
0.0306303169921339
0.0300520467913193
0.0295175708052525
0.0298305016313951
0.0285567626229821
0.0270960088023109
0.0255136997317534
0.0233082745964908
0.028872522142149
0.0266923542067217
0.0244754186779582
0.0217710958371795
0.0199915898364823
0.0181735135384009
0.0165656985981155
0.0149808995555874
0.0134512957788009
0.0121357968845829
0.0108934167974555
0.00968976356014118
0.00862696401726259
0.00763381925203466
0.00672173589742964
0.00585833811698933
0.00507979776822373
0.00438248634151863
0.00371356255837985
0.00309352949684342
0.00248938558007443
0.00187732715912747
0.00127161315187335
0.000707032057334743
0.000191822459652431
-0.000264646050215639
-0.000657165509057834
-0.0010933735922697
-0.00156509038320719
-0.00199705792800901
-0.00239046269004575
-0.00272062272199995
-0.00300090381549371
-0.00322621174475736
-0.00339330767822704
-0.00350397216483654
-0.00356088054878985
0.0228154284802047
0.0223490669610687
0.0217915566444955
0.02115980816407
0.0205566438399283
0.0200067664751123
0.0194764804011981
0.0190843122976474
0.0187769022802964
0.0185490763286674
0.0184289728186526
0.0233048199200751
0.0218154260897899
0.0198403640830357
0.0217061235906552
0.0182263931199713
0.0146817437704143
0.0192877379042843
0.0186780967302053
0.0180020675743243
0.0185667723279078
0.0165732144189654
0.0142451588227174
0.0126017989742281
0.0111868214626141
0.00969625874877629
0.00824489013385448
0.00711630047556501
0.00616762421822939
0.00526414499668618
0.00450308067821072
0.00384985703050946
0.00333719504272282
0.00297632232731043
0.00274992289291311
0.00262444975472477
0.0168364500016945
0.0151393253443438
0.0131048275370445
0.0111960066979886
0.00961680517171153
0.00814536918394769
0.017147989479101
0.0163452670379402
0.0155123384817144
0.00740825714480946
0.00679118222140778
0.00637788106984945
0.00616567280625615
0.00615646363967254
0.00636645963317687
0.00677886034145069
0.00741585567431262
0.00835195906690886
0.00965865529108944
0.0113788739292341
0.0135203181027709
0.0160895538355763
0.0191222795552625
0.0225753118395235
0.0262884828915585
0.0300174275746131
0.0335543877812653
0.0367825212018842
0.0393804537169057
0.0413082627414622
0.0421404324259324
0.0415597372349754
0.0389225559290046
0.0353140929713515
0.0291653087973603
0.0233716665114003
0.018233122892326
0.0141762355026166
0.0112187268649235
0.00894744736240792
0.00728917189884754
0.00639292815248992
0.00578402962362306
0.00756628686392395
0.00717225318683787
0.00696958682164089
0.00694916006261108
0.00714616776402136
0.00757797395498265
0.00822916639571667
0.00921133964934918
0.0105139242502197
0.0122134706180043
0.0143229731651678
0.0168853925019878
0.0198880169527316
0.0231542217715243
0.0264779341020437
0.0299184616661049
0.0331696757541226
0.0360341912147608
0.038527160210069
0.0406586179079875
0.0423500850670354
0.0435095164926233
0.0441103292142334
0.0142164311069449
0.0129973140816273
0.0118921479913943
0.0109165468458507
0.0100563689774896
0.00928786776563291
0.00859647711708773
0.00800215093494343
0.00751293465195139
0.0071205539271777
0.00682338766620195
0.00662421526625609
0.00652127119415852
0.0143320703533725
0.0131637755672422
0.0120532985299147
0.011070089618824
0.0101729063675467
0.0093687015568469
0.00868465829545487
0.00807417474404495
0.00744117170524467
0.006807223840365
0.00622417384254118
0.00573823915489107
0.00535123632953079
0.00504385758134089
0.00482788249356557
0.00470024789430833
0.00466188312523963
0.00470075851509073
0.00481220606738449
0.00506229754789608
0.00547345273681501
0.00594084347911337
0.00658953486781221
0.00731222695833683
0.00817797128453809
0.00926885145870316
0.0106175361632935
0.0121908143568516
0.0138808753410821
0.0155779498216783
0.0172837237725071
0.0189983407788831
0.0205025312907576
0.0219091440293028
0.0232133202120817
0.0241138468526517
0.0245991930759475
0.0131216266655567
0.0117249414104763
0.0104504509513032
0.00917099424862864
0.0080587481911902
0.00686582056310671
0.00581166396262881
0.00490849744521375
0.00395776656952359
0.003083344336677
0.00246702815423905
0.0015643355802817
0.000977543496598667
0.000265724506427913
-0.000458848849737783
-0.000997262509625337
-0.00133847274377317
-0.00168154349423492
-0.0019708434457348
-0.00218280767362816
-0.00232865973788606
-0.00239859229523429
0.0134157025406921
0.0122021385840405
0.0110338251311003
0.00991556951246008
0.00889466686389325
0.00796447948850689
0.00710628082188389
0.00625558637779603
0.00554701869289695
0.00483639112773137
0.00412659191880021
0.00344677933711411
0.00250665516149517
0.0015854387260638
0.000761173238369113
1.6063680138496e-05
-0.000632984398368101
-0.00121153983068631
-0.0016843167825688
-0.00216108867227258
-0.00258227513397085
-0.00292548075238251
-0.00319530692372713
-0.00340126825842168
-0.00353503265448233
-0.00360618083192832
0.0313490575149561
0.0306400475558623
0.0297404240048066
0.0313664801975905
0.0310286178421223
0.0308838568087779
0.0292534597718343
0.0286405542752622
0.0278257827681332
0.0295885313119069
0.0297689447752342
0.0301783947227773
0.0303889082552383
0.0302290007039095
0.0296079104185636
0.0284212973583337
0.0267728250442934
0.0249415638849887
0.0229219609917187
0.0209665915407558
0.0191580509026576
0.0173934749871649
0.0152977800726976
0.0129687730586688
0.0111508497751008
0.00918260199580339
0.00769582196214869
0.00626381479185872
0.00504153524515162
0.00381351564136272
0.00270584444871954
0.00174301028254938
0.000850517948203582
3.29189650683787e-05
-0.000699187810556319
-0.00135891791848317
-0.00190115583461345
-0.00236228718598092
-0.00280183493233116
-0.00313348535404059
-0.00337112111888992
-0.0035286510131877
-0.00361072092048428
0.0281723657559391
0.0287648275489956
0.0293459278577187
0.029805002696779
0.0301665772056402
0.0305024214854431
0.0308438870961303
0.0312056059489367
0.0315555855471242
0.0318790170348163
0.0321485830416236
0.0323398772205967
0.0324443671254954
0.0240308652083272
0.0207574421410181
0.0170652732381504
0.0155530269989365
0.0140292793397714
0.012464089087083
0.0156104394013544
0.0140728039822739
0.0123993703251193
0.0110063588135207
0.00982643375688387
0.00882548729527228
0.00803109697140047
0.00743433282595006
0.00701605711182603
0.00678216168930688
0.00671879827052515
0.00682500017111986
0.00709766696710571
0.00754671538042933
0.0081657487931063
0.00895320883273956
0.00988729886826599
0.0109796814382762
0.0121644603632752
0.0134189829727383
0.0147453669033219
0.016246225424002
0.0177592560591065
0.0191140142390063
0.0202054903837421
0.0209012554583066
0.0213172600485709
0.0113820386747622
0.0102485370255695
0.00909395091373027
0.00803459620286568
0.00721026090674848
0.00651431456173542
0.00590838476328591
0.00547116812589094
0.00517915584242053
0.00495234612987595
0.00482778531818905
0.00482529060574559
0.00493176779627999
0.00510689799698937
0.00539428731821431
0.00576827642880708
0.00622830941396309
0.00673899825655518
0.00726537358378458
0.00770207128024933
0.00809445045073543
0.00849575691680876
0.0088232497809361
0.00898399978281591
0.0110293208395485
0.00966498184528192
0.00852843889768784
0.00744509443434766
0.00656753436986271
0.00570900263391982
0.00495683934764895
0.00440871440858596
0.00395499063342255
0.00356140026774746
0.00328991478456522
0.00313028973589591
0.0311877827850236
0.0316622859876331
0.0321978217916073
0.0326404975745135
0.0327130110378804
0.0323870741921362
0.0316224868889286
0.0304167351225704
0.0289327208990949
0.0271776466774636
0.0252257388251813
0.0233043497353824
0.0215617301034464
0.0197525193639483
0.017916633051547
0.0163005394614632
0.014971296432064
0.0138578569099322
0.0129366916132177
0.0122152849292108
0.0117001426667008
0.0113656899334682
0.0111728979019358
0.0305764389231623
0.0302199627866064
0.0296999202245123
0.0288376424833312
0.0275523902548197
0.0259412064444018
0.0241135408661345
0.0221381817591687
0.0201237008013041
0.0181515742260242
0.0162651310360548
0.0145484571822454
0.0128898921232587
0.0112942515632428
0.00985598954357773
0.00856901515306685
0.00739458857777948
0.00630773864002246
0.00530326506634709
0.00439191576969034
0.00355726547615654
0.00279489306036537
0.00211847288042543
0.00149033132336067
0.000814256348677584
0.000141818551027615
-0.00047063259594697
-0.0010205550965214
-0.00149003298368948
-0.00188764653786267
-0.00222326349325122
-0.00248233797149663
-0.00268583991356277
-0.00281085436742855
-0.00287961283753969
0.0319925643893078
0.0298160970178138
0.026637408374911
0.0349991661953058
0.0362293136945665
0.036859217275637
0.0250970280065463
0.0232732417214224
0.0214394810401559
0.0197463411592915
0.0184381353552002
0.0173354027452125
0.0165036744463868
0.0159583117437917
0.0156862161791994
0.0229833148270846
0.0195705321708182
0.0163367468855577
0.0132252436515776
0.0116070081239655
0.0102838857380466
0.00902724835289422
0.00788941691743526
0.00690129023345372
0.0059947241743976
0.00517482667231016
0.00443021659142365
0.00374663439845869
0.00311832708304827
0.00253331463293003
0.00199197068399618
0.00149855012821722
0.00106112517564961
0.000674294751979331
0.000295543702008428
-8.20995627066523e-05
-0.000420763255375538
-0.000723991718436848
-0.000987927277307137
-0.00120653330488943
-0.00138335218906088
-0.00152496096101258
-0.00162911917997981
-0.00169680968478725
-0.00173156530871787
0.0121043589055857
0.0112615111481041
0.0106485219295821
0.0100490068840542
0.00977516918168819
0.00958149401675599
0.0356363171055141
0.0370915758337165
0.0387826724377546
0.0405114178564224
0.0420084676453856
0.0430666624500772
0.0434961443339668
0.0430945096506321
0.0415542011707329
0.0385129181188637
0.0341491508854882
0.0292896206275353
0.0243881272158651
0.0199182829543098
0.0163008292612503
0.0134057562678653
0.0110975667919669
0.00926125075410988
0.00779759970380562
0.00662650758770956
0.00568394671697752
0.00491889392707878
0.00429810104365366
0.00379986189240699
0.00340634757607262
0.00310446812809833
0.00288582520819365
0.0027446338972395
0.00267323233427397
0.0358704595974513
0.0372405360936197
0.0387152296304465
0.0402014192808067
0.0416069938870321
0.0427516788631655
0.043645667841058
0.0443083605111979
0.0445306005088711
0.0441639186487454
0.0431668198051641
0.0412733298696936
0.0380900926392854
0.0332894297736641
0.0279603640002038
0.0231433472497434
0.0190538988516823
0.0157415261390905
0.0130804739510374
0.0108941939385227
0.00922721428554647
0.00773840704382203
0.00687193181603998
0.00608959065063483
0.0052855192049626
0.00466139132062636
0.00414024971778424
0.00370161121307041
0.0033774279164418
0.00313618555550335
0.00297812538664701
0.00289599280016992
0.0287824421641644
0.0277540338748223
0.026532864950285
0.0251855605491462
0.023585479491002
0.0294528919900094
0.0294417172778328
0.0294299273597042
0.0292788368429455
0.0288529827495031
0.0280298804815034
0.0270014195868588
0.0257077733873213
0.024066284002526
0.022096370916426
0.0203127983908053
0.0185777850141921
0.016938350874827
0.015416228233292
0.0140397833505069
0.0128185310209784
0.0117251674784949
0.0108219592027063
0.00977184500795501
0.00884363097513064
0.00812555212350964
0.00751688837779898
0.00701747669539033
0.0066569213964995
0.00643234905096946
0.0063060618159817
0.021900734848246
0.0189391382575012
0.0150456575385785
0.0228386680544121
0.0214266802041529
0.0194885688298685
0.0172147436070775
0.0130141063167154
0.0115684050001619
0.010494503329212
0.0136409179022212
0.0123506613508301
0.0110141433942037
0.00995622407234324
0.00856455170478674
0.0100631785023817
0.00916599646758109
0.00795718913511789
0.00670606624137075
0.00936936427469525
0.00834479606255098
0.00731519429108181
0.00616245332766958
0.00556993734815245
0.00495595747279604
0.00442695236238714
0.00389525218127656
0.00337582160507085
0.00290737839545324
0.00244307358502176
0.00201033566208729
0.00162618739260937
0.00129833395960129
0.000994043924566825
0.00597613148580757
0.00523301386706381
0.0044570623829655
0.00389131909834416
0.00317962104171911
0.00264075312538336
0.0020043781538828
0.00138371673077873
0.00085682317675341
0.000349856601384949
-0.000152828149959975
-0.000644891594974549
-0.00108176783126492
-0.00149289363362623
-0.00195097315541909
-0.00235941514836781
-0.00277856575601619
-0.00313505526532008
-0.00346885291664152
-0.00376643317306026
-0.00400591826953757
-0.00420664079680834
-0.00436308715717536
-0.00445911431857395
-0.00450756843770015
0.000397630511966547
-0.000131966499903798
-0.00057510042804369
-0.000891389894425354
-0.00117131686134176
-0.00134054311833238
-0.00143379805035335
0.00135027056007503
0.00175788245856502
0.00223007687274275
0.00273247924462692
0.00329469679525106
0.00393818255939775
0.00465916456202954
0.00546998931348596
0.0063629065429233
0.00732681922508913
0.00840386754756263
0.00957423637670511
0.01076789873871
0.0118781333373107
0.0128320288848062
0.0136396496946662
0.0142325882124585
0.014543831974099
0.00685014584938981
0.00630342721032435
0.00565739451809097
0.00492469376374081
0.004176779962047
0.0034628877387443
0.00278104888848647
0.0021298976103657
0.00150835877480375
0.000915408176315533
0.000349959943491802
-0.000189507063011593
-0.000704445804161289
-0.00122116441926819
0.00684752500930736
0.00636473007420758
0.00587874978923608
0.00539949954811991
0.00498068267717213
0.00457616298825808
0.00419039559450743
0.00383608723344886
0.00350585829368342
0.00317119526476968
0.00282886530974418
0.00251196562632218
0.0022475099106347
0.00202999200477483
0.00186439321925328
0.00173333128957416
0.0016490774762264
0.00160186686212445
-0.00153992276053781
-0.00183032143342361
-0.00209932546412786
-0.00239184962338576
-0.00265649032138896
-0.00288925163252065
-0.00317041358608547
-0.00350586654347148
-0.00382784508200589
-0.00410673348615803
-0.00434536547623536
-0.00455560891194961
-0.00474808862572208
-0.00491669617010572
-0.00505184246219738
-0.00514731482096125
-0.00521081515898781
-0.00524634915087037
-0.0014772626704395
-0.00170405192243867
-0.00190556612141744
-0.00208704263306153
-0.00225411222708013
-0.00240995071618932
-0.0025493129360942
-0.0026633137609826
-0.00274888179272843
-0.00280583122836361
-0.00283516712308991
0.0077287922006489
0.00682979249289395
0.00588323097171593
0.00502356898329858
0.00424385028353519
0.00350242440214921
0.00282763792349565
0.00215649003641912
0.00154030328499555
0.000967539823364187
0.000401170197700845
0.00779571687523655
0.00694668974225723
0.00621951475209454
0.00546107251518127
0.00486495495144037
0.0042176753367727
0.00369126628463595
0.00325190455994614
0.00284721316011221
0.00261790318796149
0.00239750769020006
0.00225898182163538
0.00218948192601044
-1.28947211354686e-05
-0.000371118582642286
-0.000681834656815659
-0.000986469870123254
-0.0012307357792928
-0.00143786338432829
-0.00158463778635253
-0.00169447778657526
-0.00175904096542769
0.000206639869340559
3.26796182996811e-05
-0.000126185031681061
-0.000275385812869953
-0.000419480743432792
-0.000560454925741419
-0.000700253263647055
-0.000842642536418334
-0.000984879952628238
-0.0011253612274923
-0.0012695388743544
-0.00140852236068802
-0.00154044976527997
-0.00166661004191199
-0.00178513227625442
-0.00189867667886126
-0.00200361383302943
-0.00209260892242919
-0.00216000519146274
-0.00221153508747717
-0.00224666910444305
-0.0022641808786157
0.0161337362439792
0.0148534633572039
0.0135041010262487
0.0122111524050366
0.0109913689925759
0.00981374871067248
0.00858910609804243
0.00746501498287222
0.0066889948904403
0.00574383426527312
0.00470981186312168
0.00385514335064006
0.00301723458219267
0.00217560059020723
0.00141397119977282
0.000654420216055854
0.0161890912218869
0.0150863243302498
0.0139962293886299
0.0129583315593366
0.0119543371207033
0.010966572598831
0.00997306728704988
0.00897219677950718
0.0080180549456314
0.00716219486794475
0.0064351006042507
0.00583389040278735
0.00529633551148767
0.00468390903407806
0.000162111285903261
-0.000399291518506834
-0.000920091457099156
-0.00137681065322231
-0.0018289440414414
-0.00221852138097657
-0.00256807293119515
-0.00293906600591046
-0.00322558845158028
-0.00348069337903148
-0.0036926456581762
-0.00387435017826525
-0.00401858685145444
-0.00412577138363342
-0.00419831230806487
-0.00423621292264255
0.000228917064790415
-0.000174406780008449
-0.000578375403692609
-0.000930992127361943
-0.0012302761123109
-0.00153205182220665
-0.00179455885787546
-0.002008991244005
-0.0021846476422924
-0.00233543690146806
-0.00246773679287356
-0.00257922174549409
-0.00266267335883069
-0.00270889444073299
0.00424945699710973
0.00388789939384897
0.0035656031336852
0.00326025301945961
0.00298498273742575
0.00273562275767873
0.00252243310727499
0.00233277806049903
0.00215722588137699
0.00200452054170488
0.00188129262231039
0.00178386852507101
0.00170582828782057
0.00164438633713561
0.00451031850445663
0.00435462592597799
0.00424169772376399
0.00415139226475893
0.00407689133991847
0.00404169045419359
0.00404897544096149
0.00410127129569992
0.00420125409767217
0.00434758036762031
0.00454338480172618
0.00476550979940277
0.00504813584564377
0.00538303378350729
0.00577031277341243
0.00618588073845702
0.0066427245765468
0.00716764849906597
0.00773276499807187
0.00833709632958506
0.00899214699741801
0.00970671488132305
0.0104888389771149
0.0113414713798408
0.0122816736693689
0.0133694629976286
0.0146270608570495
0.0160531211810237
0.0177553158178542
0.0197499275619704
0.0222048250045649
0.00167174803041283
0.00172143526152213
0.0017964936118833
0.00190029456718182
0.00203496690354863
0.00218754709106465
0.002341047328834
0.00251753601936961
0.00272830484412457
0.00295685197374962
0.0032150495951835
0.00349632950691807
0.00382220123677547
0.0042237955830975
0.00466042062663863
0.00512331821724835
0.00569771063360475
0.00638339763390598
0.00715610963746208
0.00799557043898145
0.00893855913905523
0.0100675731744351
0.0113675536141736
0.0127881067527526
0.0143583770572806
0.016171020771218
0.00155568141740029
0.00149160870565537
0.00144934478560271
0.0188760702021324
0.022437046159836
0.0266740192265981
0.0310196547658291
0.0350957019321785
0.0389633706222053
0.015997468922501
0.0159470727694861
0.0159722134356586
0.0160134568672847
0.0414352045685336
0.0431825584092953
0.0442642249537551
0.0448053505482149
0.0403617376259988
0.0412272318563202
0.0416296428469958
0.0244916144013271
0.0271051751745914
0.0298156021889672
0.0327333306006353
0.0359350180103178
0.0391640115040847
0.0228997369129996
0.0239472521733879
0.0253669668283612
0.0271176918716671
0.0291625749101043
0.0312533078828685
0.0336461884329894
0.0359578365988781
0.0382381182752475
0.0403555924268452
0.0421460851271765
0.0435770446024377
0.0444877147509895
0.0447864772889518
0.0442722907472951
0.0427553599800255
0.039785705276196
0.0411667927314303
0.0427008498414343
0.0440283654838192
0.0449632436214855
0.0455195067558327
0.045543929108221
0.0449178165181856
0.0434582577016566
0.0409295079139497
0.0373186490150497
0.0328088774446314
0.0279596784865248
0.0234371179441234
0.0196530938635751
0.0166878170158018
0.0144603441771977
0.0128782546381142
0.0118702352189064
0.0113649609188644
0.0402739199083238
0.0411644406747459
0.0419634666674353
0.0425646616555934
0.0429622030930187
0.0431698351354327
0.0359315476743396
0.0306609354364537
0.0254171299168554
0.0212695177449016
0.0180857916770372
0.0160679976364422
0.0150476873367426
0.0377263269220003
0.0345912837007239
0.0317141009981006
0.0300943288013228
