0.05
0.037398161436171
0.0349746842633924
0.0310762399294704
0.0356755113248127
0.0333502882486222
0.0309846318675944
0.0373802950055495
0.0357711432804564
0.0339143338305017
0.0335216579499151
0.0338188477034602
0.0342976850134896
0.0351020838890876
0.0358782672146569
0.0374704494992428
0.0318722715496366
0.026869192005436
0.0261564156162342
0.023359979635297
0.0206484023048364
0.0200551450406777
0.0197988576420243
0.019641770671592
0.0196164526311769
0.0199730026230173
0.020842778291027
0.0220579601309353
0.0235371700328251
0.0252214479339037
0.0270747576755134
0.0291948029478281
0.0372289098645916
0.035524062743852
0.0332850562674268
0.0314794876867188
0.0299876779771471
0.028820782317646
0.027870494624552
0.0268897675969194
0.0296496199669923
0.0284628769128399
0.0271222733252077
0.0256765392239156
0.0236517786976373
0.0285550153592237
0.0263138868379581
0.0240378922315541
0.0221075517314752
0.0203150641165656
0.0184793593680732
0.0168532132756536
0.0152484649061859
0.0136982700693084
0.0123641256375029
0.0111032206444767
0.00988049765501574
0.00879960397806753
0.00778813808200545
0.00685770389821061
0.00597529595417149
0.00517802234050838
0.00446248729457563
0.00377465224917306
0.00313576323531584
0.00251205588965702
0.00187914652995672
0.00125197984339133
0.000666819266716936
0.000132429354759307
-0.000341294746085963
-0.000748811220416727
-0.00120181910747111
-0.00169182359032075
-0.00214066655519147
-0.00254962029294341
-0.00289304351595416
-0.00318480359195337
-0.00341952621740538
-0.00359373079618213
-0.00370916927339353
-0.00376855515272808
0.0233388136249647
0.02300600897498
0.0225808539656106
0.0220743721159978
0.0215726148242551
0.0211026770265367
0.0206396678057074
0.0202919461526238
0.0200164011304294
0.0198105429521147
0.0197014732081767
0.0228391941558572
0.0213237424311979
0.0193254498946108
0.0212111056280937
0.0176984088959386
0.0141487588169209
0.0187699827903896
0.0181581604437917
0.0174806182219711
0.0180305446827008
0.0160261763086788
0.0137046972592265
0.0120742983314121
0.010674575869664
0.00920291788769388
0.00777179746736058
0.00665981068329378
0.00572555295024873
0.00483614028677661
0.00408713821277946
0.0034444049777428
0.0029400563895506
0.00258507632607794
0.00236239127919719
0.00223898295273851
0.0163204982964225
0.0146551798391559
0.0126757102759053
0.0108317480106491
0.00931678943996755
0.00791663062094149
0.0166260812062602
0.0158245532141581
0.0149942654143425
0.00720616004232487
0.00662077030138801
0.00624128482337933
0.00606534941727806
0.00609733415284617
0.00635262179731534
0.00681312705635355
0.00750438976612747
0.00850542785255653
0.00988995251525507
0.0117003900204996
0.0139405603410315
0.0166101800749409
0.0197347844521805
0.0232552045149239
0.0269970114854603
0.0307118738061932
0.0341952134540147
0.0373283617693689
0.0397889703748691
0.0415162996142266
0.0420791964201412
0.0411373773840654
0.0380137457109816
0.0340865016254112
0.0277957240578356
0.0221247546102393
0.017196022583063
0.0133315041080967
0.0105186339315036
0.00835843905218846
0.00678059323448095
0.00592749362639879
0.00534771470154184
0.00738516426676118
0.00704196823788242
0.00689309978160064
0.00694096903517796
0.00721627539364612
0.00773604328700956
0.00848219834317603
0.00958073049985441
0.0110165759342931
0.0128706616680257
0.0151498506145836
0.017887587923835
0.0210512161339621
0.02443857064589
0.0278344172357161
0.0313059334447364
0.0345540481018458
0.0373904989670601
0.0398345091832043
0.0418986777316195
0.0435137961319603
0.0446056796084618
0.0451655296860346
0.013701271398001
0.0124906810467898
0.0113968453223536
0.010433425063898
0.00958531548625918
0.00882843769957716
0.0081480547908357
0.00756353174592515
0.00708258231329768
0.00669694316905412
0.0064049408608033
0.00620925524269721
0.0061081211260273
0.0138259405257623
0.0126756648689852
0.011586968460689
0.0106265622459383
0.00975311239515036
0.00897282524755297
0.00831161578296294
0.00772412516892456
0.00711825674390774
0.00651547856238779
0.00596573697693697
0.0055131160357072
0.00515939026224443
0.00488706635336941
0.00470665388057576
0.00461546151706738
0.00461360027425718
0.00468928815546249
0.00484287953979526
0.00515954070029153
0.00566251383603211
0.00622324823370154
0.00699084485450421
0.00783724343725995
0.00884310463667542
0.0101010157988739
0.0116435628217026
0.0134258297930187
0.0153186975002794
0.017195253390107
0.0190559092160325
0.0208994817910915
0.0224942808214283
0.0239668980205565
0.0253175205145735
0.0262429108288313
0.0267392425265703
0.01258764050986
0.011195624102992
0.00992899805396827
0.00866036360169068
0.00755963066459196
0.00638110543940888
0.00534134461817194
0.00445176017190005
0.0035166079705315
0.00265760320580915
0.00205270802963875
0.00116758286679677
0.00059271843370852
-0.000104068923539001
-0.000812721418944535
-0.00133890796577284
-0.00167219410664478
-0.00200714662870928
-0.00228948223895272
-0.0024962747784625
-0.00263853267956659
-0.00270673178127961
0.0128887735225092
0.0116867948568226
0.0105340649602312
0.0094343324784505
0.00843322013164398
0.00752337003149872
0.00668584867235247
0.00585746311167712
0.00516886538586602
0.00447961914881732
0.00379250387307085
0.00313542024656021
0.00222779893191568
0.00133923153768961
0.000544742017785264
-0.000173040108556687
-0.000798000707803173
-0.00135487419664654
-0.00180978142814454
-0.00226837056250519
-0.00267333479151823
-0.00300319794866588
-0.00326245588479788
-0.00346030172493905
-0.00358877219199777
-0.00365709642218687
0.0300953650237517
0.0290181251963088
0.0275890584895984
0.0304343275043945
0.030181664107431
0.0301876405187096
0.0267302384351485
0.0256399095790271
0.0241870147397435
0.0277214731999359
0.0287219480744612
0.0306374968398051
0.0325711482404378
0.0341719894836768
0.0356424296957175
0.0369156139584391
0.0377938410274944
0.0381513868458718
0.0379474711849888
0.0371099747349668
0.0356087575926801
0.03330021239148
0.0296049609992521
0.0248099644856617
0.0208987100199435
0.0167294641558407
0.0137380798704185
0.0110257900452605
0.00885069050158037
0.00679736938381733
0.00505361240109866
0.00361630193342335
0.00234520653330413
0.00122861669173413
0.000264502154966517
-0.000577638649275563
-0.00125257362344113
-0.00181515644751452
-0.00234206834695916
-0.00273419320860217
-0.00301243024572739
-0.00319564651877944
-0.00329070647423411
0.0213311442506734
0.0179992087810339
0.0148916776889377
0.012328890871835
0.0103676600015457
0.00883281389763321
0.00765259105231303
0.00674436161988909
0.0060959244162802
0.00563547422446154
0.00532592002282568
0.00513852679328607
0.00504618353274268
0.0200096727014027
0.0167346657105222
0.0133529725751746
0.0119169428729013
0.0105333305073789
0.00916854733240756
0.0123486008220857
0.0115471610544061
0.0109618295909805
0.0107711818003959
0.0109492983484552
0.0115145597649903
0.0124544241157167
0.0137530965180189
0.0154349476318455
0.0174232964976878
0.0197062115412139
0.0222510547971917
0.0249314912094451
0.0277412531206896
0.0305382140256222
0.0332609981375987
0.0358167470014513
0.0382284393287184
0.040356018607873
0.0421895962690975
0.0437665568483918
0.0452215829899682
0.0464291867523829
0.0473245927166412
0.0479327128847707
0.0482738291492703
0.0484597701809107
0.00870836955047198
0.00842864674043654
0.00839100332578925
0.00864756818375505
0.00914303489121452
0.00990453929101278
0.0110336587712195
0.0123776914629119
0.0138074097441613
0.015691849605772
0.0180130655989605
0.0206323298846769
0.0232137148032731
0.0255208200399562
0.0281390038267118
0.0306886757054171
0.0331633658333759
0.0354109922694784
0.0373661485670537
0.0387853663460775
0.0399280667787462
0.0409844910682791
0.0417793456133439
0.0421508040261364
0.00757231200489594
0.00611303841084825
0.00493638495432004
0.00384563207268801
0.0029820602053182
0.00215376419490772
0.0014406427908472
0.000928103915220292
0.000508765100032679
0.000148448032285278
-9.85547829491902e-05
-0.000243177920818426
0.0308362467999581
0.0318879675802238
0.0332757048140029
0.0349104381558743
0.0362755000553102
0.0371699885643275
0.037711962427887
0.0378164846242262
0.0374666128123921
0.0366403267636205
0.0352907322166675
0.033532926603938
0.0315624018437259
0.0291592012811918
0.0264328969306323
0.0238578013456661
0.0216572577649838
0.0197815548667901
0.0182223011765768
0.0170039914474015
0.0161384575163432
0.0155793810889417
0.0152584612413693
0.0298247897549676
0.0294762724884215
0.0290490119610474
0.0283908862908895
0.0274024138178939
0.0261086875146841
0.0245658877421203
0.0228180678213787
0.0209622265691836
0.019085785020893
0.0172458998824454
0.0155409340779348
0.0138710993488991
0.0122475186817444
0.0107721887906678
0.00944385069155633
0.00822571952641431
0.00709389946873729
0.0060444116996963
0.00508969684764176
0.00421352736620099
0.00341200182777749
0.00270007233582895
0.00203847989101357
0.0013261305871604
0.000617563731024143
-2.77005864609385e-05
-0.000606915349539998
-0.00110121232750889
-0.00151967406475194
-0.00187274389570812
-0.00214518995512737
-0.0023591263315519
-0.00249051992251786
-0.00256277551497523
0.0352691540429387
0.0340942582748856
0.0320202986983641
0.0369881764056153
0.0378082416247349
0.0382106895186925
0.0316395974471143
0.0305390887846726
0.0289315170018818
0.0270775592538426
0.0254399555039025
0.0239352796459514
0.0227355970229026
0.0219225326548658
0.0215097402084266
0.0283920962987337
0.0244671153837371
0.0204303785987048
0.0164078355748817
0.0142728049026159
0.0125210599633051
0.010858623304365
0.00935795588841941
0.00805980195399082
0.00687351866053226
0.00580454106787678
0.00483660714852979
0.00394988449086716
0.0031357507399283
0.00237765017062607
0.00167512614531616
0.00103284289059722
0.000460636317373594
-4.88710643025628e-05
-0.000552127103636893
-0.00105930189833799
-0.00152004624176767
-0.0019389897262579
-0.00231022131147474
-0.00262369020030066
-0.00288221015807834
-0.00309313954522633
-0.00325083998244338
-0.00335462617637009
-0.00340835982986824
0.0149749784882408
0.0138907225760882
0.0131007781302741
0.0123284910522883
0.0119761661488248
0.0117273026988031
0.030141191248664
0.0315244991981723
0.0333894995014555
0.0355601401945334
0.0377301922511762
0.0396333752017315
0.041012043965306
0.0416163696288211
0.0411333030456286
0.0391218580997342
0.0354490917518135
0.0307058614320392
0.0254412576036396
0.0203378311242109
0.0160287212565131
0.012453723112708
0.00950650585505221
0.00708975909882121
0.00511344231003692
0.00350013132166165
0.00218307271708176
0.00110469922878026
0.000226229898079004
-0.000478888862663351
-0.00103438456610383
-0.00145882717073951
-0.00176490540416534
-0.00196181161383698
-0.00206112634402806
0.0307966776199847
0.0324631038860587
0.0343753316427192
0.0364053591288399
0.0384119231315936
0.040114608438948
0.0415091453734619
0.0426371952004262
0.0432054277197568
0.0429929396108634
0.0419587797863058
0.0398154503885801
0.0361559802022344
0.0307687963886091
0.0250374189042503
0.0200127125455664
0.0157790146325923
0.0123091520060943
0.00945961080201538
0.00705766240371937
0.00518142166845836
0.00346877592308799
0.00245810794666778
0.00153712798503566
0.000583992304524204
-0.000157037186630011
-0.000774480548575347
-0.00129192560471092
-0.00167229682659493
-0.00195383250174205
-0.0021374511802723
-0.00223255945275574
0.0255187279881509
0.0236179128624114
0.0215531303811133
0.019571964034426
0.0175459164997632
0.0266640251744839
0.0262181184930669
0.0255664966652247
0.024945883971711
0.0241698266123847
0.0231891853632716
0.022225998387764
0.0211731746994128
0.0199420183568377
0.0185388603932427
0.0173022211972925
0.0161108874123836
0.0149841141110831
0.0139303901987081
0.0129673854107812
0.0121027344475951
0.0113190643320246
0.0106641472292152
0.00989418065119839
0.00920680006492499
0.00867079741980998
0.0082135025356397
0.00783624295499135
0.00756274305380326
0.00739191961587529
0.00729568145539643
0.0159001335940539
0.0132686077925128
0.0099777371697235
0.0164523159230455
0.0149205701722695
0.0131491792387617
0.0112861671845943
0.00833303375947376
0.00719384124720753
0.00637093502685518
0.0087667866676007
0.00774580204174638
0.0067651890042501
0.00604044131621509
0.00515458025174263
0.00619114944472523
0.00595152298338276
0.00576482827006829
0.0057312779821299
0.00545004735301836
0.00465496312048517
0.0038973115583012
0.00620240439925941
0.00697703906775111
0.00808570342312085
0.00935004518568261
0.0109865708698051
0.0130358080517478
0.0153746851328856
0.0182812873104367
0.0216592415661272
0.0253311729975504
0.0290992023551046
0.0333161074470183
0.00544228876882343
0.00527582530254254
0.00525323350161355
0.00535106585252499
0.0056356550614247
0.00599225601336499
0.00659954468254873
0.00742496365895631
0.00834443757323332
0.00945519105144516
0.0108138724893421
0.0124393409667109
0.014178130957347
0.0161023372889455
0.018564883004162
0.0210089770830657
0.0237434514001007
0.026226546864079
0.0286659013797613
0.0309187175812443
0.0327750911044692
0.0343554804853218
0.0355990285189984
0.0363654838162239
0.0367528548773813
0.0346105277827302
0.0359123262037468
0.0371401536709456
0.0380940958677544
0.038994611846319
0.0395608663748815
0.0398801931501792
0.0359378901515427
0.0384336524883185
0.040766903302579
0.0426581524080982
0.0441243899410376
0.0450581367533951
0.0452802910040605
0.0445920793383737
0.0427040811215024
0.0393469693256745
0.0343791146476875
0.0285925387725051
0.0232344743048193
0.0190240666952015
0.0159685539172758
0.0137325396302857
0.0122671734487238
0.0115508819149738
0.00384965083100567
0.00384084348788263
0.00388222542376464
0.00398268822191291
0.0041365311141566
0.00433349271239915
0.00457223436231544
0.00485317246035775
0.00517842152000529
0.00555159786056991
0.00597736788646491
0.00646105137056135
0.00700745957416163
0.00765117303411147
0.00327029519134694
0.00262875783013077
0.0019878192388504
0.00136005460114807
0.000815007169796985
0.000292042759243763
-0.00020311739784965
-0.000654532187091129
-0.00107227613820259
-0.00149286781150502
-0.00192053273466507
-0.00231429130953165
-0.00264130107376802
-0.00290911731336502
-0.00311226254545589
-0.00327255395034172
-0.00337537727502877
-0.00343290980773817
0.00864748523023228
0.0097290051825344
0.0108875799321765
0.0123472012865286
0.0138910982993639
0.0154542424207991
0.0175865863988901
0.0204067521276725
0.0233358665973
0.0260168036749036
0.0283955948851319
0.0305424652952574
0.0325406641405157
0.0343098523830763
0.0357357377780739
0.0367444862624603
0.0374151086162876
0.0377900571462769
0.0075902903944969
0.0075959444700629
0.00765793387093053
0.00776745115585777
0.00791841833149221
0.0081044604972335
0.00830732478031511
0.00849892750856127
0.00865847089017978
0.00877245691991112
0.00883374168227154
0.00522632004323493
0.00540048218452015
0.0056933119588848
0.00607044102791544
0.00652217583750893
0.00707301647794842
0.00770876342300536
0.0085119886900551
0.00945367568844298
0.0105614062213892
0.0119270589834558
0.00412810012641866
0.00300633461861814
0.00205349632706981
0.00106737693038027
0.000297780217172087
-0.000531957075548481
-0.00120203780553136
-0.00175781587033129
-0.00226663601096492
-0.00255367706928683
-0.0028285204794847
-0.0030007634886966
-0.00308702394664319
0.0116270451776732
0.0115500893089987
0.0116246415745789
0.0118339850008218
0.0121019836984048
0.0124032874299172
0.0126581466831656
0.0128731564758862
0.0130101399549639
0.0137621109763922
0.0158132284570053
0.0180791717066881
0.0205484377796407
0.0231913890361646
0.0259289433477091
0.0286901689849638
0.0314628330463246
0.0341316431873597
0.0366330327844086
0.0390386726033721
0.0411839161444887
0.0430429349894463
0.0446373021229495
0.0459527476028549
0.04703610076141
0.0478777910257667
0.0484634775848903
0.0488255157317651
0.0490529941172661
0.0491830640467907
0.049240291458132
0.0104809489299197
0.00958793938482696
0.0086874383027348
0.00785019468439811
0.00707572521748578
0.00633711074683794
0.00557419090507463
0.00487499158427194
0.00439123637129525
0.00379962259358173
0.00314764655158379
0.00260386777630521
0.00206578258788889
0.00152001135610736
0.00102155677740491
0.000520437074587226
0.0104523723207173
0.00961421683871542
0.00882497013894654
0.00810056497327638
0.0074199136348026
0.00676659799340749
0.00612430123647554
0.0054920149938985
0.00490411933337247
0.00439125799550626
0.00396880859915745
0.00363094362881562
0.00333966768199124
0.0030227806611567
0.000374858703279948
0.00021838552228217
8.04954704287602e-05
-3.51595676502825e-05
-0.00014468721795147
-0.00023445651340035
-0.000310226965288331
-0.000383672593806781
-0.00043341204687718
-0.000470576396210122
-0.000494808298956908
-0.00050955692142034
-0.000516589910751017
-0.000518783927564525
-0.000518646358730623
-0.000518005017138774
9.02651767566085e-05
-0.000330475918085437
-0.000763510415604727
-0.00115048050382831
-0.0014853134543592
-0.00182875888600096
-0.00213187889741094
-0.00238222838311687
-0.00258896891849098
-0.00276750319187566
-0.00292484152038601
-0.00305784894530059
-0.00315762410522745
-0.00321295488972586
0.00282806882571897
0.00268619291182225
0.00258111205034936
0.00250709578372996
0.00247042687989497
0.00247298981415409
0.00251532300154454
0.00260024021266134
0.0027411204643289
0.00294417871483318
0.00320341087159743
0.0035194649087483
0.00391412329373402
0.00442604361041322
0.00292006127217839
0.0028446769191571
0.00281084722345036
0.0028150398380062
0.00287091101057762
0.00298119320637637
0.00313298813140967
0.00336256796998165
0.0036694158439808
0.00405243278852552
0.00452696576287364
0.00504931219287005
0.00571173740018396
0.00651053268765485
0.0074660900846874
0.00853923673039259
0.00978239519184119
0.0112964602026444
0.0130280476837696
0.0149849927431505
0.0172011027019752
0.0196781538331562
0.0223750522479607
0.0251826307595438
0.0279908074550159
0.0307467492576017
0.0331997621004817
0.035037433102994
0.0360226845599528
0.0356615521544042
0.0333792130628928
0.00533806721863959
0.00644364020458364
0.0077838373080747
0.00940258506889215
0.0113256886138242
0.0133799913356764
0.0153594094755386
0.017544461755125
0.0200251929169352
0.0225395865439588
0.0251449491769475
0.0276916529524911
0.0302786212801528
0.0329982547127803
0.035471241645954
0.0376260296862847
0.0397384386211464
0.0415854403182965
0.0429600058514302
0.0437841162056905
0.0440525412566836
0.0436268094477106
0.0422526401614716
0.0397591229205147
0.0360238033139419
0.0310772101012824
0.00402721673829457
0.0037383915482804
0.00354770902052789
0.0267823049439239
0.0217727721278449
0.0167461624400459
0.0123551632527087
0.00872918818806065
0.00555374556056456
0.0277102615274658
0.0236236610696928
0.021093474275122
0.0195160418231243
0.00380763797883262
0.0026480919371525
0.00195425861429747
0.00161225876995088
0.00424294092730166
0.0034581718862068
0.00310170315655432
0.0307375176120412
0.0268289050733545
0.0227144146923914
0.0186044776219097
0.0145171652244994
0.0106890001364385
0.0317941075735728
0.0289949499308383
0.0255038475066271
0.0218715321216544
0.0184117191231707
0.0155098309906018
0.0127408754258333
0.0104459388728307
0.00842572498042114
0.00667058477947348
0.00518716976932436
0.00388008928686388
0.0027669654870719
0.00177860879042262
0.000925049073219532
0.000206343965507679
-0.000462006002560169
0.0086350608341639
0.00707899226465048
0.00565448092439826
0.00446028398058241
0.00335911971398231
0.00240788623620157
0.00158261672533977
0.000869289179510788
0.00025100912165664
-0.000273167280322258
-0.000730329083087014
-0.00112847606363495
-0.00146631200866951
-0.00174258653673097
-0.00196140657615441
-0.00212941375816665
-0.00225144817177159
-0.00233062642317101
-0.00237079292815285
0.00915574396012339
0.00803061650924131
0.00710628821845286
0.00645741630870564
0.00604774825891315
0.00583957393898761
-0.000911641442591466
-0.00132836977667912
-0.00167054413386551
-0.00192372800192531
-0.00211594856980739
-0.00223885681318109
-0.00230166638981695
-0.000839287538056778
-0.00114872351412191
-0.00135593345673563
-0.00145652562726517
