0.05
0.0368619594141479
0.0351001927229927
0.0325747495827212
0.0348326621475828
0.0321479086273845
0.0290851782507411
0.0366994018764101
0.0338285618602478
0.0287314736219943
0.0252367680959968
0.0226594186919813
0.0209321476205499
0.0189810782967251
0.0172052018242023
0.0368490677478148
0.0301876171928372
0.0240832017085742
0.0232052207477349
0.0197546886108546
0.0164238947066597
0.0156900354569396
0.0153618349112695
0.015134463980186
0.0150036940234644
0.0151657677401713
0.0157705024416133
0.0166749833148973
0.0177334174024863
0.0187848543626921
0.0196577840919327
0.0202317482302854
0.0365633722898634
0.0345737655511412
0.0318646954382793
0.0295989288763112
0.0276708701460933
0.02614079481133
0.024901741499333
0.0236604063863433
0.0292291816309267
0.0262487149826102
0.0231866325773408
0.020658370840203
0.0182177797474136
0.0322232755849108
0.0322481039192355
0.0325622291627483
0.0189901090930984
0.0202454151504891
0.0218861905430756
0.0236462644677265
0.0256841021935505
0.0279422882163473
0.030100804654469
0.0323020832667937
0.0345491935029992
0.0365743179953421
0.0384337202727472
0.0400243784887398
0.0413127994622566
0.0421581782411258
0.0425113734751364
0.0423007948411231
0.0413910557948212
0.0396056571934131
0.0367413369761772
0.0329092504562855
0.0287019232420926
0.0246509291766247
0.0211492787268286
0.0183405243511514
0.0154936530853782
0.0127101327609465
0.0103908519416714
0.00845598688237024
0.0069533081586053
0.00575951569832531
0.00485127515925145
0.0042058769658896
0.00379131674314282
0.00358215272329623
0.0154617400429493
0.0136116124396693
0.0119004584393645
0.0103552489065698
0.00912905491531694
0.008160731253974
0.00733151447409644
0.00676944114335944
0.00635561630758239
0.00606301351336286
0.00591327500350373
0.0325479402567648
0.032713848045678
0.0331093900448313
0.0339936575942417
0.0363157018167659
0.0389201924045859
0.0332628663428163
0.0334461252532989
0.0336629284713702
0.0333387880305526
0.0340616257318823
0.0353284955740111
0.0365292692644621
0.0377868482801241
0.0393227969816212
0.0409938475596524
0.042380715459715
0.0435832646360239
0.0447365661648111
0.0456918185072014
0.0464835170542801
0.0470767967988229
0.0474749770242933
0.0477148041422516
0.047843837785113
0.0341555147335918
0.0352141878644124
0.036546811769103
0.0373377346253642
0.0368731874071468
0.0345103049821159
0.0339612409351742
0.0342699936313328
0.0346182032661266
0.0325914089488798
0.0292379208338785
0.025385722270118
0.0216651874658897
0.01825994508811
0.0154432342543928
0.0132503720309403
0.0114546324516413
0.00992075220966849
0.00862793493602088
0.00756878122872665
0.00671747432742371
0.0060280541744136
0.00545162518413913
0.00496043946829311
0.00453844414960906
0.00417530908255923
0.00385994107720327
0.00357878855685065
0.00333857042229225
0.00311984304521047
0.00293680149523236
0.00279043850149122
0.00268007510952156
0.00263194454849313
0.00262213446856111
0.00266974143068144
0.00277445629322571
0.0029258482718565
0.00309758419793047
0.00328274487827702
0.00345871871201145
0.00357043375249279
0.00365640913284932
0.0323458298856063
0.029029309996692
0.0252829535475779
0.0210121686500179
0.0170598382968941
0.0136989130592756
0.0110290584878514
0.00866043828844273
0.00670708148189171
0.00503926680922118
0.00362507158092508
0.00239788335647841
0.00132067973536799
0.000392033188268726
-0.000401840500440251
-0.00112300307705581
-0.00174177053700964
-0.00225086976102064
-0.0026739875332798
-0.00302641929344543
-0.00330417893746229
-0.00349607496370369
-0.00359677728650613
0.0349298180265442
0.0354083324612796
0.0360073026282789
0.0366740519367228
0.0373733889901102
0.0380882151096905
0.0388040452479422
0.0394733191725159
0.0400603956333079
0.0405540079740279
0.0409407877023719
0.0412060641878321
0.0413450718600879
0.0355027779794381
0.0365654494473618
0.0377317077414439
0.0388754007182627
0.0399804537944218
0.0409732320884428
0.0417519712478803
0.0423008202953552
0.0425836115281455
0.0423743457767971
0.0414288280676437
0.0395581211835293
0.0366778804397631
0.0328045916534817
0.0285751323977183
0.0245226459946779
0.0211450812589069
0.018526921331357
0.0162945389504655
0.0136726883325528
0.0109137046142273
0.00876593019874067
0.00671744577318142
0.00513276939811357
0.0037754025132722
0.00255245240693391
0.00147594518933687
0.000570731180045118
-0.000155188520772989
-0.000726607123878004
-0.00119690009811557
-0.00159580855525465
-0.00190063027367428
-0.00215606546170262
-0.00237382172737512
-0.00251642431248572
-0.00259096484891362
0.0400237445670107
0.0409993748582941
0.0418374009678158
0.0425750405869361
0.0430685537442991
0.043358223279323
0.0432938930387709
0.0428728517636685
0.0418912386495134
0.0403293070340643
0.0387808947507495
0.0357301297209706
0.0332516676099522
0.0297583184212889
0.0258449327849553
0.0228601539107038
0.020981840728716
0.0191266938459637
0.0176020821207711
0.0165131955703319
0.0157798633512234
0.0154330202250655
0.0399225025684295
0.0408955304066566
0.0418164060391141
0.042645689480144
0.0433103488053199
0.0437841976106458
0.0440470494628558
0.0440587028879308
0.043781000122133
0.0431023028675579
0.0418551575951884
0.040040497187824
0.0366345406391048
0.0324617326675766
0.0282235325446662
0.0242319002804783
0.0208171344005174
0.0179159919200559
0.0156826372695255
0.0135813559389725
0.0118605961778731
0.0105509370542261
0.00957442558328915
0.00885946410897264
0.00840884214190692
0.00817374525480599
0.0284969702055402
0.0278358539238233
0.0270241067499029
0.0269504860880524
0.0248207404796267
0.0225383744049138
0.0268989186017939
0.0267699823304881
0.026630848904236
0.0252231802334454
0.0224464962855246
0.0191100848158428
0.0165814698397265
0.0149351436047268
0.0137584538765688
0.0130287527009519
0.0127883037910089
0.0129889100532579
0.0136108520301797
0.0146042185830533
0.0159527876191399
0.0177867712828348
0.0206310879228538
0.0244677637825056
0.0278790515956441
0.0318791295735251
0.0349319534038413
0.0377113158631634
0.0397239384956466
0.0410861391099701
0.0412914926611957
0.0401440020208897
0.0373892747957533
0.0330700003631952
0.0279729097011839
0.0229372025389726
0.0188501289839609
0.0155473455333324
0.012600812882897
0.0105136558619811
0.00909049648645629
0.00818050060869936
0.00771721879630524
0.0235835179580542
0.0198761406760369
0.0162552916449461
0.0130933164659841
0.0104991430917067
0.00829927348468593
0.00644898801826496
0.00487917013576329
0.00364116075974991
0.00267368816583159
0.00196455694600488
0.00150443858821837
0.00126665392472513
0.0285670590693621
0.0304712708230665
0.0326550875161826
0.0340610807600859
0.0353835553321707
0.0366047012231531
0.0322826830773083
0.0314087358735313
0.0298220055091056
0.0278291266455402
0.0254800241006867
0.0228754663744901
0.0202855275722597
0.0178533971177489
0.0155915821294227
0.0135882060052672
0.0117920107305449
0.0101688720937418
0.0087295024461016
0.00741588479822624
0.00624425668217694
0.0051977513088607
0.00427816056085425
0.00345133870702485
0.00274399105534749
0.00214168155764597
0.00161841642993204
0.00111793313769469
0.000675872277543326
0.00031926448765366
5.33510801373973e-05
-0.000108120056577975
-0.000201671107831903
0.0356507968415762
0.0338526661741696
0.0310657103888795
0.0276066145435313
0.0243304719066316
0.021162224575477
0.0180608399538083
0.0155220532997774
0.0135360321140848
0.011557155300355
0.00970593089705338
0.00807589926329736
0.006760686230613
0.00574652612807344
0.00472930421491141
0.0038388922193259
0.00304829660279994
0.00238084969920071
0.00183243474468058
0.00144941048622311
0.00114926084705011
0.000877378256965648
0.000675087484660306
0.000580910932530067
0.0390200251770998
0.0410040065117894
0.0424004308318375
0.0435059036212065
0.0442419826642172
0.0448198617617026
0.0452072898000657
0.0454137137114891
0.045526021130307
0.0455776181968348
0.0455905021210077
0.045588298198441
0.0208397420520622
0.018912300436222
0.0168024204191379
0.0145409652699461
0.0126686373429363
0.0113096572937433
0.0101821461376648
0.00928696178380289
0.00863672530096286
0.0081543610712662
0.00783021882198453
0.00767110416905896
0.00765115791084457
0.00775383816990414
0.00797997307846347
0.00828983800884192
0.00863729639127563
0.00900600204481441
0.00937454733858748
0.00970960258715883
0.00997674440547748
0.0101638065801795
0.01027737370999
0.0216470555532947
0.0208479723385976
0.0201783089400059
0.0196877597523125
0.0195243030678401
0.0197365725757717
0.0202958133499439
0.0211878140568048
0.0223829946005393
0.0238429070640474
0.0255296510265189
0.0273297297141793
0.0293210685331148
0.0314717771718736
0.0335945408726169
0.035617619783668
0.0375298050706883
0.0393060130416467
0.0408880344766321
0.0421943723353348
0.0431910246630241
0.043828585424914
0.0440468930236546
0.0437829743102181
0.042802543601418
0.0409485992526952
0.0381968305469781
0.0346416395165332
0.0308034795237496
0.027108350899153
0.0238063213705826
0.0212212051351467
0.0192019124823127
0.0179753656078107
0.0173074750766038
0.0171680302610994
0.0173674636371461
0.0178852700534353
0.01606681482624
0.0151776476772744
0.0147218580707199
0.0159633664603742
0.0142444800024613
0.0128618797066912
0.0117986088583374
0.0110867206605553
0.0105547697014069
0.0101926232054997
0.00997325532201951
0.0098692795420973
0.0209850727443524
0.0241787272703476
0.0274954738926841
0.0308951301485618
0.033497263953303
0.0356775102328127
0.0376821135304246
0.0392633578249966
0.0402231160535223
0.0404718055371517
0.0398153842807611
0.0380963946840096
0.0352460915113244
0.0314770420272837
0.0272224437794903
0.0230150548600302
0.0192323600563003
0.0160643294007413
0.0134643276129923
0.0111136947040061
0.00894392686289695
0.00712923069967384
0.00560048023851601
0.00433644757770013
0.00333115320392502
0.00254250885228911
0.00192504180115202
0.00147805573410996
0.00119056852700654
0.00104384742695552
0.0313586517622226
0.0317343311448294
0.0320449337722469
0.0323990337615408
0.0325772746721366
0.0327131227721955
0.0204463085543218
0.0201761805545601
0.0193527794902626
0.0180666882404549
0.0165226452630893
0.0148840074315381
0.0132582682851938
0.011692031693573
0.01017373797011
0.00872064891820988
0.00740036401059834
0.00622753990905255
0.00511002213745597
0.00403074187296898
0.00304424790813787
0.00212986738528987
0.00127947115216269
0.000492253378929172
-0.000231841788990121
-0.000892587348608711
-0.00149079215416295
-0.00202915647648771
-0.00250654271103633
-0.00291918776981363
-0.00326531373785265
-0.00354368025822587
-0.00375255002735973
-0.00389077628748171
-0.00396172456716868
0.0201950054994156
0.0197552585253363
0.0189311164296012
0.0178119186930447
0.0165150188850092
0.0152485605738531
0.0140176138295796
0.0126917657469599
0.0113597424064443
0.0101745392465803
0.00913267357042157
0.00811922820556944
0.00707629249215674
0.00593515112506856
0.00484329451028883
0.00386328535019078
0.00295941366085134
0.0021256629159302
0.00134946640541325
0.000606115800056803
-5.08490833264084e-05
-0.000730102313148275
-0.00117404722063026
-0.00161634020069445
-0.00212667095371704
-0.00256833529847608
-0.00296758159683861
-0.00332561086194893
-0.00360348427019964
-0.00381797439725048
-0.00396216576022982
-0.00403829758300981
0.0222937976809636
0.0205827466266775
0.0189173776779319
0.0175030973873051
0.0162401718663011
0.0230380420213732
0.021780532682107
0.0201772436098541
0.0190645812188315
0.018187842730624
0.0175921776707518
0.0173631475568915
0.017390295779775
0.0176637140632347
0.0182325043281502
0.0189645388090299
0.0198868352285769
0.0209660733688318
0.0221723068166823
0.0234576157487454
0.0247748924249949
0.0261162143506981
0.0273530538830228
0.0289380269213461
0.0304562747453481
0.0317037231851626
0.0328118994628556
0.0337559103119475
0.0344563621909359
0.0349003937390072
0.0351529731599543
0.0159738003757933
0.0158161288840768
0.0158938182006423
0.014958165556219
0.0133865736818152
0.0117820070846958
0.0103154279529658
0.0163873813453431
0.0168628215435503
0.0173231249644316
0.0153933732627185
0.0152830099890556
0.0155212595441661
0.0159815821936684
0.0169758062703177
0.0178961735633164
0.0196780323979671
0.0226193753590344
0.026155020273421
0.0177611013049287
0.0184095938961713
0.019314569137333
0.0281687868324598
0.0307310043671966
0.0336456056874395
0.0362336630550887
0.0387401801597544
0.0408533494577355
0.0421764156528801
0.0425364910440472
0.041339257950909
0.0378701938911011
0.0317649245684695
0.0231695094110667
0.0281277164759951
0.0303806981584858
0.032946360442355
0.0349124930989207
0.0374504216121558
0.0393495208743746
0.0414853168916427
0.0433292812232062
0.0445911206146776
0.0454363531668699
0.0457969848772541
0.045510224021971
0.0444495028916669
0.0424081241980235
0.0386192117335443
0.0339387339863744
0.0282939253749719
0.0234088586602427
0.0190997814682155
0.0156067093800706
0.0130565498310811
0.0111003265133968
0.00968716711417822
0.00886496000541823
0.00846335788723099
0.0194675502458846
0.0162499000111853
0.0136965951573355
0.011967338211524
0.0105102795060187
0.0096610417222338
0.00920425426039936
0.0188984470114503
0.0151795029762522
0.0119935151118326
0.00948497113837597
0.00739529803263594
0.00562552454532989
0.00416609398728866
0.00295941663368651
0.00197864505735655
0.0011880810286941
0.000522124021099499
-2.89045287345767e-05
-0.000466390125119138
-0.000795018966411679
-0.0010332755459454
-0.00120981997828913
-0.00132720097254523
-0.00138518512682771
0.020150172403652
0.0213361691973353
0.0229617111716071
0.0250298575316519
0.0273371111492803
0.0297006536432103
0.032082913675133
0.0344455428085378
0.0367489162320251
0.0389501641143259
0.0410012522604269
0.0428511253347097
0.0444504363017124
0.0458320975822382
0.0194645132592348
0.0197685707254134
0.0202107981005534
0.0207762438699999
0.0213826933963885
0.0220814373055801
0.0228652701543744
0.0236962980409217
0.0245683688081545
0.0255398385471934
0.0266115446109917
0.0276648152361758
0.0285860070370456
0.0293723055292822
0.0299882538557551
0.0304864220111894
0.0308112734047809
0.030994982035579
0.0463017870898333
0.0464263267091915
0.0462401839803174
0.0455903935564776
0.0443768892152249
0.0425819147414595
0.0393623151181407
0.0342142668070283
0.0285169577156238
0.0235369765934145
0.019524974858334
0.0162830244172926
0.0135852552245437
0.0114356036991945
0.00985095253062918
0.00880152911667721
0.00813503349869827
0.00777358304093303
0.0465858968906239
0.0470763692573517
0.0473477544285783
0.0474297794099927
0.0473347863167718
0.0470618764667729
0.0466307553553758
0.0461103710056793
0.0455921032049765
0.0451722191899612
0.0449282763448015
0.0186048997047178
0.0207835638887106
0.0235488343742689
0.0264848102122382
0.0294752252815064
0.0325607416937011
0.0355013486297829
0.0384412587225059
0.0409833818453495
0.0429880104962576
0.0443701683206954
0.0169366276086335
0.0172211907327087
0.0177277014327603
0.0185395321499505
0.0193939797968295
0.0205620486523849
0.0217040575621776
0.0227968513304192
0.0239229863368441
0.024607664484666
0.0253023937896762
0.0257560942716768
0.0259888021017371
0.0452619646323799
0.0453554048040777
0.0448147282795135
0.0434928854707667
0.0416108126322577
0.0392207142729202
0.0370041594284804
0.0350220066213385
0.033718336331271
0.0442001760548614
0.043135313747814
0.0409646406597407
0.037524857794149
0.0329900621971755
0.0280219880828408
0.0232844894532661
0.0190614831922333
0.0155389311785932
0.0126706314309164
0.0102428977847056
0.00829312238756057
0.00672625305067957
0.00544016403114517
0.00438552864777849
0.00348433103132593
0.00272435661573577
0.00212480011276288
0.00169394636702068
0.00137669378847026
0.00116599431459514
0.00106258730215371
0.00983059270844518
0.00946474008788088
0.00927993249189626
0.00930218458142265
0.00952398525188427
0.00995215922297926
0.0106613117708341
0.0115967580663465
0.012431461612626
0.0136917809200113
0.0154282995311571
0.0171886801396729
0.0192331951407861
0.0216233893340639
0.0240741093081262
0.026766691562473
0.00967485450925956
0.00917847004458754
0.00885833046086758
0.00871406797529597
0.00873824858306074
0.00894220262800143
0.00936154085864
0.0100507878888027
0.0110225217601318
0.0122275054926454
0.0135627304584529
0.0149293243868871
0.0163861764604394
0.0183454599419108
0.0286454115468371
0.0310331564588495
0.0334561612410866
0.035733398096767
0.0381081792265419
0.0402173206255772
0.0421220592352182
0.0441020498816647
0.0455463210830268
0.0467270567490422
0.0476029846299269
0.0482584209247881
0.048706577163617
0.048994771149176
0.0491670160528336
0.0492494032970381
0.0283918911392146
0.0301374966656235
0.0320834552482052
0.0339434091769749
0.0356416500179379
0.0374655736110951
0.03913478192925
0.0405463854949995
0.041726940637368
0.0427503324718748
0.0436487703665437
0.0444004149530534
0.0449563436365997
0.0452607531997369
0.0200154884545595
0.021705171315717
0.0234909781852945
0.0254682621340749
0.0275281323959439
0.0296614914305203
0.0317250296335722
0.0337869141427536
0.0359326299893874
0.0380363558749957
0.0399452765481216
0.0416367147731778
0.0431640262673657
0.044555393822603
0.0189319361159167
0.0197838064930088
0.0207744650977354
0.0220856055416179
0.0239786251439052
0.0260866321466512
0.0280880874477927
0.0303512998906583
0.0326960185875423
0.0349844216091351
0.0371877061879881
0.0390570128077028
0.0408393546850316
0.0423522733005656
0.0434984278251968
0.0441514079588621
0.0442803637379953
0.0437284397032297
0.0423011301549994
0.0398205210349412
0.0361874173749749
0.0316543603240542
0.0268079995492487
0.0222406656229161
0.0182108859355928
0.01465800116131
0.0116245512770175
0.00910506061830274
0.00689051852067002
0.00494633424045221
0.0030936384770549
0.0451094271992119
0.0454305079792493
0.045411714496055
0.0448809790323136
0.0435729725451987
0.0413562863559204
0.0384774491421931
0.0347027766069077
0.0301511813163384
0.0257413297560846
0.0216422534942889
0.0181551574659761
0.0151032826863439
0.0123372201196216
0.0101135977693321
0.00834550141685482
0.00671655647924578
0.00530620377333441
0.00415735151028117
0.00324172146186296
0.00247486037586613
0.00178798383396397
0.00119381891612241
0.000696153182438963
0.000263552627791521
-0.000139230117674118
0.0453124910158709
0.0458229187563406
0.0461437353957528
-0.000462889741100655
-0.000811320824172046
-0.00116929520689301
-0.00150276587297119
-0.00179854570506371
-0.00207392247876343
-0.000330693734153319
-0.000512657667313938
-0.000615088798437863
-0.000676100979348757
-0.00224203967226853
-0.0023615573831592
-0.00243673931138712
-0.00247498860985847
-0.00218196186245772
-0.00224912317004034
-0.00228031690544529
0.00216319546119191
0.00138795402936715
0.000764924398979508
0.000212855819967372
-0.000311688478465706
-0.000800040227229644
0.0022141562690157
0.00150791351410127
0.000904444149795087
0.000382903587562157
-7.76282103593535e-05
-0.000459190636825865
-0.000830580261554123
-0.00115104658695737
-0.00144808306021994
-0.00172214831491095
-0.00196932047347513
-0.00220245207808975
-0.00241522245177878
-0.00261764026555025
-0.00280455469310513
-0.00297182502202433
-0.00313597276030814
-0.00114728861337253
-0.00142506858199077
-0.00169489213000354
-0.00193588888670563
-0.00217344966733266
-0.00239345881409584
-0.00259807151370254
-0.00278743523193553
-0.00296281285800144
-0.00312113228082936
-0.00326763829839825
-0.00340259252323283
-0.00352319894738369
-0.00362647149140261
-0.00371152824942702
-0.00377895485066329
-0.00382916518609053
-0.00386232945852227
-0.00387934131932894
-0.000911847125520825
-0.000987991392981167
-0.00104644220852553
-0.00108522821185732
-0.00110872973994699
-0.00112036206300085
-0.00326739647273253
-0.0033981068258149
-0.00351229257852278
-0.00360124138201205
-0.00367165217345052
-0.00371807218922951
-0.00374225699846465
-0.0032150941079263
-0.00328238411267607
-0.00332869866368535
-0.00335157008728274
