0.05
0.0369552432312341
0.033844236024566
0.028606295255649
0.0354831892243205
0.0334159230069808
0.0314786207184772
0.0369592195049136
0.0345814244179076
0.0306563496507443
0.0280124310179067
0.0258956929218673
0.0242577439676882
0.0219818993196123
0.019088078531986
0.0371096347060369
0.0322092638752976
0.0280961497172163
0.027660542878579
0.0266962226236016
0.026015591046003
0.0259560420929723
0.0260225835652839
0.0262381558753292
0.0268379294676268
0.0283167603131271
0.0303385219580134
0.0320111019080842
0.0329233706107479
0.0327463860393829
0.0312617747702083
0.0284034215430241
0.0368225716052863
0.0349748305890816
0.0324952487664405
0.0304503933374696
0.0287288859182814
0.0273688782673266
0.0262636882310577
0.0251421461994309
0.0260151613820547
0.0235455488111477
0.0207643337527516
0.0181506135803362
0.0151369206489077
0.0253934418898433
0.0225796903522683
0.0198221786820934
0.0138675685950184
0.0125749428004352
0.0113782695420653
0.010399301782291
0.00950182684637971
0.00870216865833776
0.00807503642924708
0.00754645251738362
0.0071100282138504
0.00680554488392027
0.0066107423323136
0.00653134343281296
0.00657045825642798
0.00672906188154042
0.00699941837425933
0.00740777166844334
0.00795425220272456
0.00867500024931405
0.00961740489944879
0.0107825359465787
0.0121124727357014
0.0135824206669547
0.0151451721905598
0.0167233058504706
0.0187386706435273
0.0211806378872305
0.0236122057315933
0.0259684976087137
0.0280339501731625
0.0298399218323201
0.031319934141644
0.0324304498008655
0.0331708016771449
0.0335528404187251
0.0138614704850999
0.0129596134117848
0.0120801389263502
0.0112377672176148
0.0105294943420238
0.00994028132839764
0.0094106407504351
0.00903727240723426
0.00875392952336817
0.00854872948639553
0.00844205645615569
0.0182811114063554
0.0164548372314586
0.0141765597673229
0.0169549814206507
0.0138565828285438
0.0111023451565096
0.0136014166564887
0.0129787150129981
0.012299613820332
0.0125166792156696
0.0101820660976225
0.00769456205934956
0.00606769114415828
0.0047490937201325
0.00343531959202554
0.00222421785233541
0.00132690310385241
0.000603570662568688
-5.78825058780854e-05
-0.000594333560876087
-0.00103953534646874
-0.00137909275935002
-0.00161275611043202
-0.00175692484216111
-0.00183593289629821
0.0118561957989688
0.0116582981378002
0.011883308046987
0.0126637512530914
0.0139368957733544
0.0159007251491909
0.0113377379473868
0.0104545612811324
0.00955713956640267
0.0170522744218518
0.0188799327865491
0.021185242354876
0.0238585002871593
0.0269046370007734
0.0300332356898789
0.0329522549268923
0.0356898984758167
0.0382143937997593
0.0402623777873414
0.0414674775471986
0.0414798379818554
0.0399807614897202
0.0366470215213821
0.0316096127380597
0.02588001952717
0.0205581203187181
0.0160687212620315
0.0123417398230292
0.00940052287771525
0.00690261910590551
0.0048909342765313
0.00324499843491005
0.00180936197443583
0.00087907759667958
-0.000129856182244538
-0.000908052615910707
-0.001569785510262
-0.00210557221987442
-0.00251349852390657
-0.00284100929123146
-0.00308994709207911
-0.00322816340886825
-0.00332413269467697
0.0173143696070531
0.0192778356174328
0.0217035923919987
0.0249895565791252
0.0286535292667834
0.0323148089640692
0.0355437736602137
0.0384843428693941
0.0406236414410089
0.0417281100452074
0.0414278476212453
0.0393033873931033
0.035029272357767
0.0293262587127381
0.0236224548613313
0.0184256715783852
0.0142512434959957
0.0110880676935835
0.00865958454278829
0.00677720421686981
0.005382622433027
0.00446441522431694
0.00399752179681636
0.00787455956006158
0.00636805824550875
0.00505465396529721
0.0039310991659131
0.00296574448208628
0.00212196220542363
0.00137720397472228
0.000747459542185524
0.000236155167197175
-0.000169383618181508
-0.000473827157988685
-0.000676575719760616
-0.000780947402723553
0.00867076779929602
0.00792539874601378
0.00734739402876175
0.00696579174754732
0.00675420383242001
0.00671255799648021
0.00683509738240037
0.00712297711180386
0.0076553974785774
0.00847766003614247
0.00957011977802457
0.0108774994542668
0.012387860288987
0.0141631231848865
0.0161005051423052
0.0181613471893078
0.0202224180972578
0.0222173603579936
0.0243454675277293
0.0274073937348404
0.0311437719974652
0.0343419704858851
0.0375566239316467
0.0399853465752089
0.0417991414497615
0.0428792747261029
0.0428624882174328
0.0413683963481098
0.038287354684512
0.0340981640147611
0.0294378780946124
0.0248732051392862
0.0212326135923562
0.01819796970146
0.0156764144030091
0.0140684044022684
0.0132439867879169
0.0100734381239077
0.00931683505069482
0.00876399853451382
0.00834990923035244
0.00811681746007269
0.00801635847115689
0.00807594354780215
0.0082597670812831
0.00861287318231932
0.0090983815113464
0.00953652990535097
0.0103414951106599
0.0109822477823366
0.0119052949341037
0.0130283416527134
0.0139959170059166
0.0146731394629957
0.0154119855161017
0.0160825928225243
0.0166025710633986
0.016975416840338
0.0171585379972372
0.010143295343091
0.00936901704675392
0.0087630262692775
0.00832542892271413
0.00806798558363695
0.00797372405227745
0.00802929758811302
0.00824944269279173
0.00859030178706986
0.00911993162717601
0.0098777375988075
0.0108202154587092
0.012412395935319
0.0142697250752147
0.0162198342127922
0.018256883130546
0.0202587468082086
0.022227302032106
0.0239668425466946
0.0258486051507619
0.0276179614925251
0.029128805878807
0.0303534367039083
0.0313076717076339
0.0319355300973092
0.0322720763568753
0.0312125997492429
0.0309869406292348
0.0308026176684161
0.0300910878790472
0.0287586023265464
0.0272930087674262
0.0308894471053165
0.0310311603866839
0.0312533653930205
0.0300004336719333
0.028831862154489
0.0271548022720339
0.0253847188628065
0.0236912586706954
0.0218432270978058
0.0198641462910867
0.0179661004795399
0.016328061466953
0.0148214752710083
0.0135439390721903
0.0124803454134168
0.0115344540491816
0.0104993884333136
0.00943176521057425
0.0086683330879031
0.0079391927605528
0.00748424597652216
0.00715718020234723
0.00699776098031584
0.00699123328244445
0.00716755555702961
0.00751307999568609
0.00804861465992503
0.00878102243922217
0.00969471780495914
0.0107881892233954
0.011927124978232
0.013104085068479
0.0144414726295844
0.0156052669159047
0.0165287047017229
0.0171850275486315
0.0175418683955404
0.0326828034378878
0.0348549480305896
0.0371668364980217
0.0392270306165289
0.0408680813417128
0.0421571804689276
0.0431062867631143
0.0437578612624933
0.0441282880384549
0.0442979861976924
0.0443367326788763
0.044314709841199
0.0442860131619254
0.0314954783715833
0.0318713307674427
0.0324432439484668
0.0322385671386819
0.0320771293013297
0.0319635824939591
0.0336958175594128
0.035292547679421
0.037271131864554
0.0390612427247673
0.0406147937380678
0.0418258003898209
0.0424882365683817
0.0424385813291103
0.0414700284641687
0.0394171893326634
0.0361957428986062
0.0320052947765024
0.0274965365502995
0.0231061378755905
0.0192623080121022
0.0160364348127491
0.0134204818315599
0.0112605167816839
0.00956255581387282
0.0082315744187077
0.0071633238433291
0.0062130281693409
0.00542280066247812
0.00481652924043449
0.00438196394042553
0.0041249452853543
0.00397866640080914
0.0333584619040877
0.0351314853338949
0.0372153508391549
0.0393064540168104
0.0409681317839316
0.0422756292830345
0.0431259447447282
0.0432406237638525
0.0426611616855239
0.0410633986486354
0.0380230166468828
0.0336101096113997
0.0289192019465615
0.024893296720939
0.020757270521861
0.0172535691707357
0.0143269607434574
0.0120261846372225
0.0102635033614278
0.00910193676448138
0.00823525632953659
0.00748528400677091
0.00694712084625174
0.0067018647733294
0.0306102506073943
0.0293672787053301
0.0283951994139736
0.0275444740777067
0.0269220269730076
0.0263811918984238
0.0259694212378333
0.0257103781567346
0.0255275515733144
0.0253929705421367
0.0253115003147653
0.0252683003963399
0.0264100951861462
0.0251998193531629
0.0235967536677726
0.0215379336099446
0.0195102569742463
0.0177792468291826
0.016082436260097
0.0144604981180962
0.0130111454130928
0.0116299307605751
0.0103078438612178
0.00912486217297922
0.00810625601021132
0.00707231259755381
0.00602368090418966
0.00508801603749667
0.0043028675850484
0.00363069997153074
0.00306262090727894
0.00260919354904119
0.00228046844807847
0.00206471520310426
0.0019393951055914
0.0263675133507362
0.0251889536606356
0.0236919483461071
0.0217702263736547
0.01963534942195
0.0175858958629726
0.0157087553393447
0.0139861092478923
0.0124293140823855
0.0110346233889174
0.0097887875562805
0.00871800033512756
0.00773863891912817
0.00685151111771337
0.00610533560935696
0.00548908512043582
0.00497801417671455
0.00455802216591029
0.00422514826840641
0.00397943699060479
0.00381185687276815
0.00371731817883304
0.00369212614610916
0.00373187457003471
0.00384863110271016
0.00403508433488794
0.0042731138232609
0.00455265984622067
0.00484930590357368
0.00514921202301235
0.00544222765229101
0.00569610757618109
0.00591451358518964
0.00605720843177125
0.00613887026640674
0.017593458496184
0.0157895311444059
0.0135479504745409
0.0187679742802084
0.0185110961037679
0.0183768473888327
0.0121944667183164
0.0108828725867653
0.00971592141803069
0.0087102121183527
0.00795754835918894
0.00733161787390475
0.00686117994590572
0.006552415975228
0.00639807628243194
0.0116177179539143
0.0100061882980706
0.00857560107509426
0.00726666362914236
0.00707823803485467
0.00702157697248271
0.0070804452870194
0.00726597978648639
0.00757046419539556
0.00801416078745297
0.00860386381065166
0.00935310549433084
0.0102843000903985
0.0114140012337008
0.0127714443999208
0.0143593709408151
0.0161539367715124
0.0180851606667384
0.0201031410332535
0.0223752781666002
0.0249109467444163
0.027397044891762
0.0297908917140204
0.0320068213555035
0.0339402799603703
0.0355735489314074
0.0369291732257661
0.0379540067638705
0.0386327506500289
0.0389853080953584
0.00634642277483395
0.00563464091283784
0.00510465942924584
0.00457398712080059
0.0043280999241839
0.00415229855561576
0.0268324236490367
0.0244316068883233
0.0214430700466832
0.0183208149316881
0.0154496322837646
0.0129389788743513
0.0107853126750948
0.00893276828427191
0.00729590521051898
0.00584706204458877
0.00461294127546465
0.00357180344684006
0.00262060863995475
0.00173307779658937
0.000942694695837007
0.000223153268816439
-0.000438676502372732
-0.00104818750198738
-0.00160860839390989
-0.00212162371184988
-0.00258867497097037
-0.00301194324503652
-0.00339010887982266
-0.00371942094206864
-0.00399752266321986
-0.00422248006524126
-0.00439205524004743
-0.00450465254325505
-0.00456256671119099
0.0259773219987793
0.0233638632316243
0.0205291652907213
0.017782648328605
0.0152797813509328
0.0132238113650078
0.0114672184888826
0.00977128556040623
0.00822467211096909
0.00695483506463297
0.00591026841265162
0.00495416508436662
0.0040233822922145
0.00305036079615212
0.00215211662780262
0.00136844642916272
0.000661653201011733
2.0235997213648e-05
-0.000570627833502652
-0.00113324211201166
-0.00162973202551637
-0.00214399248903624
-0.00248147574838448
-0.00281936436618645
-0.00321218234244761
-0.00355519346398738
-0.00386759161942812
-0.00414962694653417
-0.00436977725060097
-0.00454049577505158
-0.00465565344885342
-0.00471658923903037
0.0238948930304083
0.0222840093705947
0.0206630998139657
0.0192337467314
0.017901314291431
0.024546154502382
0.0232030015954995
0.0212635752139386
0.0196542957552947
0.0180034408724418
0.0163077097337543
0.014909625393823
0.0135699337491207
0.0121392829728992
0.0106147563323712
0.00933076640760559
0.00812732048961885
0.00700624499773109
0.00596508472609728
0.00501502656151857
0.00416051775543438
0.00338326370803764
0.0027308865900863
0.00196030702211163
0.0012692551844302
0.000728376648326433
0.000265515636340845
-0.000117288402248089
-0.000395320958041442
-0.000569184020890529
-0.000667210217932696
0.0174665554639875
0.0169767987838066
0.0165868304152957
0.0166395560290835
0.0150278346330069
0.0133166325924051
0.0116773483131088
0.0168702466408634
0.0171918918576383
0.0175360968747579
0.0158290771881873
0.0154720777776966
0.0154501762071166
0.0157034802143401
0.016426318375231
0.018084068457358
0.0198174701470386
0.0226985567463976
0.0261788458107574
0.0178364899768571
0.0183603737673015
0.0191430856281779
0.0281517236649257
0.0306773526459172
0.0335599436815972
0.0361196819651351
0.0385879768617
0.0406393235130899
0.0418646504064826
0.0420553848918595
0.040581143817461
0.0367461686872454
0.0304567560936533
0.0220652993051696
0.0281419782625121
0.0303922556083386
0.0329603828691426
0.0349291777721635
0.0374678480276732
0.0393607533575848
0.0414756959182664
0.0432757770964905
0.0444722556890927
0.045219096981959
0.0454309245785813
0.0449195665555534
0.0435552674662831
0.0411243166313205
0.0368770555024606
0.0319717381449481
0.026392373152071
0.0217382947154667
0.0177065755953479
0.0144600390609841
0.0120921514346612
0.0102736829517964
0.00895762845411735
0.00819068203644889
0.00781566559409966
0.0185171628628883
0.0154724086418065
0.0130664318846176
0.0114383089401681
0.0100662819346667
0.00926627616428264
0.00883581759482917
0.017937194311735
0.0143724178874603
0.0113196301767576
0.00890936677883136
0.00689385086279821
0.00517924373473477
0.00375840281228651
0.00257758401546309
0.00161275626111275
0.000830950359472081
0.0001688970696133
-0.000381777699439096
-0.000821156550526671
-0.00115265101519699
-0.00139384755703186
-0.00157309062223613
-0.00169253143653717
-0.00175161559795943
0.0199627717215983
0.0211374743793129
0.0227588612376079
0.0248325510260843
0.0271550629611637
0.0295408224734459
0.031948900534808
0.0343368920265887
0.0366607196687322
0.0388728660819683
0.0409205996742332
0.0427483556297486
0.0443028664311705
0.0456104392535477
0.0191998889847929
0.0194094370314224
0.0197586267803701
0.0202349431269001
0.0207664012286809
0.0213962525476392
0.0221187439589799
0.0228981890636228
0.0237268770659246
0.0246590590138709
0.0256951842511016
0.0267195148022946
0.0276195526678605
0.0283905979987556
0.028996282468026
0.0294871798238658
0.0298077365965509
0.0299891784592677
0.045990013655527
0.0459836941034588
0.0456242782570192
0.0447080433586521
0.0431600847801546
0.0410084340537175
0.0373691891272486
0.0319414499992069
0.0263113974670313
0.0215855544982893
0.0178525894384274
0.014860188300534
0.0123754984968504
0.0103939741398709
0.00893010797062374
0.00795843867427611
0.00734013671105854
0.00700434335442941
0.0463291799080671
0.0467568651624717
0.046936280096869
0.0468915586653745
0.0466244318621563
0.0461218324455126
0.0454085636108746
0.0445862985203967
0.0437880759503688
0.0431517064095649
0.0427855664152989
0.0179530777670775
0.0200377335701829
0.0227320335084047
0.0256403568534096
0.0286427311859548
0.0317731519827622
0.034778999903101
0.0377999956545767
0.0404212718880827
0.0424918225071828
0.0439186846407058
0.0161823452003108
0.0162410933586151
0.016554646688897
0.0171665877145572
0.0178665229270661
0.0188719173006105
0.019888471888622
0.0208836922541461
0.0219279627761657
0.0225702139525446
0.0232276788467939
0.0236598058121377
0.0238822836646357
0.0448826583631745
0.045018532344584
0.0445046404010888
0.0432104534605282
0.0413685409094224
0.0390414841618034
0.0368931968588148
0.0349776219730884
0.0337196262431021
0.0437022448141805
0.0425541354669607
0.0402714378075786
0.0367333523657889
0.0321764529473187
0.0272752823486387
0.0226490165399725
0.018538295214903
0.015104629836254
0.0122983678988096
0.00991177077500712
0.00798502524899263
0.00642845488202409
0.00514393999288575
0.00408497864960539
0.0031755474875692
0.00240517685784317
0.00179498370613239
0.00135505670445835
0.00103028614533186
0.000814173172246671
0.000707981434289361
0.0111074382483632
0.0106042321673287
0.0102362238713498
0.0100428634790172
0.0100202916270727
0.0101692505101658
0.0105360290760524
0.0111037362844605
0.0116515113040245
0.0125228152989182
0.0137835993172406
0.015117159351548
0.0167245342439036
0.0186765139284011
0.0207551554144976
0.0231203492143148
0.0109257209791775
0.0102748243104507
0.00976647855671301
0.00940653387137652
0.00918293142212541
0.00909902699185048
0.00917630254043233
0.00945652835810765
0.00996495471923212
0.0106809777320574
0.0115379816271838
0.0124625629346823
0.0134895307946492
0.0149262176940001
0.0249032666493382
0.0272562932427851
0.0297200357153493
0.0320981488872581
0.0346438675083249
0.0369708885727028
0.0391416285313459
0.0414944467549596
0.0432969021908221
0.0448491518712047
0.0460662306866014
0.0470309631406273
0.0477294872809455
0.0482027560904873
0.0484981481473817
0.0486437809679928
0.0245242461509435
0.0261077869590978
0.027940698565951
0.0297462326963584
0.0314354713071572
0.0332917574342489
0.0350306524358064
0.0365358158623721
0.0378243006269818
0.0389680438963196
0.0399968751082642
0.0408786142239214
0.0415449378858351
0.0419154532120268
0.0163365664592581
0.0178183906571642
0.0194397313874295
0.0212953128657727
0.023289929299337
0.0254149806192237
0.0275213704393923
0.0296714494042765
0.0319559691732065
0.0342476349237442
0.0363844507203848
0.038342505273938
0.0401889934796363
0.0419721649986004
0.0152320364367112
0.0157932505993693
0.0165356742855892
0.017604582923359
0.0192408099056425
0.0211546239008707
0.0230558292366099
0.0252961152360779
0.0277048067709465
0.0301402725884045
0.0325751374887617
0.0347339479297126
0.0369155746007321
0.0389396738148519
0.0407195948187043
0.0420961484158546
0.043073568139667
0.0435855457956968
0.0434544833634684
0.0425452607211681
0.0406550718068757
0.0375951244673678
0.033445231542555
0.0287377972176229
0.0240627766690174
0.0196608234402488
0.0157776852498933
0.0125012459299199
0.00959684905997714
0.00703465485159671
0.00458689368953345
0.0429896178894782
0.0438594694445638
0.0444977695078902
0.0447759517931015
0.0445024211544939
0.0435235244491479
0.0418996670619028
0.0393478802245701
0.035641346986605
0.031400923973783
0.0269555904758595
0.0228780890682631
0.0191501391594209
0.0156883323497299
0.0128717056687945
0.0106174866071744
0.00853188670939237
0.00672141106039704
0.00524505989243709
0.00406884149874142
0.00308528882869673
0.00220678493357583
0.00144991449357243
0.000819088438005999
0.000273749269255467
-0.000231043905320491
0.042686441871525
0.0431815682830623
0.0435005431472021
-0.000627343526010452
-0.00104917860062089
-0.00147820375899407
-0.00187443926457176
-0.00222338970327247
-0.00254654431257807
-0.000478521939515881
-0.00071275397530808
-0.00084418369261477
-0.000922268387295468
-0.00274259345959978
-0.00288136932196929
-0.00296841414542071
-0.00301262310618744
-0.0026735516231404
-0.00275222649534696
-0.00278869444704916
0.00335451454040406
0.00232856727540837
0.00150618765804872
0.000780229989814689
9.37607270514781e-05
-0.000542093513532152
0.00342687105309806
0.00249683219113278
0.00170493588166898
0.00102412497706567
0.000426932766850135
-6.42480563788735e-05
-0.000538598907556919
-0.000944711205320057
-0.00131842175487291
-0.00166102617838003
-0.00196839094469631
-0.00225710526438833
-0.00251981695364259
-0.00276924459151685
-0.0029993045232628
-0.00320510189309429
-0.00340709230114694
-0.00097958818407688
-0.00132696733311563
-0.0016621779928207
-0.00195988125866623
-0.00225194120454726
-0.00252138075263448
-0.0027712373088224
-0.00300199279904817
-0.00321540700912224
-0.0034079006722513
-0.00358595190915846
-0.00374993864360308
-0.0038964979896461
-0.00402201493222069
-0.00412541601159877
-0.00420740404121901
-0.00426847096107643
-0.00430881302725849
-0.00432950915983949
-0.000700385612627458
-0.000808776380602818
-0.000892397353152118
-0.000948118637021115
-0.000981986695082278
-0.000998783735394978
-0.00357130155607159
-0.00373503981734735
-0.0038784207073786
-0.00399034252380183
-0.00407908998939829
-0.00413767333607154
-0.00416822000053908
-0.00350190005833592
-0.00358225469027152
-0.00363742435171376
-0.00366462816026684
