0.05
0.0377290037414356
0.0358986990590733
0.0332034631814841
0.0358909525475413
0.0334909167386748
0.0310074138920454
0.0376099844598368
0.035379795145196
0.0320112100301514
0.0303100368945359
0.0295399413694247
0.0293296546828249
0.0295336286912297
0.0304106419996698
0.0377641075125936
0.0333560533939446
0.0296620413685292
0.0291644757810225
0.0272652238677143
0.0253310609029149
0.0248236065814103
0.024503174334798
0.0241037134156002
0.0233599452887544
0.0218264094844293
0.0198204502645293
0.017999942859608
0.0164853819412447
0.0153223130992153
0.0145390586989419
0.0141332877624202
0.0375371008252023
0.0359957332147373
0.0340464520621735
0.0325557124551319
0.0314057261677096
0.0305749324758953
0.0299579824654174
0.0293732081882698
0.0332892984983764
0.0341648786980972
0.0356575580006533
0.0372491690492716
0.0389810432599946
0.0312349306241949
0.0295494895171567
0.0278489171193313
0.0384711438969806
0.0373872447708701
0.0356388198395885
0.0334640853254137
0.0307108814214337
0.0275543214759836
0.024584503416668
0.0216856170475652
0.0188919217986657
0.0164992720439866
0.0143572323827883
0.012483564248981
0.0107977669310258
0.00935144939021648
0.00811503546172141
0.00698187028463779
0.00597750188299957
0.00503923989364842
0.00412466055142075
0.00325071521393812
0.00246204263668828
0.00176435120177324
0.00116480198422167
0.000663739005644997
0.000121608293711657
-0.000450775112177508
-0.000964723843886813
-0.00142515252887002
-0.00180650208131265
-0.00212693687273195
-0.00238252363479289
-0.00257101273760844
-0.00269537071134493
-0.00275917490534318
0.0407974973165399
0.0419590934409642
0.0429918493156141
0.0438931206531189
0.0445901778364188
0.0451307892312791
0.0455875395744361
0.0458943503944411
0.0461188740913739
0.0462769592379117
0.0463576555280641
0.0270089977376091
0.0258866543733994
0.0243176653741062
0.0254916947827166
0.0222718058042158
0.0187596478288358
0.0238426030286609
0.0233094793285401
0.0227092100902506
0.0233828811588097
0.0216875247440998
0.019471872343828
0.0177933042828026
0.0162930317343007
0.0146802870874824
0.0130973218432325
0.0118666473858657
0.0108356335137284
0.00985849598311749
0.00903973952272748
0.00834045871383152
0.00779394982737448
0.00741050463557647
0.0071705046440197
0.00703769731146497
0.0215675357254209
0.0196322892851446
0.01711761416465
0.0146217421157088
0.0124589072601675
0.0103374216131464
0.0219394789427778
0.0211976054103151
0.0204110375803799
0.00933681059314698
0.00839268901309492
0.00761322142339861
0.00698888646330205
0.00648952336118426
0.00613700384751374
0.00592891817373315
0.00584154309233527
0.00588042907001131
0.00606867977990918
0.00642511670646582
0.00695948484738932
0.00768763221391078
0.00865477202676851
0.00991930601958413
0.011540521555124
0.0135609061096434
0.0160149170815073
0.0189643954643657
0.0222127262669109
0.025885054290376
0.0296159406287561
0.0332626097250636
0.0368951056803593
0.0394020623144633
0.0421391833648514
0.0440217672675614
0.0451808246002077
0.0454942522545712
0.0450084941707351
0.043764137576831
0.0419164164182759
0.0404199117076057
0.0390626211228063
0.00933294317898324
0.00846983011755988
0.00775278568428715
0.00705661543088135
0.00645609310276561
0.00596989014659942
0.00561074126402833
0.00533385987782675
0.00516474427086839
0.00509992948304758
0.00514650650209198
0.00531415015666669
0.00561902847782945
0.00606650993748844
0.00665232039986865
0.00742034008012972
0.00833055594997256
0.00931485122314017
0.010343447926376
0.0113831457678521
0.012343580374166
0.0130909594751664
0.013513970348975
0.0192374051914974
0.0180564451945261
0.0169364805595812
0.0159185423029139
0.0150045354729883
0.0141789216858505
0.0134315336524984
0.0127872146235366
0.0122564224106281
0.0118308316771158
0.0115087739833153
0.0112931053854516
0.0111817080958145
0.0191587439239666
0.0178379270683356
0.0165234222205113
0.0153182609357455
0.014187190633509
0.0131469344657157
0.0122378894279686
0.0114009143062731
0.0104999066627764
0.00955613285948232
0.00863874312765341
0.00781413807571494
0.00708424931289691
0.0064114553848268
0.00582190723493153
0.00531044488511373
0.00488899774440261
0.00454535586486026
0.00422493699042471
0.00380370975342727
0.00330556463086833
0.00286865801226647
0.00239405837416426
0.00197672491291713
0.00157560088457165
0.00117307455959466
0.000782640150171151
0.000427644786274732
0.000127382551524095
-0.000115837405059287
-0.000317751580097728
-0.000487589387832699
-0.00061435855003289
-0.000717024610907582
-0.000801137766007174
-0.000854376816523889
-0.000881535029843956
0.0171949196566142
0.0157525426799053
0.0144139764003953
0.0130563046677932
0.0118693040000412
0.010592037157769
0.00946157859544443
0.00849237947800037
0.00747174741613519
0.00653273354871812
0.00587066713017912
0.00490048236345508
0.00426934567166425
0.00350305189984437
0.00272204170147881
0.00214089818307393
0.0017722030667062
0.00140111724338454
0.00108787052937662
0.000858161603993083
0.000699992502666638
0.000624122884661036
0.0174493869617092
0.0161503644239546
0.0148712553808813
0.0136281014360593
0.0124816559992545
0.0114302705562735
0.0104561679532497
0.00948784031984789
0.00867987984582424
0.00786865673232754
0.00705788514581927
0.00628127966428883
0.00520750032335383
0.00415576472839821
0.00321521521626934
0.00236543567188312
0.00162552637357741
0.000966168369215315
0.000427433529230977
-0.00011586268493278
-0.000595917257711284
-0.000987222136669715
-0.00129496550509664
-0.00152993998408196
-0.00168258302472634
-0.00176378565136144
0.0301420982134145
0.0290921836889927
0.0276892411303657
0.0302450671325907
0.0297514107119641
0.0294916949754777
0.0269541717217122
0.026018016180472
0.0247645665110104
0.0271332931474054
0.0266366688949404
0.0263516168258043
0.0263754666711216
0.0266312739327042
0.0271392860277668
0.0279453185547492
0.0290016982900624
0.0301840171741027
0.0315448516804265
0.032943412373487
0.034311281410348
0.0356721151515539
0.0371721489185734
0.0384020718560946
0.038604766706786
0.0373887600136343
0.0348687038646609
0.0308476360048922
0.0264415364128825
0.0216061951390227
0.0173201156621605
0.0138250848232815
0.0108320544616469
0.00831089108274264
0.00623099225106196
0.00449622859072894
0.00316424494537868
0.00209557872047277
0.00113091015159731
0.000435332099740882
-4.65534722132453e-05
-0.000358462890490659
-0.000518533622514499
0.0222150591124076
0.0190085679612464
0.0157772960765268
0.0128712072409433
0.0104264739645938
0.00831000980019759
0.00649931544137256
0.00494143476790515
0.00369924799416894
0.0027203047359387
0.00199828302905174
0.00152780032938444
0.00128402540947869
0.0211243100450369
0.0181086547140508
0.0148036219319497
0.0134631280715293
0.0121219745390732
0.010750511972055
0.0135174302958759
0.0121883904113416
0.0107661055970424
0.00960145074894666
0.00863459446785425
0.00783741792426611
0.00723202707151238
0.00681080831422228
0.00656071990122558
0.00648473445686213
0.0065744182469545
0.0068325880283152
0.0072553407930479
0.00785874683368677
0.0086344434980025
0.0095819412344797
0.0106766565099607
0.0119328159716326
0.0132744220656189
0.0146755549264366
0.0161379738173764
0.017773019722053
0.0194033788531047
0.0208482493678311
0.0220019285780945
0.0227326156368075
0.0231675282455862
0.00980165324174936
0.00881423452177368
0.00781424587908765
0.00690207922573568
0.00619694209936233
0.0056066185727845
0.00509908369060713
0.00473990833406514
0.00450696232596974
0.00433608356576519
0.0042590898302638
0.00429176797284467
0.00441912748307053
0.00460353583281496
0.00489176059320074
0.00525701229577438
0.00569933602128318
0.00618561891383895
0.00668380204522377
0.00709564176465327
0.00746485485014272
0.00784186158193857
0.00814921518626152
0.00830000449350166
0.0095015742754336
0.00831946719721307
0.00733762939288536
0.0064035599022171
0.00564779221836519
0.0049089176016141
0.00426179274274131
0.00379022933855437
0.00339983434203162
0.00306111108990579
0.00282742730943355
0.00269000714504578
0.0293210247999333
0.0293742986045604
0.0296634320281955
0.0302202790914659
0.0309352447603837
0.0316992036399462
0.032619861150679
0.0336862885886755
0.0348087239930471
0.0360372066861448
0.0373653615799631
0.0386833880276701
0.0399148682595364
0.0412424581716552
0.0426358065252301
0.0438907575206888
0.0449313534531818
0.045797523680805
0.0465005958003574
0.0470359233616777
0.0474066102982321
0.0476408697615002
0.0477730784230618
0.0296278922656387
0.0300388657539035
0.030711166909286
0.0316331932984034
0.032591791919174
0.0333104536105431
0.0336370224075422
0.0334677486250002
0.0327238997949901
0.0313917597542565
0.0295271288202696
0.0273467537692284
0.0248658374869077
0.0222316613668532
0.0197470806641755
0.0175013793890314
0.0154725543156568
0.0136341861713526
0.0119801315209814
0.0105223949125792
0.00922574690014165
0.00807451403011968
0.00708075039200337
0.0061827863438244
0.0052408580993753
0.00432337598203998
0.00350299922343246
0.00277826819040756
0.00216804782420538
0.00165712673282329
0.00122994821726529
0.000902646534419791
0.000647052675975322
0.000490656113061259
0.000404854610224796
0.0316855359525863
0.0333372394333045
0.0354189433164767
0.0295121865663378
0.0287516712127082
0.0283427667437576
0.0370668415237325
0.0386587236414121
0.0401132660333861
0.0414122575898945
0.042412583981527
0.0432608329214072
0.0439053316607814
0.0443301840529864
0.044542768315516
0.036671959855154
0.0371094843871793
0.0364427739762382
0.0343747440217459
0.0313158590518506
0.0280409172340209
0.0244138092545359
0.020894763197799
0.0178047740669105
0.0150258395518741
0.0126020773867908
0.0104951295181482
0.00864983543336044
0.00703359737859518
0.00559924725425842
0.0043327713372394
0.00322958434906149
0.00229276924333125
0.00149602338405139
0.000742293794234539
1.1872041696687e-05
-0.000629237431989607
-0.00119504537489497
-0.00168384723579801
-0.00208818319839562
-0.00241630607284919
-0.00268068404305565
-0.00287650396112412
-0.003004552298449
-0.00307058879387681
0.0345942265668846
0.0341947153363043
0.0335390821829201
0.0325180334066045
0.0319418425977606
0.0314741566973773
0.0140787085580529
0.0145097643688041
0.0155454483666706
0.0172086744413055
0.0194152121385267
0.0220662962770328
0.025026409960826
0.0281613550761827
0.0313993104965793
0.0345758460158989
0.0373815997843452
0.0396270851070186
0.0413130966026427
0.0421884538741243
0.0419012247415664
0.0401434298405524
0.03662489031835
0.0315966858572769
0.0260416464204327
0.0208927010294424
0.0165325449698274
0.0129662072900326
0.0101027142014014
0.00784622481273822
0.00610126470957431
0.00479038783702905
0.00385842747080949
0.00326527227236615
0.00296814941845903
0.0141890562403181
0.0146434775751358
0.0155338017254343
0.0168611199756842
0.0185940888980288
0.0205092281372869
0.022592272886892
0.0250826003790295
0.0278260365233101
0.0304352610876636
0.0328199146418923
0.0351678457822215
0.0375131132563858
0.0398385314923112
0.0416105253745206
0.0425279897950062
0.0424160066571618
0.0410040729553169
0.0380173214064719
0.0333415804422463
0.0280984144958998
0.0223352937051193
0.0187445115668179
0.0154238342606097
0.0120058121521824
0.00939993800948439
0.00727352559893342
0.00552852235769086
0.00427030310287359
0.00335426944464997
0.00276444065090522
0.00246152708131271
0.0282576365192772
0.0266813571351814
0.0248851098633489
0.023049947072626
0.021053245548961
0.0296799818088466
0.0307140625866877
0.0323856856108323
0.033752246461479
0.0350103601606574
0.0360368517847998
0.0365827968209418
0.0367704184755149
0.0365866819023774
0.0358948724053063
0.0348144904673684
0.0333226993769071
0.0315041075398505
0.0294669515609524
0.0273623530359452
0.0253257882195351
0.023406789970642
0.0217851879204249
0.0198911486268922
0.0182356686625506
0.0169785281202987
0.0159348473850374
0.015096267874366
0.014501680697677
0.0141361226034764
0.0139323841434932
0.0192866705841189
0.0163463858934602
0.0125881688800195
0.0199909047152306
0.0183453467429407
0.0163262432523915
0.0141214869290692
0.0106694923259753
0.00931852639938154
0.00832432874269815
0.0112136242165813
0.00999490838232233
0.0087644219667699
0.00780828770650104
0.00657048795225467
0.00802639943021292
0.00746171460813972
0.00675157575087823
0.00606861771512699
0.00722929462306068
0.0062447180622325
0.00526576252733488
0.00604464592699762
0.00609499906513746
0.00622031550557538
0.00638680383753769
0.00661121461651086
0.00689237259570848
0.00721444315328086
0.00763013093184381
0.00816331972294976
0.00884570926613979
0.00970789674725108
0.0109248218418213
0.00547326312482725
0.00489552220424185
0.00432620612133846
0.00393649227710618
0.00348121555507117
0.00316550713765943
0.00282888483959071
0.00254238605634353
0.00233493833196179
0.00216931198785623
0.0020408122904002
0.00195340067219066
0.00191264623971721
0.00191009336329534
0.00194856449512817
0.00201938736861546
0.00213267223257029
0.00226688875640198
0.00243008775399206
0.00261144650226168
0.00278546812154096
0.00295335503145713
0.00309964955659882
0.00319636720679685
0.00324734636762204
0.0101110440673914
0.00953944062847588
0.00917788638328332
0.00898506486439597
0.0088640121541752
0.00881213692758855
0.00879119137498129
0.0131089750092821
0.0155553018754386
0.0183415017577108
0.0212148737254277
0.0242586547555801
0.0274576094154639
0.03064883860837
0.0337644622064175
0.0366850039611996
0.0393292301569491
0.0417622610326849
0.0438858717076834
0.0455895069252402
0.0468291252744113
0.047674337664332
0.0482542509018517
0.0486109203484848
0.0487771364523326
0.00491018443673213
0.004503351905408
0.00403398692078668
0.00351225295172251
0.00298851457437584
0.00249587792100574
0.00203152366924676
0.00159359396715081
0.00118096551793653
0.000793042962917864
0.000429591001398013
9.03590960813818e-05
-0.000224751555908462
-0.000530580792629362
0.00473565546546588
0.00418777947153125
0.00363547111733722
0.00308985652001588
0.00261210292236029
0.00214964228925154
0.00170751748563481
0.00130038083379042
0.000919967009267951
0.000533586628326343
0.00013758208542257
-0.000229621049752124
-0.000536488386736111
-0.000789188005658354
-0.000981753611129991
-0.00113427208748252
-0.00123236933508667
-0.00128735532214414
-0.000449730686428273
-0.000343174094971282
-0.000218020096511876
-5.12847565099034e-05
0.000131039040326374
0.000318854769197677
0.000577799171906685
0.000924289077039125
0.00129258064374944
0.00164335698102597
0.00197135819728237
0.00228571475334406
0.00259820019635769
0.00289446103546939
0.00314906029089793
0.00333884249321954
0.00347000325833442
0.00354534688582964
-0.000887881046724708
-0.00120896122069294
-0.00149760069504407
-0.0017599480335923
-0.00200321139587251
-0.00223135145068911
-0.00243615482550818
-0.00260412832223779
-0.00273042857625775
-0.00281457981626163
-0.00285795480804378
0.00601623312128201
0.00544264786839568
0.0048601147382068
0.00434863953919028
0.00389919089609564
0.00348637966465321
0.00312707828387984
0.00279256047263567
0.00251635051279379
0.0022993355806628
0.00213682114942964
0.00571253829629784
0.00476263610647953
0.00394625350672539
0.00309132855841495
0.00241663748495637
0.00168101516652455
0.00108041960065332
0.000577501890015502
0.000112915667961423
-0.000150848351196819
-0.000404758386496435
-0.000564534530483943
-0.000644751144671182
0.00136230793066859
0.000709608506962476
0.000156782159746115
-0.000372631191357193
-0.000788118852545069
-0.00113394308177827
-0.00137546421686194
-0.00155417205013077
-0.00165833987699017
0.00269115713794782
0.00331426061411702
0.00401205542434978
0.00479599255189656
0.00568115062715449
0.00667348586992593
0.00778328802798795
0.00904542764491759
0.0104446312036378
0.011970285319035
0.0136940872321332
0.0155176950855278
0.0174073687839821
0.0193715501259733
0.0213641695263991
0.0234040365593771
0.0253950554736147
0.0271613344321583
0.0285450870272654
0.029629915889807
0.0303827719657794
0.0307618913863958
0.0131175669771136
0.0119750057741375
0.0108005868232906
0.00969248223764216
0.00865603373739082
0.00765939397296679
0.00662367366756336
0.00567092783915117
0.00501082853802903
0.00420325945054278
0.00331388832071542
0.00257307320249128
0.00184091281866043
0.00109886854723397
0.000421042675932856
-0.000261252019482357
0.0131498473124576
0.0121500676491222
0.0111911705941487
0.0102972927800871
0.00944553705781299
0.00861669212841809
0.00778985109621358
0.00696213344141429
0.00617696191176437
0.00547552285588567
0.00488174767572408
0.00439241956389692
0.00395638147299643
0.00346163125192619
-0.000678603341116773
-0.00116060936396467
-0.00161458013734129
-0.00201941124777969
-0.00242761378776627
-0.00278617317737111
-0.0031139593507618
-0.00346885568641758
-0.00374809006123116
-0.00400073146243244
-0.00421358934886901
-0.00439826614804379
-0.00454631742199828
-0.00465718100716838
-0.00473263130551156
-0.00477219224559226
-0.000670397469131071
-0.00106587285571173
-0.00146944575654337
-0.00182804323945662
-0.00213734627881306
-0.00245418573752605
-0.00273399936590476
-0.00296560846236526
-0.00315748500372079
-0.00332381709926545
-0.00347102026205373
-0.00359598977421007
-0.00369008585839615
-0.00374240242262853
0.00312197720293787
0.00284308050387773
0.0025988414976711
0.00237304934503092
0.00217647568134407
0.00200703817345466
0.00187210354784247
0.00176389525062105
0.00167939319845464
0.0016261095396711
0.00160695213976525
0.00161942024948775
0.00166438337197814
0.00174929091584943
0.0033121209055132
0.00317830669695499
0.00308139998574409
0.00300406991715338
0.00294068426558509
0.00291188916460827
0.00292110629932497
0.0029725713999625
0.00307092691375352
0.00321816354280685
0.00342204154126558
0.00366326276430006
0.00398527313219744
0.00438948811110828
0.00488863217484822
0.00546387200929145
0.00614538064327104
0.00699437579227451
0.00799081606407958
0.00915368538947043
0.0105284384197938
0.0121599270796707
0.0140896132691385
0.0163321891962423
0.0189098035591327
0.0219181023871478
0.025266037405848
0.0287229032568723
0.0322846154612932
0.0357266603673521
0.0391234092517216
0.00199211200032564
0.00229691671195507
0.00267561365006548
0.00314160120795694
0.00370467847289318
0.00431866289640819
0.00492727033531861
0.00562628976195781
0.00646873594088772
0.00739746174561975
0.00846758131504466
0.009656927172251
0.0110589617351778
0.0128067323693066
0.0147073984948991
0.0166945754844523
0.0190831259073729
0.0217698300027847
0.0245380138500513
0.0272233017293977
0.0298710262607582
0.0326008986051336
0.0352547669375241
0.0376722657245173
0.0398719031325269
0.0419194746931236
0.00159137973425846
0.00147683384058463
0.00140105268130484
0.0430572627334468
0.0438500324250246
0.0438665453991636
0.0425343503437712
0.0391042158731212
0.032854590694851
0.0433717710639123
0.0447849381335001
0.0455872870453495
0.0460662095942868
0.027468485743036
0.0229158255797567
0.0199252901679815
0.0183975790644549
0.0299858108635322
0.0275945452205088
0.0263455018113115
0.0405235467807983
0.0413719943952028
0.0414263149289194
0.0404141989312894
0.0376340894284769
0.0326992048806219
0.0409713709845023
0.0424423504867326
0.0435926443557298
0.0443289881646425
0.04451980703383
0.0440308286570279
0.042531370722855
0.0398587591621777
0.0357839194992666
0.0307125595979549
0.0255812537190814
0.0207730494890623
0.0166924680255011
0.0131797391928356
0.0102650323437736
0.00790462828534306
0.00578353800949592
0.0286257204165726
0.0248103434556783
0.0209749060982691
0.0176730519306696
0.0146439411900233
0.0120781329087009
0.00990492718129765
0.00807138577549102
0.00651785364621023
0.00522743460747259
0.00412238704363149
0.00317565360021995
0.00238382910304398
0.001744150854885
0.00124252533533623
0.000860406712226883
0.000584501595469111
0.000406238512067615
0.000316039331856269
0.0306636121889842
0.0283533109945105
0.0259473552553234
0.0240293023992386
0.0227369823383407
0.0220589426747499
0.00442872820958062
0.00321833928673667
0.00225514759293376
0.00156020363196393
0.00104301669553386
0.000717011486448273
0.000551885573359962
0.0045774363131735
0.0036189624151094
0.00299199998994637
0.00269197379287261
