0.05
0.0395726192723801
0.0382335656471608
0.0363934569931961
0.0379044618121571
0.0357519748267869
0.033618045207521
0.0394522655100253
0.0374729869443518
0.034397436342855
0.0329112856133961
0.0324035096049262
0.0324797741488136
0.0332078995344072
0.0349118587390563
0.0395714706838212
0.0351355418595932
0.0313988986556249
0.0310761172763421
0.0308937529672998
0.0310772015776651
0.0312335171503624
0.0314198166812531
0.0317607723837783
0.0325604608652146
0.0344394412601287
0.0370945761191929
0.039676855547586
0.0419727086789973
0.0438430775322798
0.0451376515470386
0.0457076751990357
0.0393415818618775
0.0378239729825613
0.0358224103145774
0.034253843610635
0.0330544837652862
0.0322447666904001
0.0317470572944674
0.0314378644739466
0.0351235457890048
0.0347835911378828
0.03524508290346
0.0364316101116456
0.0385780009694045
0.0358121678108801
0.0356259342841993
0.0357529618714826
0.0396014676195599
0.0408949743038212
0.0422766152185745
0.0435003973985509
0.04465350083965
0.045641486144567
0.0463117389239865
0.0467019752206073
0.046729560187985
0.0462931285801716
0.0452404008018012
0.0433566595287601
0.0403183815866149
0.0362802499759902
0.0317705889584536
0.0270571359117638
0.0227771313225894
0.0189556287176429
0.0155267141177909
0.0125626118430366
0.0101616215285824
0.00826796555356608
0.0068287740852399
0.00576721646313411
0.00475775543447924
0.00381944223475938
0.00306869911487127
0.0024648101948786
0.00201104945404683
0.00166111249958669
0.00140171776556364
0.00122126027687036
0.00110716160650432
0.00105017214300852
0.0397517806928617
0.0407883805247705
0.0419528694512396
0.0431858865310746
0.0442829291947985
0.0452154931173233
0.0460514145812984
0.0466288265646375
0.0470557327907501
0.0473566393674167
0.0475098160156214
0.0359719684542756
0.0365010588248306
0.0374465183647765
0.0363356037844373
0.0379200173817421
0.0401247376376721
0.037792931083044
0.0381937853559926
0.0386560549870753
0.0378691782724503
0.0389950228660131
0.0407561254330925
0.0422175514735762
0.0435694587717552
0.0450110122856652
0.0463341192173381
0.0472325419509513
0.0478490137872536
0.0482730461039938
0.0484694993281991
0.0484843036406582
0.0483616991503789
0.0481764060578831
0.0480022545032389
0.0478801261113789
0.0391921244557685
0.0404689337382643
0.0423299969810639
0.0441388306662965
0.0453223898343661
0.045594213736593
0.0393519375371546
0.0400385499236703
0.0407788318194126
0.0447637183560051
0.0419746175697119
0.0368559314782889
0.0301736465357834
0.0233464715842302
0.0177632196148243
0.0136482136252863
0.0104903461057364
0.0079753329579656
0.00600903543956248
0.00452221706579715
0.00342457241366079
0.00261273726835765
0.00199801923411722
0.00152914542509105
0.00117341282219248
0.000906625743603167
0.000706937614152206
0.000554955803153024
0.000444151014969367
0.00035764361780531
0.000294170742018282
0.000247293649673695
0.000210939412165469
0.000189899539128826
0.000169805245751285
0.000156347106684976
0.000146435283633232
0.000139487488537612
0.000134856075473858
0.000131562567719183
0.000129315491933047
0.000128155581124794
0.000127396905569916
0.0452100875217786
0.0432323051514476
0.0393254075626186
0.0326941264512634
0.0253868523369181
0.0191393802929137
0.0145261791592028
0.0108391568315649
0.00814276773786037
0.0061187297675678
0.00462015343585679
0.00349143720947055
0.0026367984895835
0.00200315237326493
0.00153652828920008
0.00117179757707008
0.00090191809974482
0.000708292897903394
0.000566104153987268
0.000460184323348963
0.000384441405625816
0.000335989340427956
0.000311831807674132
0.0420442208144763
0.0433558331725981
0.0446014100516845
0.0457053498191306
0.0466479767022962
0.047438055699118
0.0480850691692222
0.0485782946390377
0.0489326647450048
0.049179590553465
0.0493432678368678
0.0494414166738808
0.0494884104242436
0.0418548148942565
0.0430276408608085
0.0441903930436112
0.0452049022284147
0.0460584801855804
0.0466965321197485
0.0470624933667202
0.0471457569677628
0.0468386637208499
0.0458880856616249
0.0439708262888065
0.0407422046371318
0.0361082144302285
0.0304322671004016
0.0249146994077016
0.0201822452187727
0.0165937759126179
0.0140249976419987
0.0119881483966046
0.00976197683018379
0.00756857775392607
0.00596871464120084
0.00455439178717698
0.00354783221938026
0.00275734309528768
0.00211082888006098
0.00160037981294799
0.00121847350073147
0.000946034418881746
0.000753907407790041
0.000611144153236757
0.000501421422426532
0.000424902675064046
0.000365923189646666
0.000319234848017463
0.000290270724947729
0.000275650709347781
0.0411595665211743
0.0422111430942644
0.0432334811346269
0.0442773627020887
0.0451553982153225
0.0460157917324684
0.0466472021555709
0.0470345782698306
0.0472115824423417
0.0470696936322154
0.0467207967137343
0.0456577780856216
0.0443527231920375
0.041746423528695
0.0374236615002329
0.0329986438938803
0.0297618907631384
0.0262456838565707
0.0231786428906101
0.0209202427950397
0.0193761121222477
0.0186410788383952
0.0410498045640796
0.0420616538874283
0.0431148091912831
0.0441567200077513
0.0450962049842236
0.0459026022184248
0.0465658631591897
0.0471029986497793
0.0474135703320838
0.0475382792315544
0.0473918963535892
0.0469236170227714
0.0456850083495101
0.043509714018269
0.0401891233214345
0.0356630985977465
0.0306822369437044
0.0258066774151819
0.021797952363159
0.0179133147095763
0.0147115884514743
0.0122858760787365
0.0104905472681265
0.00918602360073282
0.00836899070178341
0.00794461435640493
0.0332255118426538
0.0328665769209235
0.0325470731897485
0.0323715905726215
0.031395701300772
0.0306612107867626
0.0325658986503451
0.0326399717619532
0.0327960048581978
0.0318851954221132
0.0317071772219759
0.0323485564268006
0.033542106424392
0.0349433717562871
0.0366522379382265
0.0386261471997929
0.0406147501770338
0.0423632839226918
0.0439430914073801
0.0451914825654908
0.0460790200130141
0.0466288539947267
0.0468043507400612
0.046248362889415
0.0447668631406382
0.0410808248056743
0.0359897333162859
0.0293904192159287
0.023434044920759
0.0178969662766597
0.0135874833705211
0.0104120198614119
0.00792850126379364
0.00601399882371548
0.00456701689773147
0.00346059855067257
0.00267756066764196
0.00209456618617639
0.00160642026134999
0.00127730360781969
0.00106106883193406
0.000926507107945474
0.000859198011258265
0.0324317525391819
0.0328319817280043
0.0339668749645996
0.0356113315605892
0.0374623448331907
0.0394024887293696
0.0412842826851201
0.0430293955905216
0.0444642762459327
0.045592094806684
0.0464041406436333
0.0469169143364926
0.0471756907070044
0.0343559362405768
0.0362423156196042
0.0388356037904085
0.0401124280074825
0.0414783974664833
0.0429281897316186
0.0397386507253893
0.0409759422188813
0.0425561174622026
0.043988041857829
0.0452113762700593
0.0461434431971382
0.0466455380939338
0.0466132479009747
0.0458667536322908
0.0441290189068999
0.0409796103643434
0.0361929250093307
0.0304830472330598
0.0247204033600432
0.0197131018445265
0.0156153102620304
0.0123888698027472
0.00980413356292202
0.00783400706482986
0.00633916984210527
0.00518012318651544
0.00418484018550811
0.00338384962791818
0.00278747864161112
0.00237084456754793
0.00212888780448003
0.00199294639670117
0.0439292158115299
0.044972945740634
0.0459366450069509
0.0465840703262104
0.0467331077597121
0.0463151352701693
0.0449609202171529
0.0424492880584157
0.038940462930704
0.033673999268056
0.027443608649612
0.0216359131913692
0.0171572909307732
0.0139593327676161
0.0110321387588915
0.00871722091344294
0.00686308851610323
0.00544632871900886
0.00438396024847217
0.00369494322881153
0.00318749814549013
0.00275369069612802
0.00244541854371958
0.00230574501891043
0.0442902392717854
0.0455731164467845
0.0465825458121599
0.0474473216190185
0.0480429831031036
0.048504325423114
0.0487844777030868
0.0488963283305975
0.048908493374619
0.0488465783760079
0.0487619902047448
0.0486918336667309
0.0305083902735238
0.0308035897119515
0.0315977317735856
0.0329535512472117
0.0345386641284605
0.036062660534032
0.0376991831246351
0.0393733602442128
0.0409303322275558
0.0424347001712946
0.0438545000424021
0.0450662443041369
0.0460261783918317
0.0468845028420324
0.0476088140902541
0.0480992849872961
0.0483663700871475
0.0484608906537511
0.0484146525274366
0.0482668958967931
0.0480785761350503
0.0479079462524676
0.0477863198472686
0.0303732309087498
0.0304427723611866
0.0309262361175178
0.0319238777929643
0.033377486644079
0.0350591994790718
0.0368296086376157
0.0386362468014745
0.0403961493058097
0.0420394562493785
0.0435112988015468
0.044719608360754
0.0457050494295881
0.0463982709760484
0.0467011405109611
0.0465781270294894
0.0459538504167746
0.0446613203331146
0.0424643599163414
0.0392453270943842
0.0351259101072594
0.0305933001109883
0.0263078865727275
0.02241642031243
0.0185365929001515
0.015026607701091
0.012143271403451
0.00980909339597393
0.00800013750594283
0.00659529991165578
0.0054971237558564
0.00470174731756431
0.00410881065673565
0.0037576087576672
0.00356901096685573
0.0364476902614211
0.0384580843705647
0.041052029786765
0.0344291127862359
0.0340832305722659
0.0339177995506654
0.0428522167467709
0.0445969423572246
0.0460973173475731
0.0472917054393957
0.0480878585228504
0.0486637954040977
0.049035957240246
0.0492492445280018
0.049346193090374
0.0430335652403058
0.0444559055480097
0.0452222559471683
0.0450151177186065
0.0433489876828404
0.0406323687519366
0.0364079827215572
0.0311824621041024
0.0260353535171259
0.0213032239170379
0.0173131884137145
0.0140506935508369
0.0113964708670845
0.00924974033732159
0.00749595518897252
0.00607335658005831
0.00493762043293857
0.00405605461386647
0.00337158063544212
0.00278116408900813
0.00225889964512978
0.00183912380602121
0.00149876265037741
0.00122755950353213
0.00101917882929468
0.000860691530237523
0.000739949085751236
0.000654499390520079
0.000600458663444824
0.000573175982257325
0.0453810210483935
0.0449030596547617
0.0439419789463625
0.0421874950217233
0.0410807543856005
0.0401065725439857
0.0458179958051134
0.0448024742252111
0.0420547427446011
0.037076968869411
0.0305834296315718
0.0241516288437468
0.0187425647122799
0.0144689215870217
0.011093687173675
0.00846231489066046
0.00650254456109509
0.00505987721990531
0.00391694262378158
0.0030040127813358
0.00231490357770087
0.00178695464670453
0.00138140080060555
0.00107140459500095
0.000835674706754808
0.000657282284849308
0.000522649291492053
0.000420965265459564
0.000344629999785007
0.000288093673359311
0.000246828486784153
0.00021740648443041
0.000197397235136883
0.000185088264136812
0.000179057537223761
0.0451951863057253
0.0435990151047089
0.0404232367129414
0.0355193399467342
0.0296390565916706
0.0243460473013406
0.0198690237493961
0.0158074112805769
0.0124360881561476
0.00994401766959268
0.00810219629063334
0.00660506368973372
0.00532870179363536
0.00416391798852935
0.00322525048417443
0.00251420432309189
0.0019636213543018
0.00153876069716947
0.00120800544968134
0.000944123677364867
0.000749617382928095
0.000583456262450499
0.000491232446813348
0.000412112938974633
0.000336835626905026
0.000283727634588714
0.000243135680021258
0.000211799103252046
0.000190411316389741
0.000175555345553249
0.000166335274777832
0.000161715784075175
0.0315381004008402
0.0320895337305645
0.0330487193464674
0.034271223463904
0.0357907747788229
0.0311232714982049
0.0309345627234369
0.0311654115706427
0.0317191181969732
0.0326433130525076
0.0339289985948646
0.0352211879179689
0.0366349849205484
0.0382758605050877
0.0401183912898847
0.0417009118537939
0.0431668910619036
0.0444730782094313
0.0455911234585921
0.0464897032424988
0.0471607370273749
0.0476199995653362
0.0478586824973235
0.0479287423729914
0.0477393907234728
0.0473383469527365
0.0467165791180892
0.045905205522538
0.0450770403543691
0.0444288828644244
0.0440057850043757
0.0372662209251766
0.0397934043292233
0.0428359226513634
0.0366412793706914
0.0381953758498217
0.0402637886691392
0.0425788897082678
0.043869505613803
0.0443061228008668
0.0443403999844941
0.0443152515775177
0.0451852061519923
0.0455857098402884
0.0454315886324188
0.0443609107699126
0.0444173060077677
0.0430406649428174
0.0391571698068498
0.0324381319527656
0.0436761192747627
0.042142499269396
0.0394785440772947
0.0283073541490345
0.0233136668020655
0.0184345190157069
0.0147658522563335
0.0116437793107047
0.00910927838538066
0.00720038430433011
0.00560220576421462
0.00431725525585746
0.00329298510474388
0.00246405165567657
0.00168408940419459
0.028320813257389
0.0238028433891517
0.0193166039705975
0.016381480398092
0.0131588809234016
0.0110548265301003
0.00892641302013209
0.00718118006569918
0.00592458674925224
0.00488974310041601
0.00401268003710841
0.00328281122783164
0.00273289749615212
0.0022920828091089
0.00187256282808198
0.00154763031191231
0.00125642789138419
0.00103820734764911
0.000856257478088939
0.000710589750140207
0.000603633602148262
0.000520682280042378
0.000460061642622724
0.000424478431269878
0.000407001482908791
0.00136276706269027
0.00111053548529207
0.000920833808831885
0.000795907527477703
0.000692609309031856
0.000633069691707791
0.000601253304887475
0.00135119143866824
0.00108866948013669
0.000877314381053825
0.000718426366722401
0.000591377005793084
0.000488075582855205
0.000406404796551399
0.000341798290956704
0.000291665032670484
0.000253143685128405
0.000222286266611385
0.000198070248671314
0.000179840618455122
0.0001668107950938
0.000157762252913906
0.000151298388864692
0.000147124076951478
0.000145100454171805
0.0381766306417597
0.0359789010708165
0.0327919905515209
0.028821690186704
0.0247320263257999
0.0210208690936982
0.0177693223356326
0.0149704603385247
0.0125767713031091
0.0105288406234139
0.00876851599743615
0.00724271104999323
0.00590590816242414
0.00465905483013876
0.0375297246748725
0.0348181053315428
0.0315905734041054
0.0281263181632271
0.0250294738142419
0.0220971255002122
0.0194488353213134
0.0171977495832653
0.0152714484113969
0.0134758256687264
0.0117770788477558
0.0103110320987089
0.00915974255897058
0.00826076683904557
0.00760497514263694
0.00710340978832264
0.0067885119532952
0.0066148022304561
0.00399880466146417
0.00346418708019655
0.00301725513076761
0.0025820823616143
0.00223540280157166
0.00196777224645787
0.00168469563612626
0.00138941475305705
0.00114010566945885
0.000948214621964038
0.000800420223259316
0.000681929470356871
0.000582543021021012
0.000502206783598788
0.000442085754059862
0.00040177416225694
0.000375938700206518
0.000361840619420392
0.00402062051783236
0.00349949380432271
0.00307059133001906
0.00271115668752846
0.00240167809479849
0.00212989241692475
0.00189897975996154
0.00171782447492883
0.00158623178256448
0.00150069841104279
0.00145728520761326
0.0429172491954
0.039918513124688
0.0349817047581397
0.029321730315272
0.023961179971221
0.0191856060334767
0.0153156629829185
0.0119538573075187
0.00926016647027771
0.00704567668274411
0.00507240748714526
0.0431001039160674
0.0401343468445552
0.036141422830277
0.0306771454114259
0.0259586690207582
0.0208697319423552
0.0170223745436384
0.0140821643861741
0.0116131367701049
0.0103053190580644
0.00911808862436654
0.00840362011003828
0.00805450163855525
0.00409224519647594
0.00336235486072075
0.00280307432082309
0.00231427214685159
0.00195923225760767
0.00168195725091908
0.00149733191660289
0.00136556531182197
0.00129072553810638
0.00414288645774227
0.00339036202598238
0.00277982146797577
0.00228161341135839
0.00187324159793934
0.00154112643638133
0.00127144850949768
0.00104899658190485
0.000869792380994527
0.000726376910540445
0.000606486206393387
0.000511397150540401
0.000436095986095672
0.000375394259138102
0.000326673881840947
0.000286014439754824
0.000252551136757216
0.000226787774633405
0.000208674859104532
0.000195585195631255
0.00018702116367471
0.000182858477231977
0.0435526483271154
0.044577649376306
0.0454933437675812
0.0461569359993074
0.0465157006702215
0.0465157111848361
0.0459854749355208
0.0447416329246158
0.043214481046185
0.0403324287204751
0.0356284994348548
0.0307782012382493
0.0256622378627128
0.0206319721044541
0.016401395729185
0.012529586287116
0.0436232254353119
0.0446139256000501
0.0454300209574527
0.0460012682278821
0.0462860003100533
0.0461952542099006
0.0455371080724705
0.0439214083985478
0.0408401039891149
0.0361728877032232
0.0308240170531958
0.0258440817756658
0.0212624696337148
0.0161039674736184
0.0104039196204749
0.00830717370947201
0.00662599746522756
0.00534500538034985
0.00424379810418731
0.00341639053750256
0.00276301158809434
0.00215697145895384
0.00174377348051369
0.00141424266015986
0.00116611131606914
0.000971147689878716
0.000827464031675966
0.000726806737683193
0.000661603591754257
0.00062848575188321
0.0103602048461515
0.00854000014699603
0.0069214397495014
0.00566151482521683
0.00469874698925632
0.00382488231591883
0.00313903207200186
0.00262800873789435
0.00224175991010486
0.00193313868633581
0.00167939477122915
0.00147746997167281
0.00133312273266369
0.00125557030602042
0.0133193589961297
0.0111726628215073
0.0093989396965639
0.00784124900762246
0.00653713310612228
0.00543482024974536
0.00454806859096717
0.00379850794710649
0.0031325505334016
0.00256749371139725
0.00211160508523322
0.00173951755974591
0.00141763610695836
0.00112251075442098
0.0138641017831226
0.0118018109048557
0.0102060914083106
0.00874528271210026
0.00719121771557713
0.00585945333333115
0.00486551333157103
0.00396966378726001
0.00321337778471804
0.00259988033723864
0.00209884814319287
0.00172575075523678
0.0014024685374183
0.0011390102119818
0.000926412356482124
0.000763794167456085
0.000633914286180333
0.000525364584200649
0.000440223744425654
0.000373365594691054
0.00032002018832806
0.000277348238705336
0.000243373463231202
0.000216696249918293
0.000195753031657833
0.000178839176873177
0.000165477342302117
0.000155175111177213
0.000146770657453511
0.00013991929127532
0.000133826059322146
0.000967090017588056
0.00082751565613314
0.000702114787807819
0.000590347179608193
0.0004932839820296
0.000417427086368432
0.000362608740756879
0.000316537421232126
0.000276880131658961
0.000246009818219726
0.000220942199311272
0.000201386081442286
0.000185352770295881
0.000171652366176754
0.000161218754809486
0.000153344473943119
0.000146494794077257
0.000140946361933457
0.000136747119882079
0.000133650004494346
0.000131260009373303
0.000129305050739161
0.000127775471930926
0.000126622009757364
0.000125720950416971
0.000124966644828259
0.000990221218139282
0.000898986526348184
0.00084089950994395
0.000124530081895108
0.00012415541898492
0.00012384963526042
0.000123622036550863
0.000123459230697798
0.000123333208160253
0.000124498860082646
0.000124091504706775
0.000123876224545789
0.000123754005262594
0.000123273013354574
0.000123238152880201
0.000123219422804657
0.000123210831809078
0.000123281262859173
0.000123252766831412
0.00012324050302735
0.000130965347138908
0.000128845254219508
0.000127340653038088
0.00012616802719201
0.000125195168940927
0.000124398123533885
0.000131046118095283
0.000129048136373485
0.000127540083327569
0.000126405373487955
0.000125547265393113
0.00012494442635394
0.000124456151952967
0.000124111361955564
0.000123852913883095
0.000123662834848394
0.000123527204437932
0.000123426773835576
0.000123355113023973
0.000123301998787559
0.000123263752437112
0.000123236659187592
0.000123215152082527
0.000124054798719446
0.000123832385984925
0.000123658460244819
0.00012353411478757
0.000123436829910335
0.000123365896465474
0.000123314011810779
0.000123276225056025
0.000123248637325987
0.000123228889700449
0.000123214328375249
0.000123203609784925
0.000123195902288175
0.000123190514734654
0.000123186814818695
0.000123184306231953
0.000123182661601033
0.000123181673661953
0.000123181196718149
0.000124049916132051
0.000123821476598874
0.000123652007378828
0.000123542702672747
0.000123477837484585
0.000123446158440113
0.000123203612240017
0.000123194843015554
0.000123188881879267
0.000123185158158729
0.000123182721059251
0.000123181333589129
0.000123180677178673
0.000123203072714548
0.000123194596115827
0.000123189585974657
0.000123187343270227
