0.05
0.0367703027497542
0.0346084486349543
0.0312887046862311
0.0348646305748651
0.0322953398833647
0.029410802797568
0.0366463325396164
0.0337324362418762
0.0284847521362381
0.0247793886388337
0.0219435827750742
0.0199668342899758
0.0176066164365076
0.0152109688735038
0.0368018378486421
0.0303480425165427
0.0244254772462319
0.0235561695927457
0.020046909070765
0.0166199994719202
0.0158478428662869
0.0154840475064745
0.0151974533129365
0.0149328512449428
0.0147846288485987
0.0149554639347827
0.015454980424615
0.0161985031437863
0.017079781004098
0.0179701716133702
0.0187664326899729
0.0365092064499866
0.0345072367201959
0.0317686456549339
0.0294607404423968
0.0274757843750966
0.0258793895407304
0.0245638685743653
0.023219182253842
0.027751383472613
0.0244875532595131
0.021030560207718
0.0180782210348968
0.0150880869325746
0.030287897319572
0.0296886323545315
0.0293511258978078
0.0152524473408386
0.0158218424053547
0.0167835221198446
0.0179799780173192
0.0195280192452501
0.0214191342082875
0.0233850471991355
0.0255427796326954
0.0279088753201123
0.0302038814265236
0.0324955685579043
0.0346873255618603
0.0367886340693835
0.038640757995613
0.0401906876428668
0.0414860686120926
0.0424013919544495
0.0428971743392947
0.0428580150301052
0.0421031804782017
0.040513509321433
0.0380506347097115
0.0349141860633199
0.0315797076500205
0.027470345210562
0.0229689171149179
0.0190316890473858
0.0156931640705884
0.0130967762867944
0.0110426443651252
0.00948882534594096
0.00839067582435241
0.00768832044814066
0.00733494557964085
0.0124844867127638
0.0107237227444479
0.00907594989088726
0.00756331265048005
0.00634042812690966
0.00535687683480273
0.00449920395083353
0.00390884662901497
0.00346885204368808
0.0031546562422475
0.00299280675814309
0.0288793170482183
0.0284807980226151
0.028158528037452
0.0302593225883412
0.0320560586079984
0.0343303436602204
0.0281315142114393
0.0281199070990772
0.0281252579910263
0.0278618791253149
0.0278627649235628
0.0284101250043545
0.0292020458175499
0.0301945664136395
0.0315585878100332
0.0331965376335591
0.0346780922922457
0.0360671187687503
0.0375129646592119
0.0388172192770497
0.0399931770822758
0.0409471037845789
0.0416325100084603
0.0420677501547562
0.0423106465481572
0.0288704103554609
0.0306203065234775
0.0332507126168555
0.0360198848918965
0.0381936238555706
0.0395832822571201
0.0280529012817783
0.0280235785163838
0.0280314684199945
0.0396822241799213
0.0383919140600273
0.0356272527841927
0.0316661516271341
0.0269763597799427
0.0225316050753903
0.0188843440205047
0.0158620648563064
0.0132980888448729
0.0111690430327402
0.00945335026146054
0.00809366642438228
0.00700308792632656
0.00609487812310206
0.00531870687755306
0.00464416839010553
0.00405093430791892
0.00351798866592065
0.00301910660973507
0.00256336143374631
0.00210848506024722
0.00167493388081975
0.00125674160041695
0.000828472056207493
0.000512944841914674
0.000128538157998067
-0.000198733785407782
-0.000497795381496797
-0.000751420415588264
-0.000948822937445131
-0.0011080805238287
-0.00122834158201977
-0.00129451265708637
-0.00133994824236111
0.0396244617033778
0.0383034756020178
0.0355546683327089
0.0309118082126002
0.0255157328323011
0.0204514629639382
0.0163482142698055
0.0127608666232934
0.00988896286422545
0.00752069360575349
0.00558391720917532
0.00396256163805587
0.00258834262024076
0.00144209864730546
0.0004911181931874
-0.000349302003200183
-0.00105284184149711
-0.00161982724674862
-0.00208308417058463
-0.0024635409288582
-0.00276000058530268
-0.00296309928817449
-0.00306911366030988
0.0276390283935619
0.0275093745869079
0.0276012279478807
0.0278573783485029
0.0282267599551124
0.0286756534775462
0.0291788546368382
0.0296882585373863
0.0301616170144807
0.0305770019479911
0.0309129523234465
0.0311485376650938
0.0312736838141932
0.0286694502604227
0.0295853366704128
0.0307262476361767
0.0319798876888771
0.0333421796663347
0.0347532138258587
0.0361041834812411
0.0374234669214581
0.0388646798868163
0.0402913915504022
0.0414547776344651
0.0421106468197377
0.0421200969828696
0.0413379734688031
0.0396798926956686
0.037152110537553
0.0340833979074638
0.0309417569909886
0.02771512730728
0.0234701854716528
0.0188078767251073
0.0151720403338392
0.0117597597157808
0.00918514747374627
0.00703991512926557
0.00516569015467591
0.0035706664576541
0.00227545463257251
0.0012708510569397
0.000503216432216408
-0.000112258217112602
-0.000622001145044152
-0.00100345311369136
-0.00131737156045273
-0.0015809417543399
-0.00175171966086318
-0.00184039518836277
0.0354674199715233
0.0366390237663212
0.0378179627241493
0.0390866788620723
0.0402335528053647
0.0414746868490287
0.0425329489090653
0.0433622005693059
0.0440936714155807
0.0445654492251511
0.0447391478718922
0.0446663696149624
0.0443021713761047
0.0433724598066783
0.0416104875639024
0.0395190601912987
0.0377520528760579
0.0355526329086294
0.0333495472873078
0.0315365637884559
0.0301930177975705
0.0295232508342808
0.0352107149053714
0.036199983371926
0.0372777936378314
0.0384131469554809
0.0395212222708824
0.0405665709716823
0.0415311028752906
0.0424463454009601
0.0431300418065351
0.0436813793251947
0.0440137488077007
0.0440625997327939
0.0436689892293873
0.0426208526809975
0.0408063141029893
0.0381040231226666
0.0347609058143804
0.0310396540612369
0.0276176744833746
0.0239700007690481
0.020740052731923
0.0181822061028187
0.016241026840578
0.0148085433318484
0.0139029241651278
0.0134299694048988
0.0289546679506468
0.0284696405140372
0.0279089661120872
0.027199845580196
0.0249533064545332
0.0224939588112666
0.0279452764917834
0.0280242625245005
0.0281643969417546
0.0260629504926463
0.0231034664776174
0.0194168068393896
0.0165037073076553
0.0144859848952234
0.0128854199395706
0.0116587563204616
0.0108765129041532
0.0105338932182028
0.0105675393510124
0.0109691124290665
0.0117316383325484
0.0129540810311143
0.0150605233952136
0.0181721189470089
0.0212362027905562
0.0252489771488579
0.0286757081863382
0.0321939455075557
0.0352307730079223
0.0381476642217205
0.0404271138554774
0.041857720749259
0.0423831200980227
0.0417314587120983
0.0396419228359267
0.0359594333790029
0.0315170515325295
0.0269763333425193
0.0223442665864434
0.0188742676297277
0.0164627620260917
0.0149126103350408
0.0141228451146668
0.0254041756695131
0.0219190214852772
0.0183967594095143
0.0152414416013836
0.0126077774673967
0.0103467650825638
0.00842675377802866
0.00678479668029347
0.00548140625700264
0.00445741324730337
0.00370370776568657
0.00321318834680182
0.00295920516491462
0.0310972617821731
0.0337326881269403
0.0365774022926787
0.037879401056955
0.0390878133545155
0.0402178577612152
0.0371341283922342
0.0372964008876148
0.0368652736307296
0.0357216043837944
0.0337730404316553
0.0309953612820563
0.0277218301701807
0.0243279361019755
0.0210329850447097
0.0181057550123413
0.0155331583116621
0.0132803709110114
0.0113520624140067
0.00965325470322964
0.00818720300330904
0.0069156136476883
0.00582606545672988
0.0048671702570137
0.0040615376587019
0.00338610267601786
0.00280703133311992
0.00225920897630497
0.00177935859990353
0.00139475315747041
0.00110932876728734
0.000936536769789641
0.000836626362110136
0.0405320530359028
0.0403771962417338
0.0394334009818905
0.0374247317300762
0.0346457260943515
0.0310946952945107
0.026858191549014
0.0230136470032565
0.0198982861805104
0.0167871499699057
0.0139378575602834
0.0115146202851173
0.00963188232506495
0.0082284532046948
0.00686619194767043
0.00571095996911971
0.0047142681020292
0.00389357603278857
0.00323305608651584
0.00277874383095371
0.00242694126290614
0.00211155988082288
0.00187872008959977
0.00177079730338528
0.0414531041367352
0.0424814979463096
0.0432710853852485
0.0439920890880507
0.0445675813945518
0.045130047194646
0.045625639537918
0.0459891642293472
0.0462917709955485
0.046555054152991
0.0467366116254309
0.0468432299491848
0.020758922728643
0.0187406878101872
0.0164751577680543
0.0139761858316469
0.0118280044052683
0.0101915200170804
0.00874353642438187
0.007487259634692
0.00646095768111063
0.00556499074861292
0.0047842656643642
0.00415434493884886
0.00366991870350152
0.00323612246545971
0.0028508121436916
0.00255289580434156
0.00233817077868773
0.00218180195442775
0.00207071666690816
0.0019966561223333
0.00195137282636859
0.00192563517552408
0.00191232957404208
0.0213822443662342
0.0202629712873689
0.0191572810162862
0.0180777793249801
0.017222360319934
0.0167243106752855
0.0165842935756691
0.0167891378376115
0.0173295843233652
0.0181888346092561
0.0193499652849401
0.0207346969452411
0.0224087728201616
0.0243628979509749
0.026428969718036
0.0285255883285116
0.0306372876602008
0.0327480195829691
0.0348145036775253
0.0367609203781833
0.0385707367618417
0.0402054457802459
0.0415922696432583
0.0427646444293574
0.0438302469290353
0.0446278909065458
0.0450176301262056
0.0449484480676544
0.0444054880460786
0.0434089608041163
0.0419960676225777
0.0404115334662538
0.0387755219073024
0.0375788106062308
0.0368467278959486
0.0146348931841854
0.0141318737471741
0.0137217354357157
0.0142608076608983
0.0135274390252877
0.0131540145954956
0.0116329708063988
0.00970836395781881
0.00808709807074176
0.0067644526020615
0.00582134025164604
0.00506963859920845
0.00452471831288026
0.00417668597647342
0.0040056711900735
0.0155591794129911
0.0176846622363065
0.0201623594797794
0.0229940804052511
0.0260987976278452
0.0289241345084729
0.0318075634928943
0.0345040045331088
0.0367974757772408
0.0387111841940822
0.0400859499225866
0.0407942073298401
0.0406893960207602
0.0395996874341907
0.0373663711194668
0.0340307199009355
0.0299999097410535
0.0259295916675114
0.022231309037245
0.0187186751998844
0.0154156346635868
0.012644671602133
0.010317541587801
0.00840351426542792
0.00688984142213989
0.00570855812428623
0.00478789925120635
0.00412391494334358
0.00369802692888156
0.0034810493001275
0.0226306604270744
0.0224053302031929
0.022283555553773
0.0222147613281198
0.0221990994787368
0.0221971620805939
0.0191094845406851
0.0191203353595468
0.0186881940074046
0.0178117326236153
0.0166126924247433
0.0152277343753643
0.0137699659271977
0.0123038043964305
0.0108350960589692
0.00939267751461474
0.00805562894664049
0.00685002160922763
0.00568822252908853
0.00455681181685444
0.0035172962035798
0.00255154849384331
0.00165353861571317
0.000824106192163391
6.4084770915498e-05
-0.00062609215779949
-0.00124760729745507
-0.00180392943780947
-0.00229472036187556
-0.00271702830589316
-0.00306991001029643
-0.00335284384054569
-0.00356464732056943
-0.00370458485986255
-0.00377633872922024
0.019007484768153
0.018912728965926
0.0184824216795901
0.0177381200898866
0.01675463658715
0.01571055118094
0.0146356184233835
0.0134237609874995
0.0121594307358617
0.0110010794437436
0.00995953141460512
0.00892649650461921
0.00784560430239284
0.00664784969807527
0.00549134419451286
0.00444670473802782
0.00347937441079087
0.00258560352193017
0.00175392068076958
0.000959304019865561
0.000259793816961603
-0.000459571278811572
-0.000927099376509475
-0.00139034001173049
-0.00192095640983315
-0.00237666125662984
-0.00278615138542441
-0.00315154925882419
-0.00343402854720016
-0.00365142327850626
-0.00379725583316175
-0.00387415089298041
0.0217495789332865
0.0198631290364015
0.0179763594071695
0.0163176954287821
0.0147669937297439
0.0224749523676896
0.0208405690740838
0.0186194155829472
0.016955064746568
0.0154744962567609
0.0142137094076256
0.0133926061283652
0.0128074805115082
0.0123804370512024
0.0121495253046469
0.0121617718925969
0.0123709373784647
0.0127572255454958
0.0133029111735047
0.0139813079198265
0.0147608047767332
0.0156317670608899
0.0164982985447098
0.0176846685302789
0.018888484874046
0.019923670006628
0.0208774875814929
0.0217145910632407
0.0223496429661423
0.0227580826804708
0.0229925886490198
0.0139587958023431
0.0128579511937319
0.0116770323215062
0.0136124240470499
0.0121706134968571
0.0106587841885935
0.00922122272684538
0.0114016995867743
0.011307924028238
0.0113263056053346
0.0108849723591247
0.0104355111294517
0.0102445136786643
0.0103053365009632
0.0106942756208165
0.0117063864289669
0.013005406056981
0.0152623714488938
0.0181465096515263
0.0112739293555694
0.0114341372496149
0.0118125935990806
0.0199287355570316
0.0224214039794006
0.0254938827465468
0.0284499148492962
0.0315989984724903
0.0346869777917484
0.0372905934111947
0.0394455710326837
0.0406653612592861
0.0404427552112104
0.0381337833108022
0.0323832777118615
0.0198226636664761
0.0219045940204124
0.0244518013536856
0.0265228263512791
0.0293555775470413
0.0316201588836818
0.0343810361964536
0.0370870949206823
0.0393176111215098
0.0413304214221655
0.0431104824517562
0.0445427458038149
0.0454480869715361
0.0458784244111387
0.0457624387797246
0.0449487934361879
0.0430260010775408
0.040007874959514
0.0356556299101436
0.0306067017512232
0.0260803426636691
0.0222093852016141
0.0192571305660178
0.0174986840431077
0.0166310997301844
0.0294388410803589
0.0257593473395819
0.0222845610280174
0.0197494431962854
0.0175306719233931
0.016216799906117
0.0155051362468201
0.0282306218769751
0.0235904663204604
0.0191544818789952
0.0155225531557139
0.0124561777038546
0.009845263957043
0.00768514550269886
0.00589395496708991
0.00443423965040186
0.00325511782681812
0.00226044377307177
0.00143698989426932
0.000783473168805715
0.000293115089792255
-6.18731234492553e-05
-0.000324502707954389
-0.000498870405435634
-0.000584918709159943
0.0125351989707772
0.013590303367397
0.0150796174629455
0.0170370161492264
0.0193019537780483
0.0217175083849696
0.0242534402623888
0.0268699848306123
0.0295236148919481
0.032172382444911
0.0347775626461032
0.03730323068951
0.0397123448037415
0.0420861433141143
0.0115722920131208
0.0114461456098282
0.0114309179964523
0.0115235822055801
0.0117003299442747
0.0119703512951081
0.0123351738285365
0.0127766169286693
0.0132864833602901
0.0138971108527076
0.0146114434431132
0.0153493685065834
0.0160229777945349
0.0166194045920203
0.0171009442238716
0.0174999293085776
0.0177645065132509
0.0179157977306663
0.0433355542205995
0.0443673894250838
0.0452068025487549
0.0459441144292312
0.0463769963011698
0.0464958784930909
0.0462421771779931
0.045264399120845
0.0433043246590562
0.0402980319150981
0.0364343399634329
0.0320593134679506
0.0275024570200222
0.0233528054860204
0.0200728662916939
0.0178273620012292
0.0163778878307889
0.0155852518359837
0.0433676638099114
0.0444615650190776
0.0453936896895986
0.0461914446897498
0.0468816298051932
0.0474799456833477
0.0479735724330506
0.0483454682352442
0.0486040128763859
0.0487656276993268
0.048845422006803
0.0121019971268208
0.0140284452005449
0.0165704352354065
0.0194217973670102
0.0225063809284572
0.0258885174485652
0.0293131605849584
0.0329836202989943
0.03649276150979
0.0397570003426481
0.0428378988499691
0.0101029565304634
0.00969027307833273
0.00952565539045985
0.00955623104250224
0.00973572931854881
0.0101068022655765
0.0105556385823192
0.0110433694462719
0.0115961063163421
0.0119530498357953
0.0123325178857238
0.0125890474275078
0.0127233682637918
0.0445858443801849
0.0459030040502316
0.0468995491717574
0.047732311849993
0.0482902857206084
0.0486816614572251
0.0489136772788292
0.0490615581161475
0.0491377183765676
0.0440788394595237
0.0449082517418466
0.04524895062642
0.0449861538960953
0.043932160813978
0.0418345481260976
0.0384835423871061
0.033920456903299
0.0288550757181264
0.0240338428334879
0.0196450991260065
0.0160297752682219
0.0131145280753948
0.0107370573354765
0.00880912403929142
0.0071829428357138
0.00582941049587897
0.00477485860526824
0.00402507976686543
0.00347778792660706
0.00311674686595704
0.0029403006794008
0.00871730155403735
0.0082726224584356
0.00794550147778568
0.00776839017593011
0.0077356549365939
0.00784516074722445
0.00813149028767382
0.0085798452266157
0.00901343946305637
0.0097036116882877
0.010703502228864
0.0117653166796351
0.013054742347529
0.0146412402918054
0.0163637901218678
0.0183703015786596
0.0085698304923832
0.00800926422335941
0.00757406922287079
0.0072675959579332
0.00707793005731355
0.00700619396638407
0.0070683706027205
0.00729665225693148
0.00770929924502343
0.00828810103375584
0.00897964199302058
0.00972660911437358
0.0105596366197462
0.0117338069302149
0.0199847236672249
0.0221799218212382
0.0245423718952236
0.0268781612014455
0.0294352030089919
0.0318272571864588
0.0341180815489943
0.0366938204036078
0.0387669896632859
0.0406585329788611
0.0422431347832053
0.043592675567986
0.0446436257442984
0.0454046695751209
0.0459065005996544
0.0461634986973347
0.0195373557247583
0.0209116302008081
0.0225562216277998
0.0242210580900308
0.0258126426158983
0.0275947013811867
0.0292920334539948
0.0307824713042942
0.0320751484539252
0.0332373865735077
0.0342966681980495
0.0352166305951297
0.0359203376229892
0.0363151343320366
0.0129059067436541
0.0141599185498741
0.0155594717385106
0.0171975707075307
0.0190033825096734
0.0209791666263799
0.0229895636539406
0.025092622084395
0.0273806830139935
0.0297301482555265
0.0319738522257777
0.0340852881355397
0.0361428117115001
0.0382170758353206
0.0119815669644273
0.0124595960207799
0.0131105745531295
0.0140692377443283
0.0155664713151318
0.0173573710100242
0.0191826882719463
0.0213919822049634
0.0238312399748672
0.0263611963239725
0.0289529599234831
0.0313068794063895
0.0337527070654778
0.0361119458735328
0.0383117656293783
0.040178911226275
0.0417427415797422
0.0429912306440379
0.0437420086390315
0.0439070271604439
0.0433559117457798
0.041871147892454
0.0391987503381758
0.0353029463718469
0.0305622949731508
0.0254577093543474
0.0206270812643465
0.0164344373883676
0.0126850042199529
0.00937509505711665
0.00622123954548664
0.0397079931351487
0.0411677699945871
0.0425406868575876
0.043735803549751
0.0446134813762111
0.0449913735596656
0.0448558779834583
0.0441527135169814
0.0426121410913695
0.0401655584573797
0.0366972270308425
0.0326049974748041
0.0281204836203882
0.0234603556791564
0.019470995591607
0.0162185461720942
0.0131954622343253
0.0105794639182526
0.00846182068326889
0.00679037270297028
0.00540749503035663
0.00418736114686788
0.00315069441112533
0.00229942201912172
0.00157477681422016
0.00091452140981212
0.0387755457401282
0.0391720221727106
0.0394331943464297
0.000432189759896779
-6.38680192201749e-05
-0.000552548800148293
-0.000991352188137189
-0.00136852361703984
-0.0017113175506213
0.00055994551882708
0.000225782729430063
3.88412783474824e-05
-7.19774531094088e-05
-0.0019134596292554
-0.00205403475747385
-0.00214112646842414
-0.00218502730166051
-0.00184786385486705
-0.00193149434158983
-0.00197000694147903
0.00464226036696482
0.00334209762343418
0.00231362863953765
0.00141910715900501
0.000587286931535315
-0.000170055220276709
0.00473001278133799
0.00354751608618943
0.00255523744509203
0.00171769283971926
0.000999292738508438
0.000423195699722687
-0.000117287668408501
-0.000565429518071793
-0.000964238087706268
-0.00131739281161065
-0.00162359716678234
-0.00190189839792118
-0.00214741772722808
-0.00237395909342899
-0.00257760744747017
-0.00275584676137821
-0.00292764468012712
-0.000631342248131836
-0.000986329421440133
-0.00131863744350929
-0.00160525431325197
-0.00187865708781869
-0.00212424907631445
-0.00234651891822249
-0.00254734776197876
-0.00272949086663306
-0.00289099801176374
-0.00303817489029334
-0.00317195786801412
-0.0032901767924741
-0.00339047245252788
-0.00347247268853056
-0.00353710842647194
-0.00358503773075347
-0.00361660285325077
-0.00363276564867532
-0.000410608422217623
-0.000577785386237626
-0.000708597876310734
-0.000796837581941966
-0.000850966063801492
-0.000877972945984391
-0.00305937723166757
-0.00318817082086669
-0.00329914803628313
-0.00338469169937132
-0.00345186635880687
-0.00349590630992392
-0.00351877308661546
-0.00301375882983542
-0.00308598267260508
-0.0031352017560988
-0.00315936392257059
