0.05
0.0373525235053011
0.0347557853062507
0.0305249815639166
0.0356800687840297
0.0334137971549577
0.0312129721045776
0.0373488895233692
0.0357189649123918
0.0338354462714211
0.0334389413820718
0.033748415433272
0.0342478956868353
0.0350979585169035
0.03596261324548
0.0374769176740267
0.0337481919846064
0.0308082784936393
0.0304828698927294
0.0295709217540472
0.0286808954737976
0.0284205803258607
0.0282226470881186
0.0279244564678052
0.0272730972286268
0.0257507865637907
0.0235358351272988
0.021264648378783
0.019073816107027
0.017010389732644
0.0150864338006976
0.0132039792286204
0.0371972679582474
0.0354820528011802
0.0332438058487153
0.0314717138134571
0.0300603788714382
0.0290214192567401
0.028254769279623
0.0275628719717128
0.0288731694232
0.0274150821914198
0.0257400440816207
0.0239911505053491
0.0216767879211793
0.0277986795989605
0.0253731709451904
0.022923708288979
0.0201943956151993
0.0185211614058879
0.0168379801337918
0.0153610041720163
0.0139097886341132
0.0125092178657895
0.0113025159070122
0.0101599291249589
0.00904961134807933
0.00806626062255869
0.00714478489501597
0.00629637411952359
0.00549142868740893
0.00476416722111302
0.00411169551433277
0.00348484023503709
0.00290299244659425
0.00233534130524672
0.00175959787169533
0.00118922427679678
0.000657055779060742
0.000170955027516463
-0.000260127429522322
-0.000631127645877091
-0.00104372309233187
-0.00149016101361168
-0.00189911173720845
-0.00227157011357829
-0.00258407480550376
-0.00284924643822167
-0.00306228640832919
-0.0032201949149409
-0.00332472621331943
-0.00337846374026379
0.0210901965133863
0.0205955513069155
0.0200447527005196
0.019452946848122
0.0189084751610219
0.0184243309410587
0.0179657934789175
0.0176306233765392
0.0173698731005547
0.0171776297523196
0.0170765947315721
0.021627340232234
0.0200137361381819
0.0179142186602657
0.0199628872541036
0.0163792423760362
0.0128234269542749
0.0173410020598706
0.0167118975145953
0.0160173563297103
0.0165278569207265
0.0144321016595834
0.0120454846617595
0.0103861350831158
0.00896967167155331
0.00748608954960137
0.00604731809106766
0.00493153193603977
0.00399548110391926
0.00310559577273447
0.00235715491430686
0.00171563544088271
0.00121273123530518
0.000859044723934824
0.000637299737600583
0.000514460555115783
0.0148895662485143
0.0133347310136725
0.0115405179544007
0.00992503742025017
0.00865601675589706
0.00755724266647796
0.015136410150129
0.0143137853707187
0.013464781594603
0.00698787493047685
0.00660442361013034
0.00647465458663312
0.00660032624125249
0.00701006103156604
0.00771524561290162
0.0086835132569811
0.0099730445998756
0.0117096301824856
0.013979614664047
0.016783308642336
0.0200159509916552
0.0235330373347138
0.027221940311496
0.0309102690823688
0.0343855603497305
0.0374181253438919
0.0398005930048664
0.0413240390081892
0.0416487610550191
0.0403955770266562
0.0371403441453121
0.0319965236460586
0.0256328154428606
0.021055334743401
0.015993282755202
0.0122046784225945
0.00912529520068504
0.00675186270512618
0.0050258549863256
0.00369613417362842
0.00272111008888971
0.00219246820858743
0.00183237600117584
0.00723316412565711
0.00714727390036089
0.00730828708748263
0.00779406373296859
0.00861490795156963
0.00978866332807057
0.0112718442286861
0.0132900410981396
0.015762346455752
0.0187460596569036
0.022121322570577
0.0257884500160157
0.0295874684997221
0.0332607134477797
0.0366407993652508
0.0398323492508314
0.0425587513632157
0.044683158721082
0.0462750531872923
0.0474155456787008
0.0481603244217293
0.0485831579279422
0.0487724755214724
0.0121111231087809
0.0108541938270308
0.0097243977509706
0.00873247006297112
0.00786092185215632
0.00708399115046698
0.00638601976109032
0.00578657463748632
0.00529340958750087
0.00489798660840947
0.00459857080519836
0.00439791076725852
0.00429420304719678
0.0123168310570903
0.0112031344965137
0.0101629349159068
0.00925743151150108
0.00844558488647898
0.00773236682942167
0.0071405713043201
0.00662895718771936
0.00612016958261752
0.00563781045071294
0.00522662513535197
0.00492363097028224
0.00473145197277803
0.00464260562368193
0.00466213810976635
0.00479057547582086
0.00502420339279105
0.00535223551820433
0.00580899557102746
0.00662241346341135
0.00782963140956414
0.00912282579435313
0.0108402347372386
0.0126807092316951
0.0147991635621496
0.0173321586837411
0.0202373390638459
0.0233026051585193
0.0262369018928104
0.0288689370036273
0.0312591863125347
0.0334545380692531
0.0352416830064219
0.0368157088052426
0.038207503465746
0.0391380330705594
0.0396297189885587
0.0112562061855033
0.00987299605089412
0.00862447962475701
0.00738299154926376
0.0063129452811299
0.00517481300499534
0.00417730686227703
0.00332913972210227
0.00244319683247085
0.00163443600995996
0.00106758549305995
0.000242268582354484
-0.00029115547862602
-0.000934768742287637
-0.0015860052616122
-0.00206736428607986
-0.00237126591591038
-0.0026758225049772
-0.00293184914349947
-0.00311896694572281
-0.00324747993399778
-0.00330902938194804
0.0115861744315786
0.0104215156419218
0.00931783940831464
0.00827702461680548
0.00734046502475388
0.00649909604314143
0.00573369219899568
0.00498617317857225
0.00437292800951969
0.00376781664459622
0.00317399306219267
0.00261396506799775
0.00184959866426231
0.00110921147589745
0.000453831222644283
-0.00013252779432902
-0.00063841690905389
-0.00108529181638875
-0.00144731473740084
-0.00180896797584339
-0.0021251184682009
-0.00238019281719649
-0.0025791286657192
-0.00272998768312061
-0.00282749079640057
-0.00287918584058464
0.0304378475701985
0.0295309963330762
0.0283711594847976
0.0306696083566751
0.0304463305787333
0.0305009275963748
0.0277535980587072
0.0269840439395708
0.0259749103193577
0.0281639543955079
0.0285948226732969
0.0297986824092977
0.0312252278503636
0.0325964041691514
0.0340904830465588
0.0357042770010867
0.0372593970622476
0.0385643180195643
0.0396453700804814
0.0403247771419385
0.0404884805445066
0.0399584936983195
0.0381761096660075
0.0345712347975269
0.0304583574916053
0.0249682089142367
0.0206181358827865
0.0165421681592477
0.0132781978629285
0.0102507900506526
0.00774928529417575
0.00575004662080837
0.00403792360550316
0.00258191939517402
0.00136308531489648
0.000328492588149977
-0.000480579599191
-0.00114133906210045
-0.00174883463297737
-0.00219421460011945
-0.00250684217880276
-0.0027111682025586
-0.00281668914309156
0.0227860185816819
0.0189989186680134
0.0153765567886372
0.0122829715706996
0.00980301884795039
0.00774805806426349
0.00605831844787625
0.0046555704024697
0.00357090757237873
0.0027375635210432
0.00213517266990841
0.00174830238242874
0.00154968974284736
0.024117648674671
0.0229336204309871
0.0220372892592188
0.021420230296539
0.0209257866704399
0.0205461458694163
0.0225946431407003
0.0237234188189338
0.0255311752291515
0.0275736377541906
0.0298322221485448
0.0322849581945029
0.0347499297232873
0.0371089759945233
0.039303329978954
0.0411483166189467
0.042570298918238
0.0434572564039866
0.0436606288152324
0.0430124855331606
0.0412927735350525
0.0383196787006181
0.0342679226528034
0.0295699852872554
0.0250957349606045
0.0212407861244079
0.0180280217798119
0.0151488668749614
0.0127724770771685
0.0109727627632573
0.00969999066071641
0.00895494996333361
0.00853409839819502
0.0217964761794151
0.0236296155159522
0.0260626486115986
0.0288420468109614
0.0314382872963708
0.034024316549303
0.0366900972543568
0.0389632932320656
0.0407425622970141
0.0424145105471908
0.0436984799719824
0.0443230589839552
0.0441421186713264
0.0432411121427794
0.0411915448462187
0.037890942340335
0.0334166520331677
0.0286007167145137
0.0242208548547875
0.0211065163976787
0.018699273752737
0.0165796992466246
0.0150497398670467
0.0143518324926598
0.0190561064286155
0.0178125207624964
0.0169232975106453
0.016214459617763
0.0157457799562133
0.0153863372892434
0.0151564291779268
0.0150429430283644
0.0149897369053988
0.0149741627008363
0.0149778015905703
0.0149858776065525
0.0311864197572374
0.0322763717475999
0.0336935557186001
0.0353387525467046
0.0366877355869773
0.0375468492003982
0.0380313623786372
0.0380555547376488
0.0376089922393228
0.0366661818728582
0.0351838493479269
0.0332970536969724
0.0312195597475904
0.0287250728772664
0.0259327996222634
0.0233249281524433
0.021115647391216
0.0192445780893969
0.0176964570101531
0.0164908121057308
0.0156361216922902
0.0150847903750419
0.0147685871613632
0.0301618013944411
0.0298282456257953
0.029390066137726
0.0286714950734782
0.0275598129440464
0.0261025178454626
0.0243864504621489
0.0224772033412644
0.0204875605094142
0.0185089027812003
0.016594668905151
0.0148386780732533
0.0131320752701126
0.0114828512342411
0.00999150971386076
0.00865416560899908
0.00743214613223181
0.00630049057413728
0.00525449910293158
0.00430585346536928
0.00343774216058835
0.00264570754964492
0.00194396962780755
0.00129342522694282
0.00059452042199316
-9.94577871838974e-05
-0.000730474739815541
-0.00129613597518503
-0.00177830181195674
-0.00218608563233142
-0.00252985159613487
-0.0027949346410932
-0.00300297372695431
-0.00313069706844952
-0.00320091712139868
0.0354685008549488
0.0344446452283896
0.0325599774811202
0.0369992190375434
0.0377589053869293
0.0381297638787426
0.0323632270711243
0.0314032241178222
0.0298683005470356
0.0280205329590023
0.0263478115376958
0.0247863719128019
0.0235284367803314
0.0226704974590099
0.0222334472630489
0.0289900104647375
0.0250381688991709
0.0209155903414805
0.0167795023808604
0.0145836780657218
0.0127807508975244
0.0110700444903513
0.00952699664486016
0.00819367968027794
0.00697688888266977
0.00588204224741774
0.00489221771689177
0.00398686247227579
0.00315690560930194
0.00238521684608265
0.00167109581865319
0.00101904898956903
0.000438816899690878
-7.73230267073981e-05
-0.000586709172471599
-0.00109973221399057
-0.0015655798844076
-0.00198904849202597
-0.00236424793173998
-0.00268107384435707
-0.0029423907512328
-0.00315563536602093
-0.00331509284036012
-0.00342004985127041
-0.00347439486707679
0.0153000729628092
0.0141774201219158
0.0133581323674328
0.0125561289236098
0.0121900268628279
0.01193133038787
0.0123143693228489
0.0113910978020891
0.0104261161574645
0.00946764694323261
0.00856791693023949
0.00773235372844095
0.00695516829631978
0.00622267600121241
0.00550919834796804
0.00481074885276774
0.00415456816000194
0.00354922119365182
0.00294912817856958
0.00234545406612617
0.00177163544054788
0.00122049290395369
0.000691465589146396
0.000188194922617826
-0.00028547891526799
-0.000725993469219501
-0.00113105497797098
-0.00150027333433939
-0.0018311452407685
-0.00211966721103244
-0.00236344673641819
-0.00256066545107569
-0.00270932440172132
-0.00280802215442758
-0.00285878152343827
0.012138440124118
0.0112531298827423
0.0104042490001891
0.00961301338206118
0.00888015532038278
0.00824886728642263
0.00767478952133177
0.00707635569471638
0.00647805902059262
0.0059365299419606
0.00544601110400425
0.00494949251482873
0.00441426300475785
0.00380102260618387
0.00318794379281813
0.00261395475628571
0.0020626596345372
0.00153489688308385
0.00102739029769692
0.000527536458506789
7.54613863640638e-05
-0.000401181690299285
-0.000716856840692635
-0.00103445332943892
-0.00140457691469059
-0.00172747329535999
-0.00202087395983886
-0.00228501680091058
-0.00249064223615796
-0.00264972887682057
-0.00275684863634159
-0.00281346404009437
0.026867757202085
0.02611431979201
0.0254899890296196
0.0250626844291144
0.0247904917721452
0.02726617107326
0.0268380617665671
0.0263549763962059
0.0259379419057923
0.025390761617626
0.0246130676854667
0.0237540050778998
0.0227265469996448
0.0214459513686349
0.0199110111901535
0.0185057668995795
0.0171155355615472
0.015775723328166
0.0145057239416164
0.0133333763513497
0.0122726988371044
0.0113054183541635
0.0104930373534714
0.00953379012903447
0.00867432906906085
0.00800227690703751
0.00742763140686698
0.00695268900801162
0.00660789533556241
0.00639234520299893
0.00627083588600945
0.0262093069429013
0.0287002776849794
0.0319346498237171
0.0230255775490903
0.0206786153178457
0.018180774008834
0.0158605416142485
0.033929902241421
0.035383782173107
0.0365030421330773
0.0325406275319717
0.0332820131948042
0.0342939851368944
0.0352904754873467
0.036860400632818
0.037118123529722
0.0386329580469479
0.0407761216808123
0.0428646653460997
0.0376536809293084
0.0388061754655078
0.040054880948776
0.0436908922472122
0.0440478689772256
0.0435512491293854
0.0419501076113929
0.0386663615401725
0.0335211034114861
0.0277956112706072
0.0219809713880865
0.0169365015871763
0.0128172428603881
0.00945911466036176
0.0062868633551484
0.0438127693417428
0.0443849574471274
0.0443920051114186
0.043819289644277
0.0421078981371564
0.0397734201419397
0.0356518388962074
0.0304870770977415
0.0258323112388391
0.0215685637915121
0.0177934919199548
0.0146177514988732
0.0122341519229196
0.0103385741584528
0.00854857554550292
0.00716832990978895
0.00593225810120295
0.00500246930830237
0.0042212564350529
0.00358876076345538
0.00311827322889734
0.00274839308723914
0.00247450923058289
0.00231210715348797
0.00223182017144132
0.00512843611990956
0.0042345338624932
0.003572638834081
0.00314193213701649
0.00278937538462099
0.00258758366361904
0.0024802305439794
0.00477479569713793
0.00353800099150975
0.0024938898691362
0.00166317128060441
0.000954125821550815
0.00033223416149484
-0.000203322462858325
-0.000668484075147936
-0.0010670142198516
-0.00140587035847319
-0.00170703217553698
-0.00196976910425284
-0.00218894702904124
-0.00236079261479518
-0.00248976763377788
-0.00258801938865643
-0.00265472945988345
-0.00268811617305422
0.0406127479560769
0.0412878504680988
0.0420657922871256
0.04286287721857
0.043508788144988
0.0438621622226267
0.0438260507551428
0.0432797933329722
0.0420661728636234
0.0399953712821553
0.0369184079676278
0.0328936928820436
0.0282678190382913
0.0232457758560098
0.0406763017902029
0.0413655269331017
0.0420997449004245
0.0428563906025697
0.0435393914161837
0.0442142766871026
0.0448660872509649
0.0454647077190224
0.046015183478617
0.0465587302817942
0.0470936602385181
0.0475645477905737
0.0479353436950468
0.0482222042909803
0.0484280601294423
0.0485825109107187
0.0486778256959273
0.0487297307154678
0.0203355936519082
0.017804226663611
0.0156083803714945
0.0134177435482948
0.0116430602022908
0.0102564119367933
0.00877433156376719
0.00721258794590257
0.00587993107737269
0.00484222729498261
0.00403300221745967
0.00337563176316844
0.00281637929105127
0.00235755380785988
0.00200927186549342
0.00177298095369126
0.00162019119372408
0.00153628987617817
0.0205715948865443
0.0182520365200113
0.0162752729922003
0.0145866060742372
0.0131189103875767
0.0118259052579561
0.0107280284584237
0.0098688582328518
0.00924665218110453
0.00884334126793631
0.00863903547213662
0.038129239357766
0.0396097870044094
0.0411531379938091
0.0423416902721141
0.0430066807607725
0.0429687439962275
0.0419571951228754
0.0394218936577474
0.0350875592131164
0.029270263445645
0.0225963477002053
0.0376364262799936
0.0386971659306365
0.0397602929163406
0.0410164823532806
0.0420936974807232
0.0433385620622181
0.0443858032798122
0.0452678809151432
0.0460730741258366
0.0465203804324006
0.0469405610792671
0.0471986367547382
0.0473260333722705
0.0191703887595475
0.0163860759902912
0.0141495190084369
0.0121337804786923
0.0106416559815044
0.00946223331429599
0.00867127278972923
0.00810423435314933
0.00778129629442406
0.0190067522541874
0.0158313965211515
0.0130991801657069
0.0107673033670323
0.00878045735847526
0.00710504284509489
0.00569517099634004
0.00448848493793404
0.00347787418486098
0.00263542354010732
0.00189961780984855
0.00128816974952595
0.000779629636546929
0.000347480250958819
-1.92643578351597e-05
-0.000342933737912244
-0.000623943104955512
-0.000851492958674154
-0.00101854919738281
-0.00114367515127438
-0.00122785924835553
-0.00126950886000996
0.0150999920566265
0.0145400756658376
0.014282387524059
0.0143654570331929
0.0147727265167191
0.0155094542061129
0.0166857308119598
0.0181847927333991
0.0194780039564165
0.0213631887714429
0.0238311169443999
0.0261834795248619
0.0287492770828861
0.0315539939108644
0.0342477777244046
0.0370362518285668
0.0148440897873098
0.0140669581761808
0.0135825706964158
0.0133891757888807
0.0134735199026988
0.0138511962078316
0.0145740064826106
0.0157154288659851
0.0172665627697424
0.0191128916754751
0.021066430963068
0.022970910252676
0.0249038719002617
0.0273680473685453
0.0387298566541103
0.0406866355225252
0.0424504522548553
0.0438680410080161
0.0450446113722887
0.0457577870106289
0.0460300611839921
0.0457155623371278
0.04473948793156
0.0429348140552486
0.0403506245260661
0.0370342759861231
0.0335745392904955
0.030550368114127
0.0283152195816675
0.0270968332268272
0.0387542869640182
0.040445428494465
0.0421744481651637
0.0436770299775218
0.0449144715300251
0.0460912507845209
0.0470236328558084
0.0476994492988171
0.0481818455989618
0.048536712091088
0.0487985805342235
0.048981389389278
0.04909502375372
0.0491493746353273
0.0292366427791089
0.0310073006053615
0.0327743135755989
0.0346276858006689
0.0364565735927943
0.0382449654427434
0.0398661394538722
0.0413645095429158
0.0427695311280354
0.04395600333941
0.044818646032125
0.045346849874586
0.0455333297227584
0.0452973488461531
0.0281970685804752
0.029228644418423
0.0303062860534924
0.0316221744054158
0.0334084729982221
0.0352892803046738
0.0369734838015312
0.0387565279893091
0.0404593615737823
0.0419445506827087
0.0431503394799711
0.0439229160887792
0.0443195294416217
0.0441607438136505
0.0432721396401851
0.0415496641636737
0.038835116757421
0.0349540642308829
0.0304747607697536
0.0259745897523208
0.0217927176743098
0.0180994309634798
0.0149337769692235
0.012281252251061
0.0100594235544683
0.00813429074049153
0.00648948540552064
0.00510921240715312
0.00387640963547026
0.00277227794248689
0.00169652645598848
0.0438053583849676
0.0415555166037924
0.0383125171053631
0.034023095522536
0.0290498870694674
0.0244136102959744
0.0207261380146035
0.0174347084578465
0.0144677135006221
0.01206403714963
0.010033065931282
0.00837860987713235
0.00695220679558457
0.0056568427998637
0.004602276459207
0.00374807182737388
0.00294161553947543
0.00222102957308615
0.00161212732292109
0.00110741489086333
0.000667036565928499
0.000254830330887329
-0.000118772155345877
-0.000446550981339498
-0.000744515085211418
-0.00103404269771904
0.0463119423572712
0.0469254410828968
0.0472737092886586
-0.00130927397522812
-0.00162519583316514
-0.00196748241045289
-0.0023002307612292
-0.00260557607006543
-0.00289698114250218
-0.00113460307707948
-0.00123144922434195
-0.00128644132550936
-0.00131939867091678
-0.00308159124167374
-0.00321562804042581
-0.00330114695128602
-0.00334502520324918
-0.0030090188420925
-0.00307968074595021
-0.00311276803136464
0.00113712645609084
0.000646443808497336
0.00023006500032816
-0.000159396569795127
-0.000550180847417152
-0.00093270744503426
0.00118170769867357
0.000746587516377464
0.000351969606702136
-1.24920840510148e-05
-0.000358194733003963
-0.000665860443698438
-0.000987820195448077
-0.00128609373225993
-0.00158147773924446
-0.00187133028331725
-0.00214751631247505
-0.00242102359282868
-0.00268147532577596
-0.00293853397628725
-0.00318346713830036
-0.00340832742956156
-0.0036335907647117
-0.00127670805114071
-0.00156627340771758
-0.00186064264982979
-0.00213454593995543
-0.00241473079075888
-0.00268307573522821
-0.00294012090249569
-0.00318424640928236
-0.00341551230192917
-0.00362838958451534
-0.00382872677970593
-0.00401599732283732
-0.00418547533222033
-0.00433211231969511
-0.00445389308905356
-0.00455105843598959
-0.00462376613631741
-0.00467195315742422
-0.00469672233455798
-0.000959430616901626
-0.000975714367023774
-0.000986813246080119
-0.000993378064649801
-0.000996991812800647
-0.000998662922483589
-0.00382790314094807
-0.00402527692259551
-0.00420063223970951
-0.00433901131560284
-0.00444963613421524
-0.00452307226035792
-0.00456149397823379
-0.00373167926050114
-0.00381591751124452
-0.0038742792768209
-0.00390320933920685
