0.05
0.0374532886606883
0.0359320227967876
0.0338868967836124
0.0353683325788135
0.0326452013297126
0.0295186410702233
0.037257579305805
0.0342920665562143
0.0289916380724017
0.0253067275970508
0.022538125056655
0.0206446348617353
0.0184428033813015
0.0163180690022351
0.0374689570346575
0.0336430526015344
0.0306721491069348
0.0304072831468905
0.0300806275892923
0.0298915715477476
0.0298051397697643
0.0296876582831705
0.0294356430417481
0.0287603219136474
0.0269843728251958
0.0242236084147416
0.0212925197146971
0.0184498075489969
0.0158102146416517
0.0134137012660397
0.0111543867935002
0.0372081351586692
0.0355661545335539
0.0334561705745208
0.0318181909840934
0.0305426718286001
0.0296235790994602
0.0289568102110363
0.0283560672122664
0.0310215981361775
0.0286372986298266
0.0263466653797554
0.0245984749388337
0.0230828856726101
0.0337672185570316
0.0339809225130357
0.034433490095906
0.0243612795549219
0.0260991188250814
0.0281118331270335
0.0300755901724097
0.0321683341938267
0.0343071695901478
0.0361929063709097
0.0379502947491531
0.0395365013092521
0.0407194189511618
0.0414931183400659
0.0417439006020968
0.0413571095312911
0.0402440700014135
0.0384057583437609
0.0357214339908465
0.0324261412145665
0.0286820367711475
0.0246885970844429
0.0208183652025813
0.0174364324805067
0.0146124727680218
0.0123556403245845
0.0106102951400909
0.00886777623351133
0.00716659240305362
0.00574156419653146
0.00454314345384034
0.00360424442132681
0.00285203019587459
0.00227538106954544
0.00186304434305139
0.00159695180357637
0.00146229665911508
0.0205657875673894
0.0188747404589796
0.0173178767206589
0.0159265677148313
0.0148389101984228
0.0139945138031132
0.0132848598661356
0.0128120553362854
0.0124689848576748
0.0122293755319955
0.0121077881625659
0.03515495405209
0.0361578431382428
0.0375205567710493
0.0342360490632997
0.0339366155190136
0.0330811214280325
0.0378778167934693
0.0382669452117396
0.0386914382229206
0.0384983708230465
0.0398804240018474
0.0411903953710844
0.0417532337721492
0.0418457709109418
0.0413820480830645
0.0401324155109641
0.0383851488165558
0.036226388865409
0.0334847410338151
0.0306701368828612
0.0279441225579684
0.0256615854979737
0.0240072779779901
0.0229583018423606
0.0223753342781949
0.038526100682271
0.0376011002141048
0.0353391873470084
0.0314597643907617
0.0266911411553833
0.0211651870096381
0.0393714383898203
0.0399874197802745
0.0405997656269035
0.0185762470730668
0.0160592804576991
0.0139427597888621
0.0121948030968693
0.0107010729724617
0.00949033873941325
0.00854737400331709
0.0077709752763906
0.00710615215203623
0.00655029120858065
0.00610751786186835
0.00577259646435859
0.0055302931031359
0.00536563702515086
0.00527426333730544
0.00525766768208832
0.00531967489594434
0.00546642129716062
0.00571391874565092
0.00606564823723296
0.00657280135415786
0.00724307763231064
0.00811046100064081
0.00928699123011029
0.010394457030057
0.0120949541368926
0.0139350430058189
0.0160270060173193
0.0181914091699558
0.0201808611855478
0.0220225479388024
0.023576891230973
0.0244923777198452
0.025156140383816
0.018318603773179
0.0157839786540338
0.0136336249929008
0.0114938017187824
0.00957248463705846
0.00790288500210569
0.00651622967545294
0.00521558433719954
0.00407428476413927
0.00303532725227233
0.00209617261150189
0.00122905858429115
0.000421608034562014
-0.000313224741543292
-0.000972019540556597
-0.00159620280470987
-0.00215143541900388
-0.0026216480774149
-0.00302138711449947
-0.0033603167717749
-0.00363109711472715
-0.00381999122976886
-0.00391971067233583
0.0419284409277007
0.0429960931640095
0.0438009335460294
0.0443649387625165
0.0447280683726888
0.0449248494952578
0.044976529813106
0.0449048958758308
0.0447478758173914
0.0445449370329663
0.0443376082929921
0.0441690319901358
0.0440714074892478
0.0409154446334538
0.0409196208831601
0.0405199424469169
0.0396678273516952
0.0382981171495152
0.0364131238936307
0.0341751710364513
0.0316046749619235
0.0284085094426714
0.0248251834080562
0.0213126571418533
0.0182471873380291
0.015663249512634
0.0134083909465302
0.0115347574875068
0.00998978485388909
0.00877954901910488
0.00784167109137155
0.00701023105986899
0.00597009453918597
0.00479418181913932
0.00380731055031443
0.00278475499847101
0.00192598363335024
0.0011328666421276
0.000364122084588439
-0.000362017121372119
-0.0010132579283179
-0.00156500085425012
-0.00201901351391457
-0.00240635855638505
-0.00274511245856277
-0.00301058246679839
-0.00323770850983875
-0.00343460665977197
-0.00356502687327442
-0.0036336781915361
0.0323450981619693
0.0312063155595612
0.0297636455688948
0.0279436216319316
0.0260993917832835
0.0239067629054996
0.0218564730203518
0.0200638361879698
0.0181804451636312
0.0164810803486987
0.0153100760712719
0.0136428476997956
0.0125916054532733
0.0113532304789634
0.0101327106346164
0.00925011467178684
0.00870092650043472
0.00815705597296661
0.00770462000299704
0.00737657378025441
0.00715255418110964
0.00704561811395982
0.0326014142716243
0.0317157303249543
0.0304499379384945
0.028854497047761
0.0270893748458832
0.0252646110019076
0.0234460580774745
0.0215666581779114
0.0199845892480628
0.0184149118000534
0.0168932644759408
0.0154902919566513
0.013625946477857
0.0118723950527259
0.0103651317386427
0.00905294683758602
0.00794640551173925
0.00698669976751473
0.0062200046084542
0.00546297069153143
0.00480713015747485
0.00428096499767525
0.00387185471760497
0.00356212388644115
0.00336209718246233
0.00325607948297454
0.0287251297966619
0.0277644400191083
0.0264809855771126
0.0277147923995141
0.0259564966178728
0.024111192589495
0.0259988084084776
0.025389960545438
0.0245783608492716
0.0248717925665647
0.0222252644567639
0.0188656827223493
0.0161697032355387
0.0142772251341096
0.0127567507336319
0.0115754151552413
0.010808644558657
0.0104600688813581
0.0104722144486695
0.0108427167948981
0.0115689712760301
0.0127509150423621
0.0148087362756468
0.0178772079491515
0.0209296191189755
0.0249619666123944
0.0284145166969703
0.0319427232384661
0.0349477653139842
0.0377627511553018
0.0398494653117499
0.0409865555130198
0.0410741699150281
0.0398182253984344
0.0370415864965671
0.0328592959705013
0.0283828304699033
0.0241546269959314
0.0200434190828772
0.01702507570721
0.0149403702380448
0.0136017180188577
0.0129194331811189
0.0233051473400742
0.0216336976258526
0.0197929040928972
0.0179727422602875
0.0163181951427753
0.014799018464397
0.0134395540999341
0.0122277990515006
0.0112346454462391
0.0104350552904085
0.0098356453250708
0.0094405509794159
0.00923435870697433
0.0219511212645445
0.0196738957409144
0.0170399120331564
0.0159808886170529
0.0148861619160011
0.0137354006102694
0.0158750752341875
0.0145348202348812
0.0129551434167103
0.0115194123278937
0.0101707483586462
0.0088710872557414
0.00766073743155238
0.00653969594735161
0.00547898665441357
0.00450742358039088
0.00360108946998211
0.00274775397277136
0.00196047087466521
0.00121467809529175
0.000526079895785303
-0.00010876242367306
-0.000682773600437435
-0.00121235572254162
-0.00167613901319334
-0.00207961935362303
-0.00243698563002949
-0.00278450367975801
-0.00309545619507893
-0.00334884882807948
-0.00353922304105116
-0.00365538461254911
-0.00372289695827445
0.0126445184148202
0.0114017833269658
0.0100223087713025
0.00863331234292011
0.00743709966080804
0.00630246462691965
0.00515544925444907
0.0041561775395083
0.00332105362279469
0.00243020034908519
0.00153462389118471
0.00068991001903228
-3.31686027788959e-05
-0.000617433704316933
-0.0012285296987248
-0.00178438325986458
-0.00229476217273632
-0.00273810521503186
-0.00311098252606077
-0.00337592302185405
-0.00358632612731801
-0.00377914530592776
-0.00392387363921182
-0.0039915908160457
0.012905259061537
0.0120899479407648
0.0113919786310765
0.0107108174521856
0.0101481112280308
0.0095880728725079
0.00908978565636799
0.00872208865557837
0.00841441067811471
0.00814510934582442
0.00795825535166672
0.00784794595838126
0.0223562360074343
0.0203109647413313
0.0180232804774665
0.0155277030779418
0.0134276840489103
0.0118766790929082
0.010560978657024
0.00948304390996851
0.00866443512465729
0.00801460868646688
0.00752084035077959
0.00719888924008195
0.00702704415553369
0.00696160882139921
0.00700174205934418
0.00713035567293059
0.00731219172383599
0.00752728517957063
0.0077560247519136
0.00797201652725666
0.00814827786871886
0.00827344182427229
0.00835010181770875
0.0237743876532313
0.0236554976495494
0.0237972532472265
0.0242750283771271
0.025101029793408
0.0261722338283029
0.0274207352201548
0.0288360552890767
0.0303835351784654
0.03202877970414
0.0337403814589343
0.035415393320614
0.0371214087657291
0.0387978986589885
0.040263676205858
0.0414444720124089
0.0423031298872472
0.0427795312382615
0.042787481168255
0.0422452700304131
0.0410756674549177
0.0392312526930491
0.0368017631471221
0.0337952393944075
0.0299165855535421
0.0257556835234819
0.0219388167162569
0.0186290026430206
0.0159524155076224
0.0138141954473389
0.0121077896838327
0.0108526706162934
0.00990565652459486
0.00934009161377295
0.00903474275594669
0.0160180699706715
0.0158824666126845
0.0159667673989542
0.0152412085473855
0.0144047424967103
0.0139773064335738
0.0139050511649169
0.0120369916057027
0.0105003846533054
0.00928196367551929
0.00843760532983501
0.00778295346489165
0.00732032704042884
0.00703084853930429
0.00689050745712503
0.0185560952621834
0.0213488449573076
0.0243886825320694
0.0276412259182486
0.0305201762883515
0.0330283024670591
0.035463871133513
0.0375840806670474
0.0391834395040818
0.0402247920848654
0.0405260752296893
0.039924854492376
0.0382520249531766
0.0354424090980534
0.0316578661231746
0.0273992395100689
0.0232444549613021
0.0196086575127368
0.0165637521780465
0.0137881533553537
0.0112206025858313
0.00907451597635119
0.00726956743152756
0.00578015873188552
0.00459801128414641
0.00367234937609133
0.00294879865347986
0.00242573236048938
0.00208965303205149
0.00191824397838216
0.0277754263865849
0.0279126542794336
0.0280522931615908
0.0282398976070566
0.0283420582821621
0.0284240074165331
0.010234687815221
0.00942567615398933
0.00876064730887885
0.00830733146308998
0.00811403066912172
0.00819024723985689
0.00853775952344728
0.0091659522915909
0.0101202040300025
0.0114517148762942
0.0131328729963826
0.0151150899888558
0.0175347122805837
0.0204424414228006
0.0236150715710561
0.026965613571789
0.0303721182056924
0.0337022484570647
0.0368423385053265
0.039691556493927
0.0421631957293511
0.0441964671556329
0.045750264966521
0.0468270352663186
0.0474865909158661
0.0478220228738849
0.0479390120278479
0.0479422857188872
0.0479173347601502
0.00984012080898549
0.00885160381263315
0.00802972876813409
0.00741566378704151
0.00701994645024489
0.00684871908308457
0.00686057761857566
0.00707776518246931
0.00754418075258628
0.00821984302857972
0.0090772682943192
0.0102281143891797
0.0118115489901654
0.0140296318098516
0.0166630680974061
0.019524582834206
0.0226305297111169
0.0258775085487068
0.0291717310027401
0.032501572823311
0.0355215611540985
0.0386462705022022
0.0406289390007305
0.0425086655502708
0.0444669339584546
0.0458807471438252
0.046887469073207
0.0475261991119385
0.0478157902129258
0.0478904475037599
0.0478539513654828
0.0478009523755012
0.0278025934384569
0.0271159726564257
0.026336367557747
0.0254491364570024
0.0243170780513931
0.0280015754972327
0.0273514980108653
0.0265829968384173
0.0261047866780127
0.0258148511984954
0.0257642423276308
0.0259478937473857
0.0263413430686565
0.0269772907403446
0.0278959066605971
0.0288824329684442
0.0299986053975849
0.031209756086288
0.0324871392771187
0.0337857684836914
0.0350658648143821
0.0363260476416761
0.0374546302909502
0.0388620340623972
0.0401753470150493
0.0412287756790683
0.042143399412936
0.0429052571413716
0.0434594863192258
0.0438056750331064
0.0440005448806617
0.0228013337909289
0.0200227792857576
0.0162779538276087
0.0239975459246168
0.0230815516033427
0.0215728011599525
0.0195863050645584
0.014276234006926
0.0128375659084808
0.0117601894939939
0.0149571169472681
0.0136987753322047
0.0123620806071802
0.0112858310320169
0.00985047439822724
0.0113124118255738
0.0103510330828173
0.00903340434009057
0.00765326514508933
0.0106281355802332
0.0095856583596165
0.00852910602023762
0.00702443383620147
0.00632967696419125
0.0056040271865373
0.00497710620880522
0.00434772533491577
0.0037354511232893
0.00318616505394226
0.00264386882957402
0.00213817742757468
0.0016851559675664
0.00128978430559648
0.000906524053813051
0.00686507711741133
0.00605808439262235
0.00521213640521113
0.00459414261912283
0.00381602002672606
0.00322710468345306
0.0025325724853881
0.0018570036741082
0.00128553564591496
0.00073792532913928
0.00019752970635166
-0.000328526844226654
-0.000792761034840056
-0.00122697002011264
-0.00170786887850811
-0.00213435707957279
-0.00256981699643078
-0.00293848774660155
-0.00328232717373353
-0.00358781245719863
-0.00383299701909788
-0.00403806298188244
-0.00419763305071947
-0.0042954712125818
-0.00434480771040618
0.000366188505497149
-0.000115484413340975
-0.00052002521000793
-0.000809630256752198
-0.00106660345806344
-0.00122223953040351
-0.00130810822469053
0.0011268818220967
0.00138991333905007
0.00170099008103425
0.00203439953668455
0.00240758269369027
0.00283321739199328
0.00330768569110299
0.00383848934931596
0.00442033639286272
0.0050461114675337
0.00574333682779948
0.00649952314798877
0.00727028337964994
0.00798787897104216
0.00860593144060509
0.00913102563583626
0.00951802301108353
0.00972178171907161
0.00803802717568127
0.00745591386279259
0.00676346570987268
0.00597409674715022
0.00516521305424252
0.00439078332637986
0.00364941617981766
0.0029402177589979
0.00226248284441359
0.00161545442351941
0.00099821835014042
0.000409312614275615
-0.000152705526848237
-0.000716435027463867
0.00805889542925402
0.00757040479004671
0.00707636594811667
0.00658735493002966
0.00615873783488789
0.00574371979206326
0.00534709052785657
0.00498217927201055
0.0046416387309951
0.00429622262497249
0.00394268537717139
0.00361529091372482
0.00334202063579261
0.00311722951427043
0.00294608741029973
0.00281063832916488
0.00272356555882989
0.0026747762092432
-0.00107565262263829
-0.00140305556009173
-0.00170613355120599
-0.00203510827104277
-0.00233169024501047
-0.00259133504748203
-0.00290328234711076
-0.00327319809764222
-0.00362597708283712
-0.00392963604784153
-0.00418799429795914
-0.00441447367379226
-0.00462087367133641
-0.00480094343194215
-0.00494479498051393
-0.00504616572123675
-0.00511347293073773
-0.00515109384882242
-0.000986243050155223
-0.00122421679226246
-0.00143483744689453
-0.00162379106322148
-0.00179711343253725
-0.00195824940873871
-0.0021019402588676
-0.00221920790327735
-0.0023070663929554
-0.00236546241401548
-0.00239551838849668
0.00895037513129652
0.00797086599917964
0.00692970673100471
0.00597689113804711
0.00510765954557006
0.00427730061087806
0.00351870227597846
0.00276158018597038
0.0020640537468982
0.00141332486023901
0.000767291157646286
0.00908072455922868
0.00822250799515728
0.00748267380274158
0.0067072035679413
0.00609565492712165
0.00542997467858785
0.00488772807866763
0.00443472933266108
0.0040172512414067
0.00378064799953363
0.00355322333913219
0.00341027782314166
0.00333856150066415
0.000370595764734505
2.91742126858484e-05
-0.000265819671632811
-0.000554089350964407
-0.000784630902775573
-0.000979727419726274
-0.00111777833819164
-0.00122098249749399
-0.00128160111957159
0.000479521834785091
0.000213977105352959
-3.46294456690776e-05
-0.000271971603104561
-0.000502855108301961
-0.000728467954859974
-0.000950523748423884
-0.00117416238889227
-0.00139479553037248
-0.0016102460783206
-0.00182939310356981
-0.00203949855579286
-0.00223868710520502
-0.00242979463543454
-0.00261076375394408
-0.00278618215783954
-0.00295067535183575
-0.00309254164102808
-0.0032017751270323
-0.00328655392177521
-0.00334507645454938
-0.00337448104374839
0.0185708158775688
0.0172826901905693
0.0158644916267347
0.0144671353613173
0.0131264683748038
0.0118196417733368
0.0104537975645101
0.00919827312978719
0.00833208336943312
0.00727868062720295
0.00612933457263108
0.00518243994668469
0.0042572098476543
0.00333118273302929
0.00249612464082447
0.00166605655892085
0.018649920197794
0.0175609241955982
0.0164264279306308
0.0153068552707177
0.0141970030147182
0.0130867701642767
0.0119576882932697
0.0108124406525512
0.00971678141424814
0.00873266466568501
0.00789645053292095
0.00720515384526682
0.00658718766728013
0.00588320067868336
0.00112629966866063
0.00051343965517534
-5.25948639530608e-05
-0.000546837441462356
-0.00103397624368238
-0.00145191181547002
-0.00182540445109723
-0.00222014936950646
-0.00252384275034897
-0.00279333648445028
-0.00301659185181801
-0.00320750454403978
-0.00335873259440088
-0.00347092871062226
-0.00354677046002293
-0.00358636534985664
0.00120505732225997
0.000770514824662418
0.000337588464257474
-3.83915365576315e-05
-0.00035603814158763
-0.000674878246562483
-0.000951015537120516
-0.00117571254310234
-0.00135916648516509
-0.00151619131294402
-0.00165360508642189
-0.0017691389839232
-0.00185546706930348
-0.00190322547616878
0.00538305014845591
0.00496632177717427
0.00459413066972354
0.00424045933659656
0.0039202004870644
0.00362822476898352
0.00337639784881643
0.00314971196603153
0.00293635340331256
0.00274622173051482
0.00258747998687396
0.00245588040355282
0.00234280819802782
0.00224304051351291
0.00568418567601164
0.00550534977198738
0.00537498005660816
0.00526947484652837
0.00517994120411665
0.00513309689761495
0.00513276286506115
0.00517911280124745
0.00527438127622549
0.00541612333400663
0.00560582993644241
0.00581940332233801
0.00608789143256223
0.00640073862748503
0.00675501755023335
0.00712595754429361
0.00752262951117334
0.00796398422402739
0.00842172521327608
0.00889140215165685
0.00937796285240102
0.00988347059329101
0.0104096383752173
0.0109565787582021
0.0115366552676004
0.0121916783176362
0.0129462026397054
0.013817853559487
0.014896730739835
0.0162244783380577
0.0179519805901621
0.00222717257504782
0.00222773940881029
0.00224649620459224
0.00228552137053287
0.00234632025994173
0.00242222329252935
0.00250268598660912
0.00259804271910227
0.00271394421812968
0.0028405562976081
0.00298365636105271
0.00313890862309428
0.00331756233115976
0.00353596416171893
0.00377166583908549
0.00402018281793857
0.00432754231344556
0.00469440230628549
0.00510944636173271
0.00556387438782689
0.00608011150433634
0.00670767846086152
0.00744517472209984
0.00827225046733075
0.00921654362071894
0.0103523298026229
0.0021592438993645
0.00209881211438048
0.00205899556953843
0.0125355765413419
0.0155299035718232
0.0192830107455282
0.0233552949516836
0.0273640522887112
0.031300038311394
0.00972696930158139
0.0091386696512273
0.00881494010584013
0.00862693897231904
0.0340041286493362
0.0360000053617608
0.0372862960779917
0.0379495580170992
0.0326296609301819
0.0334668978823719
0.0338604941221184
0.0198521029209969
0.022121970593243
0.024566990983392
0.0272865963318739
0.0303676931713971
0.0335846922248176
0.0182731376787406
0.0189784785235562
0.0200830725540601
0.021568638725174
0.0234224121633392
0.0254261431573992
0.0278423174312547
0.0303065417334469
0.0328889199455406
0.0354817386464413
0.0379274197437617
0.040241748601987
0.0422549253514103
0.0439597892293938
0.0452161588431109
0.0459466914213823
0.0461606204908584
0.0360955150678504
0.0381849629806457
0.0402202824268565
0.0419589585854069
0.043500755601288
0.0446629514072463
0.0453926427100972
0.0456257322090584
0.0452771782249179
0.0442370067307603
0.0423001311669129
0.0392696325418035
0.0352863748518171
0.0309652586608319
0.0269691920692357
0.0236698110838064
0.0212054104082124
0.0195947056959632
0.0187775154491696
0.034271818171923
0.0348789690964939
0.035471244616926
0.0359462194048709
0.0362741851848943
0.0364500619051198
0.0449581968561013
0.04259610672807
0.0390263177275179
0.0349545911000097
0.030913710690632
0.0279408629539019
0.0263207846073543
0.0468941773330943
0.0471517726064325
0.0471201154672195
0.0470327018350601
