0.05
0.03750627149465
0.0359237022123101
0.0337546077393697
0.035445738804032
0.0327518995912282
0.029693158502009
0.0373201185802086
0.0344157811903178
0.0292906254551979
0.0258144253417626
0.0232816360334875
0.0216054962889657
0.0197472019929843
0.0181242115170096
0.0375285032787585
0.0337334026972707
0.0307841854891872
0.0305076998705843
0.0300518061815763
0.0296954823521076
0.0295545923607565
0.0293958502980263
0.0290865904299142
0.0283036500721594
0.0263303391495178
0.0233792834195769
0.0203660816767483
0.0175360348674186
0.0149743289938438
0.0126999411577298
0.0106034251900143
0.0372786943275615
0.0356879447037454
0.0336640931822913
0.0321129708732011
0.0309236120961317
0.0300810705752462
0.0294814960215444
0.0289505122295363
0.0314825364586147
0.0297977677648674
0.0283787802029803
0.0274835987644132
0.0269452032476291
0.0332782057504814
0.033128577732568
0.033165518680409
0.0284153221158038
0.0302704065071198
0.0322901445565936
0.034151668815077
0.0360180953484776
0.0377810062459791
0.039173423235704
0.0402668233194507
0.0409576763170709
0.0410664487446899
0.0405095812298814
0.0391779808428842
0.0369454000943857
0.0340027062909629
0.0306838559020647
0.0270847067185313
0.0236304459366334
0.0203549343065774
0.017242546972584
0.0144069889918188
0.0119937027521738
0.00999320966496282
0.00839035484838227
0.00714154575459271
0.00588222118134807
0.00463882653997356
0.00358579030815975
0.00269073748198149
0.00198258122594286
0.00141022894331422
0.000968134214469038
0.00065009619027499
0.000443949042302219
0.000339337753013277
0.0250534689867646
0.0237935453060783
0.0226484116198291
0.021645291223501
0.0208816257823814
0.0203067234926262
0.0198405066842282
0.0195405764298703
0.0193296790689101
0.01918645929373
0.0191152334186598
0.0336937671622091
0.0344054880659515
0.0353267049930195
0.0322570105150929
0.030879997328556
0.0288247582172027
0.0355290621419731
0.0357400972620814
0.0359592472475751
0.0361057860028421
0.036955919283383
0.037286851743286
0.0368182743415877
0.0357472227357207
0.0338235005216727
0.0311189801918292
0.0285065651832811
0.0260373553519677
0.0235343215634301
0.0213827224033969
0.0195449754959045
0.0181270917995715
0.0171485706143586
0.0165450936883603
0.0162147618229433
0.0354868006686931
0.0338470867704695
0.030670118516926
0.0263978437852706
0.0220562853842606
0.0175326123558688
0.0363393153330079
0.0366518739347323
0.0369254314518175
0.0154815402257064
0.013535894723646
0.0119087358678304
0.0105605060004416
0.00940118548299339
0.00845654330829743
0.00771988468690796
0.00711621821783863
0.0066065716467261
0.00619327855886675
0.0058832457284969
0.00567474219501187
0.00555830930853481
0.0055273718178989
0.00558513816273509
0.00574020738265331
0.00600295025745996
0.00638810243907745
0.00692800996877716
0.00762455213856729
0.00857019310702716
0.00976714659674627
0.0112632760823026
0.0132250741881005
0.0150062749778286
0.0176313948317753
0.020311129413555
0.0231618343384248
0.0259102034939999
0.0282815409951673
0.030365360748966
0.0320545864534935
0.0330261245135245
0.0337188165378249
0.0152702278869795
0.0132936107288641
0.0116156137147793
0.00992710627082719
0.00838692329121313
0.00702461403184654
0.00587294540217868
0.00477348797469585
0.00379189505660273
0.00288351369195701
0.00204958118856773
0.00126847047416935
0.000531453765918074
-0.000147103911974954
-0.000761338672822148
-0.00134789172647683
-0.0018727337664262
-0.00231889765362893
-0.00269897461092996
-0.00302148377783051
-0.00327911899493498
-0.00345874842232357
-0.00355352612775108
0.0378255873368186
0.0382628240331265
0.0382540786362366
0.0378581020662326
0.0371440562190532
0.0361639397924544
0.0349653750960218
0.0336714547951227
0.0324138373282833
0.0312771999507238
0.0303412478289633
0.0296784234778546
0.0293246815419247
0.0365035098918729
0.0355777908553081
0.0341323805506401
0.032296067019532
0.0301201464683424
0.0277703216721428
0.0255004427481612
0.0232976726952348
0.0208881618912749
0.0183953535762865
0.0160401467667411
0.0139974487833818
0.0122534232765395
0.0106966495576491
0.00936796540466616
0.00823992912729937
0.00732755134979481
0.00659604150987515
0.0059251311025991
0.00505843365869476
0.00405252213575472
0.00318934573231187
0.00227575435681552
0.00149383478299895
0.000759990289812111
3.80931644207013e-05
-0.000653263390618189
-0.00128101354836025
-0.00181843347318539
-0.00226439495745041
-0.00264747689630319
-0.00298445900140403
-0.00324981741139569
-0.0034777523224357
-0.00367598963013317
-0.0038075871265912
-0.00387695283660292
0.0276445028922399
0.0262314110430317
0.0246854236913928
0.0229311748457869
0.0212859857530834
0.0194387984396119
0.0177742786282547
0.0163460098014748
0.0148564154396069
0.0135089380050994
0.0125740248332387
0.0112293860660907
0.0103711217080597
0.00934747698518545
0.00832411694281365
0.00757483777820311
0.00710459856835205
0.00663554543347539
0.00624278541240318
0.00595655485919797
0.00576035940414891
0.00566649934660998
0.0279067358421703
0.0266977486961464
0.0252562227067635
0.0236544029842391
0.0220392799180669
0.0204761135623948
0.0189863501527917
0.0174902798169538
0.016247653654515
0.0150181278861184
0.0138179443618037
0.0126972811439905
0.0111855919629405
0.00973997119848442
0.00847624234588987
0.00735814607461942
0.00640186973508343
0.0055624351043892
0.00488505557425054
0.00420985917347618
0.00361971493369172
0.00314286337131166
0.00277018787447617
0.00248696082780169
0.00230356599089998
0.00220620192610432
0.028872858470327
0.0278773004786536
0.0265445945867538
0.0280463063218385
0.0264835835184537
0.0248905957649654
0.0260271573111468
0.0253726159496645
0.0244991209053125
0.024963693251283
0.0223897159028044
0.0191523641922911
0.016588268573662
0.014830047583152
0.0134751803814044
0.0125042302171562
0.0119839292453807
0.0118982523815652
0.0122115545188731
0.0129023264918877
0.0139657667402699
0.0155259444387029
0.0180802640244924
0.0216927681670374
0.0250607523123906
0.0291864405771217
0.0324464858529991
0.0355136603392087
0.0378466769970544
0.0396169549707283
0.0402867434759599
0.0396517160254843
0.0374955905207162
0.0337719936875676
0.0290807874667117
0.02421093212049
0.0201340326171356
0.0167803623080542
0.0137541237039546
0.0115955314077448
0.0101171716644038
0.00916912691761681
0.00868561101579519
0.0230298483132502
0.0211083187224505
0.0190292313130298
0.0170172138440755
0.015221063855847
0.013593306912893
0.0121494988406842
0.0108699340293601
0.00982485837678537
0.00898521554349332
0.00835655137410003
0.00794246182377057
0.00772643640042407
0.021738394446846
0.019359231763964
0.0166280163177747
0.0155259011261123
0.0143918009534543
0.0132039781132122
0.0154459645568024
0.0141030552754089
0.0125353994524856
0.0111226301326343
0.00980638362915407
0.00854853535998714
0.00738708742184817
0.00632068132116251
0.00532070125716843
0.00441305565666703
0.003573951851652
0.00279098007983281
0.00207496148346402
0.00140254921048439
0.000787017776489744
0.000224343936878933
-0.000280136703413356
-0.000741607160281072
-0.00114213693514744
-0.00148721626632763
-0.0017896674034068
-0.00208064453196085
-0.00233841070387646
-0.00254649938467621
-0.00270156181583244
-0.0027956249515248
-0.00285006445829656
0.0121226271466671
0.0108998320168929
0.00955045547774747
0.00819833775330534
0.00703853211634409
0.00594223191981609
0.00483748337123155
0.00387750429478943
0.00307664233944722
0.00222343898568805
0.00136641463674826
0.000558257562269763
-0.000133710814742077
-0.000693133062193537
-0.00127864060754579
-0.00181162029626409
-0.00230132671403008
-0.0027269173910085
-0.00308494816463764
-0.00333934294080712
-0.00354134558995938
-0.00372642499513774
-0.00386531331319048
-0.00393028944327689
0.0123127497724836
0.01144191023363
0.0106994215528882
0.00997719049443073
0.00938207715493978
0.00879102156751895
0.00826605675638614
0.00787918811952702
0.00755581993108412
0.00727302942052914
0.00707692318242306
0.00696119393915823
0.0232341517235073
0.0213287651139221
0.0192263683432636
0.0169737591896991
0.0151316770138074
0.0138287912560071
0.0127938645253134
0.0120303152187339
0.0115395999694591
0.0112522051959685
0.0111613981566429
0.0112584230971837
0.0115033784759736
0.0119230384404064
0.0125194649851147
0.0132033152991097
0.0138994252115491
0.0145941202251528
0.015259109830802
0.015844885228624
0.0163015750205292
0.0166165615793948
0.0168058237659443
0.0247802448285916
0.0249553717314523
0.0254602391362192
0.0263785118870574
0.0276525168008382
0.0291008798942278
0.0306333491745024
0.0322382292985935
0.0338752743839662
0.0355049620999902
0.0370862888131492
0.0385122475462869
0.039815023822967
0.0408937722533306
0.0415763840711772
0.041786753182382
0.0414562367041166
0.040483467697789
0.0387757024039535
0.0363630625730482
0.0333687562452682
0.0300649472208713
0.0268383283855052
0.0237589849827053
0.0205184513906173
0.0174525018581667
0.0148349491435477
0.0126422689233719
0.0108904254918081
0.00949229468572197
0.00837200915986344
0.00754328326763957
0.00691434866482104
0.00653703666422908
0.00633268361732809
0.018244558304106
0.0186492507378497
0.0194341274994771
0.0169076014710037
0.0159525896264277
0.0154616885152805
0.0176683751184762
0.0161109687319913
0.0148867302623907
0.0139755679453429
0.0133891857556993
0.0129707540471018
0.0127000762524139
0.0125438913705264
0.0124725079063272
0.0227725181346382
0.0261319681524251
0.0295380445495352
0.0329541665638753
0.0353038666505805
0.0372032247207155
0.0388470321549587
0.0399811230475295
0.04041274909234
0.0400104537431178
0.0385862845451878
0.0360473140113527
0.032502796813702
0.0283753682679827
0.0241343236486209
0.0201844738716198
0.0167460503761491
0.0139080452246019
0.0115914145021649
0.00949951747342223
0.00756711551210275
0.00594834133097649
0.00458201973664711
0.00345001825494384
0.00254799323668784
0.00183912662919447
0.00128326601020444
0.000880364897646435
0.000620987301670874
0.000488532024325292
0.0336375758717194
0.0341750900269953
0.0346020544409242
0.0350688611759216
0.0352982345543878
0.0354700385692911
0.00977789075788301
0.00910950761516936
0.00864051948102135
0.00843521386497401
0.00853293110020282
0.00894348516956431
0.00967208650954668
0.0107359448839056
0.0121990425729552
0.0141163656570803
0.0164176879969828
0.0189991556424427
0.0219794031893436
0.0253346511015704
0.0287505886736699
0.0321299223441422
0.0353620469917997
0.0383227215352825
0.0408866985502228
0.0429328904601274
0.0443627738108959
0.0451033483244662
0.0450793155758796
0.044210831378613
0.0424534329853064
0.039949010469759
0.0371883529447774
0.034875517487658
0.0335286707616593
0.00940445266487701
0.00854610137688979
0.00788518633685101
0.00746012229716719
0.00728057384744866
0.0073341855514347
0.00758809540063985
0.00810358436200531
0.00892465509681506
0.00997878924937751
0.0112332622385206
0.0128439057822426
0.0149805404894687
0.0178694667547828
0.0211506652475768
0.0245170520255121
0.0279383148550959
0.0312906661441328
0.0344983691028237
0.0375586726430977
0.0401511014439385
0.0425795611335713
0.0439215418345725
0.0449676245406573
0.0456183302394864
0.0454448893889094
0.0444520234234496
0.0424708470015683
0.0397912520443621
0.0367772179249019
0.0342222137412886
0.0326943321446529
0.0283331445191485
0.027526877104304
0.0265854932704348
0.0255176581019716
0.0241867325210972
0.0288071287879589
0.0287055065235537
0.0287496086587382
0.0289191006398576
0.0292421754369875
0.0297555347075774
0.0303492378693573
0.031086520581664
0.0320427605294719
0.0332506730799318
0.0344333960966749
0.0356874026739837
0.0369804093578674
0.0382851469121779
0.0395573614893397
0.0407603601173901
0.0418938957195918
0.0428639612153087
0.0440156631751765
0.0450345158119262
0.0458104241600632
0.0464512253273227
0.0469598049722263
0.0473146558456901
0.0475296287169985
0.0476480856796544
0.0225831961777648
0.0196845040307202
0.0158151439366723
0.0236813998139543
0.0225227996853846
0.0207783338182654
0.0186089318567413
0.0137700558307018
0.0123067210880288
0.0112149518922002
0.0144334507018202
0.0131391651209905
0.0117805650979198
0.0106957309604596
0.00925889039590066
0.0107787982069453
0.00985797785363322
0.00860775213180434
0.0073073308775979
0.0100622940818322
0.00900652557770081
0.00794105708311013
0.00674310054637498
0.00612599181732118
0.00548527424032032
0.0049327917876773
0.00437756467051912
0.00383584375552757
0.00334871747554039
0.00286847053764657
0.00242517971316332
0.00203799482214202
0.00171601810498674
0.0014298222892565
0.00654489171490371
0.005766991679764
0.004953816963997
0.00436083321060384
0.00361511444432886
0.00305094716769873
0.00238540450013431
0.00173718786251428
0.00118764812237049
0.000659543433826552
0.000136498060819859
-0.000374961568460626
-0.000828650976485654
-0.00125528528028184
-0.00173035584903608
-0.00215374570387159
-0.00258804504546037
-0.00295725783031344
-0.0033028161466327
-0.0036107377558879
-0.00385843480890241
-0.00406595480492105
-0.00422764087168844
-0.00432685889919317
-0.00437691531189546
0.000768799719936595
0.000185844272813177
-0.000299097328792085
-0.00064373823181138
-0.000947673692180531
-0.00113096401503679
-0.00123181138244154
0.00187757608074092
0.00238940466510887
0.00298456786147721
0.00362201996771345
0.004340980828819
0.00517077505336004
0.00610803038780022
0.00716947205793152
0.00834460881572044
0.00961711868178784
0.0110396402839269
0.0125808510564141
0.0141417722506832
0.0155783660002013
0.0167975188807636
0.0178167072140784
0.0185564073869423
0.0189415770025426
0.00745834847933853
0.0068890919026084
0.00621487691996359
0.00544901549560554
0.00466648390705796
0.00391912746382768
0.00320516560269122
0.00252336806171671
0.00187274615154387
0.00125231403558307
0.000660980001990542
9.71632125903341e-05
-0.000440673322162487
-0.00098003235195675
0.00745631587649515
0.00695420798721125
0.00644754690868355
0.00594697063905551
0.00550889741052008
0.00508530725876048
0.00468100056318832
0.00430943884833907
0.00396300364580416
0.00361185383089742
0.00325264093669353
0.00292012492865467
0.00264266274695967
0.00241447409578614
0.0022407732799318
0.00210331505830858
0.00201495720485767
0.00196545004186215
-0.00130684820806228
-0.00160392964711232
-0.00187868462994785
-0.00217706505814264
-0.00244673369572762
-0.00268379346850008
-0.00297011174119148
-0.00331180874600953
-0.00363997493406719
-0.00392443097739506
-0.00416800107924067
-0.00438273260554749
-0.00457943211001971
-0.0047518186374142
-0.00489004632245314
-0.00498772233564858
-0.0050527006903384
-0.00508906627225582
-0.00125182559761043
-0.00149259345585309
-0.00170658913147252
-0.00189935374493728
-0.00207685381412939
-0.00224245248012303
-0.00239056566569949
-0.00251173975481954
-0.0026027005449069
-0.00266324317741122
-0.00269443130519252
0.00838777399219795
0.00744660597915602
0.00645268500161365
0.00554852105109453
0.00472803538510387
0.00394815644467012
0.00323919020366741
0.0025353218963703
0.00189065284691596
0.00129309447366083
0.000704018134557722
0.00846640802490179
0.00758704991570805
0.00683154623130158
0.00604179401578288
0.00542021564776075
0.00474469546653994
0.00419508661272382
0.00373630955322209
0.00331376233104399
0.00307436746907613
0.00284431513746945
0.00269974070861879
0.00262721332415336
0.000262362494043615
-0.000118906280346582
-0.000449035758721606
-0.000772198128342666
-0.0010309804347311
-0.00125018507832682
-0.00140539591589784
-0.00152148134557666
-0.0015896869414422
0.00051261005743765
0.000344175937135369
0.000192995780941364
5.34757412462639e-05
-7.90313729577234e-05
-0.000206706245931623
-0.000331613301786234
-0.000457279304490518
-0.000581350304993497
-0.000702464284570802
-0.000825207951881974
-0.000941854984594297
-0.0010507793990567
-0.00115292682075026
-0.00124671359892304
-0.00133430915054649
-0.00141310677618241
-0.00147803617017043
-0.00152586939936204
-0.00156154286998578
-0.00158536551473244
-0.0015970774376478
0.0175425491058102
0.0162369807709159
0.0148320603485987
0.0134683950406189
0.0121723293290232
0.010916259551451
0.00960806174453993
0.00840760114692947
0.00757980575330083
0.00657311258973497
0.00547421511210788
0.0045681259497104
0.00368188728779989
0.00279383788968668
0.00199201006953274
0.00119395963606847
0.017607507131078
0.0164899406269218
0.0153576401029777
0.0142616358016076
0.013189796215707
0.012127839681675
0.0110551888109372
0.00997234672432861
0.00893965103876448
0.00801395170792197
0.00722842070897601
0.00657966196345268
0.00600022307749589
0.0053407722888571
0.000675036238929338
8.46302781616069e-05
-0.000461870268201856
-0.000940142894548747
-0.00141266933555386
-0.00181905224009669
-0.00218306323568459
-0.00256873662480038
-0.00286613699932599
-0.00313058083568797
-0.00335004532741467
-0.00353800987413171
-0.003687098287851
-0.00379782102104222
-0.00387272355737665
-0.00391184711084035
0.000749678460157873
0.000329902490351458
-8.92989764144088e-05
-0.000454211082735155
-0.000763183492752461
-0.00107400607974638
-0.00134379299943544
-0.00156375850407252
-0.00174366210288322
-0.00189788658064744
-0.00203303841161719
-0.00214680984692921
-0.0022319044764719
-0.00227901095920913
0.00487501668643666
0.00448787967522575
0.00414307433089432
0.00381654350812596
0.00352214884748061
0.00325524925181184
0.00302667827329295
0.00282277595504879
0.00263320000361014
0.00246714075637691
0.0023317218821039
0.00222298877203704
0.00213375409816362
0.00206046643718393
0.00515227799083273
0.00498341105119859
0.00486112191012737
0.00476358399320252
0.00468349956213049
0.00464622306810314
0.00465505269701827
0.00471287168633845
0.00482244410966163
0.00498213984882114
0.00519516480588166
0.00543611262028548
0.00574172464217857
0.00610246676476107
0.00651767029418644
0.00696068081092811
0.00744445033915293
0.0079957780202595
0.00858337930109055
0.00920439109886183
0.00986839354006959
0.010581504688143
0.0113486735802121
0.012170126531642
0.013060652055803
0.0140761939377974
0.0152385889119563
0.0165507770247405
0.0181170904172196
0.0199588649012525
0.0222407186537548
0.00207582839282316
0.00211216456033065
0.00217219460140799
0.00225897336346202
0.00237449534042489
0.00250742835168351
0.00264239226288798
0.00279846390656297
0.00298556252673009
0.00318890070575283
0.00341890106324899
0.00366963129977786
0.00396025130465933
0.00431861669397918
0.00470861072579806
0.00512265462845955
0.00563746687811205
0.00625382030965313
0.00695096253237409
0.00771147505467087
0.00856959094500479
0.00960206952189488
0.0107975900376243
0.0121122351134845
0.0135758585738725
0.0152797591710028
0.00197195813925829
0.00190807630988143
0.0018659618811775
0.0179569896931144
0.0215088489595885
0.0257657097875756
0.0301535251171764
0.0342786723406051
0.0381986827945779
0.0149753200109745
0.0147767695773485
0.0147087014084723
0.0146899350931441
0.0407288167656812
0.042529243607641
0.043651107174086
0.0442151411811884
0.039601354314982
0.0404713059506515
0.0408764971729104
0.024467783331133
0.0270274769034329
0.0296919003933464
0.0325656965998784
0.0357219395168688
0.0389074120787283
0.0228138731953542
0.0237564056530103
0.0250865433772631
0.0267660902905732
0.0287592236248278
0.0308198539981353
0.0331985660952266
0.0355124283653365
0.0378081253068481
0.0399513744650886
0.0417730710499053
0.0432367320752568
0.044174207543456
0.0444884584009154
0.0439730446569049
0.042442460680598
0.0394669732097882
0.040920031122126
0.0424611115561879
0.0437901189940472
0.0447161057939189
0.0452463927221552
0.0452208175489531
0.0445126633396223
0.0429357431396383
0.0402712794193149
0.0365636756329097
0.0320476837735037
0.0272841146033668
0.0228915246538666
0.0192347953543014
0.0163736450273445
0.0142244258429315
0.0126971884296563
0.0117236097731108
0.0112354129328591
0.0399660735878504
0.0408177372356953
0.0415854103393451
0.0421657854073954
0.0425510391960068
0.0427527724903575
0.0356392617690582
0.0304513261844157
0.025309345314258
0.0212432746855445
0.018118946894674
0.0161365982305464
0.0151334384160574
0.0374283133474513
0.0343592672298595
0.0315575811303671
0.0299836076729228
