0.05
0.0368162328949508
0.0335564636233254
0.0280369996646502
0.0348127972637437
0.0319308879903306
0.0283993939578923
0.036802412887903
0.0338997300965942
0.0286458517482213
0.024852726023319
0.0218546835507627
0.0196918559024767
0.0169895492454688
0.0140250393960869
0.0370244385468029
0.0341333278637186
0.0321097868118194
0.0319961894197717
0.0323287133104467
0.0328082727725074
0.0328913500622986
0.0328778928548007
0.032756165190473
0.0323366022170442
0.0311381708267513
0.0291986080685859
0.0270492221771151
0.0248997843514152
0.0229294344901913
0.0212927509657312
0.0200355442635206
0.0367643525667607
0.0352093039300783
0.0332235570161111
0.0316943328105684
0.0305184250313678
0.0296900335654778
0.0291163704469758
0.0286418256104996
0.0248079862044854
0.0217117665050568
0.0183212887603674
0.0152952980856861
0.0120172984251366
0.0248532642735144
0.0220967576111125
0.0194297335381904
0.0112354842243593
0.0106099893475669
0.0102148284066774
0.0100693722742948
0.0101419137623952
0.0104599012562299
0.0109766823082029
0.0117248157862382
0.0127541489740144
0.013975851084323
0.0154445712963662
0.0171261224516615
0.0190568746420429
0.0211076009221853
0.023205343845614
0.0254534156745718
0.0277317095994435
0.0301011238001666
0.032602484012236
0.035123762742462
0.0374665548666567
0.0395513907975441
0.0413047993622468
0.0426920028978416
0.0440524051087316
0.045264941857485
0.0460861699320738
0.0465143835554328
0.0465529489984118
0.0462616969955582
0.0457191232809094
0.0450692636460388
0.0444862123481637
0.0441278322719624
0.0100749611756298
0.00873498235451612
0.00745536977698608
0.00625435219922415
0.00526235389057584
0.00444917121602452
0.00372752480185734
0.00322377870163812
0.00284427594583134
0.00257097452298061
0.00242941073698655
0.0179485137801169
0.0162267558469362
0.0141187467082574
0.0167287376308827
0.0139201978716499
0.0115249158350961
0.0136088303461578
0.0130614599064002
0.0124694589979016
0.0125114249379863
0.0103387288378754
0.00813396040863692
0.00677524996927604
0.00573991247723518
0.00477895685535409
0.00396628197081927
0.00341793553143679
0.00301702548746846
0.00268985544454684
0.00245669869135891
0.00228850590535574
0.00217758152729983
0.0021111803608432
0.00207488353635799
0.00205676086430175
0.0125600224871182
0.0133396987413809
0.0149750344951001
0.0173749389149376
0.0202473835983427
0.0238828128434748
0.0115555704716872
0.0107254113964323
0.00989111792093537
0.0259709170580352
0.0286037133026754
0.0314150947456209
0.0342576042041517
0.0371027962287669
0.0396255333856309
0.041550250835533
0.0428239270725698
0.043224595786846
0.0422790482713359
0.0394146774523786
0.0344796810407262
0.0284307329792957
0.0225129568985081
0.0174106146742553
0.0132614820632684
0.00997374508527522
0.00737232500734384
0.00526486768485269
0.00361570133484657
0.00221730376100026
0.00108817798708453
0.000159413786750405
-0.000656735464836994
-0.00118964622249135
-0.00177244308028393
-0.00222588161237197
-0.00261455686350889
-0.0029315100231549
-0.00317423255686599
-0.00337002655972609
-0.00351940588210854
-0.00360253554270623
-0.00366035762572192
0.0259052079916721
0.0282624484349027
0.0308133706026824
0.0339044883103276
0.0370210499858918
0.0397906316599765
0.0418335794585927
0.0431119186464359
0.0431557920909082
0.0415639066057722
0.0378740832207474
0.0321566019084283
0.0256757229834668
0.0198950078775851
0.0152675519735659
0.0114650547819112
0.00853740441498385
0.00636073519631229
0.00470808076011989
0.00343732665881696
0.00250177714741738
0.00188869579754148
0.0015778999600042
0.00813680437796816
0.00660611228932975
0.00530611767961518
0.0042223621919484
0.00331408532648083
0.00253896147147378
0.00187042550040603
0.00131723675983548
0.000876662812836556
0.000532948604260802
0.000278380754379793
0.000110555044575822
2.47198184010166e-05
0.00931145165825293
0.00894521086598897
0.00881085574251792
0.00891214474500278
0.00924114292534497
0.0097964821968526
0.0105492804237342
0.0115382850838676
0.0129756029692831
0.0149104827434723
0.0172343413114678
0.0197560727907015
0.0223786435306483
0.0251303662323539
0.0277911191854626
0.030281666629848
0.0324592403733203
0.0343041622415202
0.036037536800437
0.0382345948810881
0.0405647573887619
0.0421766831560723
0.0431955920946703
0.0431563479389739
0.0419251501938032
0.0389656206779766
0.0339666077779494
0.0279200669452005
0.0224032344120663
0.0180165701436534
0.0145239866533839
0.011700674668202
0.00964922266785798
0.0080102620479767
0.00667147974330285
0.00582168414268198
0.00538632165332826
0.0106974434228484
0.0101526296461435
0.00982079444785361
0.00965836862393898
0.00967220104635619
0.00987113970240701
0.0102309892864463
0.0107049250956733
0.0114034383269564
0.012246676884068
0.0129600196397343
0.0142052763295975
0.015155329352955
0.0164778494530993
0.0180289551145044
0.0193211729185431
0.0202033243944853
0.0211448934773169
0.0219813719391324
0.0226185248678819
0.0230691793964638
0.0232886819307733
0.0106882633028414
0.0100565439701676
0.00961220965117755
0.00935427637777453
0.00928558634519833
0.00938748858163304
0.00964825136644546
0.0100992228135021
0.0106576219650473
0.0114341962445651
0.0124711537110184
0.0137079846337564
0.0157357745459407
0.0180324880320651
0.0203649058851354
0.0227139643044705
0.0249420644191673
0.0270646639011799
0.0288917938702828
0.0308237039644951
0.0326066741933353
0.0341100857952608
0.0353193324759232
0.036256833951312
0.0368717007905136
0.0372006481108841
0.0274695752428378
0.0263141881897987
0.0247473708236262
0.0263103755171214
0.0241616348788652
0.0217685915042141
0.0240887695037269
0.0232571990382192
0.0221546623430328
0.0231789934520713
0.0207164216017836
0.0176526531822693
0.0151818664468475
0.0133967748995324
0.0118818307306021
0.010587215660299
0.00958758745176767
0.00891300722610593
0.00848061328534427
0.00831068488678455
0.00839416767884838
0.0087566988602416
0.00956961751959846
0.0109468302402186
0.0124826251162854
0.0147970894673031
0.0171464218505778
0.0200239724324086
0.0230076769621998
0.0264990928268923
0.0300161189899702
0.0332916259090036
0.0364471727859443
0.0393648158239555
0.0419077869539131
0.0440373119307309
0.0455798044852258
0.0466759151844127
0.0474753320344587
0.0478875473971085
0.0480643466030419
0.048118632386048
0.0481241631571748
0.0199733146076001
0.0174072452621805
0.0148990497177026
0.0126630274884333
0.0107770100970125
0.00913122057828044
0.00770820151273733
0.0064692926220662
0.00546981932477981
0.00467375145288161
0.00408133684791641
0.00369270359488797
0.00349045390216227
0.0190564238227749
0.0167302963473204
0.0144767229260221
0.0134881847053863
0.0126006103460487
0.01179804444541
0.0140601900824843
0.0140351700319595
0.0144844606181559
0.0153577042295701
0.0166608239237217
0.0184272131284225
0.0205645680977301
0.0229890228722353
0.0256726865709332
0.0284333594528408
0.0312270960535053
0.0340000932055168
0.0366240822182789
0.0390987133377093
0.0412872504711237
0.0431213347970325
0.0445190880293924
0.0454737530040738
0.0459132850997906
0.045819244267967
0.0451324757648075
0.0436219661840703
0.0412452475474901
0.0382717880522882
0.0352712727829214
0.0331090688765571
0.0317260571072573
0.0123856212077776
0.013465756035013
0.0151338885095571
0.0173105920907686
0.0196107040194274
0.0221814999723696
0.0251611011097229
0.0280280952516938
0.0305779703415843
0.0334132739192944
0.0363276135986126
0.0390620748117446
0.041308155916297
0.0429864404113112
0.044528194519019
0.0456434704229582
0.0463179599885264
0.0465101290797363
0.0462439462095761
0.0456877464881671
0.0449008512548268
0.0437802126451714
0.0426240136937486
0.0419772295750625
0.0102274055070293
0.00888190927319009
0.00787791042154307
0.00702675291700107
0.00641522634179777
0.00588858371034773
0.00548751275975221
0.00523303018888363
0.00505055128945197
0.00491324110203847
0.004828339394478
0.00478245361920725
0.0202118079076394
0.0183563757229518
0.0162201327890495
0.0137980243207745
0.0116481861695672
0.0099509761032878
0.00838676521646396
0.00696403844289197
0.00574098695129125
0.0046124050978835
0.00356372604407641
0.00265155956193926
0.00188703533596884
0.00113106235070775
0.000382649975585587
-0.00027023450551107
-0.000806936046530435
-0.00125791448983585
-0.00163266811475222
-0.00192743633484801
-0.00213866835977987
-0.00227615086467556
-0.00235553428602543
0.020507119062941
0.019119403850103
0.0175968392153138
0.0158926682985652
0.0142267068313431
0.0128077620612779
0.0116586875102696
0.0107471212321119
0.0100683308907754
0.00961262012664059
0.00937054179184401
0.00933512762883492
0.00950168027636737
0.00989337693382693
0.0104922201926751
0.0112777565101309
0.0122522958818804
0.0134258241646197
0.014795427375202
0.0163239695264412
0.0180040801825251
0.0198049095687264
0.0216442024012967
0.0235817398828423
0.025898046345928
0.0283787232069692
0.0307701389014995
0.0330154107573922
0.0349992411207773
0.0367231409185502
0.0382052789555815
0.0393624514563348
0.040277097885448
0.040840203571259
0.0411501094298764
0.0129262917572616
0.0117220865874545
0.0103512027349064
0.0132612858639739
0.0126734304280081
0.0123744606264995
0.00857833574809189
0.00690407969270042
0.00544706330358676
0.00421446387520726
0.00330506759924696
0.00255735983723326
0.00200044047707079
0.00163727232370927
0.00145645107768184
0.010303506493598
0.0105900614950395
0.0112124028939285
0.0122095180484196
0.014676022079381
0.0171673447525332
0.0200279546695357
0.023090752622361
0.0261239798016704
0.0291890093441667
0.0321465524109262
0.03492617128962
0.0374840692379213
0.0397485614236838
0.0416676917786562
0.0431433926951874
0.0440739914490668
0.0443723094170824
0.0439900281628452
0.0427325820480481
0.0402442958777187
0.036595432348316
0.0320665862106951
0.0273534551163141
0.0231651198492296
0.0197370980957206
0.017026785705569
0.0150722001366895
0.0138240424689767
0.0131908099342945
0.0109257270543582
0.00999305864127839
0.00933894561796825
0.00872611310064741
0.00845428542038964
0.00826662404738143
0.0195675576314181
0.0196348622053079
0.0203653926251184
0.0217840931410752
0.0237850051775333
0.0262294704636686
0.0289529535432782
0.031808551657443
0.0347125207000841
0.0374872394269272
0.0398192556756363
0.0415136886225835
0.0425161382550018
0.0425263597479491
0.0411836339866643
0.038160269369202
0.0334489557964057
0.0278529367986341
0.0224342899287359
0.0177645017028221
0.0139393803997539
0.0108556569979582
0.0083974616234341
0.00646899933424797
0.0049825528057963
0.00386868963965809
0.00307831546028828
0.00257596014742206
0.0023245328500218
0.0196629422855239
0.0198172168522443
0.0204766974734763
0.0216346956652602
0.0232335066931344
0.0250288536716346
0.0269808858825748
0.0292956421918244
0.0318107320627904
0.0341587427877469
0.0362509232947274
0.0382304131166146
0.0400777922139276
0.0416980895535928
0.0426045938521092
0.042513125538322
0.0411580290682433
0.0382526740220934
0.0338097378563061
0.0283221833671674
0.0231667944286699
0.0180887899352473
0.0150531643629444
0.0122972921474916
0.00948993617624326
0.00735867047391294
0.00562246330321002
0.00419892202909255
0.00317301332792485
0.00242635069722168
0.00194567396556486
0.00169884413030775
0.0288239307982027
0.0293141673056545
0.030000297588392
0.0307181014741082
0.0314148453059648
0.0276855289478834
0.0254269450216717
0.0221683255438092
0.0195610868362569
0.0170403204568659
0.0146340795500011
0.012795513082942
0.0111573465092933
0.00951853302078326
0.00788487744550715
0.00660104651203232
0.00547672816485007
0.00449799999446827
0.00364922911293256
0.00292701970547846
0.00232189088381489
0.00181039457912339
0.00141131731844786
0.000974412382866797
0.000610937367297995
0.000344886295146758
0.000130662854910761
-3.68346512953058e-05
-0.000152941336106106
-0.000223168512524062
-0.000261860521400889
0.0307193428119049
0.0291561874925711
0.0265626604634675
0.0329754643132524
0.0349868777519531
0.0371205369249384
0.0392125118083926
0.0246193123222227
0.0230602605693607
0.0217905796560462
0.0261154148567338
0.0251279726385286
0.0236224749101686
0.0221571912887422
0.0199548036726219
0.0211275968667508
0.0194102724906167
0.0169057827843979
0.0142464962323787
0.0203978446425268
0.0190009689781787
0.0175170589602104
0.0128416092980074
0.0113177765357807
0.00976606974312353
0.0084636898960984
0.00719459188050234
0.00599591224296775
0.00494604985820893
0.00392501373456444
0.00297321723575342
0.00210276435128507
0.00130778773148853
0.000477511906501624
0.0129239640740577
0.0116106789643737
0.0102823986611999
0.00934522035113804
0.00820715205420035
0.00737669302221327
0.00643247832940657
0.00555060764306278
0.00483296227096045
0.00417005304737037
0.00353984907399994
0.00294984182158833
0.00244944072137438
0.00199904135961714
0.00151829394331661
0.00110554353387557
0.000696740197904824
0.00036009269386171
5.37187964142154e-05
-0.00021259292202394
-0.000422537540279514
-0.00059558122389598
-0.000728659607259169
-0.000809606850756202
-0.000850232762254037
0.000255184934263492
6.76282484908411e-05
-8.27786450635574e-05
-0.000186848897376985
-0.000276633430435776
-0.000329966321736328
-0.000359029757889109
-4.38113365913346e-05
-0.000523436204577194
-0.000975774916587017
-0.00137254484446591
-0.00174129569968274
-0.00209034902821433
-0.00241181736284627
-0.00270771742409188
-0.0029740484595393
-0.00320999858610559
-0.00342714131715473
-0.00362228597036586
-0.00378909360601967
-0.00392237985659915
-0.00402383202572343
-0.00410193689433723
-0.00415537284180263
-0.00418223902424807
0.0167576293717322
0.0158442950996874
0.0147554546277594
0.0135226640391762
0.012275162145316
0.0110997743298253
0.00999391682000357
0.00895420409603837
0.00797683298974835
0.00705774697687764
0.00619278500712552
0.00537729919770475
0.00460701349675736
0.00384107784635186
0.0169076310997334
0.0162644882984102
0.0156101344441117
0.0149626854576273
0.0143980437292979
0.013855944147288
0.0133439966458812
0.0128796640183965
0.0124527436913359
0.0120258678399223
0.0115947909493667
0.0112004721789404
0.0108749108444247
0.0106096364968376
0.0104092640022816
0.010251690953023
0.0101508455313555
0.0100945057461885
0.00334144087196465
0.0028908314310952
0.00247797336118284
0.00203537561970458
0.00164276720534309
0.00130519728700627
0.000907302391115917
0.000444897214710881
1.27463940472738e-05
-0.000352150621381737
-0.000657282832387152
-0.000920657414923059
-0.0011572980510519
-0.00136111873373534
-0.0015221985246513
-0.0016347950797733
-0.00170913115557972
-0.00175052177879362
0.0034891063747848
0.00318342584760992
0.00291675790685865
0.0026807257381431
0.00246689913123014
0.00227030953768953
0.00209664653828393
0.00195599978970067
0.00185125425755921
0.0017819340384042
0.00174635155762524
0.018275917359251
0.0163966898018928
0.0143969379694796
0.012595722355314
0.0109882427401684
0.00948754874612727
0.00814531833379626
0.0068306493948519
0.00563836767694124
0.00453984532704332
0.00346007097591084
0.0189372447537281
0.0177394528878735
0.0166840622767468
0.0155724063303379
0.0147021854695432
0.0137681876445692
0.0130212429876042
0.0124084409902578
0.0118537767040489
0.0115435101109852
0.0112485375736082
0.0110646827011543
0.0109729097902976
0.00303525891231319
0.00268880411914266
0.00240219983511446
0.00213296718441732
0.00192472090021154
0.00175324165328447
0.00163435274853443
0.00154683027943404
0.00149598737097763
0.00278782627458308
0.00216574078067749
0.00158982290358916
0.00105439879696975
0.000554942629267432
9.34165428946399e-05
-0.00033145119256927
-0.000728362488866951
-0.00108985084637266
-0.00141566574436967
-0.00172190713979026
-0.00199420643477109
-0.00223503161334398
-0.0024517032576003
-0.00264542835189517
-0.00282436118547099
-0.00298576697883766
-0.00312073449653888
-0.00322231986207034
-0.00329986531311286
-0.0033527670657493
-0.00337916092074881
0.0401117084045753
0.0410691439545976
0.041961815949186
0.0426506007111522
0.0430562086449276
0.0430911003095525
0.0425532940182461
0.0412716346348202
0.039767663757892
0.0370934154093768
0.033040306676883
0.0290270952231802
0.024814658794307
0.0206050886997891
0.0169787138097324
0.0135825545791265
0.0401006690049777
0.0409667177314988
0.0417427663542529
0.0423737383792932
0.0428161787568688
0.0429827031077331
0.0427099272277577
0.0417077709491531
0.0396609037768453
0.0364995128925018
0.0326621944153426
0.0287954376917109
0.0249832965363987
0.0204445642479451
0.0116210579837575
0.0096058984074085
0.00791638323144775
0.00656622709051194
0.00534241005865625
0.00436920370695922
0.0035549833957583
0.00274817063481728
0.00216063617979252
0.00166216500091634
0.00126434589983452
0.000934515151948655
0.000679646319508604
0.000494066291979207
0.000370283826113141
0.000306199319755362
0.011693761653033
0.0100651054802626
0.00857495007712237
0.00737977892247022
0.00643872346245093
0.00555615735741277
0.00483889601143919
0.00428614222484079
0.0038549665242045
0.00350004857429496
0.00319986872538475
0.00295470246610019
0.00277561196532224
0.00267797329310304
0.0178186116741829
0.0157033279132224
0.0138917074533391
0.0122462244216842
0.0108207138603796
0.00957154330934369
0.00852759345153732
0.00760846190764377
0.00675350610816208
0.00598973495882171
0.00533904405986916
0.0047778548633873
0.00426430396433981
0.00376577560320811
0.0185162251547643
0.0166620868827584
0.0151745518405051
0.0137658044507911
0.0122203956574849
0.0108562995179009
0.00980457803714248
0.00881966043333357
0.00795049699886522
0.00720761705381804
0.0065619741843552
0.00604628752082003
0.00556163493371967
0.00512612720600024
0.00473226567482828
0.0043900875166655
0.00407580871447338
0.00376787834363049
0.00347942131754972
0.00320529762557031
0.0029370313764246
0.00267006786835315
0.00240215605318552
0.00213448823680688
0.00186563413792147
0.00158589168442828
0.00129991334593963
0.00101651983688065
0.000722124835263417
0.000420602135836104
9.14230834630461e-05
0.00342992777677222
0.00309547166070598
0.00275939903154472
0.00242115826835706
0.00208562124413062
0.0017838060940805
0.00153333369236428
0.00129061399233602
0.00104558423511703
0.000819315075865534
0.000599532486134642
0.00039244129679832
0.000184376149242833
-3.78214456762798e-05
-0.000248912772614202
-0.000446128846537611
-0.000661106538548743
-0.000884102134834546
-0.00110181572169164
-0.00130776850401548
-0.00151049191352241
-0.00172337548719105
-0.00193864371613621
-0.00214719295024568
-0.00235434871471354
-0.00257239982877367
0.00360820616477247
0.00349785427855453
0.00342673006359146
-0.00285299576991164
-0.0032017492285942
-0.00360345557986407
-0.00401256487361611
-0.00440149340856466
-0.00478198600816629
-0.00257936173204283
-0.0025848654283407
-0.00258750278258524
-0.00258886419691305
-0.00503592758204144
-0.00522432070953846
-0.0053462240294089
-0.00540928948733392
-0.00492159118227859
-0.00501052605992334
-0.00505238432851887
-0.000164688771225613
-0.000422721736647443
-0.000666670052817063
-0.000914107158451751
-0.00117804582426451
-0.00144699633399743
-1.23746522963642e-05
-0.000121534506769673
-0.000243266156403609
-0.000379469937553205
-0.000533518159642579
-0.000693430986525861
-0.000885703034764606
-0.00108752783462228
-0.00131025079896096
-0.00155071071405367
-0.0017993813585891
-0.00206348343319702
-0.00233019727549817
-0.00260649362530558
-0.00288008350268146
-0.0031384420794841
-0.00340242393986606
-0.00162420819576748
-0.00177735989858496
-0.00193853211163226
-0.00209503021235846
-0.002263069440393
-0.00243275801731691
-0.00260419753834884
-0.00277559733659748
-0.00294588245829254
-0.00310936983884717
-0.0032689014311584
-0.00342263717691182
-0.00356517897120433
-0.00369074656999879
-0.00379634638265799
-0.00388131844775538
-0.00394526053133552
-0.00398779120288262
-0.00400969844606604
-0.00153915465200447
-0.00161602902505205
-0.00168613241348949
-0.0017393936175881
-0.00177487935792086
-0.00179351348923467
-0.00362737937190868
-0.003857452652384
-0.00406242260320693
-0.00422413147753391
-0.00435316819571011
-0.00443864176403297
-0.00448328637249364
-0.00352477440505185
-0.00363268329109352
-0.00370879568950371
-0.00374692549037402
