0.05
0.0369951036352276
0.0338560284151366
0.0285747764732233
0.035528869929239
0.0334648879980031
0.0315228321311892
0.0369948643717201
0.0345087934347314
0.0303069000147883
0.0273970631084683
0.0250438108186321
0.0232395792126795
0.0207842871419553
0.0177608990956282
0.0371690605128011
0.0331473677917446
0.0299880578539868
0.0297339305776393
0.0296782126013859
0.0299151829119658
0.0300528518116088
0.0301952331516386
0.0304341965003861
0.0309508842966916
0.0320347342465803
0.0332580824224372
0.0338357212195707
0.0333780782071284
0.0316369668627828
0.028631322032486
0.0245608480002836
0.0368707546357398
0.0350473715806046
0.0326111324286404
0.0306142831711554
0.0289466014330026
0.0276418388548732
0.0265946292798334
0.0255465896991994
0.0258213317699442
0.0232046250226545
0.020281426854683
0.017567323376644
0.0144782028613688
0.0254086364206512
0.0226597538213431
0.0199913628702767
0.0132665440137832
0.0120585329235347
0.0109672559191003
0.010100390686656
0.00933567883636721
0.00869150046800568
0.00822605780886351
0.00788097588799373
0.00765956565742502
0.00758491708584374
0.0076492978364827
0.00785720807534123
0.00822488597320583
0.00874067056564038
0.00939378975316456
0.0102410712699696
0.0112725874777039
0.0125484176115261
0.0141363106653348
0.0160134271806535
0.0180558873320407
0.0201913214576156
0.0223206371170862
0.0243335011449403
0.0267434795446289
0.0294910841522876
0.0320895803348411
0.0345046395151545
0.0365560412730351
0.0383077463157651
0.0397165374456912
0.0407576331113154
0.0414435328410986
0.0417946628825426
0.0130900754561047
0.0121136189081056
0.011164886511789
0.0102587955363223
0.00949846094659266
0.00886674810370554
0.00829939702917465
0.00789964657804914
0.00759637236980419
0.00737677801354502
0.00726263328163272
0.0184375606624852
0.0166145729489534
0.0143627512074538
0.017434189308443
0.014802228769871
0.0126051919915084
0.0138046551473688
0.0132030273370218
0.0125496501421515
0.0126960651057125
0.0104059186413466
0.00803335347501186
0.00653200423253859
0.00535455933646896
0.00422320341375911
0.00322306935077977
0.00251311016440563
0.00196427998676453
0.00148468540308577
0.00111371843502139
0.000819869198912845
0.00060528545837755
0.000463040990806844
0.000377813857161395
0.000332064234849958
0.012394164034966
0.0127426005373767
0.0137731317477431
0.0155007696224937
0.0177391317788172
0.020753647963651
0.0115810718534853
0.0106965803369381
0.00980276329609345
0.0224337783513681
0.0247254459356107
0.0273205502978387
0.0300782117016232
0.0329860508516547
0.035751358863051
0.0381081972112365
0.0400423443563942
0.0414157703402567
0.0418616798032197
0.0409272409914261
0.0382358972503475
0.0338001760106874
0.0283013372032586
0.0227981683765174
0.0179758170410858
0.0140201835137299
0.0108316090181711
0.00821342227662733
0.00613939205548206
0.00435779234608163
0.00289825586087368
0.00167827110768895
0.000586389548827144
-0.000139114662776466
-0.00094747559401646
-0.00158893364293939
-0.00214908301147908
-0.00261373802076235
-0.00297472121020859
-0.00326942377223483
-0.00349648539973146
-0.00362363512612022
-0.00371250698473816
0.0226366486382265
0.0249478158812554
0.0275404998702116
0.0307687142358843
0.0340971383182075
0.037134944495596
0.0394721164060356
0.0410786110919026
0.0414231107440729
0.0401120566769353
0.0367720001190625
0.031549444316636
0.0255554032805768
0.0200975562789092
0.0156388317020472
0.0119066093236529
0.00898432473181074
0.00677903256375467
0.00508252410659451
0.0037628096724455
0.00278151004808282
0.00213344804512937
0.00180324353182829
0.00804063212018167
0.00648468394096711
0.00514634706938625
0.00401605086926011
0.00305649846225133
0.00222718812947917
0.00150296019500776
0.000896546452440677
0.000408393045158327
2.40166460489302e-05
-0.000262850340014219
-0.000453061924142776
-0.00055070793236296
0.00903504636059102
0.00844988312437278
0.00807049134552426
0.00791430419549881
0.00796309556234242
0.00821632420731836
0.00865698942751612
0.00930585562812658
0.0103135242032495
0.0117336502136672
0.0135086242310949
0.0155211875708318
0.0177208815105292
0.020154069502214
0.0226337902194042
0.0250758723631311
0.0273197798110123
0.0293157947630746
0.0312860259871457
0.0339236678649297
0.0369214257428069
0.0392575230737362
0.041244772863014
0.0422607137340169
0.0423140035149357
0.0410385308130494
0.0379044955437253
0.0329891019278487
0.0275558874516356
0.0227501684321961
0.0187216523844544
0.0153851385374422
0.0129336577809025
0.0109635159406046
0.00934851077824213
0.00832131117979891
0.00779444987406951
0.0118997798165983
0.0114872571014682
0.0112982531516469
0.0113041194040903
0.01148832534187
0.0118995778535059
0.0124769060247165
0.0131634046714581
0.014115485532525
0.0152183445071159
0.0161272203635311
0.0176750218766724
0.0188264047145858
0.0203923912198024
0.0221796500139062
0.023631073334642
0.0246037673807118
0.0256257863104265
0.0265205507686634
0.0271942965188223
0.0276668202709106
0.0278958339683993
0.0118281679945695
0.0112713402442607
0.0109182092316607
0.0107684712294521
0.0108201671574741
0.0110532845930055
0.011456628319415
0.0120728184985685
0.0127898190959318
0.0137476777664211
0.0149877917460581
0.0164334256187987
0.0187574895106681
0.0213316441575297
0.0238793792790477
0.026378033659933
0.0286932944725871
0.0308579105176046
0.0326952388431221
0.0346154800760862
0.0363700205460308
0.037837031598632
0.0390086934617557
0.0399113139556765
0.0405002230385865
0.0408141165996666
0.0313343807582877
0.0312122236708686
0.0311746580151813
0.0299490592535029
0.0283885495089684
0.0266416706342983
0.0313850973023029
0.0316858224377379
0.0321212406783914
0.0301724983700747
0.028554554113766
0.0262267686542826
0.0239446197414363
0.021955312619539
0.0199576206005894
0.017957320964766
0.0161332782852783
0.0146181705033727
0.0132703147773072
0.0121649633100544
0.0112809400668728
0.0105364177689547
0.00977785862476783
0.0090645059353243
0.00862321569801002
0.00830845937295786
0.00823211268024245
0.00834696075066216
0.00864964389871664
0.00921805688310452
0.0100451673187823
0.0110943589036888
0.012431076861944
0.0140519893943108
0.0159034099038945
0.0179570745872363
0.0199498250954261
0.0218756370549404
0.023917313389152
0.0255813880692307
0.0268342890497257
0.0276908033023074
0.0281449418786744
0.0331652077394163
0.0346594888783907
0.0360588781015933
0.0370037714556054
0.0373694286551002
0.037184580151701
0.0364896403583605
0.0353515220629276
0.0339938339756308
0.0325923434697775
0.0313532136025436
0.030447646421838
0.0299464067393838
0.0335545335024693
0.0348449763918078
0.0362909403546973
0.0365449347215103
0.0367992172472913
0.0370671913850099
0.0375288446999266
0.0388813005600997
0.0403035850626196
0.0412890860354223
0.0417329111349736
0.0414390196584668
0.04019443432783
0.0378584380802973
0.0343873410269186
0.0302563856424439
0.0259601577819255
0.0219113510924343
0.0184109443338279
0.0154056571126035
0.0129248332352993
0.0108830248327346
0.0092257984733023
0.00784256836734259
0.00673766601511068
0.00585485403943637
0.0051313391978976
0.00447395993841488
0.0039167966199611
0.00348206290091453
0.00316607906371483
0.00297738762015647
0.00286927950585038
0.0382872465890001
0.039674274843345
0.0410882459430215
0.042206852828529
0.042721470405845
0.0425784765245606
0.041458848652931
0.0393069486955365
0.0364552084908458
0.0323498507552071
0.0274850621475245
0.0227683653865625
0.0189623304443731
0.0161446302088348
0.0134807997126054
0.0113086605943339
0.00951659080232837
0.00810698157789302
0.00702031108039688
0.00629877592483873
0.00575633366333458
0.00528324615967282
0.00494148666886246
0.00478509061922576
0.0363783828169201
0.0357167652410801
0.0351966676406544
0.0347523236421525
0.0344438725667953
0.0341980062534886
0.0340355092941563
0.0339528697580748
0.0339123531831052
0.033898535192196
0.0338991208113619
0.033903658528771
0.0255600274010849
0.0241258047663481
0.0223006635110746
0.0200468305164023
0.0179032680002449
0.0161208175124029
0.0144073075015974
0.0127918702927231
0.0113609740272785
0.0100050845467717
0.00871226612729176
0.00755855843362767
0.00656702611819455
0.00556200164459807
0.00454378630430845
0.00363602639746046
0.00287481744162604
0.00222352364171318
0.00167336350392254
0.001234424963705
0.000916308951102959
0.000707567841813571
0.000586340782053591
0.0255765521482063
0.0242582583733275
0.0226399168437826
0.0206328412035661
0.0184742391213808
0.0164586171366932
0.0146558357259335
0.0130379315375883
0.0116089627607027
0.0103609133983798
0.00927894682058403
0.00838209092230735
0.0075989267051694
0.00693359868389578
0.00642273561302224
0.0060533758987387
0.0058058441036762
0.00567143557221696
0.00564863265715607
0.00573424986950159
0.00592450824068087
0.00621591500175141
0.0065962422932256
0.00708450265170269
0.00777313691021408
0.00861842760727026
0.00954870611011803
0.0105424132570171
0.0115324010885998
0.0124903857152857
0.0133966611399405
0.0141634048097074
0.014811061471355
0.0152289883862344
0.0154662250436695
0.0162910523588492
0.0145391709696916
0.0123807405660964
0.0173323770006041
0.0169931932845049
0.0168175460911037
0.0110062275459935
0.00968059399950201
0.00850471056314956
0.00749314641840364
0.00673683585957458
0.00610821355086812
0.0056358900975876
0.00532593250460541
0.00517100567791155
0.0106143218571922
0.00916974811686035
0.00792142978715676
0.00682043024662868
0.00694021061518073
0.00718340892519736
0.00758325009644085
0.0081440866562006
0.00884694421748999
0.0097387235645937
0.0108263578289768
0.0121281227286783
0.0136712337455196
0.0154640318103339
0.0175234918307337
0.0198128959270942
0.022252258156467
0.0247126263228101
0.027122907699653
0.0296797393594209
0.0323890775597357
0.0349342044127691
0.037298764437723
0.0394164779855998
0.0412030105959919
0.0426591251246887
0.0438231499823623
0.0446718291414885
0.0452171947337328
0.045494616570574
0.00580153597442775
0.00501436210157915
0.0044288566417443
0.00384322739809505
0.00357205751550172
0.00337828049347175
0.0225273771416694
0.0200915417527987
0.0174220208900422
0.0148040455733343
0.0124642588551419
0.0104411545609259
0.00871221598503676
0.00722617400348907
0.00591234005936482
0.00474730518177473
0.00375161728254465
0.00290734243678894
0.00213045559931898
0.00139840904936576
0.000738365715363648
0.000128798205017233
-0.000440817016278613
-0.000974157139703447
-0.0014726689012694
-0.00193615671133481
-0.00236407228186576
-0.00275659559251755
-0.00311080719106779
-0.00342166307144158
-0.00368567607351674
-0.00390007972307877
-0.0040621179304475
-0.00416988320583214
-0.00422536159089847
0.0217919591417422
0.0192451249249411
0.0167207292951964
0.0143942806979597
0.0123261178567311
0.0106455222987376
0.00921648982279894
0.00784011917897703
0.00658639528394619
0.00555732368564941
0.00471035967494771
0.00393389556691634
0.0031756612830144
0.0023792833657474
0.00163924304522306
0.000987870800237073
0.000393739097304443
-0.000152665435811224
-0.000663424229108188
-0.00115745392873597
-0.00160040350368255
-0.00206676176082362
-0.0023770346229333
-0.00269135687515565
-0.00306188719397358
-0.00338966080314005
-0.00369092620544128
-0.00396482408790712
-0.00417971885238632
-0.00434696268393739
-0.00446004762208785
-0.0045199724737774
0.0244830230434202
0.0231495871996937
0.0218460769738939
0.020734120506838
0.0197401979411586
0.0248883680795056
0.0233879056671712
0.0212176197821088
0.0194274143661206
0.0176103519917285
0.0157678610771955
0.0142675166520937
0.0128451161993944
0.0113390718757547
0.00974659358285904
0.00841496104766666
0.00717484449141703
0.00602644913927587
0.00496589632491051
0.00400335246252159
0.00314206338020099
0.00236255547195444
0.00171133410800752
0.000945595873766325
0.000261736483558564
-0.0002716676185785
-0.000726795157287025
-0.00110224889670375
-0.0013743994293043
-0.00154435259300305
-0.00164008681482194
0.0198802368809258
0.0203389006597333
0.021145220097446
0.0183495926428033
0.0165660508100178
0.0146882067914522
0.0129267996867417
0.0220756531621118
0.022847454290732
0.0235184952363219
0.0207367665808117
0.0207010866737607
0.0210284654667204
0.0215727077941349
0.0226914792481563
0.024165582922944
0.0260584518733905
0.0290715343843055
0.0325531609025402
0.0241688465473306
0.0249951063851699
0.0260595478139036
0.0344274067972371
0.0366711893240242
0.0390444973325186
0.0409246532262349
0.0424080819756652
0.0431169103853164
0.0426927540128855
0.0406210691741424
0.0362501141273197
0.0298753205123784
0.0229867742828368
0.0157531660696977
0.0344675856858349
0.0365455154980324
0.0387794967132133
0.0403746614466521
0.0422446493730528
0.0434471122411393
0.0445012745507851
0.0449575158596684
0.0446944990860724
0.0436321562928351
0.0414639589853448
0.0379267553903118
0.0336142342972649
0.0289770655811813
0.0238009270290832
0.0195554808183169
0.0157006660275914
0.0128329142557902
0.0104732821730845
0.00861094846558836
0.00726016061987783
0.00622283599682248
0.00547052410084759
0.00503109519217349
0.0048158698531966
0.0128582398947127
0.0105355889305478
0.00876785884832736
0.00759684961889802
0.00662521568324685
0.00606425196930338
0.00576425606894453
0.01241972848332
0.00968372670665273
0.007400258164188
0.00562253823644503
0.00414833860388572
0.00290009328906689
0.00186725116498741
0.00100770364309692
0.000302646319228334
-0.00027202874543059
-0.0007623371869407
-0.00117375864946879
-0.00150510810297483
-0.00175733402031601
-0.00194227666165594
-0.00208061188299564
-0.0021732660784852
-0.00221924961815206
0.0268553512398105
0.0279618660304133
0.0294455829185097
0.0312870482113121
0.0332822604927557
0.0352527959214741
0.0371478605055458
0.0389116785219692
0.0404824334949659
0.041791753687352
0.0427641345245936
0.043315970626353
0.0433532747704756
0.0427509279149107
0.02638096049238
0.0268537500066256
0.0274581850892375
0.0281751739140705
0.0289052281055287
0.0297128943741738
0.0305880007843515
0.0314892809771615
0.0324134169382447
0.033424114233346
0.0345223580779775
0.0355881577706682
0.0365105534812815
0.0372909786153726
0.0378979348917749
0.0383859841671911
0.0387029351283754
0.0388816833716958
0.0417365306674666
0.0399059058225147
0.0374364542639913
0.0339483519090728
0.0302795992229357
0.02692920866919
0.0230228900090726
0.0187746096985425
0.0151683468794214
0.0124134636967511
0.010311030302742
0.00863807695142466
0.00724231011766185
0.00611746811266073
0.00527647210287565
0.00471239057646301
0.00435058305448769
0.0041529852624422
0.0422228230632138
0.0410669006872783
0.0393395551871035
0.0371053161781404
0.0344440771490831
0.0314931480775484
0.0285691004949531
0.0260485404684557
0.0241152381563337
0.0228211691749847
0.0221547968301818
0.0242455520035105
0.0262992939657018
0.0288399297133542
0.031435227113581
0.033952197230906
0.0363810040556691
0.0384689949509418
0.040205076730491
0.0411743205214403
0.0411109564272457
0.0396044126314641
0.0228694699618388
0.0234115997107259
0.0241527083667868
0.0252196996882512
0.0262761653008105
0.0276577493277221
0.0289613968699813
0.0301758827352342
0.0313996468454727
0.032132821190172
0.0328684201888281
0.0333449248230735
0.0335881803871525
0.0385491204981906
0.0361800856262905
0.0330757510414415
0.0292328385052284
0.0258131019482752
0.0228231156108015
0.0207178430441508
0.0191709910652356
0.0182793594778452
0.0374286991005229
0.033958108486126
0.0296706884682432
0.0251888839906739
0.0209832204536283
0.0173098983092104
0.0142012887519039
0.0115581375769525
0.0093691416134212
0.00756731090130834
0.00601451706194499
0.00474193623968411
0.0036985344233145
0.00282519409088199
0.00209569162899131
0.00146193953706959
0.000919878821390918
0.00048704856253776
0.000173053396544528
-5.98400470831396e-05
-0.000215345089152733
-0.000291913340814072
0.0123273192467817
0.0118433622550365
0.0115524039047579
0.0114925586856265
0.0116580764982781
0.0120557468640905
0.0127636089421688
0.0137308575828656
0.0146085139687893
0.015946319484103
0.0177986318845368
0.0196734256727792
0.0218376881836351
0.0243425726936722
0.0268797420075541
0.029635117238337
0.0121462094436935
0.0115150881422407
0.0110760167266763
0.0108321939146529
0.0107744158171056
0.0109140907593548
0.0112889103503491
0.0119590060630723
0.012942681839868
0.0141885505679594
0.015582888830132
0.0170140630300564
0.0185375871238702
0.0205772430203187
0.031505914357352
0.0338569621042071
0.0362120726143182
0.0383867830937861
0.040597386595462
0.0424903482060894
0.0441215527337762
0.0457084114385058
0.0467697425765744
0.0475487218830557
0.0480481546036783
0.048348841331152
0.048490868883336
0.0485328706038421
0.048525974624157
0.0485094260954853
0.0313121263816121
0.0330923493245646
0.035057116786826
0.0369143534640438
0.038587905693799
0.0403546736948179
0.041935302888777
0.0432374920029108
0.0442965696969269
0.0451883227639723
0.0459479495909627
0.046564739476569
0.0470089368049731
0.0472475814298417
0.0223214159979592
0.0240663347747185
0.0258910512906509
0.0278907044972936
0.0299529303204797
0.0320673785997132
0.0340910748233897
0.0360884675671057
0.0381333874013667
0.0400921873485895
0.0418133278503665
0.0432739019887486
0.044515059176288
0.0455443823909565
0.0211657050018099
0.0220131018528987
0.0229924027828465
0.0242808811597655
0.0261300947945844
0.0281756035402074
0.0301035069458761
0.0322660360323347
0.0344848064301378
0.0366217413526069
0.0386392667907582
0.0403025149621823
0.0418202371574918
0.0430104686839894
0.0437662559990245
0.0439705091329264
0.0435541433169951
0.0422872524115979
0.039997746799014
0.0366340920439466
0.0323797613235559
0.0277243378526777
0.0231984197582561
0.019160018695141
0.0156849541913341
0.0126471893501509
0.0100544714107783
0.00789374326150639
0.00598462995309318
0.0042979961104545
0.00267968253457678
0.045625325174945
0.045355290861999
0.0445675337243126
0.0429950616798246
0.0402897362357809
0.0365858234107359
0.0326413730373012
0.0283386910952434
0.0239148613777868
0.0200683549888901
0.0167050230647902
0.013926040745065
0.0115222893105403
0.00934869927138788
0.00759632058150408
0.00619557276029569
0.0048957258202592
0.00375965207121602
0.00282386481656041
0.0020689344212477
0.00142841043923721
0.000846426570778537
0.000335086303243716
-0.000100092818862408
-0.000484417303609274
-0.000847860037547273
0.0463781295948848
0.0469261112952024
0.0472628136796915
-0.00116010159403637
-0.0015054250362678
-0.00186849660901456
-0.00221322109358568
-0.00252376698423154
-0.00281623511737783
-0.00100286120148005
-0.00115059411766732
-0.00123390171481311
-0.00128358104238863
-0.00299803609241887
-0.00312861346230807
-0.00321132792571613
-0.00325358672157451
-0.00292981868414747
-0.00300089468533725
-0.00303403004771885
0.00185733211345677
0.00116097394664936
0.000591378220626653
7.73791664304306e-05
-0.000420434659249871
-0.000892520777365922
0.00191044698765372
0.00128306006173164
0.000736779669766128
0.000254119073886048
-0.000182955816847305
-0.000554892973972636
-0.000927447681527921
-0.00125865053199602
-0.00157477403461932
-0.00187493961480502
-0.00215300768097015
-0.00242185270747968
-0.00267276959699393
-0.00291630155831099
-0.00314516927474459
-0.00335301699352871
-0.00355948405607771
-0.00126424164299187
-0.00156854994799212
-0.00187051066400759
-0.00214558681222512
-0.0024217585773662
-0.00268191926952459
-0.00292760539672174
-0.00315811225352719
-0.00337420502333466
-0.00357136376943456
-0.00375551784835355
-0.00392655203107592
-0.00408049438098222
-0.00421309776111686
-0.00432283674483401
-0.0044101570271122
-0.00447536595948001
-0.00451852257008013
-0.0045406870545433
-0.00096969836984204
-0.00102097118621965
-0.00105937004615964
-0.00108429321178627
-0.00109913832517965
-0.00110640256330959
-0.00373303596619098
-0.00390800370436138
-0.0040625503467853
-0.00418398032870647
-0.00428074256856333
-0.00434483429742145
-0.00437832225864423
-0.00365262505375992
-0.00373221669574884
-0.00378717534382286
-0.00381436624706566
