0.05
0.036784951337339
0.0341903497339892
0.0300271840583782
0.0348260556926969
0.0321224307785146
0.0290128681071858
0.0367013648235545
0.0337729175895649
0.0285192306198348
0.0248360151161954
0.0220397062077386
0.0201057156561576
0.0178202858148452
0.0155432805508545
0.0368710431862067
0.0310750024378473
0.025993371727353
0.0253730144876902
0.0234815822872262
0.0218654911049945
0.0216075573371227
0.0216026062059045
0.0218096898021407
0.0225433438762835
0.0245842014586964
0.027750696707317
0.0310824472131994
0.034279157568739
0.0371523986143367
0.0395327102316055
0.0413398215721039
0.0366327189834504
0.0349249716419206
0.0326897195326388
0.0309054277969359
0.0294594148154766
0.0283603952992027
0.0275006420185324
0.026651855554191
0.0265410637900758
0.0233280986236008
0.0199348951040049
0.0170437210647374
0.0141124012165481
0.028245413726865
0.0268956745981739
0.0257688412505209
0.0141807914898604
0.0146251613084197
0.0154445670184207
0.0165045946698077
0.0179126282676921
0.0196725164283956
0.0215404475149365
0.023630238695726
0.0259652150232429
0.0282702945993832
0.0306107266721231
0.0328887580880915
0.0351196996295695
0.037143553767575
0.0389084836914892
0.0404853974063523
0.0417511054953705
0.0426956120792629
0.043246464099989
0.0432488780861981
0.0425650808978484
0.0410907629364353
0.0388193976664374
0.0359979661493414
0.0320285682984021
0.0272111388022381
0.022734876810872
0.0188214831062201
0.0157401198814283
0.0132928234237934
0.0114411432677458
0.0101338405153758
0.00929873305673647
0.00887895230438721
0.011655048785118
0.00999156270464239
0.00843182566824724
0.00699608595167261
0.00583181505784806
0.00489262245227171
0.00407124665534289
0.00350449245813534
0.00308127366436211
0.00277858796320301
0.00262250703668834
0.0249163533841375
0.0240428793609538
0.0231076294364684
0.0256078036418634
0.0261579080566881
0.0273231469031295
0.0229290909640226
0.0227524751864172
0.0225771314280812
0.0223219601737321
0.0216000976800497
0.0213446046967356
0.0215971548336829
0.0221502929848998
0.0230856586483809
0.024352491384253
0.0255875515308678
0.0268061427046403
0.0281289142021727
0.0293653937683068
0.0305146899997478
0.0314717852957385
0.0321745283380016
0.0326282341052443
0.0328843542772792
0.0235044786141331
0.025696794615528
0.0291003015341525
0.0329507321414264
0.0364747718995898
0.0397952992860353
0.0221877886527299
0.0218648545282073
0.0215722656807029
0.0411184998323697
0.0417913879613767
0.0414474371152823
0.0398205305887247
0.0365431243331524
0.0319201378922613
0.027050411296714
0.022451056895284
0.0183177785509309
0.0148317886192909
0.0120381680663277
0.00985667917431412
0.00813875066372515
0.00673612111674346
0.00556166836754512
0.00456179368228094
0.00369999598299949
0.00294053228609816
0.002242287541863
0.00161442646661067
0.000995994826071592
0.000412169901930501
-0.000148333964810201
-0.000723032170979271
-0.00114983921984601
-0.001677234548709
-0.00213735674428871
-0.00257178942294541
-0.00295573638191729
-0.00326855599828339
-0.00353328992078528
-0.00374285984707765
-0.00386212842226894
-0.00394649656002137
0.0411641281032469
0.0417589255059702
0.0413354951362435
0.0392982929369787
0.0353235803370849
0.0298608920213759
0.0243918157067157
0.019159024604299
0.0148885406983522
0.0114072539794344
0.00862873937745151
0.00637165793775011
0.0045206187895449
0.00302757869811212
0.00182811429837213
0.000800373007630228
-3.56452098714565e-05
-0.000692859656797523
-0.00121867472061435
-0.00164290234150332
-0.00196868871666284
-0.00218944878060445
-0.00230387804139288
0.0205529634071955
0.0198403644669569
0.0194036539346035
0.0191907022266706
0.019144168895938
0.0192204164691968
0.0193888807893162
0.0196124489309424
0.0198530884091943
0.020084337355321
0.0202828010986632
0.0204273868863451
0.0205059156882155
0.0219657906256703
0.0226871066114899
0.0237028988966436
0.0249183041311264
0.0263331178886146
0.0278959740869014
0.0294970395066354
0.0311858610228509
0.0332152502172408
0.0355037950844626
0.0378017835281757
0.0398367325071548
0.0414969054945806
0.0427651972720338
0.0435019951386456
0.0436416060773232
0.0431181459477598
0.0419384181714632
0.0399548980038469
0.0360920068082449
0.0304226962278347
0.0251916637494948
0.0198432023093356
0.0157069852544273
0.012264528820568
0.00929555168790704
0.00681868818062616
0.0048546345138497
0.00336836461378658
0.00225881967100021
0.00138809614672976
0.000681504565380095
0.000162453914894568
-0.000257683731243041
-0.000605410528041838
-0.000828414852441008
-0.000943454661347741
0.0281175109711448
0.0290906952062023
0.0301912620842669
0.0315006070341187
0.032805668797687
0.0343795419494974
0.0359148276648648
0.037334006658053
0.0389231128572026
0.0404451789909745
0.0415330025792826
0.0431263878714488
0.0441366893629185
0.0453111752389996
0.0464150656755924
0.0471517418306415
0.0475736022816792
0.0479553333260436
0.0482411496016857
0.0484283114344635
0.0485453043306449
0.0485979603573383
0.0277850708744128
0.0284589530284937
0.0293223336523444
0.0303521186917021
0.0314729451878605
0.0326474500566037
0.0338598976180266
0.0351796547355067
0.0363602806197618
0.0376091615466813
0.0388936376083006
0.0401151666670087
0.0417314160331072
0.0431505556839486
0.0441743501479671
0.0447750900895912
0.044921256681953
0.0446090757177276
0.0438765936098372
0.0424429141419153
0.0402707919144542
0.0376450586180974
0.0349824089359104
0.0325813943510406
0.0308581404024642
0.0298896710576027
0.0284149715746615
0.0277355079592994
0.0268902301550704
0.0268195003903828
0.0245946947955685
0.022159038832203
0.026729950745808
0.0265530262636462
0.0263458531634777
0.0251430365185049
0.0223846634878255
0.0189630048346536
0.0162527284784351
0.0143641929778615
0.0128534098921719
0.0116826012295622
0.0109241938338917
0.0105807387572751
0.0105950001784403
0.0109638720718212
0.0116836675878693
0.0128513534607577
0.0148778275695483
0.0178886985975966
0.0208741366383341
0.0248167441423428
0.0282157917065638
0.0317381662337889
0.0348096383025602
0.0378002587002872
0.0401939355480419
0.041777159681317
0.0425096961822637
0.0421341195434852
0.0403893712602083
0.0370589100592046
0.0328081450589852
0.0282750410992694
0.0235090666484452
0.019881765186267
0.0173435845057459
0.0157073587148018
0.0148728153832349
0.023760173804448
0.0205501998258098
0.0173119565681289
0.0143884308348265
0.0119175096584084
0.00976665226826
0.00791532243300103
0.00631239462854563
0.00502665912027268
0.0040081064247551
0.00325366555291674
0.00276051753150164
0.00250448628081311
0.0276051166001491
0.0289294577167535
0.0305936768722695
0.0311302283898594
0.0317310850637517
0.0324174243983298
0.031710783270512
0.0331636368020443
0.0350390633062694
0.0368452035907179
0.038555541344443
0.0400830022270827
0.0412089024442855
0.0417554536199462
0.0415274741559537
0.0403188023570638
0.0379529501832858
0.0343985288357146
0.0301031322357913
0.0255483714438071
0.0213367868623358
0.0176857755625024
0.0146658971637448
0.0121379271415648
0.0101291254167916
0.00853969949421652
0.00725327818876755
0.00610039494577085
0.00513594404898709
0.00439241107076766
0.00385747017322782
0.00354031428055337
0.00335951647328898
0.0337651257330229
0.0354589843079906
0.037420782640643
0.039331731970132
0.0407576665330277
0.0417261268922988
0.0420495270164194
0.0414687193803613
0.040075821868061
0.0373724379008442
0.0332122111375848
0.0282520423393659
0.0237175624228149
0.0201422521924915
0.0166353588673926
0.013713696205143
0.0112708335248
0.00933189721270834
0.00782762498619078
0.00682464321770721
0.00606839606061864
0.00540729748729134
0.00492895861750647
0.00470987891290895
0.0323944394369118
0.0325290747478093
0.0327989431193459
0.0332194144438324
0.0336910163536674
0.0342785600235414
0.0349025069902399
0.0354263167656224
0.0359114565637944
0.0363702560948671
0.0367040649943147
0.0369073438511758
0.020477051836218
0.0185196951818078
0.0163195572290509
0.0138884142185006
0.011794428226269
0.0101962491631636
0.00877968942706768
0.0075487948372621
0.00654211294432843
0.00566270513578591
0.0048963377272859
0.00427841982593482
0.00380400221558822
0.0033803632083365
0.00300564058952337
0.00271764762533985
0.00251177422619228
0.00236349244509792
0.00225969599882681
0.00219180327168772
0.00215120835278369
0.00212865567413433
0.002117246103955
0.0210196896797928
0.0198533779416602
0.0186753985589984
0.0174878966336783
0.0164930340709871
0.015838152858508
0.0155290345749651
0.0155511338204084
0.0158986139475853
0.0165594603867102
0.017522738792003
0.0187252250574421
0.0202296563357443
0.022038911265547
0.0240031985558733
0.0260430262885823
0.0281397704232943
0.0302754991197228
0.0324067150784047
0.0344574498279571
0.0364149936034964
0.0382451543990907
0.0398737026837422
0.0413517393774448
0.0428516587866728
0.0441975579792153
0.0452277605164088
0.0459201520311374
0.0462690235286258
0.0463255987408205
0.0461397957749416
0.0457995963233394
0.0453713296902655
0.0450237461898231
0.0447976998561319
0.0150738850341106
0.0147118765575052
0.0144913476863114
0.0145546980807927
0.0137903507484775
0.0134007881347498
0.0123832451975004
0.0104493401802829
0.00883046727708259
0.00751939983886625
0.00659113509574471
0.0058561501827244
0.00532649099991021
0.00498976935862641
0.00482480551544522
0.0166487492183664
0.0190657021812711
0.02180209003453
0.0248449257706572
0.0278909050541332
0.0306224621408726
0.033372188795056
0.035904088905601
0.0380119589544117
0.0397076633048702
0.0408313298314104
0.0412510473178804
0.0408114061399312
0.0393369240856637
0.0366889341090728
0.0329954540977114
0.0287620290850125
0.0246549982877829
0.0210213575814269
0.0176260563324504
0.0144624738856977
0.0118217258013677
0.00961084413151032
0.00779653216987687
0.00636426902633245
0.0052481390207904
0.00437930432783663
0.0037532929557029
0.00335203723992651
0.00314769765675126
0.0246920476242495
0.0246228545695473
0.0246151781813549
0.024659735873535
0.0246965578647435
0.0247322024778375
0.0420397627861345
0.0418817384621421
0.0404774215195437
0.0374727300353496
0.0329855908302209
0.0277741311507947
0.0227588235816015
0.0183951462559778
0.0146893283530869
0.0116077313213013
0.00916010038356131
0.00723388064573249
0.00559201288907119
0.00416563113093915
0.0029829462198108
0.00197902680715968
0.00111684299626008
0.000373919520434967
-0.00026719920433147
-0.000820335306037042
-0.00129736252861949
-0.00170917007338418
-0.00206174651122569
-0.00235784145738693
-0.00260053953383679
-0.00279226191325473
-0.00293421736143985
-0.00302730121465611
-0.00307481358280947
0.041753960003648
0.0412434450469203
0.0396323445122732
0.0367403221172634
0.0327230213072289
0.0285130614831383
0.0244848579501818
0.020454537812792
0.0168472975246142
0.0140211534408131
0.0118221754539312
0.00993143028237991
0.00821031084131881
0.00652333141708946
0.00505639170308519
0.00384828182435883
0.0028199203753161
0.00193866221441697
0.00117081983799073
0.000478787623984366
-0.000100515737923861
-0.000669538286674095
-0.00102686762354239
-0.00137115432430058
-0.00175318443840069
-0.00207190261972617
-0.00235245548886865
-0.00259877767770342
-0.00278686273778307
-0.0029302889984138
-0.00302588597445419
-0.00307609221868002
0.0258212886823807
0.0247043211902013
0.0234479960257442
0.0221400748485658
0.0206620348876845
0.0260670792933668
0.0247189484800695
0.0228195634678625
0.0213513995536821
0.0200123856478913
0.018858164883817
0.0181120706275574
0.0175968281071724
0.0172473095426751
0.0171040034479796
0.0171928182907432
0.0174725998048701
0.017918385118769
0.0185071641880187
0.0192067399234066
0.0199820982138876
0.0208214149963958
0.021633567204092
0.022717749753966
0.0237929885299569
0.0247007327343237
0.0255248635530645
0.0262396099045288
0.0267772056537093
0.0271211001918716
0.0273178789966659
0.0191638962618517
0.0165831548113223
0.0132103290881779
0.0199893071766788
0.0188011823476882
0.0172105830803713
0.0153554848679169
0.0114399393931158
0.0101755142855651
0.00923220432360251
0.0120063289590556
0.0108884643703072
0.00971696459949102
0.00877943330723418
0.0075326327090252
0.00890063113138667
0.00820355131497098
0.00725881256135686
0.00627746650136449
0.00820386395772694
0.00725818487135688
0.00629966877318325
0.0059384343213187
0.00557589958856746
0.00520463148566722
0.00488562737579513
0.00456365446864447
0.00424689349334566
0.00396140144477313
0.00368496030210374
0.00344637121546037
0.00327123531900443
0.00317917587541109
0.00318859908722504
0.00562641228038593
0.00496031109026462
0.00426355874831973
0.00375614960092456
0.00311968338031696
0.00263995602023495
0.00207638322801516
0.0015300247839958
0.00106857251575892
0.000626231424837745
0.000188638475520109
-0.000239455871561513
-0.000620021767761419
-0.000979125007119049
-0.00138071440266561
-0.00174017844518739
-0.00211039806893248
-0.00242609199837009
-0.00272205103556398
-0.00298581784230604
-0.00319775161298205
-0.00337496252736875
-0.00351271977695062
-0.0035970994544588
-0.00363961886953228
0.00231576778761645
0.00156977038154471
0.000967493373291104
0.000549661007268542
0.000188907604716048
-2.53407341326618e-05
-0.000142039666372758
0.00416924040587281
0.00527568650776813
0.00656461717701675
0.00795799899855911
0.00954581053632221
0.0113910997901897
0.0134721837331074
0.0157939725789653
0.0182816919220278
0.0208398387162821
0.0235068550511333
0.0261597791947844
0.028610190628286
0.0306783601947602
0.0323106725413814
0.0335978577085153
0.0344918718707191
0.034944946816301
0.00588871898775757
0.00540283210609203
0.00482588697209691
0.00416890878615192
0.00349604508747014
0.00285191203681968
0.00223515413752858
0.00164492167404876
0.00108060694103509
0.000541633901512637
2.73517865223422e-05
-0.000463318631354874
-0.000931445368377525
-0.00140073280819942
0.00583575519933985
0.00535086164049045
0.00485773924069651
0.00436704366940358
0.00393471740552166
0.0035138944055627
0.00310946008525722
0.00273527573381477
0.00238427402398722
0.00202663363402331
0.00165914499642026
0.0013176842015028
0.00103186398689283
0.000796188749945342
0.000616413014088161
0.000473912521193337
0.00038221022315725
0.000330791114324627
-0.00161974327088455
-0.00181428436644068
-0.0019914469163838
-0.00218174645270119
-0.00235292041188878
-0.00250376077136196
-0.00268741737333806
-0.00290959065466206
-0.00312670208274907
-0.0033182973404455
-0.00348499392128504
-0.00363393358440289
-0.00377188688491217
-0.0038938532990344
-0.00399227798955548
-0.00406212534494131
-0.00410871937513784
-0.00413484075837357
-0.00168961699648609
-0.00194877581675034
-0.00218176800282738
-0.00239382686406869
-0.00259090595434933
-0.00277624584927752
-0.00294310332228338
-0.00308031983489568
-0.00318373001685587
-0.00325275124599164
-0.00328836830959855
0.00683393580839462
0.00607685810127251
0.00527463196785179
0.00454238079384401
0.00387625076179028
0.00324253546592703
0.00266747229507406
0.00209980496382294
0.00158590809164789
0.00111840463405849
0.000669876848455898
0.00678012114280532
0.00593416893676601
0.00519891882342782
0.0044217083921026
0.00380388956889348
0.00312611843522578
0.00256999386202665
0.00210257828236066
0.00166945852551325
0.00142308171299901
0.00118555063164977
0.00103591939860575
0.000960748648627187
0.000102274022739029
-0.000387610846679364
-0.000811340605178247
-0.00122547439805038
-0.00155650419569976
-0.00183640668696265
-0.00203429603816489
-0.00218211853158245
-0.00226888899725759
0.000732727242840247
0.000826988218316607
0.000948789270757662
0.00109589797321014
0.00126751966269325
0.00146175485607828
0.0016783382576559
0.00192269338821686
0.00219154272946464
0.00248382530381049
0.00281559275770903
0.00317192097014393
0.00355130393826311
0.00396179917790231
0.00440052117999405
0.00487737175970234
0.0053739091472076
0.00584552885183816
0.00623926650366598
0.00656542221094648
0.00680203318253371
0.00692464072463695
0.0144586795876287
0.0133834343138164
0.012233628094288
0.0111143046524815
0.010041585247214
0.00899027414562571
0.00788080255557285
0.00684852300295917
0.00612861013490362
0.00524391853279354
0.00426679104032603
0.00345250686748768
0.00264873686873372
0.00183638916347103
0.00109735790454506
0.000357087855978149
0.014524916197809
0.0136203835376649
0.0127132907869388
0.011836568420349
0.0109757112445924
0.0101162941544793
0.00923950727648425
0.00834409987992026
0.0074798988219038
0.00669672117098875
0.00602612849367508
0.00546850475164557
0.00496790730130339
0.00439580647524139
-0.00012089969840119
-0.000668727507232677
-0.00117945037519628
-0.00162946533710655
-0.00207709343633593
-0.00246460154216697
-0.00281382530333974
-0.0031861763084734
-0.00347496978819371
-0.00373304233558771
-0.00394815057366129
-0.00413307404531936
-0.00428020673892722
-0.00438974147109526
-0.00446397151678881
-0.00450278762991514
-6.19346294283891e-05
-0.000461621150648596
-0.000864230938391874
-0.00121748731454087
-0.00151867857487461
-0.0018237025398794
-0.00209012685122741
-0.00230853287237314
-0.00248798410690356
-0.0026424337605398
-0.0027782581997363
-0.00289294096604448
-0.00297892125142015
-0.00302659173632855
0.00399861875564991
0.00366849441446825
0.00337515277829976
0.00309878525339317
0.00285185531510849
0.0026311167682353
0.00244592828900041
0.0022854820585947
0.00214271849455358
0.00202599779998166
0.00194061816809928
0.00188331666887378
0.00185032315351213
0.00184260057011786
0.00422362970769982
0.00406641985326339
0.00394945374479876
0.00385205337223557
0.00376595375342438
0.00371715596667833
0.00371160029901848
0.0037503726887954
0.00383877822301334
0.00397827716983284
0.00417492633417657
0.00440785392646451
0.00471629367129703
0.00509733297217757
0.00555746876524606
0.0060736124296454
0.00666704408657193
0.00738201054776924
0.00819121819724615
0.00910143324652314
0.0101391523141653
0.01132881725764
0.0126932604808636
0.0142416102299161
0.0159987591695352
0.0180564144275359
0.0204074592450011
0.0229678121053495
0.0258237923536578
0.0288852189662598
0.0323101067172221
0.00194895653502338
0.00209232383732085
0.00227908829971793
0.00251642199910246
0.00280942413153058
0.00313297713577258
0.00345556404259837
0.00382673346364074
0.00427365718998318
0.00476512797081564
0.00532997501717801
0.00595697685624671
0.006697274203886
0.00762621511143338
0.00865100767029612
0.00974833057638936
0.0111171039143764
0.0127479518309914
0.0145631190899043
0.0164872433745842
0.0185691031048849
0.0209316163857456
0.0234611019465401
0.0259922509180505
0.0285288901852273
0.0311670092188821
0.00172873463798635
0.00164639088909019
0.00159203252488707
0.0338007964888048
0.0369134289355339
0.0402535582046788
0.0433040982474101
0.0457439678892673
0.0476031926056498
0.0321102218554368
0.0331888960416269
0.0338763835985924
0.0343238691173714
0.0482678510324454
0.0484827021209607
0.0484862840532562
0.048439888514843
0.0484176069905386
0.0488344262426094
0.0490053826476952
0.0347329605846508
0.0372627697852553
0.0396469957967028
0.0419225813490892
0.0440018604014421
0.0455499599738892
0.0337030779403353
0.0352421726418333
0.0369600254624436
0.038772921229249
0.0405894846672534
0.042155003827117
0.0435897609497304
0.0445690970269269
0.0450428445432647
0.044829673481643
0.0437288580798345
0.0413743054352496
0.0375508345213401
0.0322768754107708
0.0265031972447632
0.0211988556914431
0.0161987182161621
0.0451057534693047
0.0439925603855604
0.0418493413786718
0.038651808294591
0.0341563690298096
0.0291318116918363
0.0242427695764131
0.0199127059230655
0.0162404671735484
0.0132502435425711
0.0107586426266668
0.00868593448027106
0.00700124489981733
0.0056749196190714
0.00465744057483975
0.00389611475216188
0.00335396758933007
0.00300712599600923
0.00283269660574755
0.0469539254714285
0.0477946889381321
0.0483565263814261
0.0486809001117835
0.0488551964479896
0.0489342848415236
0.0130043742883475
0.010150515124553
0.00789314914984056
0.00627724979509814
0.00508417004742826
0.00433707448868986
0.00396036455574723
0.013278917269151
0.0109366516577828
0.00940008181315148
0.00866436515310733
