0.05
0.0369478605750181
0.0338517640937984
0.0286403678710589
0.0354686944840273
0.033393430946353
0.0314437659944368
0.0369521055904342
0.0346014875281954
0.0307464630205328
0.0281716924724307
0.0261187314842598
0.0245272714633115
0.0223038573200518
0.0194504806465365
0.0370968404486135
0.0319903407347524
0.0276513959995904
0.0271712165739125
0.0259768675590992
0.0250607258451266
0.0249488256736657
0.024993218608694
0.0251973764547924
0.0258052160962185
0.0273537877449237
0.0295358734352397
0.0314468095011914
0.0326771662131544
0.0328945484955289
0.0318495302176326
0.029418352627526
0.0368126747435774
0.0349604012969576
0.032472619350562
0.0304184869493349
0.0286863573520896
0.0273152536772255
0.0261982481831997
0.0250615752342979
0.0260889107927325
0.0236553355730748
0.0209086777700774
0.0183189394419898
0.0153226601062613
0.0254304786465193
0.0226144248285694
0.0198490308905103
0.0140411108777896
0.0127302833198295
0.011510934114748
0.0105079821273321
0.00958230180409193
0.00874985242813961
0.0080888357546175
0.00752199459591176
0.00704093463629924
0.006688889716949
0.0064405582291989
0.00630186572379251
0.00627312772538575
0.00635778892262267
0.0065485489483498
0.00686495049140169
0.00730862469745376
0.00790967193730832
0.00870930470506736
0.00971078435788094
0.0108670711873569
0.0121602945186741
0.0135535841098258
0.0149808869230801
0.016831303451652
0.0191100247098392
0.0214165320328443
0.0236871409947414
0.025704465282029
0.0274867671874062
0.0289582391518553
0.0300676766633698
0.0308094557506687
0.0311928300189316
0.0140716623046219
0.0131857291973768
0.0123208420252845
0.0114917372931362
0.0107942149335225
0.0102137327422541
0.00969181517361616
0.00932384260204989
0.00904457441591783
0.00884231714235216
0.00873717187287215
0.0183146255661104
0.0164918256792669
0.0142126719585935
0.0169316523962846
0.0137505048226738
0.0108918910671251
0.0136346653355965
0.0130082761894837
0.0123245446429679
0.0125600651605211
0.0102244620006028
0.00772237791543097
0.00607621997685441
0.00473451669314381
0.00338994261340937
0.00214263988751725
0.00121296288423998
0.000459431838778313
-0.000233474523560451
-0.000798483454555076
-0.00126972771228144
-0.00163072238324938
-0.00188002370812082
-0.00203425271128311
-0.00211892858470196
0.0118164836786485
0.0114957909165491
0.0115395302159046
0.0121048224263733
0.0131518872659149
0.0148535991132171
0.0113659920727263
0.0104848344452721
0.00958842390674558
0.0158632303891778
0.0175404502503706
0.0197201195048762
0.0223101963041832
0.0253271847591376
0.0284883092551011
0.0314920197595687
0.034366198929969
0.0370962131665711
0.0394403553762464
0.0410490989938899
0.0415858355867358
0.0407509874610701
0.0381829497037889
0.0337286932641282
0.028103101154047
0.0225356581722028
0.0177032693575334
0.0136510509382179
0.010445995223092
0.00772613880829493
0.00554101712747026
0.00375949050156362
0.00221274394215638
0.00121523819816491
0.000139220570596441
-0.000685776272422918
-0.001383212679637
-0.00194477626730744
-0.00237027761185963
-0.00271050111844291
-0.00296821982586109
-0.00311099916236853
-0.00320996642440001
0.0161367375172892
0.0179774888221949
0.020308364203786
0.0235363312559298
0.0272103441152566
0.0309563204428089
0.034333492147845
0.0375108557340485
0.0399808504625432
0.0415392541406786
0.041840522635325
0.0405035343555329
0.0370799303128472
0.0318293180226701
0.0260419511914147
0.0204856711147872
0.0159309017782172
0.0124599465550602
0.00979288336383536
0.00772673808032517
0.00619739949145073
0.00519130552929398
0.00468001897603293
0.00792648919695907
0.00643416380391877
0.00512959258093993
0.00401080013722813
0.00304733512972839
0.00220342939489299
0.00145710341236306
0.000824913758820109
0.000310836651982578
-9.74245061783063e-05
-0.000404227133653944
-0.00060870187351949
-0.000714012845578641
0.0086783176412788
0.00790027137889563
0.00728129820658499
0.00685285168228945
0.00658686686186945
0.00648335405058278
0.0065388736866586
0.00675034544328287
0.00718153234403932
0.00787513500829111
0.00881795982585755
0.00996511114245243
0.011308895933373
0.0129093868168531
0.0146813143395779
0.0165985502009316
0.0185558301618836
0.0204929202301752
0.022603661556381
0.0257001206470179
0.0295441189857519
0.0328910851175318
0.0363303315559941
0.0390235204981089
0.041169712101424
0.0426905818241707
0.0432625150766151
0.0425458656183228
0.0403706825002043
0.0369323563953199
0.0326263485254508
0.0280016061583579
0.0240916038133366
0.0207240213324505
0.0178796885790026
0.016054420114675
0.0151165294578723
0.009798063744473
0.00897086383234438
0.00834228778244481
0.0078397612951238
0.00751786946171989
0.00730730362660576
0.00725391941675449
0.00732616488205924
0.00754324771851359
0.00788416655078164
0.00820841861655207
0.00882587199377097
0.00932978587791575
0.0100685128839537
0.0109818124908405
0.0117789034670471
0.012341869612394
0.012960858616109
0.0135269775732484
0.013968760973333
0.0142871323271358
0.0144439835792782
0.00990023024666314
0.00908492709881022
0.00842962812371446
0.00793449275532076
0.0076139599612279
0.00745158820807869
0.00743335232388345
0.00756744898559299
0.00782418924221173
0.00825451209002679
0.00889492980844509
0.00970803116702288
0.0110997290401518
0.0127418602646396
0.014487721209851
0.0163378950428408
0.0181843926416636
0.0200285480369789
0.0216820321422312
0.0234963795727546
0.0252252653332158
0.0267167190897474
0.0279339079930062
0.0288867575391103
0.0295155393781164
0.0298531480108882
0.0311511027936687
0.0308894983570998
0.0306535419592827
0.0301006592100794
0.0288233872333583
0.0274275781487641
0.0307003552487848
0.0307903570010327
0.0309428550756959
0.0298988268077225
0.0288411097087074
0.0273335791710277
0.0257077388827637
0.024106502190572
0.022313666493421
0.0203538913038795
0.0184458383793931
0.016781251626144
0.0152370139589956
0.0139174664541659
0.0128098812924535
0.0118150414271229
0.0107136418882114
0.00956232146047293
0.00872412469467961
0.00790070864049124
0.00736143737756025
0.00693783423503848
0.00667921746674614
0.0065510239851581
0.00659091219025156
0.00678913150562552
0.00715554014179434
0.0076961568247634
0.00839893132546704
0.00926204032754763
0.0101773183322289
0.0111363736941078
0.0122404621902269
0.0132131811305335
0.0139931355520768
0.014552112625579
0.0148577663967427
0.0323667954272938
0.0345624696066457
0.0369353359767662
0.0390990183328566
0.0408829044460782
0.0423558515377301
0.0435240014422915
0.0444266615671208
0.0450537081713877
0.0454734680611266
0.0457321372702246
0.0458737553884013
0.045937558599555
0.0308845865467575
0.0310246810672079
0.0313619941408766
0.0310450435048387
0.0307790082098581
0.0305661516042477
0.0325841391778367
0.0341904489885876
0.0362325749669725
0.0381391614258264
0.039872395379747
0.0413424343047431
0.0423455651895274
0.0427284845467876
0.0423136106434374
0.0409141084369144
0.038358412706151
0.0346332090357139
0.0302211161212312
0.0256167326257849
0.0214162608653201
0.0178190901279063
0.014878672296846
0.0124461361963164
0.0105359546021596
0.00904253574614899
0.00784809470652123
0.00678967269454847
0.0059128129069078
0.0052423980930461
0.00476327239429781
0.00448048925261559
0.00431978233469478
0.0319729101828289
0.0337943575176683
0.0359771928872862
0.0382252529004878
0.0400830348758511
0.0416465981546821
0.0428482321293992
0.0433739001052933
0.0432454352096493
0.0422756680675516
0.0400145942189871
0.0362706935533168
0.0318145993348801
0.0276827129627854
0.0232105577279973
0.0193077183154369
0.0160020503379149
0.0133894997474978
0.0113853492416086
0.0100650878913525
0.00908081376903164
0.00823000369226864
0.00762011069059084
0.00734235159100964
0.029063226965181
0.0276860694345282
0.0266068780382766
0.0256571355440542
0.0249560309238254
0.0243391805481703
0.0238612473134629
0.0235540913829801
0.023331430643196
0.0231622499867571
0.0230568830335607
0.0229996173477243
0.026595928613316
0.0254469678775964
0.0239083513800259
0.0219096648059801
0.019920165074059
0.0182076085309723
0.016518332711668
0.0148963320287382
0.0134427882015124
0.0120550857600611
0.0107252396508001
0.00953444188751378
0.00850863773009028
0.00746707546746465
0.00641051705821287
0.00546766039228579
0.00467640419111272
0.00399895739798537
0.00342638008313277
0.00296933743289654
0.0026379770190776
0.0024204873285633
0.0022941557925762
0.0265375685076257
0.0253972923101079
0.0239367574565011
0.022045029126471
0.0199252549361965
0.0178753001611886
0.0159863152715607
0.0142436071877969
0.0126607587877831
0.0112353944927761
0.00995488896738333
0.00884714136424763
0.00782605766574147
0.00689184715410808
0.00609590932221133
0.00542772189260647
0.00486157005766368
0.00438234716376501
0.00398573573446267
0.00367260137078725
0.00343300829017105
0.00326173514387534
0.00315697415365613
0.00310997613712804
0.00311774255110626
0.0031803518766092
0.00329006011945011
0.00343893799796452
0.00361004837142625
0.00379162256025643
0.00397470599507448
0.00413660796566798
0.0042778065854623
0.0043708130964886
0.00442429679002677
0.017949224756839
0.0161309054759095
0.0138663013500489
0.0191637651412397
0.0189326018210509
0.0188114061197904
0.0125151451390941
0.0112041369963109
0.0100368350214556
0.00903042214402088
0.00827710153834146
0.00765058230261803
0.00717969547977103
0.00687063969054981
0.00671615601546474
0.0118947014304662
0.010241767678598
0.00876693604668227
0.00740854841023247
0.00715071991792812
0.0070271123536941
0.00701050633019209
0.00711368440975768
0.00733140216233104
0.00767800713944932
0.00815994793956532
0.00878900670059189
0.0095851591607575
0.0105643294647064
0.0117546932403844
0.013163184555968
0.0147751170020724
0.0165349948367268
0.0184031356769156
0.0205410764508273
0.0229654084370584
0.0253771577046311
0.0277274826970169
0.0299230891949511
0.0318512910759363
0.0334877917663427
0.0348512104463041
0.0358852037077402
0.0365717496120113
0.0369289840629346
0.00650860649583707
0.0058125217177114
0.00529421640381476
0.00477521835664643
0.00453473528464918
0.00436279448596363
0.0280330206212304
0.0256969602982025
0.0226474946165233
0.0193837740248791
0.016350096844384
0.0136882424445501
0.0114046519730737
0.00944260507198263
0.00771170522934295
0.00618232043255895
0.00488208896537324
0.00378747915141351
0.00278984816599894
0.00186170914975919
0.00103798745101542
0.000290949267995112
-0.000393340226194895
-0.00102082772319415
-0.00159529817175076
-0.00211900562251362
-0.00259397477003301
-0.00302295477565621
-0.00340509988529715
-0.00373707043657388
-0.00401687805961159
-0.00424288362934787
-0.00441306718705233
-0.00452598663060682
-0.00458404132491483
0.0271515217843474
0.0245632207366687
0.0216608594552615
0.0187949819026438
0.0161594087719074
0.0139872677724386
0.0121300936909478
0.0103377388464296
0.00870472298276314
0.00736542122263347
0.0062649550530741
0.00525897682133408
0.00428113421493402
0.00326068655089155
0.00232055279771111
0.00150232030524923
0.000766513913400128
0.000101016096547345
-0.000509782594143789
-0.00108908968312131
-0.00159825684081752
-0.00212344208646398
-0.00246686445219342
-0.00280962672417095
-0.00320661021555549
-0.00355200083929011
-0.00386573322548416
-0.00414837515556656
-0.00436864169647229
-0.00453924555483854
-0.00465422970181063
-0.00471504224071732
0.0237754549447112
0.0221056905803682
0.0204171935315054
0.0189198636185162
0.0175142308436473
0.0244795097624594
0.0231717226870186
0.0212846513094698
0.019716934613389
0.0181048662957067
0.0164439931313169
0.01507066636961
0.0137514442469571
0.0123399273998105
0.010833233054962
0.00956233420444107
0.00836958252597377
0.00725713281006208
0.00622281713645424
0.00527798350605956
0.00442729374957424
0.00365273112131912
0.00300199709588095
0.00223264938949191
0.00154211502175689
0.00100125807185975
0.000538135721529413
0.000154914669632023
-0.000123535687682902
-0.000297709174203481
-0.000395929005211475
0.0169520907999503
0.0162494384546715
0.015585329242723
0.0162822533832017
0.0147092348857081
0.0130354564700609
0.0114242315767223
0.0157074382704078
0.0159129910085292
0.0161696311177545
0.0147629679955497
0.0143383048213832
0.0142348510785661
0.0144142896380297
0.0150278638908172
0.0166836303613339
0.0183431614443224
0.0211333358562106
0.024547253732024
0.0163747922177154
0.0168090036030524
0.0175000894448082
0.0265103857963042
0.029065722070954
0.0320252992533981
0.0346991377730315
0.0373426317159323
0.0396452001013342
0.0411879455001174
0.0418115545387074
0.0409150612858217
0.037805149648903
0.0320662643840784
0.023711840226534
0.0264882072703876
0.0287447758319478
0.0313520933753422
0.0333741589005054
0.0360165417586668
0.0380234634671563
0.0403228466221986
0.0423658666149195
0.0438247281598165
0.0448804071861406
0.0454694697355891
0.0454364810189237
0.0446545361304932
0.042952963458613
0.039612611757315
0.0352556229108118
0.0297165710869037
0.0247324412456016
0.0202306089510946
0.0165320720566853
0.0138119245152657
0.011715412677989
0.0101958183014415
0.00930977586041944
0.00887644689246146
0.0201043586087778
0.0169101490942225
0.0143472179837708
0.0126003071349333
0.0111215018641395
0.0102570191110063
0.0097911715148896
0.0194619623260479
0.0157043211713468
0.0124521520465384
0.00987143168798607
0.00770675372002155
0.0058612046485569
0.00432941279867816
0.00305503045974446
0.00201318074395973
0.00116890091751513
0.000454185950149754
-0.000139869111521803
-0.000613395428575399
-0.000970263111010913
-0.00122965060545211
-0.00142223143227346
-0.00155046094312427
-0.0016138604114563
0.0183120854968326
0.0194832890530913
0.0211103694609414
0.0232056367268469
0.0255693798602722
0.0280159879604103
0.0305044229256563
0.032991982145435
0.0354355830626417
0.0377906336818914
0.0400085809601889
0.0420378923082844
0.043827827818706
0.0454194945224377
0.0174803796083141
0.0176090120361459
0.0178751543501835
0.0182685383337308
0.018727301809982
0.0192875423314534
0.0199453302789816
0.0206681030268726
0.0214475145612318
0.0223340679387295
0.0233285299582398
0.0243192694238965
0.025195386108049
0.0259498904307753
0.0265450312194282
0.0270289086324397
0.0273455495594682
0.0275250179144979
0.0460119706850453
0.0462678312961502
0.0462238006205803
0.0457622678287249
0.0447681938896082
0.0432130713294962
0.0403115067348478
0.0354585528956129
0.0298268741247727
0.0247327096721264
0.0205447903279629
0.0171206953866011
0.0142499128753868
0.0119504103683915
0.0102489147568205
0.0091191977854632
0.00840046321059192
0.00801024170073766
0.0463010452276392
0.0469241231904041
0.0473364613947819
0.0475751578548747
0.0476644519636053
0.0476168003651515
0.0474506351563798
0.0472104165357634
0.0469538433049939
0.0467392849190233
0.0466127699849135
0.0165292513655481
0.0185912303046925
0.0212809571678152
0.0242200537777842
0.0272932848920762
0.0305393572164977
0.0337003510134627
0.0369367495259503
0.039831317424682
0.0422481902884935
0.0441368194850599
0.0146736140653339
0.0145963754938713
0.0147811952808823
0.0152457500771644
0.0158208746882679
0.0166826837723836
0.0175787733822896
0.0184731853551081
0.0194267215843559
0.0200194935668629
0.0206315031000715
0.0210363475082037
0.0212455858075872
0.0453705854892533
0.0459074327307329
0.0459282865615101
0.0454250742148581
0.0444921686583262
0.0431629794806052
0.0418223741887532
0.0405364917651421
0.0396408667224738
0.044283442848929
0.0436453053384686
0.0420290068471857
0.0392098590165949
0.0351530255726571
0.030331962320331
0.0254508391452427
0.0209369577195234
0.0170981146949989
0.0139419355613183
0.0112563554037124
0.00909247232627645
0.00734952790420684
0.00591620765358791
0.00473887765151124
0.00373133560230595
0.00288055221190352
0.00220854583224304
0.00172513891083107
0.00136889418623813
0.00113214585486902
0.00101590714893085
0.0108611052450416
0.0103544664659562
0.00997075959009738
0.00974951445531631
0.00968709052590456
0.0097827037697968
0.0100753398867924
0.0105547127070009
0.011028122644066
0.0117918528472293
0.0129109732575913
0.0141076170898366
0.0155642545487325
0.0173525688438451
0.019279933504667
0.0214999029842715
0.0106802796591207
0.0100269577056479
0.00950579701859753
0.00912311357723616
0.00886622198976895
0.00873671738439347
0.00875252005733268
0.00895114934449805
0.00935856128576004
0.00995965297961436
0.0106969187081326
0.0115047577220986
0.0124126105139927
0.0136968934920667
0.0232263022140745
0.0255354736595185
0.0279811883540766
0.0303647374041757
0.032939305959077
0.0353154049064931
0.0375567778178277
0.0400238152381885
0.0419516179933027
0.0436492996359965
0.0450138195686367
0.0461243201112261
0.0469499215087334
0.0475228896705422
0.0478876565466124
0.0480699693093866
0.0228048219958145
0.0243058063690388
0.0260690452420417
0.0278263791428589
0.0294854651166781
0.0313230043814723
0.0330567714732073
0.0345674305230885
0.0358688733093458
0.0370316048819144
0.0380845965811616
0.0389932418463654
0.0396842016421693
0.0400701668857455
0.0150046603643481
0.0163933557576468
0.0179288731824616
0.0197056466416223
0.021637604456422
0.0237194112978831
0.025804813661156
0.027953658922348
0.0302571836060797
0.0325882834975941
0.0347822323876017
0.0368145432189022
0.0387575144116702
0.0406682046069952
0.0139397454277129
0.0144278234094181
0.0151001294899528
0.016091875432533
0.0176357010753992
0.0194688309144134
0.0213175011211892
0.0235278254698342
0.0259369070261498
0.0284037820357494
0.0308998914303397
0.0331397752647522
0.03543546654396
0.0376081336976765
0.0395768788360821
0.041174814073549
0.0424160452305026
0.0432575856116248
0.0435195216716027
0.0430875688815218
0.0417842961451988
0.0393797336014093
0.0357693298131025
0.031278651361359
0.0265009592659684
0.0218062758258789
0.0175740425119383
0.0139696658674979
0.010762204172377
0.00792844916024968
0.00522043187593683
0.0418723538028119
0.0429704597124354
0.0438877120970731
0.0445092273209521
0.044665058629468
0.044194879628106
0.0431258058278807
0.0412314565524767
0.038193533052163
0.0343531549574964
0.0299708021608346
0.0257002286823417
0.0216448467383261
0.0178000793881159
0.0146449030956072
0.0121118494266991
0.00976610710721985
0.00773055383673267
0.00607266999387999
0.00475415344368801
0.00365404671127967
0.00267413092391332
0.0018326818264356
0.00113395642048609
0.000532315100261372
-2.22750382914998e-05
0.0413339663815151
0.0417998002735286
0.0421025130036603
-0.000449085172360286
-0.000899299550802401
-0.00135340167107373
-0.00176977204060707
-0.00213420059967335
-0.00247010185043937
-0.000301683845226013
-0.000565901467116722
-0.000714054307682745
-0.000802026644543319
-0.00267246638108074
-0.00281509606748911
-0.0029042924537634
-0.00294951258321797
-0.00260255645751161
-0.00268436985883082
-0.00272222999759557
0.00385792110477185
0.00272592286614892
0.00182113615368869
0.00102521120536177
0.000275678609016239
-0.000415559923234367
0.00393747849146517
0.00291105988875827
0.0020399821739696
0.0012944660976799
0.000644241692124048
0.000112941223849493
-0.000396321107659075
-0.000828754737159169
-0.00122334537742759
-0.0015820201694135
-0.00190118593423712
-0.00219869791499135
-0.00246753240823213
-0.00272118373200029
-0.00295386676657695
-0.00316107729995932
-0.00336371878695971
-0.000876415935935685
-0.00123958671526878
-0.0015875173583139
-0.00189441892494895
-0.00219358237842383
-0.00246793952476571
-0.00272101098917124
-0.00295364631688374
-0.00316792350811751
-0.00336052162127857
-0.00353813620250186
-0.00370129703275042
-0.00384679736292902
-0.0039711821818724
-0.00407350353808551
-0.00415454542028464
-0.00421485775012997
-0.00425467846791425
-0.00427510001309931
-0.000600550254011184
-0.000727870306422488
-0.000826570694818642
-0.000892613664769558
-0.000932880445089971
-0.000952891501103885
-0.00352686750040393
-0.00368899146558316
-0.0038305719649011
-0.0039408588230027
-0.00402817229662881
-0.00408574612175504
-0.00411574644814712
-0.00345983662281354
-0.00354109030350101
-0.0035967746523504
-0.00362420222011024
