0.05
0.0366755481400514
0.0335202532032054
0.0281375978414277
0.0347393579335328
0.0319432104944319
0.0284703278183361
0.0366627566906664
0.0338276205004312
0.0286351279402385
0.0248220003307917
0.0217549116431181
0.0195015372725614
0.0166154420071397
0.0133131068084945
0.0368250548977466
0.0312428348351996
0.0261408845282663
0.0253603972185363
0.0220225599142093
0.0186476575592372
0.0178250001443497
0.0173687383682591
0.0168846974265475
0.0161159724722366
0.0147098483544321
0.0129952733564345
0.0115027508551887
0.0102731555135909
0.00929769341449459
0.00856792758967158
0.00805531772807532
0.0365354127303169
0.034628852398593
0.0320149636973046
0.0298030057049151
0.0278888520704029
0.0263373667542883
0.0250455948262282
0.0237087050461237
0.0249395554158928
0.0217534503635379
0.018160899609828
0.0148540840910943
0.0111428453861104
0.0249909251631529
0.0222121504712239
0.0194638025095312
0.00993727347932825
0.00878449752177612
0.00778738754386693
0.00703133727662523
0.00640064210426463
0.00590888155585666
0.00559189681647277
0.00540084379393677
0.00533979732269607
0.00541339565784129
0.00561898477910565
0.00595517453981112
0.00643857771811972
0.00704888123540871
0.00777348421816251
0.00867157513844577
0.00972834526565657
0.011003665370184
0.012563904388828
0.0143878580360397
0.0163606617329507
0.0184202962767103
0.020479088429702
0.0224358275011235
0.024796501279112
0.027513978030038
0.0301104968870482
0.0325481740631261
0.0346383716170552
0.0364387791515384
0.0378981484578182
0.0389836495562631
0.0397022671549989
0.0400712822613237
0.00921900140011241
0.00787174652202056
0.00657114974865846
0.00533959503392457
0.00431582594687295
0.00347291121329665
0.00272250632167646
0.00219763854098945
0.00180172229228161
0.00151635763540078
0.00136847238326971
0.0179332101257766
0.0160941528835527
0.0137713361083692
0.0165149801615828
0.0131758648146199
0.0100170855756901
0.0131527287886498
0.012479433578541
0.0117415375500851
0.0122374648761398
0.0100470794045829
0.0076750742312616
0.00609722514421978
0.00479833434896106
0.00348355893212859
0.00225110710494777
0.00132380472772043
0.000566079705351912
-0.000136039951386468
-0.000712490523931186
-0.00119607242586865
-0.00156828504917848
-0.00182629120533288
-0.00198634140760131
-0.00207437438612283
0.0107598270806151
0.00960166210216458
0.00844880571081995
0.00761263026317163
0.00716590435541607
0.00704551338932075
0.0107816885380942
0.00989551467237547
0.00899038336903265
0.0072562869758501
0.00784604594994034
0.00879896713022623
0.0101236500656444
0.0119186692550322
0.0141335474331018
0.0166278361646549
0.0194670733953346
0.0227348396592107
0.0263212099627049
0.0299881252604787
0.0335048056777
0.0367568788101497
0.0397194176408837
0.0423055971075938
0.0443836851004526
0.0458241245097467
0.0465355736435306
0.046380415914693
0.0450784740171519
0.0418726022270365
0.0362671878804773
0.0291876091936209
0.0220402492813708
0.0175003265368164
0.0129261123809333
0.00974314010502887
0.00731470518619884
0.00554984904001982
0.0043312278209718
0.00343449683607738
0.00280263627499916
0.00246896748711397
0.00224647276518614
0.00706566855902271
0.00742374553775708
0.00812466401260318
0.00936422052737021
0.0110909020975392
0.0132775040164962
0.015776676418863
0.0188511440797182
0.0222099037695168
0.0257987009454342
0.029409647272996
0.0329665158088577
0.0363845153574591
0.0394938646593122
0.0421811926425172
0.0445256613514843
0.0463327569379562
0.0475755293187533
0.0483749844249392
0.0488408610598199
0.0490592234920471
0.0491219126925018
0.0491209365719439
0.00736207044189168
0.00588904646419614
0.00459545198167175
0.0034833181745385
0.0025246459029074
0.00168500925050113
0.000943104508795358
0.000315544607717694
-0.000193925675714598
-0.000597860869726831
-0.000900966040042859
-0.00110274354332799
-0.00120658670775132
0.00800189333146782
0.00711737900703604
0.00636460505989407
0.00578168614275088
0.00533407198104392
0.00502114313383752
0.00484659188420639
0.00479210506531589
0.00486602320961415
0.00509872639455866
0.00549532518338879
0.00604095068048825
0.00673232522693676
0.0076040817252652
0.00861807897195063
0.00977402489822144
0.0110305279756938
0.0123675983778718
0.0139398503495902
0.0164344593377547
0.0198030017180783
0.0230345845742813
0.0267591664901183
0.0301196190676833
0.0333622712393203
0.0365875223045443
0.0396534458340478
0.0423426118831692
0.0444879814083298
0.0460869527174014
0.0472779578044759
0.0481499075060143
0.0487018345694724
0.049072087802757
0.0493167619890308
0.0494427123664132
0.0494972763366437
0.00869009716033552
0.00757101482626801
0.00660220068272268
0.00567888988581744
0.00491695069070158
0.0041440455681741
0.00350109501286441
0.00298297549923109
0.00247379504133428
0.00203881531246883
0.00175052582632446
0.00135763496542475
0.00112173223166358
0.000858631918501112
0.000618465927798974
0.000459331834414151
0.000367617353136911
0.000283614811973431
0.000219497890036443
0.000176562375482077
0.000149145730374281
0.000136615252614347
0.00892260641483759
0.00793905977960303
0.00705173135454989
0.00626059578101228
0.00559425188020512
0.00504057783051867
0.00458237001229901
0.00418710908968011
0.00391202573961546
0.00369842151291682
0.00355804060383756
0.00349000440396391
0.00348140156959767
0.0035582754301361
0.00371044766269534
0.00393194905040381
0.00420232163432782
0.00451584168374437
0.00483360039714342
0.00522572595246783
0.00564635889325744
0.0060487335753893
0.00640449720085783
0.00670143419752813
0.0069068396140534
0.00702057861195194
0.0274991625759191
0.0262747955034691
0.0245914293174923
0.0265055375759573
0.0244781480838769
0.0222100535916323
0.0238398318846634
0.0228825314342932
0.0216034192473684
0.0230838610950269
0.0206689334053652
0.0176098452187463
0.0150845771843512
0.0132014258145559
0.0115345742137423
0.0100253285336824
0.00875993309763884
0.00779144500018882
0.00701133834139458
0.00645724097344876
0.00611375321551527
0.00595583140439154
0.00599279996671643
0.00629870163870128
0.00678883669729386
0.00767674722485988
0.00869447721629272
0.0100681992227669
0.0116499865438923
0.0137385076073179
0.0161641829627573
0.0187706505660342
0.0216478384525173
0.024685794260225
0.0277238929574213
0.0307060397237306
0.0333192297165519
0.0356509080003059
0.0379607001562976
0.0397439743554979
0.0410326471773759
0.041886849936832
0.0423304863786077
0.0192650189298334
0.0164381796554521
0.0136376275220988
0.0111270215886163
0.00901020898575954
0.007171025873145
0.00559169412995795
0.00422808320125147
0.003137394896406
0.00227553631270015
0.00163846059337034
0.00122263508630303
0.0010069425336486
0.0177567843925633
0.0146696603526962
0.0113833275744357
0.0100170978573093
0.0086737000670425
0.00732395145498146
0.0102468022394222
0.00915624328997158
0.00807145404683824
0.00725862869504739
0.00666378023485118
0.00626701222864368
0.00607658491747341
0.00608327530764643
0.00628632307863957
0.00667792220907738
0.00726212722695728
0.00805240832006139
0.00903970689598185
0.0102606287698126
0.011694867135544
0.0133384921754601
0.0151429278503552
0.0171191377373134
0.0191316024435084
0.0211298925544992
0.0231104791261783
0.0252174666864037
0.027226699538158
0.0289378993079818
0.0302603680570672
0.0310794503932471
0.0315597178281494
0.00672686919313944
0.00621809470602272
0.00583620607496671
0.00564025309479889
0.00564028586810301
0.00581445761322735
0.0062012110082494
0.00674884129558799
0.00738931123187622
0.00829620901268896
0.0094976417754728
0.0109690117136631
0.0125572526519091
0.0141108369328795
0.0160449661408888
0.0181189435427965
0.0203183512966571
0.0224720424411506
0.0244602783331252
0.0259660958298404
0.0272183790063701
0.0284094217704901
0.0293255258582343
0.0297592581946092
0.00583247916760895
0.00444855409150896
0.00332338508438986
0.00227648925579803
0.00144770399066292
0.000654859060803393
-2.44070160322997e-05
-0.00050969631305548
-0.00090412055485683
-0.00124083891722143
-0.0014705731612037
-0.00160461825177742
0.020737585861718
0.0189618822169287
0.0168952380922788
0.0145280781021124
0.0124064986253723
0.0107167680677768
0.00914618558615126
0.00770561804390115
0.00645743487325097
0.0052969173289642
0.00421017738401109
0.00325738140865009
0.00245252824398049
0.00165055738574764
0.000851077151227007
0.000149317166550201
-0.00043060838476378
-0.000920075922101986
-0.00132834749576862
-0.00165048128985535
-0.00188188326311689
-0.0020327567835806
-0.00211997986549039
0.0209928988037711
0.0196233727975046
0.0180778875891563
0.0162868627067065
0.0144554745638885
0.0128028152086426
0.0113596550266242
0.01008972970089
0.00898966550740265
0.00805006098829328
0.00725837882262604
0.00662683429451275
0.00610515388888833
0.00570026880721109
0.00543575875293802
0.00530030297778543
0.00528168197613624
0.00537714468164474
0.0055878332637109
0.00590909274100311
0.00634192411265905
0.00688476884132711
0.00752083380847018
0.00828463206808688
0.00931803630282823
0.0105559480326555
0.0118949996613257
0.0133061240989829
0.0146955687134803
0.0160250670804771
0.0172683388339096
0.0183081169852046
0.019176704774426
0.0197322324200884
0.0200455853958994
0.0118743839335288
0.0102073702737369
0.0081963037575447
0.012687703316723
0.0122057021420024
0.0119602195004159
0.00661744635647538
0.00510549022926987
0.00377414060457088
0.00263735287948409
0.00179315521202855
0.00109572507117023
0.000574424664533861
0.000233666542039298
6.37612303538424e-05
0.00690440373369547
0.00594159230183613
0.00521102456135857
0.00468504851567325
0.00538490445247345
0.00618927220781406
0.00722102281557639
0.00846361100173293
0.0098654772248802
0.0115031361204193
0.0133586773197509
0.0154278550033112
0.0177097243665335
0.0201676489640235
0.022778835237316
0.0254643465077089
0.028124368593095
0.0306428865599198
0.0329898872997205
0.0353861505569263
0.0378497437750863
0.0400993042327664
0.0421220574381346
0.0438610708364956
0.0452581205154787
0.046336617089501
0.0471508893905801
0.047712864650495
0.0480578646748471
0.0482279081192116
0.00365378841700837
0.00287556839884989
0.0023087315492046
0.00175417635840671
0.00150093277016913
0.00132191699995363
0.00789390153499972
0.00799794667467192
0.00843987123901624
0.00925742828040474
0.0104447808034463
0.0120010749180386
0.0139188735418753
0.0161955858466634
0.0188716742470211
0.021903891267006
0.0250545532410835
0.0281370980598461
0.0312794890503738
0.0344499004489111
0.0373980453471474
0.040091179623298
0.0424553612115619
0.0443968056666445
0.0458366996925854
0.0467182386586451
0.0469891323760137
0.0465430479544784
0.045138581747957
0.0424206264184315
0.0382828253612895
0.0334052872204915
0.0289505133274231
0.025755660057101
0.024072902637726
0.00791810067912602
0.00803365463639676
0.00840885877458978
0.00906364286312176
0.0100047679118125
0.0111317929854199
0.0124562556086464
0.0141821066908845
0.0162868828125617
0.0185167928859701
0.0207828419085777
0.023282397746495
0.0261332723023976
0.0294798323088023
0.032812976955528
0.0358556695016381
0.0386468627967328
0.0411313974710256
0.0432705523306143
0.0450479222372821
0.046281666385773
0.0470833436228924
0.0472358909774688
0.0469452950782847
0.0456392638823751
0.0428818824683694
0.0384290470734027
0.0326131962419688
0.0272578539165229
0.0229288028767027
0.0200413491355202
0.0185459182392709
0.0222316731641395
0.0203002973316698
0.0183306140874495
0.0165587596925778
0.0148569281904076
0.0229512293653553
0.0212101853595102
0.0187354128719096
0.0167580301749081
0.0148243464300425
0.0129354655680352
0.0114479030990703
0.0100783448802272
0.00866376610448598
0.00720377474685428
0.00601203794154865
0.00492716434472039
0.00394419900457819
0.0030553833369183
0.00226514120348598
0.00157199079430434
0.000956928886846434
0.000452715670575748
-0.00012904269411401
-0.000639274199899741
-0.00103105305016146
-0.00136073560783717
-0.00162935412029253
-0.0018221350946481
-0.00194169803225973
-0.00200873410139348
0.0137098364435819
0.0120050386777326
0.00999978503324751
0.0138134448217156
0.0125032827963457
0.0111355846852352
0.00985862868328443
0.00916090409088315
0.00864000588334828
0.00831720397458954
0.00910598566683089
0.00849455315667519
0.00806185827127583
0.00787125944766991
0.00784014232548849
0.00831148554503725
0.00863534483123959
0.00941134826966833
0.0106075850313312
0.00802607020396025
0.00791431484240502
0.00796334319067508
0.0115030803859933
0.0129976904204242
0.0151299830732556
0.0175080484607631
0.0204565111778731
0.0238851399322987
0.0274108740265691
0.0312765280025854
0.0351948668781139
0.0389325740832739
0.0422955170033467
0.0454699283190216
0.0113586041912239
0.012472334375363
0.0140392503038789
0.0154714877234399
0.017655510373712
0.0195970177419783
0.0222085728340679
0.0250499538029557
0.0276420756207334
0.0302488807307262
0.0328980518751088
0.0355104546381255
0.037807199946289
0.039910518094142
0.0421406423299455
0.0439804829113109
0.0456663754871357
0.0468919599385565
0.0478305868166202
0.0484752457201317
0.0488536302075503
0.0490687311022927
0.0491689296579714
0.0492006094313401
0.0492072315840958
0.0469465852175804
0.0479801572027306
0.048651168650811
0.049026620883684
0.0492847445972833
0.0494102173061895
0.049469055900228
0.0464099503538151
0.0467444129648986
0.0463457316061004
0.0450219494942096
0.0423477952784963
0.0378238631174698
0.0318969233005012
0.0257521127991933
0.020414828061149
0.0161608985423417
0.0127233638768959
0.0100243605332194
0.00799283408580157
0.00653848989635592
0.00552534091844597
0.00479867411626949
0.00432747243677269
0.00409834480524488
0.0083486955227698
0.0089545573033636
0.00985505243493267
0.0110896094421548
0.0125790587461145
0.0142458671367767
0.0160958696152275
0.0181271712150742
0.0203275298210362
0.0226734368394895
0.0251311374092311
0.0276607706328669
0.0302179322787663
0.0328890837813988
0.00773060867846867
0.00758711776165366
0.00753290188204402
0.00756827355806477
0.0076802765217027
0.00787482476136007
0.00815647632166404
0.0085134219599472
0.00893980502465816
0.00946394186996171
0.010090751526041
0.0107512048885242
0.0113650968280076
0.0119176338036986
0.0123701136525992
0.012749446123973
0.01300308716252
0.0131489377272507
0.0345256201649307
0.0360903346211813
0.0375840883050732
0.0392362644333579
0.0407268225870657
0.0420033167828372
0.0434665187834733
0.0450575002508441
0.0463733162423333
0.0472943132342519
0.0478843515680797
0.0482242323765256
0.0483566065052504
0.0482933338132452
0.0480786032749907
0.0478073468471375
0.0475545199936003
0.0473800077261949
0.0342989186728694
0.0356226996451176
0.0368669330530858
0.0380453480727995
0.0391768091791586
0.0402659253844608
0.0412591670066468
0.0420793751488787
0.0426965703962192
0.0431068822637012
0.0433178246887032
0.00854074063328379
0.00958169886284999
0.0110480462190678
0.0128024191569982
0.0148352932532687
0.0172477401445079
0.0199196567174291
0.0230751698957162
0.0264145508934938
0.0298646192749644
0.0335284655063581
0.00736654593942837
0.00702736042428286
0.00688554088410104
0.00690209959078492
0.00704674202501572
0.00735842217908456
0.00774659503154375
0.00817806229474925
0.00867693591178532
0.00900361869263631
0.00935481637620656
0.00959420545226004
0.00972016590548584
0.0353699798442822
0.0370855517264838
0.0386625037421826
0.0402790213375592
0.0416087587459225
0.0427468388232544
0.0435508068220473
0.0441473296638891
0.044494543900796
0.0356468977697726
0.0377287716197313
0.0397310147823431
0.04160409696976
0.043289761889974
0.0447101819182749
0.0458097211068765
0.046555115373601
0.0468772869243823
0.0467193858769821
0.0459366212602706
0.0443319859801634
0.0416690852936945
0.0377714008145648
0.032971358438728
0.0277864860996721
0.0229256129819484
0.0189670840795533
0.0161291701934334
0.0140665125878993
0.0127160411096734
0.0120600275112231
0.00931392080759114
0.00883458285975449
0.00848645804770475
0.00830659380684393
0.00829028297386159
0.00843718158499639
0.00879020404474652
0.00933090054947845
0.00984945934681744
0.0106708947600073
0.0118557084886338
0.0131081659971853
0.0146213226868541
0.0164700419040336
0.0184580593717868
0.020746107392207
0.00940556562111127
0.00907813860044371
0.00890152716327633
0.00887663428485738
0.0090030261988323
0.00929732954923155
0.00980035296047005
0.0105710807995375
0.0116243838906824
0.0129136346060177
0.0143358285088283
0.0157895680883588
0.0173380246536998
0.0194168033863864
0.0224101899992724
0.0246470070148014
0.0270266129735624
0.0293558203979969
0.0318839928679195
0.0342315524918249
0.0364632354618835
0.0389473738828021
0.0409179217955229
0.0426833340145695
0.0441296259668226
0.0453303416011318
0.0462403651026498
0.046882594979449
0.0472969218046644
0.0475058654416957
0.0221822158244642
0.0238163198494232
0.0257184801787112
0.0275993486796055
0.0293634711064282
0.0313059259616823
0.0331291977706959
0.034711116027199
0.0360691823764636
0.0372787466102601
0.0383708837177624
0.0393104887128105
0.0400229623910183
0.0404200772575545
0.0210800261675947
0.0227671637123222
0.0245528191688019
0.026531374454813
0.0285934202502083
0.0307299204040554
0.0327976108297216
0.0348648203088779
0.0370168733659647
0.0391263589933087
0.0410385186451243
0.042730003534328
0.0442548817424147
0.0456452518325239
0.0201445022171611
0.0211558876736304
0.022296552156039
0.0237713198907246
0.0258618562936499
0.0281508584366177
0.0302890139386646
0.0326699289418345
0.0351009055702756
0.037438428774675
0.0396521950798024
0.0414969875188987
0.0432225753450857
0.0446607796236601
0.0457414561745572
0.0463778029824471
0.046574745850076
0.0462256073726992
0.0451492788569641
0.0430960254545959
0.0397509280854085
0.0351004453015022
0.0297348052846986
0.0245079137259438
0.0198935678483622
0.01589953248079
0.0125847325147099
0.00991969381537961
0.00765698047110136
0.00573951083143144
0.00397301424070664
0.046266504474209
0.0466940393929409
0.0468522212897622
0.0466144115760856
0.0457677399025321
0.0441351919581444
0.0417713750096162
0.0383096085298466
0.0336675466995235
0.0288224652120019
0.0241439961230599
0.0201210454610996
0.0166204679067539
0.0134973993125641
0.0110371440550633
0.00912351564574139
0.00740479763341373
0.00596127648008325
0.00482505848243677
0.00395223205998038
0.00324950189541055
0.00264734346799643
0.0021516848469294
0.00175780511329398
0.00143352672594017
0.00114785813721753
0.0463313328094064
0.0467888469048528
0.0470737531963848
0.000966553136092939
0.000795062174774072
0.000639878132931365
0.00051152631911615
0.000409426662948942
0.000322466298915007
0.000972925425922535
0.000810634379489594
0.000720809727574836
0.000667975540806846
0.000276198396880863
0.000246300674715138
0.000228768178421483
0.000220236630251691
0.000286410872428787
0.000265201141876629
0.000255666826935392
0.00311315756442093
0.00243955132086145
0.0019330244431495
0.00151426780146007
0.00114485951130707
0.00082488627249113
0.00315478564346493
0.00253708838807869
0.00204558202070594
0.0016541897558315
0.00133953151280328
0.0011041077846252
0.000899835847137267
0.000744569019259515
0.000618792894366641
0.000518276205916688
0.000440052240430554
0.000376570413558383
0.000326713894374033
0.000285830210923401
0.000253127059489352
0.000227439279441848
0.000204959709271939
0.000676980847142514
0.000574230360943657
0.000487815742167153
0.000421182644766551
0.000364687532722915
0.000319828461863664
0.000283985059413416
0.000255386604309412
0.000232447402553266
0.000214382743957659
0.00019969930804412
0.000187749164049959
0.000178236508267801
0.000170894592105303
0.000165364413491044
0.000161292697095327
0.000158431741734053
0.000156619795765034
0.00015571444604865
0.00068532163138353
0.000588642991227836
0.000513133578516723
0.000462237568658612
0.00043102145344034
0.000415445311143932
0.000191343040131566
0.000179611675485694
0.000170592017001728
0.000164280624112607
0.00015970624141285
0.00015688091998863
0.000155468788340199
0.000191951288821294
0.000181839037306925
0.000175337547055831
0.000172260447829183
