0.05
0.0372887973785168
0.0349338242614698
0.0311665966190475
0.0357485000638893
0.0336933566701624
0.0317729155520976
0.037236097766758
0.0351740408233038
0.0321002065695098
0.0303543442117116
0.0291353915935346
0.0282098724805748
0.0268270498287626
0.0247315594428901
0.037337398541437
0.0308437393822036
0.0248429474763417
0.0239217409080981
0.0199914549000346
0.016055470615725
0.015115995996946
0.0146135059067697
0.0141068277536217
0.0133473529827721
0.0120212650833565
0.0104394118344254
0.00906131280661157
0.00789057885891552
0.00689082691459532
0.00602926203384762
0.00524200766970972
0.0370778437403853
0.035219871051161
0.03273052351162
0.0306871042185322
0.0289812718773541
0.0276504060875996
0.0265884974306015
0.0255347804862796
0.0294212275654014
0.0278088860587611
0.025895341146623
0.0238678506704783
0.0211886864918355
0.0288794371034397
0.0268528725047543
0.0247874090839323
0.0196865257040577
0.018003542499437
0.0163210840243056
0.0148517328486849
0.0134135584256534
0.0120303749303831
0.0108424725187009
0.00972133990874312
0.00863592249676183
0.00767870046958119
0.00678596864725736
0.00596842742789158
0.00519743058573744
0.00450540107685333
0.00388878951487415
0.00330077399011501
0.00275930410517471
0.00223524589186737
0.00170775560164159
0.00118888768644225
0.000707994322257808
0.000271568692935352
-0.000112969479775598
-0.000441889618823637
-0.000805547762533072
-0.00119688440323527
-0.00155356487555234
-0.00187676622820883
-0.0021465310788212
-0.00237425257737553
-0.00255631053527553
-0.00269069092824699
-0.00277936388605196
-0.00282485473011291
0.0202836371894971
0.0195569183188903
0.018779512343332
0.0179754631383325
0.0172596050128654
0.0166396167731808
0.0160653011145758
0.015652354560574
0.0153348803340448
0.0151028821423271
0.0149816321092262
0.0236757284353321
0.0222487792321799
0.0203419069682325
0.0222255420047039
0.0189448275325269
0.0155479179641277
0.0198009595627035
0.0192028886189758
0.0185384217574652
0.0191365555144292
0.017218076046768
0.0149483270070472
0.0133324593098345
0.0119342065515856
0.0104563844393676
0.00901423505530276
0.00789131008644615
0.00694655640526923
0.00604616890231972
0.00528726459591151
0.00463558217816791
0.00412393068301685
0.0037636607800922
0.00353759005549452
0.00341228072993907
0.0173618679054782
0.0156102808745624
0.01347901944809
0.0114486030983469
0.00973828549355571
0.00810718606833743
0.0177006893522638
0.0169109970311242
0.0160895368155768
0.00735448464569115
0.00669918376593047
0.00622533776873275
0.00592879811452937
0.00580390990642603
0.00586765400591554
0.00610836237165551
0.00653688403743338
0.0072083996891463
0.00818111053213435
0.00949360493232167
0.0111607211793069
0.0132054869636848
0.0156931924067038
0.0186516307695744
0.0220206167398026
0.0256351474452976
0.0293166421328307
0.0329732911957268
0.0363016066701308
0.0394003660184709
0.0419054661101189
0.0436549252006668
0.0444611105368267
0.0441128430666367
0.0420578421566473
0.037993677673259
0.0319311606273899
0.0255755291156239
0.0204250874185122
0.016351038288239
0.0133723435523037
0.0117708814770401
0.010689406716711
0.00736705531672345
0.00678767846565533
0.00637594677216673
0.00607571157605632
0.00593811826505941
0.00597977283627575
0.00619523248758627
0.0066255250084292
0.00727252235459262
0.00817721968424753
0.00935732667582704
0.0108626955029919
0.012738813273896
0.0149511717824012
0.0174252950059773
0.0202503195364434
0.0231682834109082
0.0259241059013212
0.028454289248345
0.0307190208318156
0.032595749528876
0.0339343287838775
0.0346492558634391
0.0148236361740945
0.0136243400077228
0.0125318195799153
0.0115641305226777
0.0107089384244879
0.00994362933793445
0.00925428323884082
0.00866120061466762
0.0081727078856115
0.00778073671087592
0.00748378969044535
0.00728472350212292
0.00718182182462442
0.014902988333987
0.0137180489242438
0.0125832570234034
0.0115713979029511
0.0106414720729718
0.00980133042809261
0.0090800229145096
0.00842891375272389
0.00774428399581547
0.00704702966646143
0.00639238455856075
0.00583106961538554
0.00536536240080543
0.00497210389972105
0.00466673007704624
0.00444586568449852
0.00431319238180917
0.0042567260818588
0.0042593193120817
0.0043384069047351
0.00451528283017331
0.00474599522187866
0.00509426688545142
0.00550364022549389
0.00601136439870511
0.00666837841038819
0.00749977086655432
0.00849219626103875
0.00958551172518542
0.0107149239022825
0.0118867758771028
0.0131083979139696
0.0142229825917023
0.0153064161641983
0.0163479787643981
0.0170875203295118
0.0174935510455481
0.0140534565269217
0.0127030683364878
0.0114626837034665
0.0102108961146336
0.00911802691407151
0.00794133737836196
0.00689780812536327
0.00600090320161433
0.00505376039674106
0.00417998768026655
0.00356272643184289
0.00265646032809899
0.00206595967653559
0.00134806206470404
0.000615502345882885
6.99689979155097e-05
-0.000276287305391221
-0.000624896455903492
-0.000919235558532842
-0.00113510858468622
-0.00128376247860063
-0.00135507060214326
0.0143144617660173
0.0131190338039677
0.0119581045227788
0.0108387731524907
0.00981046911501088
0.00886846078507893
0.00799517660595471
0.00712558602225205
0.00639825567858925
0.00566584729237527
0.00493135666170166
0.00422564417733425
0.00324725340631081
0.00228664052511506
0.00142571807345486
0.000646386899772641
-3.32564648820721e-05
-0.000639686666944817
-0.0011356784202668
-0.00163631758456884
-0.00207902091385012
-0.00244008261873426
-0.00272414646448082
-0.00294109647852895
-0.00308205438507176
-0.00315704840305558
0.0312119327248068
0.0305656660304725
0.029735113870271
0.0310281291230323
0.0304638483139253
0.0299654666232646
0.0293253171901912
0.0288060442527959
0.0281103447046289
0.0293083086755989
0.0287555761075578
0.0279277564488586
0.0268991880735996
0.0257229457079627
0.024231472050676
0.0224285011847008
0.0205317773264032
0.0187775364714722
0.0170701117994547
0.0155459860111843
0.0142056196207792
0.0129332613877785
0.0114348103043464
0.00976134388085743
0.00844027880660999
0.00699008471400855
0.00587940812825989
0.00479601857385168
0.00386012458619397
0.00290858843040435
0.00203995981532804
0.00127641385788873
0.000561249134798944
-0.000100174809468458
-0.000697258163051257
-0.00123873295240138
-0.0016856181179553
-0.0020664757793172
-0.00242972337494476
-0.00270359560167762
-0.00289957634776558
-0.00302932503379032
-0.00309685567940856
0.0285626615078689
0.0291093089728026
0.0294187644451113
0.0292959930563862
0.0287463363009394
0.0278405602134283
0.026695559907658
0.0254158007487114
0.024201285826569
0.0231275377691338
0.0222742392489546
0.0216921917624981
0.0213827309963969
0.0246830929857369
0.0216291541438184
0.0180816454182284
0.0166050021112087
0.0150963135262619
0.0135298152310024
0.0166546896803715
0.0150683976529884
0.0132568779168154
0.0116616614229512
0.0102102798802755
0.00885606162976393
0.00763424364564619
0.00653691695662098
0.00552961688911112
0.00463365088482322
0.00382103479300017
0.00307657445750793
0.00240766429189699
0.00179019230411497
0.00123448737571022
0.000735077598003414
0.00029495924667925
-0.000100528710814407
-0.000437306833717606
-0.000721399145650567
-0.000964680792508481
-0.0011931215911295
-0.00139086621699637
-0.00154702147966766
-0.00166113215773801
-0.00172937767089541
-0.00176847030585638
0.012314012255512
0.0109859419436875
0.00956681149931206
0.00818693882121494
0.00703502726331689
0.00597327667077162
0.00492973148376964
0.00404325895855786
0.00331724680324243
0.00255668874615552
0.001805235662581
0.00110740417938911
0.000517843850322704
4.65517266872357e-05
-0.000441282123415188
-0.000880107506207319
-0.00127824034862631
-0.00161961533642698
-0.00190285265968687
-0.00210159273455688
-0.00225759335835573
-0.00239888522662725
-0.00250390780846296
-0.00255276164194633
0.0121892640993282
0.0109012090563726
0.00982052837019707
0.00878485520220421
0.00794241713406359
0.00711529484409545
0.00638826282177167
0.00585695881502729
0.0054160247323405
0.00503266856970773
0.00476783543805663
0.00461195265300585
0.0297448865214584
0.029385916593215
0.0287536159987206
0.0276797936798682
0.0263161326388296
0.0248970983276002
0.0232812165616504
0.0215600950274712
0.0199141356027354
0.018281358571291
0.0166843514007263
0.0152440096766408
0.0140049669971224
0.0127546992227009
0.0114973572764847
0.0103859902967408
0.00946176202509867
0.00867687834425976
0.00801817782816118
0.00749545583202435
0.00711815025911592
0.0068712626318627
0.00672815655346401
0.0296106146728397
0.029112195635231
0.0283515120095832
0.0271515269499998
0.0255162787522728
0.0236469325698332
0.0216856932091023
0.0196909900709801
0.0177433953005087
0.0158901120393951
0.0141470223868865
0.0125745882089146
0.0110612316909256
0.00960656628709047
0.00829423440348835
0.00711801358981125
0.00604258805363465
0.00504534719135312
0.00412180744192623
0.003282187374433
0.002511681522756
0.00180648037192175
0.00117949820285647
0.000596003456819939
-3.33715223726836e-05
-0.000660519191400489
-0.00123269873152524
-0.0017472624153995
-0.00218714384323974
-0.00256010577417917
-0.0028752023654418
-0.00311860916170073
-0.00330990981243642
-0.00342747273177854
-0.00349214824086117
0.0230716141695042
0.0209425973625558
0.018195127608924
0.0251520100689022
0.025492021966783
0.0256699095509512
0.016749941730703
0.0153176561113091
0.0140289093349001
0.0129138756163662
0.0120796320906485
0.0113872174715163
0.0108681279522674
0.0105282043720317
0.0103585501230984
0.0155247416625039
0.0132114213259341
0.0110793184429238
0.00903786687916073
0.00805548875623246
0.00725882688245719
0.00651076331628848
0.00584500253493455
0.00528063913263784
0.00477941774788501
0.0043453282923916
0.00397269549531599
0.00365475579007451
0.00338922534466783
0.003171553560632
0.00300257190002261
0.00288384478980803
0.00281585808705678
0.00279365825393025
0.00281374711993317
0.00288001873790504
0.00298570550849055
0.00312681557761976
0.00329479323506153
0.00347363724251684
0.00365058362641253
0.00381733214623091
0.00395641597817398
0.00405519254812799
0.00410878834115419
0.00821930314046357
0.00759185660005914
0.00712798288422948
0.00666668648603545
0.00645381956824145
0.00630209171789141
0.00492417874831544
0.00464825414306077
0.00441913739811629
0.00425282494779525
0.00415950822732743
0.00413720500899643
0.00418226411724518
0.00429337725333141
0.00447787406670118
0.00474664667223761
0.00509708115095171
0.00552526185955367
0.00607425237456173
0.00678548860888676
0.00765213428408109
0.00871028658333134
0.00999378864395086
0.0115255282275957
0.0133139560879047
0.0153435900754701
0.0175715265766877
0.0199335892889494
0.022327201614425
0.0246215328003176
0.0266980161840966
0.0284587796268198
0.0298262929140104
0.0307501442352505
0.0312296219186182
0.00479149185980949
0.0044557723204457
0.00417562775474594
0.00396076845723575
0.00381125238929973
0.00372871217950313
0.00369767129427611
0.00371739250747647
0.00379839148145474
0.00393202627389207
0.00410998754067775
0.00435475413768939
0.00469696106039776
0.00518441809793914
0.00578083267475787
0.00646713267959112
0.00728558812551429
0.00826239378074303
0.00942960253582914
0.0108557230573443
0.0124432931819097
0.0144935530232285
0.0160966931707171
0.0179435042052771
0.0204480509281002
0.0229403380213415
0.0254018747770292
0.0277463037031422
0.0296365474576517
0.0311294312695114
0.0321457310489305
0.032685745065574
0.02425256913689
0.0226220383864006
0.0210093195244773
0.0196166841025514
0.0183520623151032
0.0251657961262092
0.0245004510967117
0.0236361421482497
0.0229127847021874
0.0220984372952945
0.021133353148473
0.0202131222133369
0.0192185043228302
0.0180571918509
0.0167275457085208
0.015544307647341
0.0143904984184448
0.0132841516616032
0.012234305832556
0.0112603733819045
0.0103729591477088
0.00955704465632563
0.00886611694068982
0.00804353246569712
0.00730087060270125
0.00671650625743831
0.00621423730412147
0.00579729196479535
0.00549358453380162
0.00530329245977599
0.00519586216765543
0.0181412743299582
0.0180556624966727
0.0182091615246348
0.0169810098013492
0.0152541234173393
0.0134500124035525
0.0117559478733377
0.0187705394358057
0.0192918565951316
0.0197843963206163
0.0176705343439729
0.0175292275939628
0.0177445750157439
0.0181934330842186
0.019178329836908
0.0204100055626394
0.0222934854583678
0.0253434947684237
0.0289357045727168
0.0202250448443732
0.0208700218883661
0.0217635035551423
0.0309585871240411
0.0334647398055337
0.0362431397378246
0.0386295025695445
0.0408270229475713
0.0425061850689973
0.0432988895200967
0.0429545108144015
0.0408169971132669
0.0361701322037166
0.0292396005823848
0.0206215844349698
0.0308987933501676
0.0330951897984757
0.0355491517935733
0.0373925972798759
0.0397139407752021
0.0413905927532615
0.04318594885538
0.0446067191637882
0.0454316664569353
0.0457755069161355
0.0455248012807278
0.0444481752760132
0.0424214672020657
0.0392396099315801
0.0342459568688111
0.029060957711319
0.0236438011804326
0.0193546448643697
0.0157439328116684
0.012881703180187
0.0108126061238042
0.0092329419522681
0.00809455226214384
0.00743294502313075
0.00710994850042716
0.0170151356612463
0.0140112228449881
0.0116800199170656
0.0101195364433602
0.00881525790264711
0.00805884754810986
0.00765322646625903
0.0165307469515632
0.013087273386538
0.0101874725430465
0.00792664023927258
0.00605622635195285
0.00448065256414347
0.00318677637850014
0.00212021567894197
0.00125498341492456
0.000558160258636141
-2.88367517722721e-05
-0.000514917143098846
-0.000901375884753403
-0.00119216652415897
-0.00140334668876738
-0.0015600713990946
-0.00166441010300799
-0.00171599603162118
0.0225963654148244
0.0237686694627946
0.0253618484466634
0.0273708446256794
0.0295912388445605
0.0318432090672422
0.0340888307523664
0.0362885848009738
0.0383998812110277
0.0403754343977134
0.0421628043670373
0.0437077784531043
0.0449592968847987
0.0459279307072494
0.0218971769634128
0.0221768727472121
0.0225876013536264
0.0231149363142308
0.0236814148933234
0.024334268181159
0.0250661353237266
0.0258411004457607
0.0266531571874092
0.0275564970200491
0.0285518033022684
0.0295290605764446
0.0303832883693085
0.0311122748174839
0.0316833608891623
0.0321453422042757
0.032446669772459
0.0326171104675791
0.0460981828981056
0.0458463184899117
0.0451986072641286
0.0438769961183034
0.0418650597555907
0.0392734737658803
0.0351994251356178
0.02958265020423
0.0241229765739249
0.0197173597157967
0.0163098025120055
0.0136097696758993
0.0113839084728141
0.00961728247517549
0.00831635881011964
0.00745461236398717
0.00690696328776248
0.00660977841660913
0.0464371112801914
0.0466300920914195
0.0465366073906881
0.0461587047450169
0.0454660508000111
0.044413743434187
0.0430418795977175
0.0415359143017549
0.0401264060189663
0.0390341623664318
0.0384177581722081
0.0208339764250749
0.023026128371455
0.025768529448511
0.028628352360165
0.031487204084016
0.0343777406566894
0.0370647564819554
0.039655473427554
0.0417595498797902
0.0432188954646228
0.0438802809144846
0.0190980548569564
0.0193329593756352
0.0197926523212711
0.0205487833307803
0.0213515415743646
0.0224518497910881
0.0235267801697099
0.0245533348699345
0.025608707100671
0.026249234555341
0.0268982858600659
0.027321765503674
0.0275388655432829
0.0442983857817692
0.0437005028975936
0.042258539035783
0.0397006557343894
0.0366309808025224
0.033256921560202
0.0304922537221091
0.0282518588649764
0.0268809594459607
0.043180855734925
0.0413623394419684
0.0382622370837674
0.0339822483772823
0.0290557561575968
0.0242149255530274
0.0199049084413392
0.0161969045164869
0.0131482181336469
0.0106752506473001
0.00858030084325146
0.00689273167075212
0.00553133795394613
0.00440914388565176
0.00348491929654432
0.00269193767434692
0.00202080249915453
0.00148966317130673
0.00110701818434418
0.000824714903116166
0.000636956145669188
0.000544726852162468
0.0111236426941335
0.0105744680384831
0.010182549459519
0.00998815532436043
0.00998442980181899
0.0101706914464315
0.0105976079344919
0.0112411674161363
0.01185356847157
0.012818024685683
0.0141991376836182
0.0156454332632897
0.017372596291515
0.0194493354805432
0.0216382749811547
0.0241046842202046
0.0110474338293388
0.0104722673136924
0.0100670852129428
0.00983368893107289
0.00976262371372896
0.00986292317536654
0.0101669232012378
0.0107279545813644
0.0115662381773493
0.0126432329418026
0.0138652789167506
0.0151370018048293
0.0165098315181906
0.018377060872276
0.025924616130346
0.0283003362980347
0.0307651348959801
0.0331262788797563
0.0356361335960017
0.0379136566915329
0.040021160308785
0.0422817080363673
0.0439919846397648
0.0454452566432162
0.0465685135360215
0.0474457069419178
0.0480715636774779
0.0484900026768473
0.0487483428087736
0.0488747557339196
0.0255747909455015
0.0272088312471016
0.0290791981562173
0.0309055596324266
0.0326027605067556
0.0344567369315586
0.0361838157437259
0.0376709667907407
0.0389376001581963
0.0400562261361418
0.041057201650304
0.0419105987691649
0.0425524896322896
0.0429082187081388
0.0200088201072601
0.0216787481792455
0.023460048781612
0.0254475454955956
0.0275308690716114
0.0296982666790043
0.0318004708165425
0.0339031696959083
0.0360897429476274
0.0382270621682872
0.0401553357582753
0.0418487988415338
0.0433578183329124
0.044704752268902
0.0189176817065018
0.0197351148724686
0.0207101445606025
0.0220225974113607
0.0239379416634841
0.0260861645439996
0.0281355043916356
0.0304588415890153
0.0328661813054542
0.0352098108141841
0.0374533869244231
0.0393384064758699
0.041107776548519
0.0425679862858086
0.0436119813846609
0.044111639631863
0.044020140066941
0.0431410670842325
0.0412691613214615
0.0382570949070496
0.0341424407856177
0.0293586973991558
0.0245274100098186
0.0201334178015587
0.016322948573594
0.0129835241291622
0.0101326949373392
0.00775928303899336
0.00566646580428824
0.00382315480699729
0.00206167236325309
0.0451506008515577
0.0453204925032077
0.0450862216984922
0.0442400772360719
0.0424691268040794
0.0396825105806735
0.0362983978626102
0.0321609333933972
0.0274989418253058
0.0232029421777007
0.0193260360820443
0.0160725798174811
0.0132367072376031
0.0106626899978967
0.00858482411425937
0.00692426368064428
0.00538555048612186
0.00404471102125404
0.00294528670133341
0.00206355875922763
0.00132073440143191
0.000651554126285087
6.95009848532578e-05
-0.00042042802958726
-0.00084811890082968
-0.00124774824933522
0.0455121781337094
0.0460524095521705
0.0463897635705147
-0.00157073294228977
-0.00191965721455215
-0.00227905240527082
-0.00261443514300784
-0.00291226473652372
-0.0031897535550908
-0.00143698984328958
-0.00161761800357628
-0.00171957974071108
-0.00178043015774095
-0.00335925042864217
-0.00347978943101314
-0.00355562648444903
-0.00359421205001689
-0.00329862674107839
-0.00336633040887713
-0.00339778144392371
0.0011699783932872
0.000424063160427095
-0.000177296682245922
-0.000711374371693255
-0.00121953273437478
-0.00169276993752921
0.00122935957706932
0.000559722601365937
-1.3142937090229e-05
-0.000508421462406202
-0.000945566772431368
-0.00130731769322057
-0.00165877039114408
-0.00196130159726877
-0.00224095403971983
-0.00249823539420139
-0.00272961448195769
-0.00294726898659641
-0.00314543736200464
-0.00333356838014856
-0.00350698410922461
-0.00366196094161511
-0.00381388851945384
-0.0020222208758253
-0.00228492548403222
-0.00253925269725251
-0.00276563331175204
-0.00298802814422762
-0.00319330871666753
-0.00338363595560388
-0.00355928550242277
-0.00372155353321352
-0.00386771659835978
-0.0040027136526878
-0.00412685655473176
-0.00423763978409745
-0.00433238622556709
-0.0044103449092994
-0.00447209778944446
-0.00451805690640698
-0.00454840115685189
-0.0045639626914498
-0.00180815933334937
-0.00188768103911855
-0.00194942573051253
-0.00199080647002783
-0.0020160694855232
-0.00202863550073239
-0.00393554866367367
-0.0040564867933582
-0.00416210059678833
-0.00424435545842506
-0.0043094597126421
-0.00435237860127026
-0.00437473867890006
-0.00388695886395917
-0.00394901284129398
-0.00399167913233588
-0.00401273581031714
