0.05
0.0368016332122422
0.0337333574185877
0.0285910802282899
0.0350813902224392
0.0326412892295656
0.0299362808757849
0.036781243392222
0.0340462159368307
0.0291761933393025
0.0256580465123055
0.0228194515707818
0.0207138281135816
0.0179892584597552
0.0148529324556167
0.0369550902257547
0.0321373657059104
0.0279184559223996
0.0272974688343157
0.0247086586083971
0.022088793183367
0.0214570888455948
0.0211184178227497
0.0207805581422848
0.0202897058241151
0.0194793392797827
0.0185890412403813
0.017914925575267
0.0174524953368937
0.017157942013795
0.0169760483119503
0.0168380838859842
0.0366672643694612
0.0348256243601261
0.0323397348247874
0.0302639528200656
0.028481215998278
0.0270351748821837
0.0258190741357244
0.0245380990618808
0.0255140970558656
0.022584427809035
0.019355456497446
0.0164318029054972
0.0132048496143458
0.0256984607092242
0.0232329112266802
0.0208851466796684
0.0122413786801333
0.0113727434971066
0.0106904647125714
0.0102512179981254
0.00998757093459138
0.00992563078397634
0.0100618367315553
0.0103952755789831
0.0109625218927324
0.0117211980210537
0.0127096829692049
0.0139163965189192
0.015383864374552
0.0170305164458655
0.0188058262942134
0.0208099287379154
0.022945706624912
0.0252688813171419
0.0278180654953649
0.0304766661076532
0.0330320865203856
0.0353991280644501
0.0374988329167584
0.0392791032900989
0.0411931039614883
0.0431381499322678
0.0447553493083756
0.0460405465162108
0.0469449716583942
0.0475655212563006
0.0479549457115759
0.04817589106072
0.0482883969365814
0.0483350649497807
0.011472025822806
0.0102665603483893
0.00910588908097641
0.00800664713432758
0.00709071654053807
0.00633399768855286
0.00565760604424829
0.00518272166870904
0.0048233839267952
0.00456371001581723
0.00442890241882004
0.019411264485697
0.0177123892933296
0.0156518390334464
0.0190073659088277
0.0173116249839461
0.0161578967751998
0.0151568500296745
0.0146279914064103
0.0140586901985715
0.0140983663431283
0.0120693384186636
0.010112164407806
0.00899365139577586
0.00821903899468795
0.00759280776184259
0.0071717308384958
0.00697903600618765
0.00691802190466712
0.00695549798508413
0.00706433721804863
0.00721799489115597
0.00737966593771998
0.00751686348374956
0.00761389999715792
0.00767181426855763
0.0144036339571795
0.0156677283210765
0.017999606517365
0.0211385173621208
0.0245993277384111
0.0286370353626425
0.0131393729413695
0.0123090240610396
0.0114795678819204
0.030737108083498
0.0331784978106269
0.0356139738855079
0.0378976440481647
0.0399449185379668
0.0414249738118889
0.042093396399353
0.041798882204978
0.0401382178351461
0.0366311111203862
0.0314768382251464
0.0258764427536051
0.0208289200662151
0.0165814165946688
0.0131032233914256
0.0102895045065846
0.00802687716684333
0.00618964915192506
0.00464759651213058
0.00338647066156463
0.00225863506380058
0.00129004892444445
0.000438152128228705
-0.000366848698001688
-0.000927746836129222
-0.00158253358664221
-0.00212593091056625
-0.00261909693003815
-0.0030417372548612
-0.0033785434089874
-0.00365904914525556
-0.00387855174017299
-0.00400263619850256
-0.00408998951606669
0.0308133787578774
0.0331084292445841
0.0353701126822229
0.0378160507028632
0.0398754299418668
0.0410854257628464
0.0410505885925335
0.0393102592386784
0.0355332115518726
0.0300567969171148
0.0242295995614345
0.0189589506067619
0.0145418497266913
0.0110249745117206
0.00827188064280946
0.00598744928170799
0.00419316196671894
0.00283022265496773
0.00177413239157362
0.00094672021013881
0.00032743310802911
-8.37599351260758e-05
-0.000294043295585114
0.00967686676087954
0.0081310907261991
0.00684239281316378
0.00578834752813981
0.00492175705519823
0.00419630737948473
0.00358263079020632
0.00308436996696766
0.00269445042010701
0.00239496488636745
0.00217605648323674
0.00203319218951474
0.00196060444406699
0.0109925428177427
0.0107594745775686
0.0107956656206048
0.0110934619413964
0.011649712529856
0.0124590832927932
0.0134777518765803
0.0147533860613662
0.0165395836785789
0.0188629654113966
0.0215517299893031
0.024344414392655
0.0271144674086745
0.0298897166072275
0.0324601516717379
0.0347645076710586
0.0366780455852466
0.0381902362812108
0.0394782712349577
0.0408840273882531
0.0420116040245394
0.0422737344835965
0.041364483065983
0.0390670495345259
0.0352229571403323
0.0299192275440679
0.0241389815892064
0.0189871602659109
0.0149266391395555
0.0118613722295397
0.00945524142495494
0.00751191205811808
0.0060948945435556
0.00495772915848925
0.00402482466113189
0.00343076355204219
0.00312579278890446
0.0159890630533048
0.0161190743795947
0.0164802900799522
0.017095200105333
0.0178569626395876
0.0189375666396828
0.0201438592620648
0.0213893262286097
0.0229368308659059
0.02457391845577
0.0258400238319958
0.0278661629238686
0.0292872548470173
0.0311253224455777
0.0331189770458263
0.0346751773797275
0.0356926283776387
0.0367413644239523
0.0376446055773965
0.0383165074518258
0.0387836716209546
0.039008951236951
0.0157454057010408
0.015589450795088
0.0156740350693037
0.0159957632578346
0.0165269451556348
0.0172394071286153
0.018119518659532
0.0192356466661612
0.0203799864831077
0.02176181508372
0.0233960384314388
0.0251679231250446
0.0278464596580963
0.0306400853091534
0.0332536228113771
0.035693706355928
0.0378635744160467
0.0398174653313825
0.0414136814359352
0.0430061457586351
0.0443762410848113
0.0454483980885716
0.0462533260254881
0.0468392592719391
0.0472043929626351
0.0473929011131544
0.0293961653793225
0.028779414835215
0.0280037235212349
0.0280904735684648
0.0262055318053378
0.0240866751087038
0.0277970053916141
0.0275520522085463
0.0272433366136818
0.0266916559739683
0.0245503882615689
0.021700868968599
0.0192263802124902
0.0173063428213943
0.0155559831067086
0.013937025967615
0.0125593221452393
0.0114936844777164
0.0106282297713397
0.0100095940373559
0.00962439185568632
0.00944764331889275
0.00949398434709931
0.00985424586483359
0.0104372475727963
0.011508848510482
0.0127581125407414
0.0144653552203967
0.0164403243041408
0.0190287423229195
0.0219593963742141
0.0249826529839371
0.0281609924687355
0.0313532752230759
0.0344057927294032
0.0372839868566327
0.0397072094934694
0.0417751503422259
0.0437110463373291
0.0451123392978685
0.0460659194121368
0.0466673191892341
0.0469690061053227
0.0261287342793943
0.0246520104055946
0.0228887261496181
0.0209835936239228
0.0191330117719663
0.0173589593279615
0.0157291929870575
0.0142542174582037
0.0130355429984628
0.0120504288945761
0.0113105745740734
0.0108225475556134
0.0105677921446834
0.0268741448369773
0.0267200773761349
0.026705739216072
0.0262529889883196
0.025859805237192
0.0255328452247868
0.0277849867710367
0.0292868751974257
0.0313124082484502
0.0333568020479495
0.0354261990518754
0.0374892102143619
0.0393582444057075
0.0408926534305241
0.0419738446097404
0.0424096511376464
0.0420515814600114
0.0406840383084565
0.0381599356828435
0.0344268198460058
0.0299727423071555
0.0254299576276786
0.0213389137703171
0.0177869033738029
0.0149355353852996
0.0126851967165732
0.0108796895890094
0.00927998460144477
0.0079570596561473
0.00694810978815423
0.00622886568145988
0.00580519426726729
0.00556476839312517
0.0268899626760568
0.0287483071244193
0.0310972460417015
0.0336663862225035
0.0359589400164315
0.0381132281328471
0.0401369888078697
0.0416069564906627
0.0424745675816662
0.0428474635940909
0.0423372192391769
0.0405859779507905
0.0376643919905295
0.0341918680549514
0.0296176991073425
0.0250247948312468
0.0208022961694346
0.0173210260975898
0.0145935541328407
0.012778271827668
0.011416680965685
0.0102344666057485
0.00938451745094133
0.00899683201610566
0.0239483963509881
0.022559259951812
0.0215273084532207
0.0206770291435497
0.0200979685778548
0.0196395877147255
0.0193343120706715
0.0191748053226256
0.019091077953353
0.0190551434584745
0.0190477314402351
0.0190505779062522
0.0227086124572951
0.0209896732516735
0.0189302583965295
0.0165166005548831
0.0143133083849646
0.0125318397167683
0.0108526689062769
0.00929128024921681
0.00792103783067917
0.0066315088400236
0.0054091432266881
0.00432421122110946
0.00339663891930129
0.00246130626331093
0.00151836023804741
0.00068171167578747
-1.67191541949284e-05
-0.000611809466038647
-0.00111256134350189
-0.00151073164320615
-0.00179852221522408
-0.00198699486391028
-0.00209629842346535
0.0229144091177341
0.0215547776661432
0.0199873045945767
0.0181514425360723
0.0162773018395159
0.014609720785034
0.0131906533273604
0.0119899933180749
0.0110077585220861
0.0102363619375044
0.00966573046752378
0.00930023614569434
0.00911105951547604
0.00911674884604851
0.00932128721348371
0.0097080899970173
0.0102736791155731
0.0110250951025476
0.0119650365325438
0.0130733676171237
0.0143513954304634
0.0157841749685592
0.017313362796175
0.0189963267467072
0.0210917498865807
0.0234116532321732
0.0257123736974126
0.0279217688954364
0.0299067717866997
0.031653418251723
0.0331707856158666
0.034366335852058
0.0353193011784054
0.0359099328942079
0.036236549365631
0.0135110082835549
0.0119659171072705
0.0101164983421191
0.0142287074699531
0.0137454956296053
0.0134988026664538
0.00857453983523702
0.00710416995506506
0.00581048783401861
0.00470378019225147
0.00387915720258557
0.00319525758574441
0.00268211603293673
0.00234564795655389
0.00217754255033839
0.00904618035473031
0.00831673592372881
0.00786127397395922
0.00767990288023944
0.00912703987781035
0.0106782259622504
0.0125791569183562
0.0147887276913559
0.0171975865233447
0.0198944518259239
0.0227744692331974
0.0257451777588493
0.0287277052918015
0.031625059492065
0.0343914604147966
0.0369402364856052
0.0391746842794659
0.0409906328880362
0.042361108833737
0.0433680057972165
0.0439014856879137
0.043779495925429
0.0428959113664292
0.0411536692603762
0.0386527220554161
0.0356812037405108
0.0325915216474851
0.0299161670198228
0.0280092603989679
0.0269824882311826
0.00627541836222124
0.0052101123746865
0.0044307203386736
0.00366463522758577
0.00331377228713062
0.00306517666587374
0.0166970991710042
0.0164772623016595
0.0161240128831235
0.0156091479349206
0.0149411616827521
0.014140281095265
0.0132391147426318
0.0122652125463342
0.0112202602937285
0.0101274937800872
0.00905780614717831
0.00804860630197947
0.0070379764708681
0.00602027379561323
0.00505886598928562
0.00414568081511223
0.00328181318826124
0.00247365799095527
0.00172651023460309
0.00104415871187956
0.000427751966252526
-0.000124710697246752
-0.000612106411763003
-0.00103117532072028
-0.00138095038863524
-0.00166104227606844
-0.00187047228631364
-0.00200870934586098
-0.00207954547043314
0.0168057683078627
0.016717088933907
0.0165279960733305
0.0162081423328413
0.0157475363599988
0.0152043245133092
0.0145875786757225
0.0138243362457083
0.0129539790705959
0.0120933998950223
0.0112695216648126
0.010405298608218
0.00945526426732638
0.00836017797081003
0.00726952750776812
0.00625917896046712
0.00530380564343332
0.00440637921077501
0.0035610871556532
0.0027466688490745
0.00202632114460792
0.00128417786806917
0.000802331826085528
0.00032601581331444
-0.000217092428343295
-0.000680620382444191
-0.00109479599792449
-0.00146243077295779
-0.0017453309905576
-0.00196222551670217
-0.00210730523955142
-0.00218365943755562
0.0230952710064733
0.0211437069825807
0.0190844710161329
0.0171656121372299
0.0152533579839318
0.0237889483218586
0.0219760855982998
0.0193332039164802
0.0171968952507411
0.0151007816277474
0.0130602842346101
0.0114660476690983
0.0100127056902372
0.00852691338589686
0.00701114062173926
0.00578989888256522
0.00469297983101101
0.00371276968986274
0.00283903910438913
0.00207360372014377
0.00141220955649997
0.000834277214691119
0.000367544912884023
-0.000162885761497442
-0.000621486041227264
-0.000969355290692583
-0.00125899826716464
-0.00149277726577632
-0.00165927658096209
-0.00176198550923669
-0.00181936026204766
0.0137786451401449
0.0114654532555062
0.00860953933105975
0.0141881640682597
0.012750952090321
0.0111323806268885
0.00946793832849178
0.00722077481099261
0.00627389363137505
0.00560307816643697
0.00752566076647264
0.00664887770990683
0.00584725309538993
0.00528893573140146
0.00466018544984509
0.00551300306867523
0.00551240867252872
0.00570176484123298
0.00612307304717827
0.00484173129738155
0.00421562277759696
0.00365359755722886
0.00678482384842859
0.00786291139959755
0.00940894560021382
0.0111830411891806
0.0134909902042985
0.0163763423033493
0.0196164574820267
0.0234998373993782
0.0277532249796457
0.0320646299335216
0.0362012936584752
0.0405234301312477
0.0061762087996843
0.0064278098395377
0.00692623388859924
0.00746964004783978
0.00840934717431337
0.00934548612741459
0.0107459783373651
0.0124732540873272
0.0142618704157162
0.016290356554702
0.0186108182677404
0.0211775550408746
0.0236873267034709
0.026220484291433
0.0291827714705543
0.0318974345383835
0.0347283742306119
0.0371524942967212
0.0394184480027346
0.0414130737970881
0.0429793522765222
0.0442479472364397
0.0451970399267055
0.0457584039514564
0.0460344353159928
0.0423051055014361
0.0438381253301823
0.0450862646678656
0.0459471107813962
0.0466777134853842
0.0471016368054381
0.047328060969538
0.0424876544985311
0.0440263810653255
0.0450503433886127
0.0453785663058974
0.0449090872711687
0.0433120426620942
0.0401737442529801
0.0353189149390423
0.0295424137043163
0.0239994311344998
0.0190667479185383
0.0149989034392301
0.0118501464131337
0.0095538678788356
0.00793284374793205
0.00675841970405216
0.00599119380012932
0.00561641200423614
0.0038069119866875
0.00406434668920243
0.00445760108169481
0.00500187940005539
0.00565934741261608
0.00639469918489752
0.0072133623194393
0.00812250281626159
0.00913053687914344
0.0102462240668345
0.0114770603026106
0.0128278302398051
0.0142969401512876
0.0159541116351537
0.00301745703599518
0.00237804575130006
0.00174941773882482
0.00114313747199671
0.000624716531131848
0.000135146378221531
-0.00032039003198113
-0.000728201605132327
-0.0010990400161751
-0.00146644847934881
-0.00183460107607997
-0.00216911809930566
-0.00244368998836248
-0.00266624196794522
-0.00283357207556569
-0.0029646472115702
-0.00304829758931021
-0.00309494033621097
0.0174452165844861
0.0190203174347044
0.0206508806579654
0.0226124856667147
0.0245612837464748
0.0264066179827533
0.0287634129775546
0.0316825136439961
0.0345376734938003
0.037023760393285
0.0391406069982567
0.0409795196596176
0.0426223870109968
0.0440104690620803
0.0450743752199095
0.0457929805549181
0.0462530567095067
0.0465032225726675
0.0165695583937477
0.0172424583605906
0.017958084544172
0.0187095624853306
0.0194976656239658
0.0203161173625843
0.0211121214820877
0.0218059280221353
0.022351431625229
0.0227261672372127
0.0229229041936821
0.00511535477201407
0.00576631715585347
0.00664890850824948
0.00766868575902059
0.0088236772355191
0.0101857690289618
0.0117181184947859
0.0136015561457813
0.0157286369933287
0.0181080370472656
0.0208555942832728
0.0035948832470686
0.00245509390825883
0.00150531777289788
0.000541019511413984
-0.000198245504931468
-0.000981250241998211
-0.00160290295314874
-0.00211094533928077
-0.00256963057785968
-0.00282584802617461
-0.00306914788008484
-0.00322065505984521
-0.00329623629397998
0.0216442919745027
0.0225634714759997
0.0235423683592389
0.0246721495656803
0.0256963827353594
0.0266467602626011
0.0273624412127479
0.0279211778302161
0.0282591389925487
0.02314566117396
0.0255794714185041
0.0281081471197725
0.0306874126031833
0.0332715634775725
0.0357821451846973
0.0381561556279075
0.0403720038479052
0.0423159474797781
0.0439250236722086
0.0452208930959145
0.0460971335171197
0.0465440028196646
0.0465359255606732
0.0459941884855086
0.0447590300418433
0.0426593979984079
0.0397591486612525
0.0366538113214598
0.0336755173899813
0.031343143710365
0.0300955365501542
0.00879009503787487
0.00806371305383771
0.0073564665526391
0.00672351150307554
0.006161637534592
0.00564933357016787
0.00514702599099288
0.00471315680098122
0.00442921592371559
0.00410194447664816
0.00376956517431718
0.00351818038120797
0.00329621059857771
0.00310296559664424
0.00295977979227603
0.0028528849588903
0.00870609826147728
0.00795928934083743
0.0072741477727981
0.0066628779286304
0.00610656677803263
0.00559225225616012
0.0051095788582226
0.00466253558448226
0.00427972984478635
0.00398096326029086
0.00376904470548556
0.00363039394484606
0.00354115052494282
0.00348758984996934
0.00311464687265814
0.00349850593894416
0.00394890471271145
0.00443977200397445
0.0050393031085894
0.00567201817746093
0.00635653324743342
0.00723833535644536
0.00805616241439346
0.0089104616024406
0.0097290376142798
0.010524196775093
0.0112254347154267
0.0117911821541794
0.0121977579930384
0.0124184520234523
0.00256742541090744
0.00232138440527383
0.00210287798147738
0.00193950890370829
0.00182520460682252
0.00173745119251017
0.00168759173266935
0.00166847235264075
0.00166981124807792
0.00168499433077894
0.00171020022237504
0.00174073879773358
0.00176942599694589
0.00178750493992175
0.00354986904303231
0.00366605735290525
0.00383674154176156
0.00407675442823352
0.00438252223792148
0.00476225703869647
0.00519781047194786
0.00571091351581781
0.00634512690994633
0.00709452859005898
0.00792426324960504
0.00883266161080316
0.0098705294999285
0.0111136799999378
0.00342718923543965
0.00342624243673082
0.00349185846878011
0.00364340270250462
0.00393383276984293
0.00433428899511039
0.00479737131584023
0.00542970026710456
0.00622075965236017
0.00716251396968565
0.00828721106098139
0.00948859336747346
0.0109703899318471
0.0127027082571378
0.0146985213165947
0.0168350070408059
0.0191637171583157
0.021782288206435
0.0244867092360896
0.0271996022937997
0.0298889673214212
0.0324899210257456
0.0349102139504702
0.0370173605013638
0.0386870741866591
0.0397838053261402
0.0400052134698228
0.0390196451360566
0.036306717376548
0.0314977881374543
0.024770392972195
0.0128414517419834
0.0148713764216571
0.0172415731199771
0.0199642960263746
0.0229799132809607
0.0259191938545367
0.0284789456051868
0.0310232388970224
0.0336044498807212
0.0359429455592966
0.0381137502914956
0.0400038876883724
0.0416777102034502
0.0431339201783553
0.0441317220936105
0.0446513563495771
0.0446664685044882
0.0439169741964962
0.0422026505541498
0.0394626278151574
0.0356745386521506
0.0308864251745002
0.0258460290363193
0.021265185772993
0.0172130286445477
0.0134930904144832
0.0106473649151953
0.0103191533412523
0.0101078009295687
0.0110043195874808
0.00855169422407263
0.00625016600938793
0.00428397676903476
0.00267377769936755
0.00126937131417495
0.0112425598377698
0.00909451888313344
0.00788520368805425
0.0071655640015623
0.000498649463294004
-1.19116122545561e-05
-0.000316916169600446
-0.000467113979040911
0.000690683400801742
0.000345151294196748
0.000188447943029436
0.0208009178284895
0.0170278530296321
0.0138087653496448
0.0108799385074054
0.00807484344696452
0.00548010978710503
0.0212433062466911
0.0179886174405609
0.0150198624902759
0.0123903267207076
0.0100706471629266
0.00818569916616287
0.00641312583425165
0.0049563378357109
0.00368399127650687
0.00258883334385786
0.00167316388196909
0.000875939188689447
0.000205463349101072
-0.000382429534747918
-0.000884090080101548
-0.00130207963613415
-0.00168742619061198
0.0041182941819176
0.00309658915512776
0.00217091675068088
0.00140340248797487
0.000703761726013242
0.000106378439492113
-0.00040615946201884
-0.000844630442874477
-0.00122116920765034
-0.00153785244429435
-0.00181218096357836
-0.00204974909466404
-0.00225042510763205
-0.00241398226844498
-0.00254321974409952
-0.00264228980283317
-0.00271417867431744
-0.00276079398898116
-0.00278443419844385
0.00442063768643811
0.0036477398921686
0.00301659134297136
0.00257597457497452
0.00229899018674051
0.00215864561781509
-0.0019459492271678
-0.002184074130067
-0.00237870647929655
-0.00252227544806468
-0.00263105453657834
-0.0027005270243549
-0.00273600772411083
-0.00190267576130603
-0.00207740739052699
-0.00219351936025003
-0.00224962213544551
