0.05
0.0423093567782871
0.0416827024368137
0.0410793585718243
0.0411608099231329
0.0397840864917219
0.0387421393234006
0.0421888269086191
0.0409600448744539
0.0394200933310914
0.0390724470762895
0.0393982530361855
0.0399823432446753
0.0411461598425165
0.0428743474923929
0.0422895645965552
0.0401298957998525
0.038621761434548
0.0386322814563208
0.0397847539377073
0.0412123974484092
0.0416036273585679
0.0418484141004452
0.0421381164480992
0.0426312077587081
0.0435232418509809
0.0444561554059334
0.0448862380106443
0.0445456065227916
0.0430519257306717
0.0397165096254057
0.0336392648513027
0.0421152411719734
0.0410588608863813
0.0397279217628559
0.038748736906332
0.038064471441529
0.0376626314915805
0.0374824795398375
0.0374652105665081
0.040629098691921
0.0409675513879139
0.041995666758154
0.043421808717672
0.045369910048596
0.0411482993369154
0.0414789124306144
0.0420391460784797
0.0459907147680844
0.0465292120713781
0.0468409447930581
0.0468282880580414
0.0464024885703835
0.0453421940479723
0.0435565648309997
0.0406999435452026
0.0365107450779292
0.0317519735734686
0.0268233722739615
0.0223124305677896
0.0183246715250807
0.0150804007887536
0.0124950530134933
0.0103164772675925
0.00856312172064646
0.00708744962738178
0.00579641331123278
0.0046902385004271
0.00379601611592562
0.00309042620849071
0.00255355483070799
0.00215715003790895
0.00177996691961516
0.00142939281095464
0.00114914948999502
0.000924113713429896
0.000755435730801688
0.000625734775674187
0.000529896956956314
0.000463423606909832
0.000421498119131246
0.000400592823358202
0.0464130807570109
0.0471203878677223
0.0477544426352214
0.0482777160639698
0.0486299899442751
0.0488466882225013
0.0489700317059916
0.0490110037373477
0.0490124370276644
0.0489948729308158
0.0489788729297952
0.0424442717436477
0.0430874698851294
0.0440335530747941
0.0429426175254249
0.0444453023830983
0.0460342138452254
0.0443136823070797
0.0446240605754852
0.0449675209103017
0.04459863391064
0.0455129912062597
0.0464726044967365
0.046917061669509
0.0470022265194408
0.0466038538978356
0.0453542757618969
0.0432345934664192
0.0401013088071916
0.0355362968143244
0.0305564551680985
0.0257556882948947
0.0218784049529976
0.019177203161437
0.0175163979847391
0.0166120838152711
0.0453165902840051
0.0456042285112953
0.0454169234212806
0.0439639725835601
0.040248727087181
0.0322867578376785
0.0454390850794779
0.0458694838615621
0.0462971709037888
0.0272970737156149
0.0216395116975556
0.0168229360114815
0.0129942554519311
0.0098988595583637
0.00754047305154428
0.00581438843509653
0.00447798038750234
0.00340253267296294
0.00255587272579986
0.0019147043032347
0.00144328978639694
0.00109771842285673
0.000839449148242118
0.000645747974583966
0.000501743941641343
0.000396237848049896
0.000319293769415742
0.00026239615704118
0.000222179887901699
0.000191834877005003
0.000170380829832384
0.000155151014884588
0.000143849932621439
0.000137570932478004
0.000131844332986611
0.000128197543577129
0.000125648026952832
0.000123954162448412
0.000122881499240462
0.00012215533717543
0.000121682277228938
0.000121445954448224
0.000121295620426312
0.0272955552062528
0.0221590414064257
0.0178092711454345
0.0137658335453226
0.0104683945925013
0.00791477363211231
0.00605088201050349
0.004542123816502
0.00342104034535891
0.00256953824620347
0.00193546078249225
0.00145802407807273
0.0010986570392969
0.000835085762261087
0.000643813249649881
0.000497013199541847
0.000390669988478832
0.000316070387515687
0.00026252448051979
0.000223536706461162
0.000196256480110347
0.000179126645706658
0.000170696815479491
0.0468825306937516
0.0472048910558679
0.0472124379915833
0.0468609533397021
0.0460859179989534
0.0447657279920753
0.0427371712462911
0.0400311107958496
0.0369405606862447
0.033842882219718
0.0311445554647205
0.0291857726367583
0.0281317496843404
0.046838598591144
0.0471720008948127
0.0472189391484904
0.0469006190628619
0.0461073974216398
0.0446764603020794
0.0425079840517274
0.0394142610360388
0.0348611165141723
0.0292487260696526
0.0236267338430429
0.0188418736144125
0.0149946006781073
0.0118209244699233
0.00934047767047233
0.00743290274089511
0.00606166852973052
0.00510661500460169
0.0043610414692201
0.00355386000194554
0.00276202100447944
0.0021853262371495
0.0016757264492412
0.00131313110717551
0.00102860800856507
0.00079641237272215
0.000613891682698323
0.000478327586502655
0.000382595218226442
0.00031590122364564
0.000267019895007168
0.00023003345381914
0.000204666081553292
0.000185446570441658
0.000170487471152828
0.00016133088493744
0.000156751127074099
0.0465966912164154
0.0469507968358672
0.0470967840553453
0.0469961555532358
0.0466003584275792
0.0456793819661188
0.0441647476777167
0.0420383010625886
0.0386556954558909
0.0344801625781864
0.0311222266809839
0.025836276624395
0.022434135144165
0.0184880918333778
0.0147797647347932
0.012244997126146
0.0107358357553451
0.009299939959872
0.00815078635587037
0.00734351155886518
0.00680535569591376
0.00655217236781285
0.0466077254687352
0.0470411676351373
0.0473095450684464
0.0473702789965726
0.0471759431235264
0.0466836284265275
0.045820488358314
0.0443748225156663
0.0425137145126492
0.0398494174530026
0.0363607059669046
0.0325179014824807
0.0269547866912712
0.0217219162789078
0.0174589533467358
0.0140313515884152
0.0113772255297933
0.009259557016856
0.00769402695792038
0.00626792203181112
0.00513120659469241
0.00428401496784543
0.00366185683881311
0.00321159229243385
0.00293013892062365
0.00278408024849457
0.0386026278357027
0.0385547116407971
0.0386459283640019
0.0382404670576065
0.0380339971479073
0.0381267653276295
0.0388010321068579
0.0390391678752159
0.0394017804494434
0.0385393926895934
0.0391243929538773
0.0405229679564517
0.0420757532940887
0.0434484017169568
0.0447736745789149
0.0459738641169995
0.0468677967543427
0.0473562093114775
0.0474447945833297
0.047042151947983
0.0460012648087255
0.0439007192483083
0.0395025947758862
0.0323732257789955
0.0260411264095572
0.0193933342635466
0.0149658567421391
0.011310168053259
0.00867319638117477
0.00646601186658122
0.00482768529819555
0.00365170169949521
0.00274991445945608
0.00206676069471223
0.00155876265849761
0.00117638368704897
0.000909709052900781
0.000713863651964635
0.000552200382864713
0.000444641388699602
0.000374743744766912
0.000331613170959358
0.000310160882827711
0.0398256863619157
0.0409356186686231
0.0424663762114964
0.0440943410275827
0.0455507213183668
0.0467823909197086
0.0477345416085416
0.0484182281220076
0.048837876172275
0.0490714186369214
0.0491801138765242
0.0492182883864195
0.049226572337913
0.0411198117718812
0.0428261183664128
0.0447828674932379
0.0454708865386607
0.0460583648598427
0.0465110192474757
0.0455864918166504
0.0462486903069849
0.0466772785981195
0.0465949405986711
0.0458302381013269
0.0440023672874207
0.0406925410649973
0.0357996735501953
0.0299005113588086
0.0242532680756512
0.0193605775491581
0.015319929418365
0.0121213139182517
0.00954137894428652
0.00751576978212436
0.00592317926140433
0.0046874355885283
0.00370255401051305
0.00295300609092072
0.00238439531802439
0.00194340965094314
0.00156463418230388
0.00125977733070868
0.00103283394835981
0.000874341150520928
0.000782331190972309
0.000730652882104928
0.0466510473727548
0.046199372518738
0.0447685992900143
0.0418607017231213
0.0376749696499132
0.0322926442512192
0.0262032845193175
0.0211271410118833
0.0173168529434597
0.0137701778036667
0.0107397122555624
0.00833351655535167
0.0065842779180401
0.00535758936970346
0.00424051085808502
0.00335600373617904
0.00264469267431657
0.00209837493277624
0.00168657281673385
0.00141832660508619
0.00122004712356662
0.00104996978944896
0.000928792919102296
0.0008738062911396
0.0466957485103842
0.0463104690953281
0.0452901818239331
0.0432884379174362
0.0404646458207074
0.036279049548064
0.0314369545310198
0.0274252595417936
0.0239528188656088
0.0209481541499046
0.0189152513625006
0.0177441630792057
0.0384223061289474
0.0391269169050738
0.0402344250604715
0.0417313855506867
0.0431908579680544
0.0443724740502249
0.045423894866317
0.046275241298205
0.0468535420731475
0.0471796954031839
0.0471903504836612
0.0467994312264769
0.0459403050869
0.0442556952130837
0.041333096282069
0.0373073473702015
0.032811201552954
0.0283174535814872
0.0242648019841151
0.0209922428466252
0.0186472392868401
0.0171331876367933
0.0162664878719109
0.038283949664065
0.0387550651290867
0.0395583733004753
0.0407395376198195
0.0421342879277552
0.0434814764390174
0.0446561016606789
0.0456073602257579
0.0462699119884341
0.0465890906331761
0.0464985294227289
0.0459186657661695
0.0446376690308595
0.0422996831589605
0.0387964516894742
0.034386615348555
0.0295704323655885
0.0248599481937137
0.0206261081292737
0.017063346220524
0.0141054516765667
0.0116824515403457
0.00976805864977264
0.00820095279037487
0.00672045705201508
0.00540895490825427
0.00434005827635013
0.00347746615373251
0.00281015088318095
0.0022927582250488
0.00188905251447852
0.00159723322860696
0.00138011262405112
0.00125171170846731
0.00118283731652219
0.0436376308754443
0.0444352448378153
0.0451449444690788
0.0431924586320121
0.0434493983424826
0.0435858887839165
0.0462499754724901
0.0466862121656011
0.0463286844651552
0.0450334580852458
0.0429577073028899
0.0400197227415881
0.0368173120937548
0.0341861613651946
0.0327103640220806
0.0443059825858281
0.0419485001239439
0.0369652290280678
0.0288323617785241
0.0244558178908462
0.0206164606177237
0.0170023128271506
0.0138990812503897
0.0113981066546802
0.00929477403832104
0.00756813576688285
0.00615536030092174
0.00499493755136802
0.0040466445175364
0.00326583218389082
0.00262982765392561
0.00212198382560598
0.00172927946615514
0.00142659598189354
0.00116821242676434
0.000942599916972863
0.000763939851839062
0.000621433464933495
0.000509845555595132
0.000425588278881903
0.000362555683859669
0.000315259848687872
0.000282221774157504
0.000261534251034744
0.000251157820531845
0.024920393042463
0.0215129593369086
0.0188964042156084
0.0162816178677958
0.015085999532374
0.0142426432431188
0.0302123739055904
0.0256744183967458
0.0207874532047059
0.0163178378395778
0.012661034397519
0.00978270170598849
0.00755037077624772
0.00581723455809048
0.00444533040301439
0.00337012792624445
0.00256780533858344
0.00197903425481082
0.00151645173065167
0.00115208042986419
0.000882256163395837
0.000680328447094253
0.000529397514316012
0.000417513391740238
0.000335225685939482
0.00027512312631828
0.000231412755019097
0.000199637556630891
0.000176694050117094
0.000160347181176462
0.000148854188544402
0.000140939210581622
0.000135716296745378
0.000132578241727401
0.00013106455145307
0.0288500251088583
0.0241775624352094
0.0196533321656197
0.0157392466144822
0.0125181806937094
0.0100960454681428
0.00818621789882882
0.0064915166240682
0.00508544783763658
0.00404101107501978
0.0032668553410627
0.00263823928700284
0.00210570371253178
0.00162522736255476
0.00124406171914731
0.000960980491336792
0.000746993513922838
0.000586375006259023
0.000465063721552423
0.00037143117268676
0.00030475758299182
0.000249935842457813
0.000220500203449609
0.00019602870771472
0.000173708787635172
0.000158688695394492
0.000147681769706249
0.000139521170380449
0.000134153915555694
0.000130544659546563
0.000128361839787096
0.000127287331366317
0.0376907875858646
0.0382630348267455
0.0390635009861011
0.0399240786734756
0.040814460504224
0.037467565093424
0.0379225505794271
0.0389478228838693
0.0399988879029073
0.0412188966776085
0.0425436140416266
0.0436276933137255
0.0446080310903558
0.0455472762928753
0.0463654099235888
0.0468272392327965
0.0469862972570467
0.0467924252088989
0.0461599225366944
0.0449638308585572
0.0430685231670858
0.0403265038797304
0.0370781877293448
0.0321990829829926
0.0272537002491708
0.0232615977404023
0.0198862721696988
0.0171804983972507
0.0152807326352455
0.0141237932814805
0.0134837067053246
0.0408370211824828
0.040509675948342
0.0391668850546491
0.041944316615721
0.0434034125422214
0.0448455305530421
0.0459138419114338
0.0365293767062001
0.0338357704599859
0.0312828723610597
0.0402039952909378
0.0392890773740016
0.0364676275360922
0.0329506744670265
0.0270426363043475
0.0303278644095602
0.0269250086208629
0.0217340262724679
0.0164343177448896
0.0277747701352983
0.0241013265547463
0.0202722130300529
0.0138394425450622
0.0113297696647711
0.00904794721233583
0.00733643952051068
0.00585084527413422
0.00461308385123447
0.00365938692475196
0.00284698092225496
0.00218682390816575
0.00165864805782106
0.00123198007396945
0.000832703745336818
0.0138910749916026
0.0115852301728584
0.00946371336367148
0.00809043454532144
0.00656701931604274
0.0055523672928065
0.0045032992795678
0.00362434175072265
0.00298139593585744
0.00244637191891237
0.00199040578408818
0.00161086751985637
0.00132645113356631
0.00110081782326567
0.00088928268447891
0.000728320909462456
0.000587071216296215
0.000483668738523641
0.000399563923086884
0.00033396296892061
0.000286973587808485
0.000251356153884118
0.000225854870823769
0.00021110931066296
0.000203934755743822
0.000667214839256229
0.000538936672842718
0.000443869512038085
0.000382112999121891
0.000331723863330869
0.000302980517232808
0.000287730764396147
0.000665315324511834
0.000535765865916331
0.000433933893288475
0.00035944536655255
0.000301646872153481
0.00025619911721086
0.000221554106082468
0.000195193448928127
0.000175553306837982
0.000161075738942951
0.000149967166437695
0.000141630958858756
0.000135629849388587
0.000131515865986027
0.000128761074376401
0.000126853800495575
0.000125652727642882
0.000125079952906596
0.0187504197183878
0.0170665079278344
0.0152193679557276
0.0132860883988632
0.0114676056312124
0.00987200329394517
0.00847164998988508
0.00724181275937792
0.00616046150502759
0.00520782479872986
0.00436606929179202
0.00361861882555677
0.00295072418470396
0.00231865077710153
0.0183718048961314
0.016490091698371
0.0146871564144584
0.0130016730619604
0.0116080518774171
0.0103381051992784
0.0092011948340434
0.00822255071358803
0.00736472626568708
0.00654221592779441
0.00574141086377422
0.00503153043053719
0.00446081943251689
0.00400617776236226
0.00366908545695501
0.00340792645681404
0.0032425123302038
0.00315073519115256
0.00198341741503773
0.00170945732751927
0.00147952698670127
0.00125562385892707
0.00107814271007177
0.000942455818271623
0.000800918510505188
0.00065594200255605
0.000536116451828276
0.000445982557523774
0.000378155827399269
0.000325021942117506
0.000281493510564286
0.000247127034845586
0.000221958330564032
0.000205373966805833
0.000194881578557606
0.000189207437962989
0.00199055475168092
0.00171985780974883
0.00149538155793945
0.00130636475357991
0.0011432280723431
0.000999895371668751
0.000878232766718145
0.000782952061761047
0.000713877773004478
0.000669061482956248
0.000646343840393343
0.0234374598087751
0.0196305398539647
0.0159334997673175
0.0129410982685936
0.0105386988734873
0.00851879846807695
0.00688770931643644
0.00544510539066345
0.00426044644752499
0.00326378529172245
0.00235932067776634
0.0234413008858803
0.0195086953467038
0.0163559720889066
0.0133505785380461
0.0111973723648371
0.00907010522869612
0.00748761608568376
0.00626250529299799
0.00520892597352426
0.00463928278587085
0.004112514434724
0.00379085340938803
0.00363225459800569
0.00190280195299343
0.00155770357742033
0.00129059854879488
0.00105549240907825
0.000884046482358509
0.00074992405913263
0.000660600494831095
0.000596883824905823
0.00056072291414845
0.00193118566662365
0.00158069489303548
0.00129448243869997
0.00106049001198979
0.000869192763517536
0.000714693598485353
0.000590604919721608
0.000489744211057287
0.000409956801550701
0.000347426930636574
0.000296379785270752
0.00025693084155918
0.000226545048139673
0.000202777149004297
0.000184305453781922
0.000169388760145255
0.000157499597532027
0.000148624705700165
0.0001425517934089
0.00013826220304221
0.000135506177760803
0.000134182089381469
0.0461738197544658
0.0459549892835197
0.0450778653459841
0.0433776751944793
0.0406809070980453
0.0368650638865719
0.0317959310279875
0.0267113112788824
0.0232728481080371
0.0193392599761331
0.0154928767976245
0.0126943020085853
0.0102724904388368
0.00813160638077018
0.00641280835299919
0.00487015484109421
0.046121321714667
0.0458255126041046
0.0449180612149282
0.0432627267002894
0.0406315259805466
0.0368386295607665
0.0319335893155776
0.026415275983959
0.021208271159601
0.0168815304904849
0.0135312554779605
0.0109832669126779
0.00885923856427613
0.00658714450974894
0.00403010927225094
0.00320812200249826
0.0025526032987816
0.00205520876558919
0.00162936322523993
0.00131080894303328
0.00106050206313882
0.0008298352035834
0.000673758467799331
0.000550305349812091
0.000458160725682462
0.000386414232841935
0.000334002477632037
0.000297569732017873
0.000274116596623668
0.000262254966104902
0.00401152239299426
0.00329612503779812
0.00266290716631317
0.00217160103988919
0.0017971289371865
0.00145808983404302
0.00119271260939682
0.000995540388681593
0.000846949310473766
0.000728588143887276
0.00063158894138707
0.000554650654711329
0.000499812206973691
0.000470411541763739
0.00539001468452281
0.00448645358548659
0.00375096704695862
0.00311273311552788
0.00258373179911114
0.00214049305534768
0.00178670927699632
0.00148984761544309
0.00122807685986603
0.00100772671508697
0.000831385711313712
0.000688618790077278
0.000566116329966529
0.000454695842826344
0.00561212065697744
0.00473561845129348
0.0040693502336041
0.0034683977904852
0.00283657869962827
0.00230021050401487
0.00190325329587648
0.00154847608278092
0.00125153027375641
0.00101286482656226
0.000819966292647991
0.000677931390092215
0.000556425109610344
0.00045888543415774
0.000381524296247328
0.00032346050057061
0.000278027398059452
0.000240922527478217
0.000212551069162814
0.000190869548353415
0.000174066423724355
0.000161039774331206
0.000151011123954037
0.000143412795906732
0.000137667915499761
0.000133211733499603
0.000129839982150759
0.000127353408746781
0.000125415514707299
0.000123905869286382
0.000122617392250652
0.00039773683806923
0.000347378693761285
0.00030292208967107
0.000264072783703785
0.000231074713237979
0.000205891766682341
0.000188115530268157
0.000173535228907681
0.000161323114762778
0.000152089397453856
0.000144815916416771
0.000139319295982353
0.000134965027752126
0.000131383714581887
0.00012875812200287
0.000126848159296151
0.000125250893319484
0.00012401198486373
0.000123115572667979
0.000122483201419336
0.000122016395157097
0.000121652013735927
0.000121380630177491
0.000121185847285274
0.000121040890182176
0.000120924994971227
0.000403352911474304
0.000368067088154675
0.000345665047684511
0.000120861090436156
0.00012080996447623
0.00012077118771642
0.000120744399572099
0.000120726644985589
0.000120713850637696
0.000120855071791389
0.000120797891305762
0.000120769049702301
0.000120753259591364
0.00012070811102872
0.000120705038374617
0.000120703491708083
0.000120702814034635
0.000120708716079305
0.000120706053230407
0.000120704947932109
0.000122031551656
0.000121620667567269
0.00012134485899891
0.000121141627747876
0.000120982592724323
0.000120859046230475
0.00012204326594475
0.000121650983033114
0.000121369868294747
0.000121169322053165
0.000121025788027477
0.000120930271131378
0.000120857205508155
0.000120808543708761
0.000120774173863334
0.000120750400621145
0.000120734454478045
0.000120723372185491
0.00012071595884134
0.000120710819568405
0.000120707365807762
0.000120705080889785
0.000120703382735292
0.00012080790482911
0.000120776549666579
0.000120753359194743
0.000120737681991059
0.000120726107283808
0.000120718157030495
0.000120712682339265
0.00012070893103441
0.000120706356167796
0.000120704623305066
0.000120703422900527
0.000120702594229455
0.000120702036024618
0.000120701670219632
0.000120701434002135
0.000120701282658251
0.000120701188202327
0.000120701133621961
0.000120701107945857
0.00012080639602824
0.000120773628210216
0.00012075051713551
0.000120736252611419
0.000120728067132084
0.000120724157274739
0.000120702524156218
0.000120701920622933
0.000120701541018365
0.000120701320666514
0.00012070118599562
0.00012070111356996
0.000120701080643507
0.000120702469820236
0.000120701874424621
0.000120701543873438
0.000120701402144187
