0.05
0.0376080083063594
0.0348911425108777
0.030435259261359
0.0360441633594572
0.0339268412085513
0.0320328881137645
0.0376083729175465
0.0358810969755877
0.0337848506499917
0.0332344889493023
0.0334527284148399
0.0339292230389922
0.0348470906761715
0.0360273323890479
0.0377395209634494
0.0338080371947709
0.0307739839335414
0.0305476766374342
0.0306392668715638
0.0310151405421591
0.0311662376163459
0.0312904174954397
0.0314665452694092
0.0317921537251566
0.0323439229424498
0.0326872671855916
0.0322385673712326
0.0307347066023276
0.0281665240232793
0.0248112377898424
0.0209053497208158
0.0375221288162342
0.0360630395793982
0.03426136720387
0.0329404663994114
0.0319924546326371
0.0313838361902013
0.0310184678516507
0.030775095126032
0.0286901387464319
0.0271347829525246
0.025352249966543
0.023517384326891
0.0211348505925715
0.0275528360283738
0.024989130445753
0.0224097110659715
0.0196586672409759
0.0180097324132749
0.0163625339618392
0.0149232093326202
0.0135126679604806
0.012153517699596
0.0109835480218685
0.00987637464660893
0.00880098372227148
0.00784903077639529
0.00695747751639729
0.00613717195983342
0.00535952240502019
0.00465757751651832
0.00402845784604124
0.00342471945799725
0.00286501826187812
0.00231965449895792
0.00176717978534456
0.00122047569024225
0.000710943798732932
0.000246032127837931
-0.00016577611409106
-0.000519761070986493
-0.000912943229034397
-0.00133783354057876
-0.00172653907652272
-0.0020800420978441
-0.0023761656716291
-0.00262701775000218
-0.00282822661223659
-0.00297715566709068
-0.00307563576227842
-0.00312622654731462
0.0205034776950471
0.0199905970488233
0.0194340574685298
0.0188484866815836
0.0183180668310551
0.0178515869793278
0.0174134530896119
0.0170949960449538
0.0168481833418005
0.0166667030711961
0.0165714791919969
0.0210412944920585
0.0193530168762446
0.0171727626887135
0.0193406697810667
0.0156853658966879
0.0121036807234014
0.0165839736780074
0.0159391296039086
0.0152285007573669
0.0157152906654834
0.0135404011916977
0.0110885197664669
0.00939624448664698
0.00795921604252205
0.00646078349883703
0.00501356442812038
0.00389511050772085
0.00295954671948297
0.00207256208068591
0.00132842088799738
0.000691962563387776
0.000193919175689477
-0.000155861206782022
-0.00037493632362947
-0.000496215174744664
0.0141232894895097
0.0126459115501735
0.010986115686507
0.00954417885546536
0.00846989652262238
0.00761779413987734
0.0143219191275577
0.0134776042801349
0.012608198498613
0.00718056841829761
0.00698818306522441
0.00709578221536449
0.00750837352406758
0.00827637326995686
0.00940454693430029
0.0108420052872271
0.0126675963894828
0.015027094183467
0.0179707331220637
0.0213933284804351
0.0250552089639189
0.0287298461741364
0.0322910412774651
0.0355797455963969
0.0383854086321226
0.0404517149718986
0.0415190249373698
0.0412660287548449
0.039337913073533
0.035260683549687
0.0296525089955557
0.0237644600160086
0.0181946366598086
0.0145950650541332
0.0107988034767301
0.00799400683699091
0.00571852709658179
0.00396237076107188
0.00268270953287539
0.00169490473963413
0.000969308449416643
0.000575436884158649
0.00030688923079474
0.00745511398499545
0.00757840595388681
0.00799890443090332
0.00885818483862778
0.0101475447619456
0.0118788088744071
0.0139716320676761
0.0167016312255788
0.0198752508571559
0.0234623772612715
0.027226279431281
0.0310231690056594
0.0347008459607865
0.0380321235946092
0.0408646813164517
0.0432464642339315
0.0449347497642148
0.0458810281227084
0.0461783305220074
0.0458848322319848
0.0450858435421776
0.0440671032052577
0.0433115161988648
0.011200800651381
0.00990134858444827
0.00873818795046341
0.00772016996326884
0.00682787661127702
0.00603401906559787
0.00532201894718083
0.00471136976042947
0.00420955176471527
0.00380755271340454
0.00350337012501572
0.00329961827289825
0.00319434579521484
0.0114639144951255
0.0103661530970852
0.00935225178260686
0.00848031454614149
0.00770921078547454
0.00704288943314228
0.00650158879408208
0.00604667283103897
0.00561164845995052
0.00522154072095036
0.00491675468851171
0.00472854805632413
0.00466001667905974
0.00471133407820257
0.00488353950439035
0.00517994066771844
0.00559435001670963
0.00611715265637098
0.00680921835657835
0.0080100199089533
0.00976773778595602
0.0116308952471446
0.0140728519898733
0.0166318210578062
0.0194796927959095
0.0227206220170738
0.0262069609728335
0.0296468462938992
0.0327594152177426
0.035436717939789
0.037788603959515
0.0398805940313742
0.041525862511592
0.0429213497946738
0.0441069856215794
0.0448728587054983
0.0452676442587632
0.0105315047233784
0.00915841007316545
0.00793040072696579
0.00672023389964815
0.00568631625899705
0.00459658454967301
0.00365046112462208
0.00285321875321659
0.00202833212472871
0.00128234959973455
0.000763239701582211
1.3262880604769e-05
-0.00046779792624533
-0.00104405621910496
-0.00162239527048688
-0.00204673761472209
-0.00231322062909049
-0.00257903249579221
-0.00280149303846926
-0.00296349021972048
-0.00307444370142695
-0.00312749506664539
0.010870538385605
0.00972438741622051
0.00865201042886891
0.00765443314611808
0.00677008491447178
0.0059883375619799
0.00528959773895001
0.00462092263345098
0.00408472645052609
0.00356957368421422
0.00307992168805514
0.00263213999601544
0.00203831582824428
0.00147921204794694
0.000998768869441089
0.000582362045429882
0.000234612123047259
-6.24605515718637e-05
-0.00029501033597635
-0.000518279476451934
-0.000704494037066252
-0.000847800709382588
-0.000955124494553491
-0.00103372322712437
-0.00108317121054255
-0.00110891093555151
0.0314674679847284
0.0308543028918698
0.0301309270455621
0.0314525784919516
0.0311927972378505
0.0312066943047641
0.0299079931651509
0.0296537526708549
0.0293455931344316
0.029252291617651
0.0283367901926443
0.0276357762058013
0.0274323862372292
0.0276245166702709
0.0281765359745556
0.0291075150968351
0.0303214715202637
0.031642324759988
0.0331049580399112
0.0345377937311111
0.0358550655500483
0.0370536023313263
0.0381903881556829
0.0387855293993907
0.0382577679667319
0.0359556177678632
0.0325609338757823
0.0279674674648957
0.023474943577551
0.0188787508569597
0.014938877948835
0.0117644310745505
0.00905583963970447
0.00677561273845055
0.00489357777430601
0.00332251082660965
0.0021150691497713
0.00114540285472566
0.000269211237639849
-0.000363176653993765
-0.000801630387427199
-0.00108559852726789
-0.00123138815185338
0.0262412451278098
0.0223424566475552
0.0184200495422603
0.0149390973138711
0.0120629474998757
0.0096158540655118
0.00755439557017125
0.00580459631735031
0.00442514208478049
0.00334807299980636
0.00255946973012042
0.00204830591499122
0.00178433965681585
0.0305589759180355
0.0318839259942554
0.0336037559249252
0.0342372506398873
0.0349452802887848
0.035743901659912
0.0346326885875686
0.0359826676260642
0.0376927411606323
0.0392571079498046
0.0406024545745284
0.0415923712012266
0.0419958046587062
0.0416158958598191
0.0402085496934716
0.0376425973083
0.0339533794284095
0.0295163800974587
0.0250328270240811
0.0208380336889504
0.017232955259043
0.0142188985928254
0.0117639469739056
0.00972004071880187
0.00809710018528146
0.00681102972146825
0.00576729967248954
0.00482883675499647
0.00404119529375288
0.00343210408811331
0.00299272845990775
0.00273174255416349
0.00258276859199042
0.0369416580317802
0.0384014700503325
0.0400058101262472
0.0414277904498866
0.0422989438155368
0.0425902503198181
0.0420261557046227
0.0404484154761769
0.0380648881491713
0.0342897017365245
0.0294163279359038
0.0243968941799558
0.0202110390170942
0.0170609476873609
0.0140513133106023
0.0115784290052541
0.00952594455929767
0.00790358112565176
0.00664801788619203
0.00581203907035579
0.00518227067983952
0.00463208647285696
0.00423415165165713
0.0040519294436726
0.0360201242648135
0.0364284510837183
0.0369074028274138
0.0375022922170401
0.0380913340498595
0.0387675656923161
0.0394434217414382
0.0399867029055866
0.0404729757498897
0.0409207993397979
0.0412411423889892
0.0414339898422924
0.0319033560378032
0.0330148607127395
0.0344738840330822
0.0362025293795187
0.0376870860329162
0.0387301128161312
0.0394843237922303
0.0398749730104392
0.0398611793061865
0.0394250657460859
0.0384909881724728
0.03708786608766
0.0353396244137115
0.0330114615716518
0.0301718711373566
0.0273319863660662
0.0248063481247644
0.0225972614307412
0.0207320711870141
0.0192625603726767
0.0182146837160626
0.0175369261419382
0.0171477497460224
0.0308091712972918
0.030395633926156
0.0298474475899049
0.0289764973608205
0.0276868501153243
0.0260616978927123
0.0242085124362957
0.0221994247682421
0.020147759767903
0.0181382795041762
0.0162158065473828
0.0144661766123897
0.0127756036171788
0.0111490578099374
0.00968299150766314
0.00837138708163897
0.00717491642061194
0.00606825965429912
0.0050462013684122
0.00411968282813314
0.00327194827436081
0.00249842227503871
0.00181285908910362
0.00117697875634697
0.000493385037326521
-0.000185833418715288
-0.000803855219635992
-0.0013582569373986
-0.00183114365672353
-0.00223132602250975
-0.00256887016389741
-0.00282927583627245
-0.00303372186587988
-0.00315927268258194
-0.00322831036564963
0.036227646521686
0.0361833997588173
0.0356444428824666
0.0364968437942363
0.0368051511507886
0.0369434219498406
0.0368450865942653
0.0372780676836965
0.0369312459007832
0.0359420717691348
0.0347080516714626
0.0333076940019962
0.0320159940389052
0.0310532908772618
0.0305373906695191
0.0326538427676941
0.0288041119073106
0.0243264232821317
0.0195642477836206
0.0169745844035625
0.0148266724186862
0.0127840517413729
0.0109461359634749
0.00936601328720191
0.00793325721388906
0.00665356722284525
0.00550574885404123
0.00446451922296193
0.00351803361604327
0.00264542743899668
0.00184466132809992
0.00111949111504276
0.000479288783157676
-8.60365197855964e-05
-0.000640291851313784
-0.00119534331207317
-0.00169702859726282
-0.00215143312182117
-0.00255298231568548
-0.00289147398695268
-0.00317038002817436
-0.00339786019142501
-0.00356792675428994
-0.00367986103251593
-0.00373781936863865
0.017849795260863
0.0165176100286333
0.0155321229855823
0.0145577059741966
0.0141108982450117
0.0137942746243381
0.0190477638702381
0.0170067561556128
0.0148613242089959
0.0127932143714417
0.0109579757765351
0.00937904950530388
0.00803891250361333
0.00689917824668512
0.00590709336890189
0.00504628389100468
0.00433096789075879
0.00374437262718782
0.00322544056630723
0.00275906652789116
0.00236104242773849
0.00201559380420299
0.00171494195438878
0.00145580286581877
0.00123634058508861
0.0010555493020212
0.000912363271686736
0.000805091139013575
0.00073205243176604
0.000690099253158786
0.000673531147379092
0.000674810960296725
0.000685497232254482
0.000697604138291237
0.000705514283569983
0.0184535515780871
0.0163277433134961
0.0142811029598936
0.0124202218289388
0.0107764811104358
0.00944680739195814
0.00832217480288773
0.00724753646529464
0.00628063409499491
0.0055002831666507
0.00487137203539604
0.00431021495843133
0.00378045109289435
0.00324457080647857
0.00276674654334865
0.00236576151220642
0.00202038803364431
0.0017237313292924
0.00146788831611429
0.00124365793294488
0.00106568025278037
0.000906405151516689
0.000819045479978517
0.000749181798834908
0.000697584526021919
0.000683687339674625
0.000696184792590451
0.000729597033973142
0.000771899332310872
0.000815715227026301
0.000851137681600845
0.000871973252544
0.0307078553609949
0.0307549607188391
0.0308267283712033
0.0307905468306327
0.0305206770881493
0.0305912899741097
0.0303783702678407
0.0301360575236764
0.0298299737180682
0.0292749696203087
0.0283440611181953
0.0272436086285414
0.0258944055939575
0.0242044763873632
0.0221923147163201
0.0203790991926888
0.018620263347198
0.0169613164814494
0.0154229237985885
0.0140329139473085
0.0128003343158577
0.0116972826218469
0.0107863264099094
0.00972741904615698
0.00879154758537156
0.00806758873623141
0.0074539572460208
0.00695047259892199
0.00658697491505889
0.00636056806600723
0.00623324825499366
0.0289795321104563
0.025913038692463
0.02153049115592
0.0313587322515769
0.0319435319226765
0.0319194148909075
0.0310486909365837
0.0190826266374442
0.0172982585465109
0.0159537012704848
0.0200313243034122
0.0185033455160259
0.0168293878551776
0.0154696199935408
0.0136584682129084
0.0153092663110187
0.0139213312445832
0.0120327796797597
0.0100808474434841
0.014596260242202
0.013353783839315
0.0121069842282195
0.00909779038153333
0.0080316721032708
0.0069391948602343
0.0060136126452322
0.00510209747552964
0.00423110946644668
0.00345925116224378
0.00269951267371181
0.00198225786909007
0.00131769100483193
0.000702613584219833
5.10156167598371e-05
0.00907418554417445
0.00806902458608044
0.00704146228376831
0.00630754155341167
0.0054043178559619
0.00473620546672038
0.00396626553810499
0.00323666065325525
0.00263500156154339
0.00207246663716854
0.00153129969851537
0.00101853571248552
0.000578447497278334
0.000177820722317497
-0.000254456499059773
-0.000629129547141917
-0.00100355556250452
-0.00131444524123834
-0.00159948503501749
-0.00184893526138574
-0.00204670824150361
-0.00221049329842784
-0.00233694050691516
-0.0024140588407676
-0.00245282471550813
-9.93352409536539e-05
-0.000229617007493955
-0.000336786238467379
-0.000412476384272573
-0.000478964837971859
-0.000518978551458499
-0.000540971686585291
-0.00038997092003207
-0.000807347507501035
-0.00121468432783403
-0.00158580464867881
-0.00194486570247547
-0.00229966156077505
-0.00264129358444091
-0.00297006449399082
-0.00327899451663257
-0.00356387487577934
-0.00383601157059586
-0.00408914076212225
-0.00431214574485837
-0.00449479995882457
-0.00463651484961755
-0.00474724532867582
-0.00482383855184081
-0.00486260836968386
0.0115028994497237
0.0107955862045996
0.00996433447911853
0.00902743656246562
0.00807736659410304
0.00717670842200828
0.00632232193750621
0.00551172891845952
0.00474279809515791
0.00401349234663915
0.00332175902512314
0.00266509556527364
0.0020411785445479
0.00141778810450476
0.0115890084814963
0.0110622729201374
0.0105395445633878
0.0100312107810621
0.00959312835487659
0.00917606359601415
0.00878446752702451
0.00843044670329254
0.00810532715178254
0.007780143800427
0.00745133651037064
0.00714999387111875
0.0069006600431028
0.00669705955820149
0.00654297088708047
0.00642159322076999
0.00634381885887078
0.00630033273152788
0.000999846472450128
0.000620065861719745
0.000269994903678927
-0.000107561744540676
-0.000444629371261364
-0.000736207375777824
-0.00108185671356477
-0.00148570132876501
-0.00186493319327925
-0.00218648515597265
-0.00245632788989508
-0.00268995688385045
-0.00290044903657875
-0.00308219234854596
-0.00322611725367314
-0.00332687499989911
-0.00339346569086156
-0.00343057003885069
0.00113821392982556
0.00089450433395936
0.000681224318655502
0.000491936592967864
0.000320064021659899
0.000161747423393677
2.16859518218602e-05
-9.18760872765965e-05
-0.000176521444632009
-0.00023257191673595
-0.000261353069064066
0.0124324792379877
0.0111117743815802
0.00972477684224744
0.0084708429802625
0.00733865990999872
0.00626606467996251
0.00529216861594674
0.00432428754267016
0.00343473050571083
0.00260563269423811
0.00178261636135485
0.0127962963623029
0.0118591613694913
0.011070440573134
0.0102634263567758
0.0096409123748385
0.00897760257151009
0.00844774591347649
0.0080121634468478
0.00761645576319951
0.00739434242441865
0.00718250396531283
0.00705012062429216
0.00698393127854627
0.00148087268600279
0.00123244085498332
0.00102534011086619
0.00082941856361118
0.00067696228097443
0.000550794840375662
0.000462990487215042
0.000398165364360732
0.000360429077440414
0.00124561175334957
0.000741823564243184
0.000268793856219586
-0.000177498193117214
-0.000600302374170056
-0.000997382298525424
-0.00136912005321193
-0.00172251362865874
-0.00205018225727492
-0.00235083681866343
-0.00263854147871796
-0.00289893114778125
-0.0031332139788701
-0.0033475998376914
-0.00354243264459434
-0.00372508253712513
-0.00389199687833447
-0.00403316418766672
-0.00414038780698024
-0.00422282275019749
-0.00427936109028589
-0.00430766216013513
0.0302125506767975
0.0286970574896661
0.026664536914761
0.0244175343058315
0.0221371490336413
0.0198804526439099
0.0175541709720054
0.0154874763796049
0.0141128232688669
0.0125027886013598
0.0108238237045753
0.00949753061261578
0.00824779422432355
0.00703802842093483
0.00597744843521102
0.00494673390070522
0.0304912435568252
0.0293871745738682
0.0278776380794509
0.0261206717612296
0.0241942480801855
0.0221566302100063
0.0200394623200463
0.0179040742150796
0.0159110372718033
0.01417860188349
0.0127517379798606
0.0116008532505137
0.0105903056971119
0.00945380966748813
0.00429290574318805
0.00356831826312299
0.00291298344667579
0.00235079046886922
0.00180530578877515
0.00134362681598456
0.000935728300194299
0.000509298677464603
0.000184233850801946
-0.000102075932914492
-0.000337792271147819
-0.000538321838962064
-0.000696506480154691
-0.000813492046615217
-0.000892391247340001
-0.000933523168433076
0.00437928458730814
0.00385780478764098
0.00334954056511796
0.0029164147770126
0.00255621857351675
0.00219986988193116
0.00189524583892791
0.00165003492802546
0.00145160043446107
0.00128301835292774
0.00113643896577083
0.00101386761715647
0.000922667033170354
0.000872350082981489
0.00871150051059463
0.00809745850095446
0.00754996855465849
0.00702778568798601
0.00655027049859851
0.00610775500480075
0.0057171892389264
0.00535490050700223
0.00500006253134072
0.00466679907244448
0.00436970346644603
0.00410315830744446
0.00385062833825577
0.00359794380208033
0.00906940876407093
0.00870801448631188
0.00841936876616358
0.00814411467273674
0.00783795877997547
0.00756272655296596
0.00734573263259087
0.00713696219645887
0.00694662271896559
0.00677704984100513
0.00662142282425968
0.00648837009267949
0.00635232696348623
0.00621640640011781
0.00607728691304371
0.00593925990926185
0.00579430686595074
0.0056316777804048
0.00545804437314368
0.00527234938863426
0.00507071203863425
0.00485131296850842
0.00461430329003451
0.00436362489390658
0.00410156352336978
0.00382240607070159
0.0035353078024981
0.00325426236684295
0.00297093871856798
0.00269451731789817
0.00241230656783128
0.00341274495059416
0.00322254476512493
0.00302577003333041
0.00282206827591594
0.00261425123934395
0.00242207058388588
0.00225835817788023
0.0020955359666005
0.00192643939601725
0.00176556843479084
0.00160448860001441
0.00144792341874849
0.00128552377665254
0.001106291511391
0.000930684966246105
0.000761948829234499
0.000572856820028889
0.00037109953953564
0.000168767834654137
-2.730094559998e-05
-0.000224511925932455
-0.000435867938110525
-0.000653767153562198
-0.000868631816169708
-0.00108553519436895
-0.00131732352716865
0.00353051480271351
0.00348225254787667
0.00345063026508572
-0.00163006514412565
-0.00202403639166916
-0.00248292181469395
-0.00295429400404488
-0.00340508603913881
-0.00384771204713186
-0.00131182310430062
-0.00130573853371697
-0.00130202193397104
-0.00129969706371895
-0.00414508733728815
-0.00436599506078702
-0.0045089658797231
-0.00458292012951361
-0.00400910581382227
-0.00411187829230622
-0.0041602075610264
0.00214621826619353
0.00191218225012221
0.00172531048057311
0.00157258481807424
0.00145428008489362
0.00138443278840941
0.00239459063958739
0.00239537938234466
0.0024126992090846
0.00244550661222569
0.00249357316104907
0.00255157112029133
0.00262906369423126
0.00271789691045987
0.00282451930076352
0.00295089869868977
0.00309642117069674
0.00327130603741698
0.00347444349714754
0.00371953167630901
0.00400473079829021
0.00432045624108703
0.00469569019905465
0.00179842043902466
0.00220080888682518
0.0026659956150888
0.00315550533884202
0.00372124058896563
0.00433605257880018
0.00500574451604421
0.00573078185178672
0.00651508135761636
0.00733869615331991
0.00822103512192255
0.00915802807590045
0.0101160129356992
0.0110421614261101
0.0118884752874302
0.0126187777394114
0.0131994508371445
0.013601257739708
0.0138133632723401
0.000931006693390581
0.000577405868264833
0.000271812991549753
4.87443444298779e-05
-9.59353287417093e-05
-0.000170682932493153
0.00535335786575001
0.00611680143227095
0.006880458055012
0.00754711902548565
0.00812641992694656
0.00853554290350865
0.00875820175314015
0.0045775865269028
0.0044877745024628
0.00443387640809723
0.00441013047019121
