0.05
0.0376167482962406
0.0352179135470243
0.0313839320235796
0.0360336110240006
0.0339248431468931
0.0319842591113027
0.0375878827307432
0.0358823541425649
0.0338052384932571
0.0331844941059554
0.0332204446295522
0.0334396170760844
0.0337927222718038
0.0338349020493545
0.0376780300885175
0.0317017891971929
0.0264279579421131
0.0257507530189565
0.0234722227831115
0.0213933374418807
0.0209765111998986
0.0208330428612697
0.0208137871558944
0.0210356316805165
0.0218828066449929
0.0233760932159205
0.0251457035566892
0.0270915527977334
0.0291651748844062
0.0313337921825091
0.0336868228582647
0.0374834700394559
0.0359528687545742
0.0340236873057466
0.0325589574018202
0.0314433388301051
0.0306526050899949
0.0300815700767553
0.0295572944062743
0.0299167242702098
0.0286872398205251
0.0272855692030214
0.025761270166152
0.0236166718893298
0.0289449330738049
0.0267827805727381
0.0245838408312366
0.0220725589212486
0.0202763098696612
0.0184351668845588
0.0168039858525769
0.0151946583591997
0.0136408740165388
0.0123046582382995
0.0110429913682062
0.00982099971806761
0.00874229626794314
0.00773450329410464
0.0068091022543496
0.00593316877563876
0.00514334287993414
0.00443590995925003
0.00375724622858872
0.00312815012681933
0.00251514708937777
0.00189410059152924
0.00127950036286483
0.00070666567954862
0.00018396817165969
-0.000279084147607825
-0.000677219623198808
-0.00111962083417477
-0.00159799362968692
-0.00203604095216035
-0.00243499656507421
-0.00276985154787399
-0.00305416481645936
-0.00328275760673312
-0.00345232050865227
-0.0035646353365705
-0.00362239810372975
0.0231776949907951
0.0227441462962672
0.0222128943506921
0.0215997692664958
0.021006696906853
0.0204610594902677
0.0199311976469308
0.0195374756146873
0.0192278469671672
0.0189978426561041
0.018876418337835
0.0234237587287576
0.0219454819060743
0.019982309540584
0.0218295815875275
0.0183595437801316
0.014817942154987
0.0194319151102503
0.0188244764088525
0.0181506395737619
0.0187188073935941
0.0167348553962712
0.0144126257026984
0.0127710772263781
0.0113565854353363
0.00986585462156466
0.00841394284337266
0.00728478621511974
0.00633556692419711
0.00543152606177388
0.00466995972841403
0.00401628449287228
0.00350325414658232
0.00314211404070599
0.00291554295910759
0.00278997318882059
0.0169840633868814
0.0152784240136866
0.0132283318889536
0.0113001115973944
0.00970041608863129
0.008204499694432
0.0172994127492455
0.0164989138369405
0.0156678955194282
0.00745669210289708
0.00682481871890025
0.00639363540017692
0.0061601771489898
0.00612465612817479
0.00630352923952347
0.00668085402136608
0.00727631226549141
0.00816058378558226
0.00940280171966395
0.0110457698781258
0.0131000879592084
0.0155779945505015
0.0185241156154189
0.0219104533234517
0.0255918778843222
0.0293295900838023
0.0329130285900516
0.0362259656735078
0.038947455335614
0.0410565365775245
0.0421322853161697
0.0418777986038649
0.0396928624359997
0.0364176910004764
0.0304805769098588
0.0246098805209654
0.0192776860305232
0.015030992540751
0.0119280689668879
0.0095444479885025
0.00780469667676257
0.0068647381375196
0.00622633805554744
0.00760854299844308
0.0071943532102891
0.0069681335004212
0.00691517963634135
0.00707229470203702
0.00745668157097532
0.00805433531661397
0.00896857949255836
0.0101912149561956
0.0117959424846349
0.013798923971258
0.0162480454967192
0.0191423203812307
0.0223223824146919
0.0255907074405956
0.0290030042423652
0.0322490928588351
0.0351245251985902
0.0376407862901926
0.0398063532569659
0.0415381235954472
0.0427343033732277
0.0433578443484629
0.0143771975970328
0.0131614461334932
0.0120584148106696
0.0110841816280276
0.0102249257579714
0.00945709214338698
0.00876621810776366
0.00817229675284678
0.00768339868729146
0.00729126898456006
0.00699429267715234
0.00679524829007268
0.00669237076384771
0.0144861244879774
0.0133144299238818
0.0121992311050745
0.0112106497507833
0.0103075001757172
0.00949690772013798
0.00880637881094362
0.00818893926248995
0.00754719279776619
0.00690257289239237
0.00630743108312582
0.00580865455499202
0.00540803895684897
0.00508550094752288
0.00485335118814457
0.00470835493404862
0.00465184020238455
0.00467174694724336
0.00476089642502566
0.00497510708145428
0.00533615414500821
0.00575210424396723
0.00633467875252966
0.00698799100123363
0.00777449583847648
0.00876999361377566
0.0100065108289301
0.0114565595746583
0.0130238451487728
0.0146086118478098
0.0162136465451606
0.0178405000155393
0.0192798608900124
0.0206366060643756
0.0219035128877168
0.0227829096587756
0.0232584686173709
0.013259204084394
0.011862515276487
0.0105872458854548
0.00930639328232734
0.00819249753759811
0.00699737217962341
0.00594091619010446
0.00503550186660786
0.00408210763944474
0.00320497088185431
0.0025866003205632
0.00168067790131912
0.00109164605821372
0.00037694998658522
-0.000350734625403448
-0.000891580809660485
-0.00123438709511224
-0.00157911009876189
-0.00186984109303923
-0.00208287603035209
-0.00222947635817464
-0.00229977099039767
0.0135508825651037
0.0123350119133067
0.0111634759411726
0.010041329842593
0.00901623318025186
0.00808170557235743
0.00721906390493253
0.00636353951806989
0.00565061230225238
0.00493527430256554
0.00422042732049528
0.00353551243410579
0.0025880371157699
0.00165938554152915
0.000828293923711293
7.68788531769857e-05
-0.000577760258896066
-0.00116137562751165
-0.00163834315949703
-0.00211940002762746
-0.00254442853221213
-0.00289080772036366
-0.00316315567783343
-0.00337105829430141
-0.00350609123001429
-0.00357791683231768
0.0313633871650821
0.0306520165813792
0.0297496495209502
0.031402246911191
0.0310903313662802
0.0309823314081862
0.0292559906971762
0.0286344504017019
0.0278079834165275
0.0296280764410547
0.0298747908951565
0.0303876043598908
0.0306990028278624
0.030623793168595
0.0300802805787753
0.0289552859203277
0.0273375775656915
0.025503832565815
0.0234545349060342
0.0214536479921317
0.0195939727297241
0.0177757152247336
0.0156166029573012
0.0132210418369923
0.0113555844811021
0.00934133726553154
0.00782380508310724
0.00636561775015785
0.00512364874225755
0.00387832874623154
0.0027571263322871
0.00178407848165845
0.000883366473703226
5.92414995575714e-05
-0.000677944986322921
-0.00134168081631628
-0.00188684837086616
-0.00235024073605803
-0.00279176635854829
-0.00312481436004035
-0.00336340785854791
-0.00352155432480977
-0.00360393991704967
0.0280276254184568
0.0284520384557206
0.0288673279282673
0.0291877144545531
0.0294430798673092
0.0296951352230693
0.0299705980855457
0.0302793609959174
0.0305894062570316
0.0308827111279387
0.031130789435718
0.0313084130001557
0.031405926320487
0.0240519408094211
0.0208073889209957
0.0171403379700409
0.0156377062847171
0.0141217608106678
0.012562919412916
0.0156903529530177
0.0141512373934162
0.0124693176086513
0.0110625621882587
0.0098636707662593
0.00883796070972083
0.00801380036264004
0.00738249112303551
0.00692391430139164
0.00664500216262552
0.00653085558316603
0.0065794111767876
0.00678812262755774
0.00716445196809294
0.00770307238668158
0.0084022632277268
0.00924231557590447
0.0102338724595019
0.0113177225299532
0.012473898194331
0.0137053367692831
0.0151089489549771
0.0165339843672491
0.0178189364312739
0.0188607890220817
0.019528053484054
0.019928359412757
0.0114729542003389
0.0103258470897916
0.00915122562061427
0.00806657065694587
0.00721582945096971
0.00649004993097576
0.00584813793756992
0.00537370102330988
0.00504543339661273
0.00477357370760616
0.00459532570532335
0.00453214726480093
0.0045765558402198
0.00469279061378142
0.00490794556827239
0.00520428514030152
0.00558021184594127
0.00600525829062161
0.00644833897268179
0.00681840917123161
0.00715239628979358
0.00749513076498017
0.00777544535507724
0.00791319486971726
0.0111424181411854
0.00978974313752562
0.00866157906346198
0.00758510558234851
0.00671234496969236
0.00585784020552848
0.00510866929303506
0.00456240418134041
0.00410998908262013
0.003717367029886
0.00344647322073564
0.00328716526776456
0.0313268407396831
0.0318654934057359
0.0324921959337022
0.0330579554045688
0.0332570223329971
0.0330406619508609
0.0323785008228747
0.0312548954388214
0.0298193671699505
0.0280790752596384
0.0261067705264574
0.0241377807614348
0.0223346470674047
0.0204508005243526
0.018532868635027
0.0168426977015353
0.0154528957865015
0.0142898469941697
0.0133288631558053
0.0125772592664411
0.012041161680867
0.0116934002471788
0.0114930597498881
0.0306893738265342
0.030357445694335
0.029872942540146
0.0290578972755408
0.0278213004430233
0.0262465884060735
0.0244380081547404
0.0224648380845097
0.0204391531344522
0.0184475130237754
0.016537674060698
0.0147976892479072
0.0131160154495702
0.0114984241970759
0.0100410816750677
0.00873783615885629
0.0075493470736828
0.00645022531587653
0.00543509550397954
0.00451468643606566
0.00367227801553992
0.00290329543993855
0.00222142403050195
0.00158860842569217
0.000907901780295454
0.000231184822607689
-0.00038489632071384
-0.000937863736427968
-0.0014097845482956
-0.00180935689627966
-0.00214655017017246
-0.00240679477486982
-0.00261118710857379
-0.00273673660906801
-0.00280578515451028
0.0324525003998322
0.0303381903232045
0.0272079179254156
0.0353886211069112
0.0366055114611401
0.037225900348904
0.0257232390384129
0.0239120544191362
0.022056199451003
0.0203218367890171
0.0189723882395322
0.0178300984668443
0.0169664007268484
0.0163993177225472
0.0161162021380134
0.0235180105182711
0.0200329619031665
0.0167125967676711
0.0135113725868475
0.011843366043501
0.0104794312705615
0.00918419982621094
0.00801165826962791
0.00699354784056941
0.00605951840924543
0.00521469030011684
0.0044472037985168
0.00374224259530666
0.00309376945960572
0.00248932778779351
0.00192922052919306
0.00141778957933309
0.000963397238755908
0.000560514177111467
0.00016486975077527
-0.000230932511825534
-0.000587208077814347
-0.000907547572330836
-0.00118768324735687
-0.00142085352152807
-0.00161037932243049
-0.00176287752439706
-0.00187550884456901
-0.00194894037574914
-0.00198672370711669
0.0123604681284432
0.0114952111970246
0.0108661676518739
0.0102512789149832
0.00997052868934643
0.00977202863027783
0.0349059855674619
0.0364026806926439
0.0381620920388602
0.0399906274141328
0.0416205147572916
0.0428483354116228
0.0434905207467354
0.0433588661578341
0.0421711666397938
0.0395485598784871
0.0355137854236279
0.0307472692545716
0.0257274574627616
0.0210287341679732
0.0171804785298823
0.0140885714286186
0.0116235388631433
0.00966655502262596
0.00811182854105084
0.00687280848331628
0.00587991753264409
0.00507763146880945
0.00442949770576143
0.00391146131232283
0.00350381444085044
0.0031920660247405
0.00296683258057291
0.00282164463736767
0.00274830343539037
0.0351355698801319
0.0365343587887664
0.0380541319974163
0.0396044404578645
0.041095472356181
0.0423397211016271
0.0433499744356191
0.0441658950794616
0.0445834095248669
0.0444432186138561
0.0437055318701132
0.0421298702744304
0.0393003278801069
0.0347753497054287
0.0294711314724984
0.0244876369575592
0.0201615109191624
0.0166208315046694
0.013766195739788
0.0114210574716642
0.00963693188055994
0.00804942288720735
0.0071291830639458
0.00630165443893829
0.00545586692563066
0.00480333682279755
0.00426117765230906
0.00380681305462379
0.00347219886521992
0.00322388904099599
0.00306152814566708
0.00297726938385627
0.0288318849222218
0.027820473364334
0.0266196293379778
0.0252914216071565
0.0237081692934679
0.0295061623489989
0.0295387339107302
0.0296014064847598
0.0295181297085146
0.0291642421699824
0.0284107953472923
0.0274290908833454
0.0261654896107883
0.0245389542775737
0.0225658025949117
0.0207653803359427
0.0190053011946934
0.0173373610618504
0.0157865566090168
0.0143835849760886
0.0131390826369043
0.0120255975412872
0.0111065171397959
0.0100389366693261
0.00909616672207692
0.00836741653575771
0.00775013535936373
0.00724395521492293
0.00687868294367861
0.00665124397994148
0.00652337134358979
0.0220254159601687
0.0190605108428938
0.0151580132602691
0.0229772627371539
0.021578945515923
0.0196475219869008
0.0173723897361669
0.0131200153497029
0.0116692775484577
0.010591400963859
0.013750986948352
0.0124571214601209
0.0111159066740886
0.0100538228454068
0.00865624797869199
0.0101557178232854
0.00924833351568238
0.00802494310230196
0.00675812949644422
0.00946365968846816
0.0084365322976786
0.00740423587390597
0.00620332650329865
0.00559808605467946
0.00497071413919174
0.00443029045095078
0.00388745326380735
0.00335761116221268
0.0028801298070483
0.00240692589495558
0.00196535520034473
0.00157198700666774
0.00123392051296929
0.000916150236387365
0.00602263084072473
0.00527385330969447
0.0044920235199822
0.00392203891232176
0.00320509057389086
0.00266234707340418
0.00202155158490452
0.00139680778948203
0.000866687741983828
0.000356878426525144
-0.000148318377792881
-0.000642486256414008
-0.00108087926178804
-0.00149309364922508
-0.00195201085543263
-0.00236089859951403
-0.00278021682554668
-0.0031366292883957
-0.00347018084967392
-0.0037674120908639
-0.0040065374166817
-0.00420690882802899
-0.00436305271088144
-0.00445888275586015
-0.0045072340763166
0.000336832207590348
-0.000178405025338104
-0.000610134547178617
-0.000918616503050797
-0.00119188154008936
-0.00135718525488317
-0.00144831579413216
0.00124044435438636
0.00161310161991867
0.0020453492311143
0.00250495515964519
0.00301845021923729
0.00360492212294489
0.00426053344886528
0.00499627558206184
0.00580504132711356
0.00667689329178217
0.00765015066978194
0.00870731160227775
0.00978585278538005
0.0107900993958874
0.0116543642345569
0.0123875484687804
0.0129269080889213
0.0132104471074619
0.00693650439676935
0.00638649062224019
0.00573642776225655
0.00499903633727377
0.00424624269367132
0.00352762630528713
0.00284123042767524
0.0021856998769345
0.00155996770929748
0.000963014309772639
0.000393754719109212
-0.000149336487772418
-0.000667717181893348
-0.00118786562976786
0.00693684012367069
0.0064543864928054
0.00596880786062971
0.00549001181661376
0.00507164392359461
0.00466761104994466
0.00428236353905551
0.00392858540344658
0.00359889707321389
0.00326482399576574
0.00292313558882582
0.00260686052323725
0.00234294799309597
0.00212589221385551
0.00196065483500708
0.00182988500694979
0.00174582166968789
0.00169871878730287
-0.00151128245650226
-0.00180602286971049
-0.00207907145414632
-0.00237595422630078
-0.00264442047607064
-0.00288038530380355
-0.00316517465371385
-0.00350461180437841
-0.00383005556182056
-0.0041116386783888
-0.00435233838149222
-0.00456421804674632
-0.00475804312411673
-0.00492771150177071
-0.00506363094013073
-0.00515960937784807
-0.00522342779968354
-0.00525913289817113
-0.00144357895091702
-0.00166985706472387
-0.0018707726655808
-0.00205158681298008
-0.00221794083426573
-0.00237302321170694
-0.0025116421758499
-0.00262499036616448
-0.00271004237305383
-0.00276663582473273
-0.00279578431145573
0.00781323618811787
0.00690603109101344
0.00595044512396449
0.0050822568649052
0.004294521120168
0.00354518867307578
0.00286291253628061
0.00218395401449987
0.00156016929465009
0.000979855068632689
0.000405440364614893
0.00788760640183198
0.00703889653945508
0.00631210396240386
0.00555419448769069
0.00495860325068227
0.00431201587483327
0.00378626577402905
0.00334752315339022
0.00294346090148398
0.00271453056262135
0.00249451826413797
0.00235624191471605
0.00228686982555701
-1.82354396811371e-06
-0.000354017907612223
-0.000659419851875877
-0.000958782392559081
-0.00119878552902454
-0.00140227819597871
-0.00154646773295127
-0.00165436887795003
-0.00171779075765973
0.000196917546311782
8.83001866785878e-06
-0.000164257252805448
-0.000327808282426742
-0.000486422790514783
-0.000641953994368899
-0.000796303715964857
-0.000953487794433617
-0.00111042819093512
-0.00126538856395265
-0.0014244747050981
-0.00157801151318806
-0.00172408053327007
-0.00186425253557688
-0.00199656811612821
-0.00212405650561203
-0.00224263679651525
-0.002343906196963
-0.0024211128186397
-0.00248049705097464
-0.00252118543725844
-0.00254153050306794
0.0162884507679029
0.0150019484838769
0.0136443162050626
0.0123425571653194
0.0111140982684016
0.0099280348149892
0.00869473244510885
0.00756292238984357
0.00678174246892828
0.00583051268975665
0.00479014854891606
0.00393048726813712
0.00308791328021648
0.00224182849873346
0.00147637597437822
0.000713200864164377
0.0163444887612169
0.0152366240679279
0.0141397787060455
0.0130944130196718
0.0120825708019104
0.0110867260113937
0.0100849073091573
0.0090755965086953
0.00811341940729284
0.00725038609364644
0.00651722068846738
0.00591099350920092
0.00536893952608922
0.00475134779318215
0.000218350607770715
-0.0003457627611569
-0.000868892324959047
-0.00132748878440189
-0.00178130867682462
-0.00217218887802732
-0.00252278031024102
-0.00289473104403731
-0.00318188725231838
-0.00343747388071472
-0.00364976568523441
-0.00383171590180379
-0.00397611737204374
-0.00408340675488995
-0.00415600987295221
-0.00419394004643886
0.000286007023244841
-0.000118742631361128
-0.000523969374315241
-0.000877541715526334
-0.00117752602640597
-0.00147989698599639
-0.00174282782666404
-0.00195753825081803
-0.00213337402187983
-0.00228428065532935
-0.00241665477100716
-0.00252818115472224
-0.00261165118701606
-0.00265787789146
0.00431288873029599
0.00394788363952542
0.00362238676009854
0.00331384522037959
0.00303550552497346
0.00278313371952475
0.00256711057283127
0.00237463446463612
0.00219608279798771
0.00204027839721868
0.00191398364163412
0.00181349011508286
0.00173218525278229
0.00166704478370222
0.00457657253860426
0.00441977531949016
0.00430596824584279
0.0042148149239559
0.00413932968891653
0.00410314920791344
0.00410950378546324
0.00416063134979298
0.00425913565323888
0.00440356510125626
0.004596844324183
0.00481593296847286
0.00509434894757063
0.00542369539795653
0.00580376359108887
0.00621063134080941
0.00665676239346277
0.00716790168938067
0.00771641822550191
0.00830101413509228
0.00893244009169011
0.00961875509668552
0.0103673122547696
0.0111807825198961
0.0120756320346351
0.0131095674178898
0.0143050988010696
0.0156633675252695
0.0172904799203491
0.0192069417669052
0.0215800639853568
0.00168974537922979
0.00173403572991778
0.00180280425373786
0.00189925748715968
0.00202542714022711
0.0021690574139026
0.00231392233683087
0.00248070135723046
0.002679972952807
0.00289601011522578
0.00313991048551567
0.0034053495450476
0.00371250080655373
0.00409052714922872
0.00450101606061392
0.00493573814533992
0.00547467131979155
0.00611756423643804
0.00684177879257213
0.0076285836846796
0.00851283909427015
0.00957259514283685
0.0107949789742948
0.0121343500339321
0.0136205437318353
0.0153451161530514
0.00157929708716599
0.00151592274859186
0.00147412273616203
0.0179981548790141
0.0215135913667191
0.025726488744072
0.0300753447383353
0.0341744881405012
0.0380797978954539
0.0150996036007975
0.0149680820690117
0.0149422484075635
0.0149506916010725
0.0406046013371761
0.0424055744967961
0.0435299798402965
0.0440960314953259
0.0394788859422623
0.0403485204417977
0.0407540425659318
0.0238277175232768
0.0264104931371353
0.0291013891464289
0.0320102306645134
0.0352168724261446
0.0384695902812909
0.0222323585744472
0.0232434395475595
0.024632057402867
0.0263594705745428
0.0283914632908815
0.0304821946762612
0.032890581625137
0.0352349871438496
0.0375699953214987
0.0397683337805873
0.041666460489886
0.0432392130137568
0.044325691808375
0.0448537324376829
0.0446459525786575
0.0435465988434631
0.0411751437680058
0.0405566036289046
0.0421826525661277
0.0436265281223088
0.0446926985323937
0.0454109755764087
0.0456286118047647
0.045246340014461
0.0441076724128435
0.0419863460469426
0.0387842052609693
0.0345446761267521
0.0297368404308199
0.0250773102066059
0.0210900434670288
0.017930094668191
0.0155440431780975
0.0138454505851786
0.0127621620855334
0.0122189522899064
0.0395364428292536
0.0404034765420006
0.0411903580020155
0.0417877938778477
0.0421853615162061
0.0423938291052543
0.0376699037160502
0.0325751718259418
0.0272308222646079
0.0228678072786483
0.0194652869565464
0.017294669104955
0.0161944368601086
0.0396625105340442
0.037014364072268
0.0344016819494714
0.0328687716839746
