0.05
0.0375693610671472
0.0359146919263908
0.0335966662022207
0.0355490020152083
0.0329054369710586
0.0299512703891148
0.0373960738149548
0.0345862415753169
0.0297184908893371
0.0265258509620922
0.0242969334796153
0.0228912041731027
0.0214461785553804
0.0204003980595329
0.037597774914297
0.0337557146582739
0.0307398528261558
0.0304310777817417
0.0297261417736676
0.0290771913636873
0.0288561508185536
0.0286488529091726
0.0282865433188797
0.0274265536736043
0.0253518572032068
0.0223546834736815
0.01938972077593
0.0166759308247733
0.0142744945731049
0.012192429143504
0.0103270751192779
0.0373596528450946
0.0358166301057533
0.0338719820661233
0.0323992350252779
0.0312857809539807
0.0305087562730815
0.029964511565505
0.0294882303782013
0.0319899719013811
0.0310586057753883
0.0305433822792305
0.0304950613825371
0.0308797175897247
0.0327044378505142
0.0321266950083571
0.0316714620506864
0.0323767333055261
0.0341464883140046
0.0359474156901523
0.037478838581299
0.0388511557408583
0.0399180961882119
0.0404755466854481
0.0405091110107323
0.0398372415998236
0.038398829823828
0.0361060742903948
0.0330927874792214
0.0295250446114601
0.0259338199604664
0.0226270739144568
0.0195325150146023
0.0168322676243738
0.0144020153844397
0.0121450588656477
0.010100040710998
0.00835333680451346
0.00689354386816743
0.00571103222903999
0.0047783067405787
0.00382505160512646
0.00287091323891988
0.00205257172603346
0.00134863996171348
0.000785606528484777
0.000326160780480563
-3.16378611354813e-05
-0.000290709573058424
-0.000459429155751685
-0.000545301666507633
0.0297280150225707
0.0289776849289215
0.0283186110429238
0.0277720407895511
0.0273867120363191
0.0271235178584074
0.0269356635198056
0.0268312246604699
0.0267683649066219
0.0267322200670799
0.0267166210352502
0.0318010836028678
0.0319530788024732
0.0320737040990092
0.0303254603247268
0.0282770440380582
0.0255653175181762
0.0320308018803278
0.0319657074634237
0.0318732455918032
0.0323755561118296
0.0323247181219778
0.0314454246029758
0.0301198702340199
0.0284447152446621
0.0261911876798421
0.0236350047779811
0.0215025464625166
0.0196649923241952
0.0179130017848178
0.0164575631403319
0.0152333308586855
0.0142925538044805
0.0136423373982146
0.0132400776021484
0.0130192546987266
0.0311980722453271
0.0292577910870059
0.025986592190595
0.0221521123312091
0.0185714440704029
0.0149688579091861
0.0317754248819933
0.0316282252857869
0.0314160144527486
0.0133415322613181
0.0117939795330213
0.0104908969945239
0.00940389468248464
0.00846543684629825
0.00770174038424677
0.00711143328909961
0.00663682159862322
0.006250433969636
0.00595847324505925
0.00576980413000457
0.00568503834063083
0.00569948973208922
0.00581497911291446
0.00604327815490137
0.00640164849510176
0.00690870916030261
0.00758990854190696
0.00849773909950405
0.00963052069005693
0.0111287458722311
0.0129771282733884
0.0152192915130781
0.0180414642667622
0.0204736525172756
0.0238496432178612
0.0270571103523159
0.0302563169459082
0.033186239739533
0.0356258776996586
0.0377159246645943
0.0393764967316721
0.0403183997720605
0.0409820262532843
0.0131760673829746
0.0116029130815972
0.0102538917779566
0.00887953099862952
0.00761111621965141
0.00647712440710157
0.0055095319731232
0.00457805752884045
0.00374008567413769
0.00295925784880363
0.00223796771416436
0.00155872212316043
0.000915062756530193
0.000320832360302281
-0.000217484443272842
-0.000730799684422536
-0.00118827645982341
-0.00157474140142822
-0.00190134861023799
-0.0021759589476934
-0.00239325595013319
-0.00254348655373711
-0.00262227689644432
0.0313547470997391
0.030847696415397
0.0299832678656399
0.0288853593090873
0.0276571151473949
0.0263638012741327
0.0250573508511853
0.0238417830521545
0.0227884290279432
0.0219158285254937
0.021241885896636
0.0207851057992136
0.0205476534579401
0.0304741959864404
0.0290846724237312
0.0273483883518853
0.0254832970552122
0.0235414778705679
0.0216395335818476
0.019922561026912
0.0183237240439895
0.0166080614438641
0.0148332675199124
0.0131353393029129
0.0116331897066025
0.0103209423050599
0.00912223412805259
0.00807664209016593
0.0071700893831225
0.00642093428967665
0.00580703759635983
0.00523194580195726
0.0044742826332615
0.00358050949239304
0.00280247180118695
0.00196708685465671
0.00124235381441353
0.00055391922562742
-0.000131207955673581
-0.000794750750646744
-0.00140349741493322
-0.00192928654043836
-0.00236873826175938
-0.00274842437488635
-0.00308405869830489
-0.00334941228839065
-0.00357807966449784
-0.00377746684064418
-0.00391005984136377
-0.00398002574452371
0.0241859984103078
0.0227139573675056
0.0212170196584824
0.0196041216988116
0.0181426209204865
0.0165380780168178
0.0151083854722448
0.0138850798474496
0.0126062112727575
0.0114421101392415
0.0106291435752867
0.00945064857401457
0.00869220033920204
0.00778046570570859
0.00686109782903237
0.00618304692038844
0.00575541537056783
0.00532711638404621
0.0049671596934769
0.00470408868119681
0.00452339325747629
0.00443684319580713
0.0244406703265716
0.0231378873439333
0.0217113607569865
0.0202200606767585
0.0187788892318795
0.0174214234399254
0.0161477267146943
0.0148778837344717
0.0138233284617903
0.0127749728700852
0.0117423349417258
0.0107679864318923
0.00943981089289408
0.00815639603329553
0.00702318969729358
0.0060112405245857
0.00513885453158862
0.00436792028061285
0.00374236324843391
0.00311557877584705
0.00256508585610379
0.00211853341816894
0.00176855735492021
0.00150202523188919
0.00132919075179796
0.00123734971796796
0.0291117628708868
0.0280916446623681
0.0267247055536655
0.0284925204123708
0.0271609485080264
0.02586229945561
0.0261677678190951
0.025461922141938
0.0245188417082916
0.0252502908325316
0.0228961670854449
0.0199759773715661
0.0177021247839526
0.0161931656677165
0.0151047573786957
0.0144373139830034
0.0142449745997893
0.0144869822771722
0.0151523561262286
0.0161897785238399
0.0175806510523094
0.0194515388313422
0.0223178189134275
0.0261214108157541
0.0294225755700038
0.0331587887017
0.0358430026538774
0.0380397740077799
0.0392719423129497
0.039445989937706
0.038082022446883
0.0351966801674308
0.0309428929038816
0.0260722427327886
0.0214388457889945
0.0173692083446276
0.0142138234973462
0.0116936157643694
0.00944041820032141
0.00783235201256552
0.00672763901626429
0.00601704289728581
0.00565383602839052
0.0228391841317225
0.0206521190361189
0.0183225147728178
0.0161084993341754
0.01416088953929
0.0124142636452372
0.0108760608400899
0.00951946677486626
0.00841507640860123
0.00752973782523261
0.00686786409998695
0.00643233353771856
0.00620525829590022
0.0216003672745875
0.0191002460886359
0.0162529920443356
0.015101004659062
0.0139214739615826
0.0126911135776213
0.0150469147888884
0.0136970091842034
0.0121402456947121
0.0107535961841833
0.00947732739911147
0.00827371215951808
0.00717810586033174
0.00618755565775035
0.00527427916197413
0.00446039355442976
0.00372263987107557
0.00304883938397557
0.00244682305565972
0.00189567738584486
0.00140511851181959
0.000970335050798203
0.00059352418296337
0.000261564135563534
-1.45132104054008e-05
-0.000240833082414174
-0.000428156680962846
-0.000597438377637726
-0.000738322732984767
-0.000845183782483429
-0.000920341988471053
-0.000963985761883108
-0.000988434628185919
0.0116216899591298
0.010424395084074
0.00911462895435534
0.00781255066953609
0.00670360812998597
0.00566235792570046
0.00462005034784155
0.00371979052055222
0.00297239482039988
0.00217959432156798
0.00138648931674687
0.000641270877972676
5.04300412696562e-06
-0.000508129335709025
-0.00104404356156169
-0.00153071364585793
-0.00197668553895512
-0.00236310762765507
-0.00268713249551753
-0.00291665670744695
-0.0030983806380333
-0.00326438647558529
-0.003388653811613
-0.00344670416164974
0.0117295432744166
0.0107953615131343
0.0100025614807658
0.00923436106961154
0.00860331873704394
0.00797820785341066
0.00742424652229969
0.00701673132685355
0.00667661231968951
0.00637953200642716
0.006173677206091
0.00605225928256762
0.0244056779947872
0.0227717815398654
0.0210121493935878
0.0191822801644875
0.0177557782260777
0.0168237572756317
0.0161818258838539
0.0158345078902793
0.0157588990675155
0.0159129247097884
0.0162943275861313
0.0168621972043621
0.017554316459783
0.0184680192545979
0.0195988443441517
0.0207804159886354
0.0219028887291503
0.0229630204354426
0.0239321299073272
0.0247539946335652
0.0253763252817405
0.025796808741613
0.0260458647357429
0.0259335361341161
0.0263390303740049
0.0271206632779663
0.0283624264752434
0.0299466516576621
0.031630406897132
0.0333039851391539
0.0349465989666685
0.0365033273184815
0.0379182459428133
0.0391295250892864
0.0400288173510096
0.0405885663733981
0.040655788825395
0.04008906485594
0.0388339681817848
0.0368546346399447
0.0341807247545142
0.0309975370939307
0.0276537101289744
0.0243909100651216
0.0213965888019727
0.0188274831616399
0.0165771782993359
0.0143218052667674
0.0122258023803462
0.010439108362042
0.00893216870070096
0.0077156163734401
0.00673373288134936
0.00593834846024313
0.00534433314563407
0.00488988326709819
0.00461568822519884
0.00446662201957686
0.0209608838042477
0.0219172222059636
0.0233951888334101
0.0190671594692911
0.0180083745752115
0.0174605227242043
0.0222066560968956
0.0212246109268704
0.0205439772013726
0.0201388140409089
0.0199605281609723
0.0199050176585517
0.0199230326063345
0.0199644635549019
0.0199944561731195
0.0271427668791477
0.0307212510010786
0.0341655346857755
0.0374429263725779
0.0389846581514357
0.0399937021520102
0.0405006030868441
0.040237970793027
0.0390505651353855
0.0367635220619178
0.0334432247913085
0.0294445882691553
0.0252436409943872
0.0212573599607947
0.0176547373254518
0.0145210401942421
0.0118759571728353
0.00971725077153809
0.00795886531589489
0.00636780042794402
0.00489190778821927
0.00364908745175374
0.00259406664550662
0.0017147805337804
0.00101010232606743
0.000453411891114997
1.48413848780699e-05
-0.000304277388802954
-0.000510309855731358
-0.000615718310150005
0.0386711339550479
0.039593487984629
0.0402838370486779
0.0409897497576581
0.0413223773777259
0.0415637015503154
0.00962218788572881
0.00912788031878332
0.00889887445541566
0.00899686364130899
0.00945147347090888
0.0102729341098827
0.0114684766555858
0.0130588275324337
0.015116859802041
0.0176746244249649
0.020576658340434
0.0236364711607605
0.0269423834674832
0.0304180311097698
0.0337328565798764
0.0368055641435581
0.0395182665768922
0.0417193313329389
0.0432530900323922
0.0439690910635435
0.0437051255226028
0.042237717875605
0.0393378798080873
0.0351368416791403
0.0303806708544654
0.0259915646899362
0.0225549137106707
0.0202782224988821
0.0191206188478856
0.00929212426152793
0.0086110032524754
0.00816459996600522
0.00798878394324835
0.00809290293931541
0.00844058667427378
0.00900965978331687
0.00991029212619079
0.0111815188701647
0.0127015125396333
0.0144216331622116
0.0165317970411818
0.0192008863889192
0.0226264863880607
0.0262880542769024
0.0298074702750178
0.0331648466064442
0.0362620180216212
0.0390355809921208
0.0414502158117486
0.0432189984703818
0.0444633191183357
0.0447832459676773
0.044515150277542
0.0430004938979894
0.0399786835554484
0.0355772700728627
0.0303482324372573
0.0257693930550741
0.0221266080760373
0.0196972727844843
0.0184344553757794
0.0287800784667318
0.0278165040926081
0.0266779211802302
0.0254068376823307
0.023869917755377
0.0295557787601455
0.0299978307049127
0.0308384089981224
0.0316297147847062
0.032522311951385
0.0335345853836994
0.0344665545541097
0.0354607805796212
0.0366247231329204
0.0379757445324086
0.0392022281045951
0.040418467782338
0.0415942484664927
0.0427048614062931
0.0437140193486236
0.0445982412483064
0.0453635771466828
0.0459606339840042
0.0465971292652706
0.0470925683227818
0.047419783462235
0.0476488571965829
0.0477971647215405
0.0478788408511264
0.0479178847482274
0.0479351258151395
0.0221854207109994
0.0191951378928503
0.0152464064785012
0.0231840484602968
0.0218186241591916
0.0198981739949687
0.0176134994890085
0.0131816710355482
0.0117107527532622
0.0106173370915544
0.0138217667669806
0.0125083368455267
0.0111449514700812
0.0100646837198334
0.00864301775955577
0.0102003710580756
0.00933637804595844
0.00817611400038245
0.00697958783067298
0.00945578263567567
0.00839725500209432
0.00733326935813682
0.00650022705172786
0.00598454803550321
0.00545472775697765
0.00499977531426431
0.00454228078459123
0.004094286029139
0.003690427641465
0.00329393451625825
0.0029353616040738
0.0026378583309841
0.00241598881337865
0.00226216209359076
0.00624915302394418
0.00550713371788161
0.0047345303274682
0.00417290444901968
0.00346859132868298
0.00293690776133164
0.00231067845295202
0.00170126246840664
0.001184510003508
0.0006873750931695
0.000194017388013661
-0.000289856559234357
-0.000720728685433546
-0.00112763633630023
-0.00158275866291168
-0.00199003908378752
-0.00240941643924587
-0.00276711318102525
-0.00310275380869318
-0.00340240192341589
-0.0036437239200041
-0.00384603479339268
-0.00400371347129512
-0.00410048615577549
-0.004149311562613
0.00147160528757762
0.000784360050971005
0.000220172112218603
-0.000176661596705606
-0.000523526918520215
-0.000731389506992001
-0.000845287945227273
0.0029855637759692
0.003803573372193
0.00475423014516916
0.00577796821010268
0.00694140108479578
0.00829430948525467
0.00983023706042381
0.0115701547971756
0.0134829138280344
0.0155203709638005
0.0177362994674495
0.0200433120405141
0.0222666317139022
0.0242080435978003
0.0257780043065662
0.027037133782486
0.0279215090448015
0.0283725200993095
0.0068649847296153
0.00631561209382906
0.00566780600131474
0.0049345597637199
0.00418748888691287
0.00347569747999664
0.00279704765623401
0.00215001236390377
0.00153337060050002
0.000945971037330808
0.000386617062549155
-0.000146310502518743
-0.000654365753423381
-0.00116360867237489
0.00683709916276896
0.00632428536976169
0.00580765432852538
0.00529785477284244
0.00485212862219714
0.00442145932752769
0.00401063793753388
0.00363324555676337
0.00328146123189774
0.00292493280024182
0.00256022918546566
0.00222261961363482
0.0019408870686013
0.00170916533683406
0.00153275838269077
0.00139314639020062
0.00130339807927536
0.00125310946242285
-0.00144449266994366
-0.00169805699061353
-0.00193165109258952
-0.00218487319622154
-0.0024139708894908
-0.00261613111864716
-0.00286171527464409
-0.0031570661320862
-0.00344325854405118
-0.00369355765910275
-0.00390960890426663
-0.00410140801109817
-0.00427816753599884
-0.00443387577547387
-0.004559236095748
-0.00464807639009458
-0.00470729345840298
-0.0047404773668312
-0.00144241661418953
-0.00169081162655205
-0.00191277159898055
-0.0021137116168005
-0.00229959066341716
-0.00247371331580375
-0.00262998119527182
-0.00275817752745891
-0.00285461405362713
-0.00291889887090464
-0.00295204603252688
0.00781329002499665
0.00692329396269914
0.00598944574711972
0.00514484830615071
0.00438232445080766
0.00366110438835446
0.00300885929704185
0.00236524666389649
0.00178028391430814
0.00124320687649561
0.00071990466965467
0.00783377632531066
0.00693888408272636
0.0061717182118763
0.00537102279258802
0.00474142192119693
0.00405758230902208
0.0035013450972634
0.00303704983537086
0.00260937851291204
0.00236704712512963
0.00213413855614468
0.00198774969488022
0.00191430558496932
0.000220743429606237
-0.000210411570079284
-0.000583791446654537
-0.000949262407187596
-0.00124185757820162
-0.00148963208669239
-0.00166502377996861
-0.00179617123087154
-0.00187321160451436
0.000645959527658777
0.000598021319058412
0.000570647711331749
0.000559211480197677
0.000560216691521005
0.00057106101801049
0.000589976294883643
0.000616681581026742
0.000650734482567274
0.000692254372451701
0.000744350086681689
0.000805659532636425
0.000876548488355364
0.000959194116594981
0.00105341293149771
0.00116126424973266
0.00127814653764862
0.00139266583836398
0.00149039864356154
0.00157259289888141
0.00163282313093102
0.00166420729054143
0.0165214493935755
0.0152200259506447
0.0138437214411395
0.0125228677138128
0.0112762827382604
0.0100732448628887
0.00882330567491257
0.0076774187924311
0.0068872580278616
0.00592594524236089
0.0048755945159824
0.00400840657552961
0.00315899554713513
0.00230644665657368
0.00153533993189627
0.000766554535343341
0.0165765576143874
0.0154540379295704
0.0143400887064707
0.0132773377329729
0.0122485391982628
0.0112365496997206
0.0102195850259047
0.00919660183078391
0.00822324333210309
0.00735195938980285
0.00661324024905762
0.0060035023108582
0.00545918808760027
0.0048400698975374
0.000267737398637852
-0.000301243965538982
-0.000829379542921711
-0.00129291135954427
-0.00175226350340481
-0.002148533382304
-0.00250453101665481
-0.00288289414701365
-0.00317551048233727
-0.00343636432404895
-0.00365333638266906
-0.00383952965139996
-0.0039874549643185
-0.00409745462304621
-0.0041719380055104
-0.00421086604604056
0.000336341813127589
-7.14648178288167e-05
-0.000480015319017987
-0.000836768057486708
-0.00113970733708485
-0.00144534551721641
-0.0017113880727303
-0.00192885166055681
-0.00210710175772272
-0.00226020671741597
-0.0023946120704721
-0.00250792764790195
-0.00259278435131513
-0.00263979661522139
0.00440644841955946
0.00404679272617688
0.00372731074552172
0.00342581039180527
0.00315525639187788
0.00291151582051242
0.00270452191875899
0.00252191073674342
0.00235478658158147
0.00221175892751601
0.00209900772202263
0.00201287738499882
0.00194762951511289
0.00190149281969003
0.00465977355966443
0.00449807867146612
0.00438090270685516
0.0042875063872979
0.00421123292790848
0.00417686069165385
0.00418792505472286
0.00424846794599407
0.00436208531457009
0.00452824702778307
0.00475173632349928
0.00500727120065299
0.0053354477391942
0.00572864693016782
0.00618894489585635
0.00668924939337425
0.00724643858724569
0.00789538584071474
0.00860377219998722
0.00937152120410432
0.0102142117033351
0.0111438299413192
0.0121705096892941
0.0132958932728466
0.0145375825731428
0.0159658445152694
0.0175937432765521
0.0193963414514007
0.0214777566157672
0.0238197719061446
0.0265877722332847
0.0019511350108413
0.00202720385124806
0.0021336239503323
0.00227473576580994
0.00245334775715507
0.00265296522403123
0.00285254771454684
0.00308158985878456
0.00335547821047756
0.00365365250844624
0.00399244292804974
0.00436409045919414
0.00479797608440353
0.00533705756630053
0.00592769357563153
0.00655812817084936
0.007345192051069
0.0082896528789387
0.00935749234396777
0.0105183556805285
0.0118193121665973
0.0133671253048868
0.0151280701759787
0.0170165810958081
0.0190508845764562
0.0213224865584581
0.0018058910901913
0.0017368329867446
0.00169127978380594
0.0242398295683704
0.0279280613956646
0.0321466104071011
0.0363243796788376
0.0401099271127217
0.0435576757435709
0.0215502578756313
0.0219231782144066
0.0222037373586308
0.0224048407769813
0.0455640536359967
0.0468638621647706
0.0476077565916443
0.0479594826819359
0.044857157354839
0.045621309589119
0.0459649150455083
0.0289923418419009
0.0316605503536312
0.0343526175432008
0.0371626184846235
0.0401182310520356
0.0429247499398069
0.0274418301404959
0.0286081028389285
0.0301132592560732
0.0319037748549402
0.0339245660526847
0.0359151552658161
0.0380912430257441
0.0400634270236971
0.0418394012945564
0.0432636506749637
0.0441760412784249
0.0444782951347021
0.0439753758870784
0.0423554815710677
0.0392449341518196
0.0346770170122746
0.0287477264922415
0.0441681658145979
0.0448903729228347
0.0451954577671251
0.0449451388950764
0.0439458478620757
0.0419737797958255
0.0388265266840507
0.0346036682092549
0.0298008255519522
0.025155989471938
0.0209300012785396
0.0172758584410181
0.014267086953371
0.0118958880780841
0.0100837588515514
0.00873503753452568
0.00777960866591329
0.00717096473641686
0.00686574248547675
0.0442191211955703
0.0451607295958165
0.0459333665618674
0.0464739150001688
0.0468132107944448
0.0469846875244799
0.0241982367234995
0.0196748727648103
0.0159385436448345
0.0132197850654944
0.0111987465576176
0.00992955124275424
0.00928877611483117
0.024864369191487
0.0212818629981053
0.0187802915957725
0.0175512965411505
