0.05
0.0372351278277001
0.0356249289609694
0.0333828662736861
0.0352083348307836
0.0325437353060307
0.0294643859685644
0.0370520791077357
0.034100897941692
0.0287795789623046
0.0250103993287211
0.0221125823272373
0.0200833360835238
0.017646731061198
0.0151512488946482
0.037204146351559
0.0304080373743123
0.0241884879062825
0.0233097758887184
0.0199433349092729
0.0167402393710045
0.0160623741366225
0.0157923657016048
0.0156707829919345
0.0157985003389128
0.0166137171950628
0.0182540309404185
0.0203855812976955
0.0228903651672265
0.0256735925988475
0.0286404462497215
0.0318620719009466
0.0369723103221927
0.0352086631143554
0.0328745504543443
0.0309793124479297
0.0294073366735977
0.0281792643315627
0.0271871159827436
0.0261778579032882
0.0307205048724748
0.0285307267458982
0.0264541457588079
0.0248969476897945
0.0235847997135353
0.0329797239965464
0.0328939619571406
0.0329959841120114
0.0249552961492627
0.0267711936744506
0.028835279109773
0.0308193051533388
0.032905436793573
0.0350077172729238
0.0368319786950758
0.0384978293593147
0.0399537944237215
0.0409758414978091
0.0415467833397736
0.0415509905928157
0.0408602102720334
0.0394061586972546
0.0372285017809977
0.0342502927369626
0.0307945074380622
0.027042453638488
0.0231675884394942
0.0194845050550021
0.0162973042751998
0.0136467804984517
0.0115308477762089
0.00989375335431474
0.00825735249934839
0.00665717024374353
0.00531445048072614
0.00418329603624741
0.00329564475855624
0.00258343204834651
0.00203674174523214
0.00164541955728708
0.00139269462422447
0.00126474193167139
0.0211300751109538
0.0194744239533961
0.0179457297003817
0.0165763355177957
0.0155039400806055
0.0146703914851667
0.0139692465800347
0.0135018624194486
0.0131626156668061
0.0129256293489924
0.0128053602747673
0.0335907870847355
0.0343910295597581
0.0354355968973145
0.0321000093748369
0.0307578696404929
0.0287662139061746
0.0356767037066985
0.0359314673139076
0.0362002103891347
0.0362821179204905
0.0372676110751653
0.0378063649895212
0.0375287090423139
0.0366503191340417
0.0349372286230304
0.032398857522389
0.0298483463454531
0.0273671852494123
0.024794098550517
0.0225460281465072
0.0206055676820106
0.0190990362446032
0.0180557653584204
0.017411207205982
0.0170580701064465
0.0357354121948451
0.0341361619220077
0.0310150155342975
0.0267624495392872
0.0223925541940518
0.0178102302251282
0.0366627443851078
0.0370560516000837
0.0374169771424816
0.0157307471870037
0.0137536076555274
0.0120973130800832
0.0107225537059104
0.00953770077026586
0.00856907368063385
0.00781026762902975
0.00718452430097326
0.00665127556649065
0.00621233509266161
0.00587454282441804
0.00563609066362133
0.00548679106082245
0.00541825887624785
0.00543170309392099
0.00553361442933538
0.00573228896805688
0.00603963781521766
0.0064825284074123
0.00706330858203909
0.00786060198663892
0.0088788221489963
0.010162241931809
0.0118617091259572
0.0134236897479802
0.0157601456708299
0.0181961952632762
0.0208477049188587
0.0234613817844378
0.0257567908963703
0.0278000528239609
0.029470948251014
0.0304363482559505
0.0311266859110827
0.015511271863598
0.0134983841366395
0.0117872680177266
0.010063616265401
0.00849001672508712
0.00709704333226197
0.00591866808780297
0.00479318692874191
0.00378820424654511
0.00285838200988364
0.00200526902301099
0.00120689761202086
0.00045439361656987
-0.000237678339055156
-0.000863572463728126
-0.00146086418114055
-0.00199515548586534
-0.00244939831300443
-0.00283652646988098
-0.00316524404915529
-0.0034280528639723
-0.00361143078593478
-0.0037082409735387
0.0385028748884852
0.0391537402703791
0.0393811096417664
0.0392348136020085
0.0387760245192863
0.0380492056725801
0.0370906978425798
0.0360005273446132
0.0348976179655058
0.0338685153752182
0.0329996711336097
0.0323730790821302
0.0320348359414521
0.0370930586874298
0.0362848567518223
0.0349599148927309
0.0332197271627278
0.0311015613874799
0.0287610907881886
0.0264573213466769
0.0241893369182044
0.0216835909017694
0.0190772285993992
0.0166105164935789
0.0144724152537621
0.0126503905890179
0.0110279673893011
0.00964682603045321
0.00847736162851936
0.0075341457170838
0.00678016116396391
0.00609071011758918
0.00520263597285412
0.00417448967463949
0.0032942779647447
0.00236491586042905
0.00157140679490302
0.000828344409171301
9.9003423997647e-05
-0.000597926587077024
-0.00122939460635563
-0.00176897959353092
-0.00221603364607538
-0.00259955159489832
-0.0029365337084261
-0.00320163888436772
-0.003429175640933
-0.00362693848061313
-0.00375816228027549
-0.00382731177088521
0.0276194722204705
0.0262432550549032
0.0247332642703059
0.0230144813083854
0.0213975432083628
0.0195767012394674
0.0179316229163654
0.016517159198439
0.0150394416369196
0.0137009891358018
0.0127716491362424
0.0114341578217675
0.0105800585663229
0.00956101005221485
0.00854190462498551
0.00779555218869303
0.00732707216436339
0.00685970874103559
0.00646831333812782
0.00618304810178412
0.00598749926230921
0.00589394422811454
0.0278781002603428
0.0267047002402679
0.0253006812736717
0.0237347086412379
0.0221498484571943
0.020610741191829
0.0191395154085573
0.0176581248735611
0.016424985421527
0.0152025049399028
0.0140071880306038
0.0128897352059496
0.0113811074091029
0.00993758534410507
0.00867514102288287
0.00755776788458537
0.00660180303970395
0.00576239789862899
0.00508486225674714
0.00440932404803762
0.00381871104951721
0.00334135869122384
0.00296821795209009
0.00268459301417406
0.00250091976060073
0.00240340073953861
0.0286512411621579
0.027654945652072
0.0263095027977476
0.0277338399509941
0.0260377320590162
0.0242431118906176
0.0257490982596286
0.0250368670863687
0.0240841890898742
0.0249003879427529
0.022575672236532
0.0195662518287923
0.0170686322060815
0.0152277040564624
0.0136423212853661
0.0122724726526376
0.0112058638667299
0.0104812809087733
0.0100139115936053
0.00982866373287174
0.0099181933639513
0.0103125007480116
0.0112011041268385
0.0127130774737346
0.0144056343790571
0.0169590283893415
0.0195329068142906
0.0226349051097839
0.02576539571801
0.0293041055214116
0.0327290195931988
0.0357841820346451
0.0385722407414562
0.0409477656882616
0.0427553667965102
0.0439213967821599
0.044342870397788
0.0440993996954351
0.0430376202687604
0.0413940021257852
0.039572001186712
0.0379832768404715
0.0370138142265301
0.0230003628723064
0.0216356112578916
0.020155549196549
0.0186895616623934
0.0173448894694333
0.016098201705349
0.0149738404816703
0.0139663524745725
0.0131382638982225
0.0124707986211946
0.0119703527366378
0.0116405770122284
0.0114685289612579
0.0206982476559553
0.0178570824902696
0.0147069691205901
0.0134114199371894
0.012105788049044
0.0107622943657511
0.013485773063547
0.0121904071661991
0.010762849245855
0.00954777100368131
0.00848365173804733
0.00753601710462475
0.00672930727154369
0.00605625901689935
0.00549539928848208
0.00505717336091621
0.00472487234712462
0.00449216790434713
0.00436021419560521
0.00432400294893168
0.00438437024054072
0.00453849917485335
0.00477830509427988
0.0051041179519847
0.00549417660935397
0.0059386429563629
0.00643679562032408
0.00702814562511112
0.00764902439809738
0.00822656550706322
0.00870825687615009
0.0090234435564034
0.00921556070785686
0.00980712617480306
0.00878863200496508
0.00772585556369506
0.00671861498959819
0.00590124659879958
0.00517202427838481
0.00448406504186863
0.00392742551517942
0.00349460090303856
0.00306814373530826
0.00267983372437092
0.00235579148423769
0.00211621238575361
0.00195243256766206
0.001815059809605
0.00172587519565575
0.00168033465714581
0.00167479916599483
0.00169933103462919
0.00173535121518645
0.00177730779163223
0.00182784127648814
0.00187326453052165
0.00189662916458914
0.00954762394852955
0.00838621668108355
0.00741355728160361
0.00648161523969098
0.0057230435002842
0.00497745892637848
0.00432124060330228
0.00384109277698442
0.00344215808927738
0.00309497486119369
0.00285497038514174
0.00271363621225627
0.0224789786180576
0.0203869893923272
0.0180095356072977
0.0153723173921591
0.0131061994700894
0.0113878333215738
0.00987922312478916
0.00858489767821323
0.00754229937442646
0.00664786337759941
0.00588624331695285
0.00529051151391243
0.00485092005914451
0.00447880050987709
0.00417199607492072
0.00395810448333088
0.00382503181644161
0.00374751381641806
0.00371012210851083
0.00369988852437062
0.00370381920962429
0.00371179706435874
0.0037186652727157
0.0239470030470445
0.0238514935670642
0.0239941598837521
0.0244420243690601
0.0252022742995441
0.0261805568141663
0.027319487390332
0.028616704068897
0.0300488940743909
0.0315920127078923
0.0332228696042721
0.0348465716573933
0.0365318597752591
0.038225388978991
0.03974789779367
0.0410220555035204
0.0420098304308802
0.0426526977456242
0.0428667631674486
0.0425695270346752
0.0416848839352194
0.0401485484095671
0.0379986999125155
0.0351944336519203
0.0314040506661777
0.0271934336398682
0.0232341685578246
0.0197477896338519
0.0169047572275983
0.014623709386541
0.0127992063583478
0.0114557074888812
0.0104414146897866
0.00983550746108167
0.0095083360987081
0.0145149705375729
0.0139364788613523
0.0134284765993613
0.0142000620894234
0.013466078409908
0.0130923969633975
0.0113436091513175
0.00942019103507124
0.00779625924480343
0.00646762596408833
0.00551747171942716
0.00475802613704986
0.00420608296653842
0.0038528513066504
0.00367905403255457
0.0151104709135736
0.0170945915771672
0.0194443058042807
0.0221683130811224
0.0252854514316838
0.0281442898802839
0.0310845633152735
0.0338585903918366
0.036246218036986
0.0382774710392419
0.039795610149799
0.0406776446686144
0.040783894362671
0.0399454912805325
0.0379916975887946
0.0349050790399154
0.0310152949347601
0.0269598049684349
0.023196611163
0.0195778485350298
0.0161541601257392
0.0132750377107866
0.0108552136275678
0.00886476229724501
0.00729089262262695
0.00606289712257202
0.00510603663659343
0.00441606864400929
0.00397357376041613
0.00374815466375172
0.0217141042120111
0.0214226634513173
0.0212531192416315
0.0211372591361905
0.0210998799058171
0.0210824210015461
0.033363908136521
0.0351894402272392
0.0373223581311396
0.0395315985265615
0.0415045646895092
0.0430173070465202
0.0438812739886046
0.0439121787470155
0.0428181300839096
0.0401456340809157
0.0358139214499859
0.0305813894221787
0.0250769133351794
0.0199750502387477
0.0158264793914164
0.0125008099308661
0.00984905464107089
0.00774431897518709
0.00607622634440017
0.00475404966615565
0.00370355069590151
0.00286428787561048
0.0021953318654824
0.00166837599204772
0.00125970439790275
0.000951370062973717
0.000731158349666135
0.000590449817598791
0.000519773525533311
0.0339702067836121
0.035938189092477
0.0379896871758243
0.0399766546553936
0.0417674413450771
0.0431425835511292
0.0441344091974656
0.0447575643763199
0.0447635812832064
0.0440055911458662
0.0424412978478445
0.0397380386807393
0.0355557170454734
0.0298539580942911
0.0241420756957698
0.0193463397522678
0.0154414842415207
0.0123371644815598
0.00985992196604455
0.00782919787889633
0.00628358074592236
0.00490812910557313
0.00411214237398288
0.0033986179821361
0.00267416130032506
0.00212080980601917
0.00166565334055049
0.00128808217675855
0.00101267091075142
0.000809979662180293
0.000678301198820345
0.000610259468698752
0.0248144592657038
0.022955620847574
0.0209572338941203
0.019050932975224
0.017106368962926
0.0259235473154747
0.0254885679053332
0.024990031561564
0.0246709107837466
0.0244501897289737
0.0243583230138981
0.0244203617657425
0.0246279784322045
0.0250116477380484
0.0256193188595073
0.0263236285731555
0.0271694722353892
0.0281338529531394
0.0291950508939569
0.0303147969454878
0.0314553824431965
0.0326123330337311
0.0336766734215119
0.035038361178651
0.0363410409772231
0.0374099590551186
0.0383579671972899
0.0391638220236254
0.0397603861521288
0.0401378173063612
0.0403521834148044
0.0155037185793045
0.0129399037706241
0.00973322145928512
0.0160828203005536
0.0146453687999252
0.0129729216801236
0.011199850207492
0.00813361945474636
0.00702733080769931
0.00623016542664272
0.00854979656273791
0.00755585707128741
0.00660711330666821
0.00591220644841793
0.00507411979274838
0.00606907033713347
0.00587981079325564
0.00577490877372104
0.00584564984175539
0.00533415416717323
0.00456678027819424
0.00384318617031373
0.00636210198265902
0.007219476936774
0.00845818881490933
0.0098838698153174
0.0117434585483211
0.0140840408640965
0.0167549615163619
0.0200484216095123
0.0238081883349558
0.0277946520237858
0.0317832470250595
0.0361443949904783
0.00564068546214406
0.00558284662041004
0.00570176215943703
0.00592461366912926
0.00639794369909329
0.00692542964258661
0.00777156856844978
0.008875608987554
0.0100722698010363
0.0114877899733243
0.0131844802263474
0.0151683409565989
0.0172335029441584
0.0194511665790403
0.0221990812414095
0.024840455492776
0.0277067580501929
0.0302432468314168
0.0326870907367992
0.0349120270689038
0.0367266951936424
0.038258616058254
0.0394547473109102
0.0401874080005744
0.0405561503460479
0.037672363757205
0.0391309378682394
0.0404455560593632
0.0414323264794207
0.042336831930654
0.0428934684878015
0.04320290366008
0.0385882687725971
0.0408118029017266
0.0427552938502132
0.0441686868500352
0.0450485695173994
0.0452547244708059
0.0445575072820149
0.0426238436782442
0.039122614216099
0.0342093154148703
0.0284561791920146
0.0229257366858725
0.0183507701337197
0.0149338732813401
0.0125031710260439
0.0107382804447815
0.00958505269764506
0.00902187353655718
0.0038494202341417
0.0039127064003574
0.00405023862053299
0.00427292363246032
0.00456631889524188
0.00491313040540447
0.00531366879544381
0.00576994906260242
0.0062855765713098
0.00686545896111798
0.00751519138637631
0.00824057266467023
0.00904594996734218
0.00997804794860568
0.00319643088978789
0.00253703424555611
0.00188043000044453
0.00123942726146835
0.000684743429378429
0.000154427055598141
-0.000345699539817555
-0.000799728649431419
-0.00121818310973066
-0.00163791694042748
-0.0020632623858805
-0.00245369564112053
-0.00277707673625116
-0.00304130164641519
-0.00324132818797475
-0.00339890468874698
-0.00349987201344053
-0.00355632316065262
0.0111337043051757
0.0123849891509714
0.0137178337050693
0.0153805462985992
0.0171108510647328
0.0188279641831508
0.0211196740435366
0.0240775461398845
0.0270742595648683
0.0297596230195012
0.0321057587821204
0.0342003357531618
0.0361340800444625
0.0378343746061167
0.0391957403968019
0.0401530338572331
0.0407862266022751
0.0411388781164462
0.010101460296708
0.0102957947241585
0.0105493911051955
0.0108539001892565
0.0112053308168282
0.0115973125271693
0.011999689774966
0.0123652998940993
0.0126620573330185
0.0128706263610181
0.0129817002406303
0.00525130932457967
0.00555805931313556
0.00601735419470933
0.00657880553583567
0.0072349983338677
0.00802429676495316
0.00892613034873642
0.0100534922289827
0.0113571216369894
0.0128642436624612
0.0146825610742541
0.00400968365869361
0.00285139271886958
0.00187152400490102
0.00086172228863643
7.68736946663279e-05
-0.000765767208990955
-0.00144348003906336
-0.00200357136190264
-0.00251460392412054
-0.00280220161452178
-0.00307702394009079
-0.00324898871352075
-0.0033350289922786
0.0147245777869965
0.0149821818890669
0.0153778009847514
0.0159320716512685
0.016498490064814
0.0170683482044794
0.0175215827858029
0.0178894323966593
0.0181180174037197
0.0167019379657662
0.0189347227882953
0.0213577480119142
0.0239390466050502
0.0266345095886585
0.0293603513218371
0.0320509794954676
0.0346993709965015
0.0371962733245069
0.039479540502721
0.0416057124374155
0.0434225365011911
0.0449131218110979
0.0461030653359891
0.0469943568423176
0.0476341111662924
0.0480318942508472
0.0482039699927785
0.048213889072329
0.048133996524976
0.048025411133895
0.0479519385503762
0.010421079337728
0.00954707769581498
0.00865611166984566
0.00781921391698046
0.00703779158895993
0.00628617188783898
0.00550350583156557
0.00478091811046282
0.00427822446674369
0.00366043743764127
0.00297593018306216
0.00240212234722502
0.00183163411320459
0.00125007652670198
0.000716118824270192
0.000176367374697089
0.0104080917189437
0.00960338463998627
0.00883762452211593
0.00812758915532956
0.00745377226176243
0.00680053759772454
0.00615163651447214
0.00550568422803422
0.00489776701163568
0.00436052483383716
0.00391194028615763
0.00354813805334954
0.00322985073016803
0.00287722063470855
-2.71682396092229e-05
-0.000256779932032608
-0.000469727715234091
-0.000658038651999754
-0.000847108821544211
-0.00101274372183264
-0.0011635735507624
-0.00132552563102293
-0.00145098841061508
-0.00156206800188935
-0.00165308150227983
-0.0017295278458246
-0.00178876733829744
-0.00183176604438305
-0.001860292050249
-0.00187498850102878
-0.000252252191203159
-0.000673099462546427
-0.00110800730570026
-0.00149830110101768
-0.00183741821969647
-0.00218679356468396
-0.00249657755167192
-0.00275356642932383
-0.00296666442977657
-0.00315139887872401
-0.00331479404005439
-0.00345337901820475
-0.00355762080536622
-0.00361553341953785
0.00264668357262096
0.00246906406505686
0.00232619718197662
0.00220968678523345
0.00212722960275619
0.0020797984502225
0.00207018196565616
0.00209834097740256
0.00217307714834909
0.00230128924353063
0.00247985214443832
0.00270869895286539
0.00300383252307925
0.00339539082755328
0.00276956091533374
0.00268479239155533
0.00263796362641808
0.00262247512836887
0.00264655582135404
0.00271699706131395
0.00282549235865894
0.00299832754313472
0.00323605031417775
0.00353814437347559
0.00391693605486118
0.00433732591489065
0.00487376180999008
0.00552415960169518
0.00630632169005751
0.0071898054539413
0.00822024432058297
0.00948657330406963
0.0109531735962076
0.0126394199712535
0.0145942469670966
0.0168488116779146
0.0194039074574862
0.0221954563012964
0.0251471808709191
0.0282416628760933
0.0312514020514484
0.0338662264559525
0.0359282278226335
0.0370075506387065
0.0366570393786927
0.00412646254332244
0.00501604988847603
0.0060976679688292
0.00740814653945895
0.00897217258102475
0.0106564647291551
0.012300283346549
0.0141480788320528
0.016301249797712
0.0185575092830709
0.0209836748063451
0.0234476334792068
0.0260461270270904
0.0288799555172206
0.0315482168167417
0.033960491790154
0.0364425531282044
0.0387838354393399
0.0407639832025048
0.0422867384127214
0.0433841056180154
0.0440283516035833
0.0440433371779526
0.0433009756419856
0.041638074532079
0.0387586166608982
0.00305608625117971
0.00280986727002115
0.00264702337460693
0.0350627886484873
0.0295620918080579
0.0232419358277764
0.0174435662811509
0.0126102549299793
0.00838545300079731
0.0369214388659022
0.0334569351799567
0.0308115526190368
0.0289499387107037
0.00607223490364611
0.00454233603950764
0.00362941746709213
0.00318015437609578
0.00664224878008592
0.00560200013771799
0.00513037536238704
0.0349120789988343
0.0314441632874929
0.0271632875618089
0.0225043788112337
0.0176937210912371
0.0131525822279961
0.0362312375763255
0.034239481860664
0.0310002612525315
0.0270700634831423
0.0229869647640245
0.0194337613941769
0.0160098165171469
0.0131860500659183
0.0107251497037292
0.00861046462720313
0.00684057930283975
0.00529372722817269
0.00398477788413224
0.00282813915432139
0.00183270909886501
0.000996469547502956
0.00021993709358916
0.0107303518108205
0.00890583065068534
0.00724524087696219
0.00586030759551913
0.00458883089693488
0.00349429590594203
0.00254715425186132
0.00172997331929208
0.00102252396748667
0.000423168649466082
-9.93840621245207e-05
-0.000554445575081379
-0.000940615393848288
-0.00125648337520009
-0.00150672652267873
-0.00169890800121719
-0.00183853207252306
-0.00192913789666148
-0.00197510645773786
0.0113270908504166
0.00999474509160135
0.00890630509611433
0.00814587182345832
0.00766741952132532
0.00742481622558091
-0.000301786511379886
-0.000785056023369763
-0.00118179229325027
-0.0014753560099859
-0.00169826102585076
-0.00184080934272717
-0.00191366342945848
-0.000218453627415995
-0.000577842679972031
-0.000818482871462112
-0.000935310537396841
