0.05
0.0375693603243432
0.0350136031978505
0.0308614538184904
0.0359754908370961
0.0338221274581483
0.0317654494045846
0.0375454799489535
0.0356567996877578
0.0330774678400996
0.0318938905144886
0.03129582461276
0.0309239890709605
0.0303510085056757
0.029185295371763
0.0376690800186195
0.0328771450608751
0.0288948721326084
0.0284765238096367
0.02755732597806
0.026896030119435
0.0268203331689306
0.0268561595353515
0.0270083889083145
0.027461513036258
0.0286479800549158
0.0304490861901026
0.032365086336438
0.0343026920959853
0.0362303469601658
0.0381223097861981
0.0400393467612903
0.0374485743257051
0.0359030825036139
0.0339428245632387
0.0324374241790208
0.0312686656719741
0.0304156957972855
0.0297711265951042
0.0291446592768588
0.0291089632015316
0.0275000893229054
0.0256074268621282
0.0236233020381279
0.0210263229859788
0.0282373254274166
0.0258994742637132
0.0235283909875151
0.0195370432704217
0.01787561697007
0.0162193875041138
0.0147755730927724
0.0133642525711197
0.0120083231391271
0.0108448024252088
0.00974746884367163
0.0086858183269247
0.00775016152731017
0.00687808167975627
0.00607994306394066
0.005327717978261
0.0046529811706965
0.00405219534451814
0.00347972922614121
0.0029530819192573
0.00244393755536912
0.0019321160555888
0.00142941672584715
0.00096436206462378
0.000543295028524948
0.000173401946583439
-0.000141873333129921
-0.000489055039483346
-0.000861041686666727
-0.00119857286897079
-0.00150295915474072
-0.00175575973756105
-0.0019681161642464
-0.00213710992003271
-0.00226135712181738
-0.00234309595028522
-0.00238494658911983
0.0201997035499893
0.0195390604349213
0.0188335670017808
0.0181038987529227
0.0174535081225149
0.0168893098111924
0.0163657436955367
0.0159886974649431
0.0156984637429556
0.0154861623109381
0.0153751346584588
0.0222689990367866
0.0206876630369925
0.0186157191653956
0.0206342304532884
0.0170791988207884
0.0135156360946961
0.0180454277917748
0.0174184409988504
0.0167252198363039
0.0172574374839587
0.0151811035965548
0.0127983143109273
0.0111341326930105
0.00970986924413078
0.00821548213360045
0.00676435009825983
0.00563794506444706
0.00469232259447172
0.00379276849655501
0.00303576780883859
0.00238659428809664
0.00187748205962624
0.00151931475171295
0.00129470794622191
0.00117026389534807
0.0155781803975165
0.0139671456779968
0.0120828482479146
0.0103603467933224
0.00898037126784618
0.00775060904666596
0.0158468111787814
0.0150248529211052
0.0141750995724139
0.00712463932018839
0.00666415157036976
0.00644245581855191
0.00646000741301204
0.00673718156528589
0.00728737782297876
0.00808368309348016
0.00917418831460017
0.0106715697741976
0.01266339084032
0.0151730281431606
0.0181413776062543
0.0214731192823861
0.0250880247470346
0.0288246911507187
0.0324632695539475
0.0357687530415939
0.0385451645417805
0.0406170705469107
0.0416491106243262
0.0413682077331375
0.0392920096270326
0.0351486291036499
0.0290520933911448
0.0242320478751861
0.0186239314584022
0.0143516637409677
0.0108628375398907
0.00817222009440326
0.00621647469120144
0.00471076095140354
0.00360738233235333
0.00300939928578882
0.0026022097532272
0.00733690005551058
0.00714494343282213
0.00718270470537921
0.00749891469926197
0.00811273574228375
0.00904273424642611
0.010256286812041
0.0119459929651762
0.01406219017043
0.0166826205785187
0.0197434051342323
0.0231914342522017
0.0268917633449438
0.0305779956074366
0.0340580680027677
0.0374391243664956
0.0404411114459611
0.0429002550219814
0.0448569957005857
0.0463598133134226
0.0474194361748025
0.0480686051916867
0.0483777364768674
0.0128299812656216
0.0115761678768401
0.0104464187715185
0.00945301343672416
0.0085793305714751
0.00780002427987078
0.00709964712128349
0.00649799134089589
0.00600293696144004
0.00560596604856469
0.00530536383576667
0.00510390346801399
0.00499978075519291
0.0130094574866792
0.0118712888522868
0.0108021130747884
0.00986606670440814
0.00902173482871956
0.00827472498745366
0.00764937839965144
0.00710245857604591
0.00655001913920679
0.00601509704550913
0.00554496890750855
0.00517980336386021
0.00492185839580555
0.00475953254652537
0.00469996812613983
0.00474228252933306
0.00488409327251872
0.00511400658834819
0.00545295867075973
0.00607323710045962
0.00700637652511712
0.00801448410318439
0.00936327237154074
0.0108219322648357
0.0125220708040208
0.0145948976244165
0.0170433649564697
0.0197263470559187
0.0223964255082598
0.0248708422477498
0.0271742014054506
0.0293292741964964
0.0311072700382018
0.0326894926123997
0.034100785052877
0.0350507564485966
0.0355550978350257
0.0119459101768317
0.0105520336762242
0.00928774143369832
0.00802499109770167
0.00693216718874872
0.00576509449098882
0.0047380977240677
0.00386158735261905
0.00294253625213745
0.00210045325838495
0.00150861702193579
0.000644393724258826
8.42433635860065e-05
-0.000593408941122524
-0.00128111824775323
-0.00179077522900008
-0.00211314920091869
-0.00243674903133539
-0.0027092083168559
-0.00290858634938825
-0.00304564990911889
-0.00311133194469841
0.012262228099166
0.0110730595539625
0.00993804818012682
0.0088601053864092
0.00788318161998473
0.00699919905455112
0.00618906360479699
0.00539149984174532
0.00473168710269633
0.00407461868548911
0.00342318693967848
0.00280319578050029
0.00195024591095469
0.0011181012522354
0.00037640958977752
-0.000291697498300294
-0.000871861044433542
-0.0013875561328853
-0.00180786820488765
-0.00223055611237165
-0.00260283106133062
-0.00290532355529881
-0.0031426044093723
-0.00332339327173379
-0.00344065182251286
-0.0035029657702621
0.0311559462216365
0.0304541432163929
0.0295595398934911
0.0309810362496356
0.030399981792765
0.0299170895566178
0.0291195728873503
0.0285676418234446
0.0278361591633084
0.0291448469283885
0.028768041150499
0.0283350672550411
0.0277640372713786
0.0270013286353523
0.0258957317590593
0.0244043363229538
0.0226930422023758
0.0210034518970104
0.0192760666000675
0.0176774130114239
0.0162326895301327
0.014832346384377
0.0131595319536479
0.0112759215131646
0.00978139711660102
0.00813407365990344
0.00686845497744806
0.00563106320587945
0.00456055215732563
0.0034714852454306
0.00247775026274531
0.00160542763507117
0.000790023519158326
3.77094644323427e-05
-0.000639778614595935
-0.00125288789597449
-0.00175817980076367
-0.00218852193770325
-0.0025989540942104
-0.00290857193921936
-0.00313029979845891
-0.00327719857212727
-0.00335369523132107
0.0292028316929491
0.0311748255142349
0.0331397762586679
0.0347681283213885
0.0360279415225209
0.03706922174425
0.0379585811733815
0.0387488889244697
0.0394107667017755
0.0399597208831244
0.0403831392676989
0.0406685075591567
0.040819627318297
0.0236934714320345
0.0201807923536601
0.0162995124565484
0.0147152757577979
0.0131380781317586
0.011534901406097
0.0148244654719465
0.0133332552149178
0.0117817021134985
0.01056038817331
0.00960357517638493
0.00888445222646228
0.00842227954451659
0.00820646342687125
0.00822942806456534
0.00848631741661367
0.00897500780055235
0.00970585241818154
0.0106677023764227
0.011892306464256
0.0133529843621765
0.0150358039250372
0.0168789604035878
0.0188816553289854
0.0208973915783059
0.0228721507669455
0.0248033114262507
0.0268333648417203
0.028751687667901
0.030375462526882
0.0316263468468522
0.0324003477564736
0.0328541356847968
0.0105504257350549
0.00957387476750769
0.00864347581483034
0.00786262419806834
0.00732653482088575
0.00695511480952897
0.0067407186553851
0.00671002178257547
0.00681618802588257
0.00708751244828767
0.0075616046118901
0.00824178447037267
0.00905170453282035
0.00989732358207958
0.0110082806923128
0.0122642616514734
0.0136688946995789
0.0151213194125567
0.0165355093548524
0.017656759324924
0.0186261763274876
0.0195819930669258
0.0203387646936265
0.0207033782642854
0.00998079496760979
0.00852251009816511
0.00732136337797969
0.00618774229649623
0.00527713248262106
0.00439287797600966
0.00362339198786189
0.00306571077882909
0.00260624928347959
0.00220923165960664
0.0019360825828265
0.00177575997294333
0.0298636568989415
0.029790906759915
0.0295741302161429
0.0290473253906016
0.0281982464354334
0.027162664279733
0.0258389029658434
0.0242972047886348
0.0227245432523173
0.0210905583366825
0.0194380032602395
0.017914175144392
0.016586208881711
0.0152371890189825
0.0138779924698431
0.0126781041058281
0.0116830691314028
0.0108409039783832
0.0101365614381096
0.00957937080284246
0.00917820176948939
0.00891617812093994
0.00876449363844164
0.0294744084165122
0.0289060319631972
0.028098404293087
0.0268796301905251
0.025259451424952
0.0234296389669684
0.0215197611882426
0.019580153849592
0.0176852784303374
0.0158792132048053
0.0141768733351415
0.012637587258577
0.0111524809267838
0.00972122953599676
0.00842656586467904
0.00726312763249024
0.00619662987099442
0.00520510176707261
0.00428445579759966
0.00344529580338591
0.00267325181501432
0.00196488780618719
0.00133355854325738
0.000744578929894476
0.000107818207247672
-0.000527879701948556
-0.00110881493116855
-0.00163200320811262
-0.00207979419202794
-0.0024598328682916
-0.00278116278407825
-0.00302953642402411
-0.00322483266192173
-0.00334488874202887
-0.00341094896291375
0.0274820895099367
0.0251655066098223
0.0220508671928358
0.0303239214301675
0.0312541050945052
0.0317436434986524
0.0204179305613443
0.0187318881868771
0.0171791195823322
0.0158207681471601
0.0148012340075104
0.0139553335594979
0.0133224334294501
0.012908903373525
0.0127028514692098
0.0189039499002116
0.0161315551615465
0.0135692701719897
0.0111216441353446
0.00988849570546329
0.00888309452789343
0.00793128213849023
0.00707368594973203
0.00633439423645576
0.0056632375654115
0.00506512654316617
0.00453257493846633
0.00405622374414759
0.00363289520671036
0.00325536412140928
0.00292474434213334
0.00264414282491691
0.002417532030448
0.00223977181543641
0.0020906858901264
0.00196951233556414
0.00188810416589466
0.00184231508169031
0.00182846897131432
0.00183959520542509
0.0018667526488631
0.0019024406723047
0.00193776156676442
0.00196531592757813
0.00198103557187156
0.0102001161001385
0.00950171281475495
0.0089900106550971
0.0084855694566888
0.0082539893354803
0.00808955619332173
0.0409191035395311
0.0418036591812537
0.0425814299247814
0.043012516694859
0.0428128407301309
0.0417073800831111
0.0394467929970804
0.0359342317021922
0.031363905267088
0.0264227717808883
0.0219980272507543
0.018404280285682
0.01537898780556
0.0128426685235803
0.0108330496732236
0.00920530731140648
0.00786825645719776
0.00676119504278536
0.00583780846335526
0.00506306081269429
0.00440953164405296
0.00385491888107162
0.00338616615016931
0.00299621902063811
0.00267875341790679
0.00242915038302285
0.00224492646036592
0.00212437007364829
0.00206290572496934
0.0411660543242171
0.042093589145786
0.0429153756015166
0.0435154458079249
0.0437758902270665
0.0435971759187734
0.0429250905696785
0.0414719438372164
0.0389914153889176
0.0357811481962913
0.0322584761811875
0.0284482150452076
0.0245090542595651
0.0204897620514953
0.0170530340450503
0.0143479348593226
0.0121754885234334
0.0104243887480132
0.00898460495822833
0.00775406254231227
0.00676973330251633
0.00584105438501691
0.00527410638341895
0.00473964357007844
0.00416019236954003
0.00368613505688231
0.00327427745530961
0.00291618838063935
0.00264470555667126
0.00243874206562916
0.00230194138494365
0.00223024824033447
0.0283186177028117
0.0271372932204567
0.0257397967240256
0.0242334305048275
0.022499608619632
0.0289659272899324
0.0285910740291489
0.027969922
0.0272811562928566
0.0263129438412409
0.0250025426618435
0.0236784860456541
0.0222229345531534
0.0205313358557653
0.0186296815011632
0.0169834163569519
0.0154246652964051
0.0139729996316844
0.0126331907867711
0.0114219781910604
0.0103439592201808
0.009373890046483
0.00856778696076382
0.00762461446773507
0.00678576839124543
0.00613344132138398
0.00557807645668855
0.00512068819313978
0.00478951708753628
0.00458284587117431
0.00446647587281023
0.020802206332254
0.0178760230815213
0.0140666123303263
0.0216305295303867
0.0201229270099216
0.0181487876417612
0.0159012235055563
0.0120927147602903
0.010691700820422
0.00965299680490955
0.0126845496902225
0.0114271233231621
0.0101324038447765
0.00911134511782956
0.00777189850018451
0.00926239698447422
0.00846084558960176
0.00738948904076035
0.00628751655377106
0.0085495190453292
0.00754651593760809
0.00653990200264644
0.00585606194831437
0.00539301593942417
0.0049173217067651
0.00450800538645004
0.00409485955914738
0.00368810837121692
0.00331906903013312
0.00295410229545278
0.00262116449533082
0.00234197757015114
0.0021307414739351
0.00198035053529607
0.00560673603995791
0.0049148049770182
0.00419353572743345
0.00366844021715449
0.00300875292336655
0.00250971981762114
0.00192062939007074
0.00134583394626928
0.000857156338957506
0.000385841965877879
-8.3098848432648e-05
-0.000544260516434781
-0.000956019266894929
-0.00134587891063291
-0.00178299778588056
-0.00217500454187
-0.00257946665169218
-0.00292507986951085
-0.00324991604794825
-0.00354034685335515
-0.00377452952557709
-0.00397104882168254
-0.00412433446667467
-0.00421846103339232
-0.00426596635223774
0.0012228406512892
0.000562015501356869
1.7939374408481e-05
-0.000365554200480365
-0.000701335090722342
-0.000902791550719588
-0.00101326202318694
0.0026674543821171
0.00344139180965822
0.00433753399853797
0.00529942646755926
0.00638959537227253
0.0076546026265331
0.00908901129223757
0.0107142758929806
0.0125049120323543
0.0144209567934621
0.016519424512058
0.0187244189618746
0.0208715430085539
0.0227648648712345
0.0243082874531225
0.0255538686988999
0.0264326487599618
0.0268819874264349
0.00610049425687241
0.00558549844438492
0.00497851641178004
0.00429151772044339
0.00359137467770261
0.0029239289878649
0.00228707368039424
0.00167932087941067
0.00109950673562991
0.000546562878779037
1.94030021680117e-05
-0.000483438028870915
-0.000963349818883391
-0.00144488443282053
0.0060671882394708
0.00557867762238925
0.005086442356575
0.00460052104154499
0.0041754227471351
0.00376437361538788
0.00337189422400295
0.00301096019889841
0.00267414948137408
0.00233244755603542
0.00198258367487348
0.00165844043582284
0.00138774772245396
0.00116496538423849
0.00099527482663267
0.000860921386706571
0.000774528014941811
0.00072610977239597
-0.00170970509299297
-0.00194918384529552
-0.00217017624778065
-0.00241021484314954
-0.002627918703092
-0.00282051704690829
-0.00305507827824016
-0.00333787258200043
-0.00361253231050252
-0.00385324580353983
-0.00406139846282494
-0.00424647585111872
-0.00441728085528066
-0.00456793087640927
-0.00468934249128259
-0.00477544864372651
-0.0048328728442234
-0.00486506312524404
-0.00170958542204158
-0.00194580541821408
-0.00215721583378522
-0.00234888315741215
-0.00252641962199694
-0.00269292161790789
-0.00284249534957616
-0.0029652954333573
-0.00305772795571341
-0.00311937004713133
-0.00315116297060556
0.00700440102195683
0.00618278585878348
0.00532145965345938
0.00454237886979438
0.00383843236738501
0.00317175181011485
0.00256787604583703
0.00197097630365923
0.00142759934898137
0.000928096822665285
0.00044110003322996
0.0069973630331154
0.0061409381007422
0.00540632606139866
0.00463882882377861
0.0040345674012901
0.00337730204226004
0.00284186968619508
0.00239433010520138
0.00198155717501969
0.0017474530151569
0.00152227981367095
0.00138067080745689
0.00130959985219976
-4.60066990650069e-05
-0.000467808104900363
-0.00083376860454164
-0.00119253738940252
-0.00148011838236608
-0.00172387499583331
-0.00189653680064618
-0.00202570486002488
-0.00210160777484732
0.000391263695683547
0.000365550008741956
0.000358793363552859
0.000366691087091415
0.000386013190170042
0.000414157381874972
0.000449433899503336
0.000491902777258925
0.000540795211986004
0.000596142510633942
0.000661670431450958
0.000735311027261516
0.000817445793562267
0.000910525972587311
0.00101437305356769
0.00113140611082164
0.00125684249328215
0.0013787553249854
0.00148222560410169
0.00156891689600598
0.001632280682762
0.00166524955229768
0.0148494719384643
0.0136233078035431
0.0123429138519337
0.0111222948059005
0.00997339022316693
0.00886479069117937
0.00771119351391427
0.0066507507598217
0.00591746310577566
0.00502276319169619
0.00404166946464817
0.00322876940353397
0.00242992202953768
0.00162552516275908
0.000895796709724223
0.00016635179798818
0.0148990946698286
0.0138405518447656
0.0128061983527345
0.0118287413699019
0.0108877428818128
0.00996471416773991
0.00903794278181834
0.0081051393932493
0.00721619890185698
0.00641891519967415
0.00574166675102571
0.00518181241028259
0.00468144527028458
0.00411178707439442
-0.000303264186224445
-0.000840494660297218
-0.00134062401026255
-0.00178083899322877
-0.00221835794025156
-0.00259688000773293
-0.00293785124167599
-0.00330126761847182
-0.00358305704621282
-0.00383482474167516
-0.0040446507805257
-0.00422501664512016
-0.00436851366555652
-0.00447533683895218
-0.00454772700332576
-0.00458558027339535
-0.000246586883224167
-0.000639759466775929
-0.00103526757641011
-0.00138194275084432
-0.00167731195812509
-0.00197627482877338
-0.00223729986529249
-0.00245122293032804
-0.00262696072705466
-0.0027781974003492
-0.00291118661179343
-0.00302347041532184
-0.00310765006031532
-0.00315432167515225
0.00371125667781548
0.00337894552653727
0.00308387712731789
0.00280577920761911
0.00255685295547754
0.002333512716374
0.00214499875765717
0.00198014112728937
0.0018312477286327
0.00170644173228524
0.00161120438611871
0.00154218283952481
0.00149476997178664
0.00146850943769065
0.00394723983737067
0.00379975373897223
0.00369302687700848
0.00360822315878597
0.00353944951862593
0.003509293283733
0.00352091163721782
0.00357845887037556
0.00368538812278585
0.00384147628071631
0.00405165167793967
0.0042926600503031
0.00460345910749547
0.0049779562696063
0.00541950600413682
0.00590353029744021
0.00644783157474133
0.00708901703850264
0.00779830000232444
0.00857849621307413
0.00944896008205713
0.0104265269632529
0.0115268827340553
0.0127564333997799
0.0141377140943239
0.015751146831975
0.017610153346814
0.0196782690649805
0.0220625017505689
0.024724177384233
0.0278258931388343
0.00154234225818317
0.00164624316884592
0.0017849518360446
0.0019636738900612
0.00218575662386899
0.00243115498131838
0.00267498349900196
0.00295388744419496
0.00328696390079667
0.00364967116380304
0.00406228170619552
0.00451565711885388
0.00504584767178744
0.0057054817224413
0.0064286237744838
0.00720020679704749
0.0081620718622892
0.00931270642481026
0.0106070830195898
0.0120043432389544
0.0135559324692816
0.0153796100788644
0.0174211432001928
0.0195677492192407
0.0218289578053247
0.0242941615478614
0.00136855496467591
0.00129628173153748
0.001248573989152
0.0271747785633159
0.0307385460146141
0.0347485849775216
0.0386636017720452
0.0421423367557119
0.0452203116231768
0.0248071140959654
0.0254694925564877
0.0259197372931
0.026224715293648
0.0469144577666273
0.0479512898211074
0.0485157575486055
0.0487732787734139
0.046391101275312
0.0470555528778347
0.0473475058484974
0.0303212662796422
0.0330419492102886
0.0357446287742584
0.0385212092149084
0.0413815131932017
0.044017929232034
0.0289124483036585
0.0302606562602588
0.03190148582231
0.0337746739001155
0.0358191840889406
0.0377727595502867
0.0398395837662862
0.0416379290624219
0.0431693249073365
0.0442838826416475
0.0448353507504022
0.0447009864845631
0.0436621431469028
0.0413190604477069
0.037339685022633
0.0320926716590649
0.0258998878590227
0.0449972563556049
0.0454456046166783
0.0454140278935383
0.044771437746886
0.0432431767657078
0.0406029477461764
0.0367480054416112
0.0320321339146097
0.0270995901312113
0.0226060716664601
0.0186632845404997
0.0153196080442005
0.0125925899266424
0.0104533120346571
0.00882224309119824
0.00760983543784769
0.00675160668901889
0.00620511780157889
0.00593112874819412
0.0453481227152436
0.0462799284366874
0.0470155172041619
0.0475126338385043
0.0478164984082262
0.047967409856024
0.0214818838093861
0.0172821089403912
0.013881144103744
0.011426116477834
0.00960766303649121
0.00846764748197863
0.00789258568506523
0.0219896473790099
0.0185896402920978
0.0162812997964183
0.015160726370421
