0.05
0.0367314874569093
0.0335167952751092
0.028099306596617
0.0347001993121724
0.0317878079409604
0.0282252757532665
0.0367111019164
0.0337805173523378
0.0284746720369979
0.0246755312273505
0.02171474562911
0.0196112395025313
0.0170339951745003
0.0142934744992359
0.0369332654418195
0.0339364816924462
0.0317861068634662
0.0316413960809574
0.031794957442197
0.0320947128191598
0.0321521699182114
0.0321483928378167
0.0320771710675312
0.0318192499193399
0.0310656372176638
0.029823534252251
0.0284169166588937
0.0269827755354827
0.0256618178172588
0.0246016260164986
0.0238916727994524
0.0366650253072363
0.0350648501480763
0.0330056978011164
0.0314045108079754
0.030158802777535
0.0292693961224728
0.0286427776261529
0.0281134524640859
0.0247673173150025
0.02160942380742
0.0181959458747455
0.0151991743906407
0.0120203147665785
0.0250712995986843
0.0224826740353611
0.0200103723151206
0.0114827583711727
0.0111680175775624
0.0111300690956189
0.0113455149770514
0.0118287274210651
0.0126094669533571
0.0135875740935377
0.014832789017486
0.0164026754701282
0.0181420310449114
0.0201104956873331
0.0222357248254284
0.0245367248201349
0.0268443753045604
0.0290833803429591
0.0313667905847816
0.0335754019773958
0.0357727523588659
0.0379879843545652
0.0401012739784698
0.0419237300712621
0.0433750202637992
0.0443930408242051
0.0449729400361059
0.0452013653083166
0.0448479493085905
0.0437623567905215
0.0417611765660433
0.0389465848074056
0.0355022374820384
0.031994118706869
0.0290191050201771
0.0269102487966775
0.0257919323180642
0.00993369250801178
0.00850441172982592
0.00714834776180705
0.00588403376397721
0.00484619545507335
0.00399997522441433
0.00325263242693722
0.00273293596060906
0.00234254874907187
0.00206204355145948
0.00191696155592488
0.0186071331262107
0.0170013818238282
0.0150658909212007
0.0176634792872275
0.0153647182015762
0.0135599015353916
0.0146122640450338
0.0141290689993428
0.0136104448922146
0.0135525101149349
0.0115812409969895
0.0096832004905628
0.00859978235848063
0.00785018400718402
0.00724476467657515
0.0068381705513797
0.00665242465091485
0.00659391083675079
0.00663051817270175
0.00673593254853413
0.0068845082903112
0.00704070437864599
0.00717318922950795
0.00726686252433211
0.00732275850830454
0.0140229290698364
0.0153872577541642
0.0178454688572414
0.0211157073758537
0.0247043043474659
0.0288916311187941
0.0127592719759089
0.0119932044013395
0.0112307813563934
0.0311448935709064
0.0337644830701392
0.0363717903350248
0.0388070681560376
0.0409784119449169
0.04253838676916
0.0432400027219614
0.0429300898844866
0.0411576250155674
0.0373126240055895
0.0315597432034257
0.0253681854804655
0.0199065566622812
0.0153979987706306
0.0117600812286938
0.00885508011247705
0.00655163367884275
0.00471296309620091
0.00320275819690095
0.00200009641692513
0.000958641276347156
9.72563727677647e-05
-0.000629815710962483
-0.00128674159107931
-0.00172639067917467
-0.00221930552216819
-0.00261234710518342
-0.00295670130005057
-0.00324294384292974
-0.00346557227677812
-0.0036474249586785
-0.00378756660532157
-0.00386604256549403
-0.00392089042010836
0.0310927604710018
0.0334424844766059
0.0358008019490149
0.0384314657204086
0.0407928806938011
0.0424753980005837
0.0431277475651237
0.0424533775052105
0.0399176968172355
0.035149470195325
0.0289627651127167
0.022769372608902
0.0174263084916525
0.0131922040021463
0.00992804227350142
0.0072686398910569
0.00521840126914929
0.00368764037556404
0.00251966322088019
0.00161708381136547
0.000949468628613423
0.000510259239483981
0.000287008548853388
0.00949699743018876
0.0080178052306549
0.00679167120433571
0.00579511975585983
0.00498133110803692
0.0043049652667778
0.00373715733338805
0.00327972840956845
0.0029244572503017
0.00265347786213634
0.00245660205606178
0.00232872734425446
0.00226396070146094
0.0108763673644956
0.0107821589239783
0.0109599831028289
0.0113944263972738
0.012088031062435
0.0130341610826093
0.0141824195287069
0.0155859750117349
0.017515739691531
0.0199874566314066
0.0228068699220037
0.0256937833694674
0.0285211354573323
0.0313250886411655
0.0339013977430981
0.0361936387190002
0.0380795413063815
0.0395515957427796
0.0407856559404731
0.0421038894847603
0.0431239559808833
0.0433054138756304
0.0423333713030682
0.039973959262953
0.0359928803693358
0.0304315327390249
0.0243555073015882
0.0189738689884354
0.0147682424842432
0.0116179946832672
0.00916177552654057
0.00719015311991535
0.00576032848734316
0.00461842498301487
0.00368555338019936
0.00309329838686873
0.00278983828446366
0.0130550106857534
0.0128473617272695
0.0128673400208162
0.0131059466752902
0.0135129127492624
0.0141860835460494
0.0150151589270882
0.0159320778759494
0.0171392664915241
0.0184821141750402
0.0195584895013174
0.0213425473784385
0.0226347028638626
0.0243512550657605
0.026261707947496
0.027781517789549
0.028786646835673
0.0298318933558318
0.0307390637312197
0.0314178942993325
0.0318919627045238
0.032121181302139
0.0129253328732214
0.0125263501223501
0.0123456610886533
0.012381460089405
0.012621966003863
0.0130446934359409
0.0136385044456529
0.0144578906538855
0.0153532014601766
0.0164947381773841
0.0179154003384205
0.0195215921868951
0.0220381948424694
0.0247543786340456
0.027375966942367
0.0298915966264228
0.0321845676888127
0.0343025831981072
0.0360834901718295
0.0379270936482433
0.0395922700682295
0.0409665603192131
0.042050309989641
0.0428751479088172
0.0434078877003095
0.0436898129180125
0.0273221379272335
0.0262099295672485
0.0247149935674026
0.0260585768331951
0.0238382495436607
0.0213818797667263
0.0241204970551295
0.0233749151343395
0.022392115868323
0.0230677103790663
0.0205030998426541
0.0173474064785234
0.0148393711114199
0.0130630145249517
0.0115966865093828
0.0103944358140512
0.00952614379331252
0.00900896415373775
0.00877308671476523
0.00882884622187763
0.00917046487828949
0.009853840641062
0.0111489912871094
0.0131868778547126
0.0153426280241137
0.0184315813255509
0.0213819567134455
0.0247681363823226
0.0280423684615344
0.0316202518302147
0.0349951456274443
0.0379396180167788
0.0405560126243899
0.0426994987520364
0.0442276970395324
0.0450753750175839
0.045167335986105
0.0445461223979816
0.042935598388329
0.0406385782421986
0.038167703673312
0.0360613818058593
0.03479863242254
0.0200276486274442
0.0172456141803201
0.0145368098311718
0.0121352602709389
0.0101207074205158
0.00837153989201101
0.00686604977895966
0.0055608588886318
0.00451182824454272
0.00367892631989026
0.00306068295129986
0.00265586489606386
0.00244544559881779
0.0199954535253552
0.018297612298197
0.0167810178482374
0.0160986389352798
0.0155362237688297
0.0150860142502772
0.0166908386178421
0.0170713382990676
0.0180318762427478
0.0193920482062708
0.0211537438929271
0.0233291266514188
0.0257741445860185
0.0283772389410954
0.0311007446247452
0.0337637059065233
0.0363287464170231
0.0387340643760473
0.0408438476080676
0.0426225590787618
0.0439312813441351
0.0446907220798996
0.0448169585862883
0.0442094063160448
0.0427541728469849
0.0403454646096612
0.0369618210854277
0.0325079531894201
0.0278530695447277
0.0238412017429438
0.0208211108787077
0.0190075011896304
0.0179712957201831
0.0160328727639649
0.0175489585301232
0.0197090523837557
0.0223467863174857
0.0249659775695593
0.0277253987245725
0.0307423037349657
0.0334956599809205
0.0358343860140148
0.0383067693388031
0.0406698332039122
0.0426462815705081
0.0439918122022289
0.0447153441349728
0.0449558404608752
0.0444614834267711
0.0430171390603675
0.040484779477251
0.0370061763445428
0.0336835415075794
0.0305462205155485
0.0273510869394592
0.0248345949547457
0.0236395494836792
0.0137708871656434
0.0127112576913807
0.0119853119762839
0.0114399978841191
0.0111098167477579
0.0108922935297687
0.0107934337580614
0.0107807202360257
0.0108156408944026
0.0108805498027687
0.0109417914929853
0.0109846619535821
0.0197738524343371
0.0178839621312581
0.015735301425781
0.0133280459141537
0.011217872389872
0.00957349512489113
0.00807935107924543
0.00674160106658676
0.00561014688395166
0.00458352299119439
0.0036470303461626
0.00284874729688915
0.00219387789864632
0.00156087311152793
0.000948188818718029
0.000425630895652952
5.34336749803642e-06
-0.000340510255578201
-0.000622248212528211
-0.000839896965585423
-0.000993570000525649
-0.00109249615279357
-0.00114916354688157
0.0201204769301506
0.0187641037324887
0.0173110361940473
0.0157273847448277
0.0142302217009177
0.0130115658987642
0.0120881224677025
0.0114316092890793
0.0110372925178137
0.0108962571776166
0.0110015982398533
0.0113344969829425
0.0119172790706259
0.0127791046200811
0.0138715378152856
0.0151613626483581
0.0166480255158715
0.0183324436185362
0.0201900651816697
0.0221515693462986
0.0241935224643183
0.0262704289439905
0.0282897685888979
0.0303222548670034
0.0326584697308743
0.0350857061535331
0.0373634017880029
0.0394449822611227
0.0412302731411928
0.0427301957018268
0.0439720378416767
0.0449050465368286
0.0456158469317624
0.0460409476140418
0.046270178530216
0.0134076946334748
0.0124916419157856
0.0115183940955239
0.0134510904996249
0.0128031055313105
0.0124737571802401
0.00957995918031162
0.00776652788792997
0.00620738911764935
0.00490572722892864
0.00395701469740986
0.00318545582197839
0.00261614018582166
0.00224751767683546
0.00206479881257572
0.0122905808880611
0.0133892174446624
0.0148595482993052
0.0167446340073563
0.0196600087236531
0.0224822918752164
0.0255657494972527
0.0286885620981255
0.0316194246349698
0.0344349412837298
0.0370124098138106
0.0392831735938496
0.0411864479228615
0.0426325206679729
0.0435402396762499
0.0437892386868676
0.0432414338640933
0.0417731949848565
0.0393228101743547
0.0356330008146614
0.0308312502139748
0.0259710162189747
0.0215137079211037
0.0177372725041011
0.0147458583853971
0.0124318698497695
0.0106493767974277
0.00937799735840772
0.00856955791348657
0.00816001658926099
0.0158133650333818
0.0151691310618607
0.0147418116116449
0.0143695197354159
0.0142131730961861
0.0141103616711215
0.0236353794925784
0.0239327666250778
0.0249091129816887
0.0265498168987526
0.0286939700241985
0.031161891732098
0.0337628107627997
0.0363291973422169
0.0387356099081411
0.0407482179579151
0.0420415209350742
0.0424244988097006
0.0416874736135904
0.039359045497286
0.0353073364576284
0.0299984761223725
0.0244455081200907
0.0194404095963322
0.0152505196880817
0.0118474715287723
0.00911109631474319
0.00691179173662394
0.00515461598271941
0.00377064417428308
0.00269931631457025
0.00189329359278919
0.00131939943233054
0.000953688220939356
0.000770343929591669
0.0238780837487649
0.0243427000492193
0.0253034952416693
0.0267250765627343
0.0285213397370419
0.0304185891210582
0.0323817078345077
0.0345976342637071
0.0368689333578456
0.0388366745671759
0.0404181163026994
0.0416782283276643
0.0424929705567508
0.0425999031914537
0.0415744343900274
0.0391537684526927
0.0351535808421882
0.0300535846712033
0.0247371419503436
0.019748362278744
0.0157102366589032
0.0119998022070406
0.00982385473195873
0.00786038763824392
0.00586168168621787
0.00434011765475742
0.00309645972625442
0.00207326308275634
0.00133352517018429
0.000793664119596244
0.000445374551513135
0.000266269276882344
0.0282353031354251
0.0286536057020724
0.0292750181226266
0.0299436346534341
0.0306012863290776
0.0271313663393932
0.0248361350326265
0.0215637668174626
0.0189829236852819
0.0165296409723573
0.0142336809174017
0.012518053314572
0.0110263194860642
0.0095713828134837
0.00816415280483792
0.00709835643808063
0.00620386391732564
0.00546331687496357
0.00485881510553327
0.00438146992473755
0.0040170647143094
0.00374415235460008
0.00356190785365963
0.00340137080975425
0.00330373410390975
0.00325831932801526
0.00324261773071545
0.00324664533275779
0.00325950510373801
0.0032718635181226
0.00328048596777972
0.0295577969253847
0.0274546496700321
0.02427288979446
0.0325035551352723
0.0349999040000478
0.0376064473972339
0.0399957792823578
0.0222281564885296
0.0206601625570507
0.0194274750487528
0.0234177854118271
0.0222557538020652
0.0207549258876759
0.0194074805913938
0.0174795649445793
0.0187903212634709
0.0172595863795426
0.0150804212459086
0.0127789994494282
0.0181347749520425
0.016884789980772
0.0155834550099919
0.0115616108512752
0.0102265176793574
0.00884981547116762
0.00767968712640268
0.00652580326432976
0.00542360617171308
0.00444885458118674
0.00349294649192486
0.0025954984888545
0.00177000133838841
0.00101266468237283
0.000218850993151524
0.0116276504463972
0.0104735313123465
0.00929293284036641
0.00845091610100581
0.00741722980702443
0.0066552245077004
0.00578058250377647
0.00495597841210553
0.00427967260522704
0.00365088762982123
0.00304969592640924
0.00248395418839592
0.0020019814091162
0.00156651917609267
0.00110019650217323
0.000698808170056414
0.000300392437635993
-2.82946889689323e-05
-0.000327871073371623
-0.000588601976904383
-0.000794349734436629
-0.000964066015996518
-0.00109466476245058
-0.00117413566810595
-0.00121403002496255
1.23293001348253e-05
-0.000162348165489355
-0.000302720390416569
-0.000399991327852948
-0.000484009580708829
-0.000533957075665471
-0.000561189270919024
-0.000287175711383767
-0.000754533006917585
-0.00119693806558117
-0.00158632616899832
-0.00194937490218199
-0.00229410392088278
-0.00261255520794236
-0.00290653664000905
-0.0031718765650281
-0.00340755536650016
-0.00362497373289242
-0.00382080972515831
-0.00398854908353745
-0.00412280866305529
-0.00422513946920455
-0.00430400441416952
-0.00435800333507221
-0.00438516595294733
0.0149165838068275
0.0141180730681711
0.0131655974686232
0.0120827521384757
0.0109799606116788
0.00993273800274459
0.00893913329900129
0.00799706588037543
0.00710434836007977
0.00625863443871114
0.00545743635396435
0.00469770413349684
0.00397659607226623
0.00325676554688661
0.015058654215219
0.0145099079768111
0.0139540368926019
0.013404720261289
0.0129251619846238
0.0124634899970813
0.0120255950353234
0.0116262168841019
0.0112568116399396
0.0108852668319705
0.0105079619226911
0.010161044737882
0.00987329868453032
0.00963789081958619
0.00945947772473961
0.00931878986666885
0.00922857909617895
0.00917811666481325
0.00278279669565174
0.0023533259816541
0.00195843576712006
0.00153369284862547
0.0011556994363614
0.0008297795599034
0.000444671908962935
-3.81995105960105e-06
-0.000423683288942688
-0.000778681209031831
-0.00107584500232848
-0.00133255413102641
-0.00156336510870155
-0.00176227875481685
-0.00191955107618562
-0.00202952110028857
-0.00210213869396552
-0.00214257811540437
0.00292755151407322
0.00264043107305187
0.00238902011801589
0.00216575704693715
0.00196291146177826
0.00177595606756598
0.00161047309063733
0.00147624149890042
0.00137615542898045
0.00130986382773684
0.00127581863160013
0.0160417975517651
0.0144460148692565
0.0127427955864659
0.0111924568831121
0.00979047807718756
0.00846351300402299
0.00726116759477561
0.00606942171914133
0.00497741228343106
0.0039628867059464
0.00295928677965123
0.0166061511191309
0.0156037995998582
0.0147297272586617
0.0138114846944971
0.0130905389189517
0.0123120679405876
0.0116844736271685
0.011165449363027
0.0106918820656656
0.0104254262867482
0.010170853185551
0.0100115797817891
0.00993189455235656
0.00256980383904509
0.00224989412740843
0.00198380074501075
0.00173265126304076
0.0015376508854944
0.00137659725596297
0.00126469516046993
0.00118218541703208
0.00113420102341582
0.00232595582635042
0.00173656193572094
0.00118825852907039
0.000676372838095694
0.000197137073700044
-0.000247106885236347
-0.000657196556512279
-0.00104124477316133
-0.00139178626241327
-0.00170834966305326
-0.00200642270339762
-0.00227188607070497
-0.00250700896052286
-0.00271884033516683
-0.00290847868478381
-0.00308383463449914
-0.00324216726430376
-0.00337467556752844
-0.0034744761323151
-0.00355069847321911
-0.00360271760320267
-0.00362867722751992
0.0408694896880627
0.0415719381176388
0.041950078089611
0.0418733961587395
0.0412566887432954
0.0399694978483657
0.0376798613152779
0.0345861543557342
0.0319500157696156
0.0283112738069303
0.0240953160958853
0.0206735482004263
0.017493308072451
0.0145259471019496
0.0120396432094581
0.00972609834039716
0.0409640638100666
0.0417071463926634
0.0421517146319882
0.0422476237143617
0.0419278495060885
0.0410559578520968
0.0393936688154744
0.0366515128737213
0.0328900880242648
0.0286950535590443
0.0247753779571528
0.0214572900216165
0.0185127719997909
0.0152267871508081
0.0083671703025539
0.0069500439922047
0.00573846035080871
0.00474929348595387
0.00383195565220633
0.00308568187092268
0.00244795542201259
0.00180204902560513
0.00132243760747378
0.000908786641435467
0.00057401813296338
0.000293179966342993
7.4089551771301e-05
-8.65996121600448e-05
-0.000194338188824101
-0.000250298859027305
0.00844946491630308
0.00733718483725927
0.00630510908842651
0.00546379014757984
0.00479028879860601
0.00414735968719018
0.00361531414079445
0.00319845485758908
0.00286849920142911
0.00259334088471894
0.00235787452128968
0.00216358327674351
0.00202049563820147
0.00194206848407382
0.0133609500594874
0.0118869326291952
0.0106324841766043
0.00949115491868674
0.00849499992344058
0.00761205553568189
0.00686391763321665
0.00619518559710952
0.00556275601574053
0.00498785631371733
0.00448980086693665
0.00405368213747802
0.00364909678429826
0.00325161567825301
0.0138774638196045
0.0126222106112122
0.0116332523262077
0.0107043580680242
0.0096855567283659
0.0087808462792294
0.00807586527385515
0.00740630661608417
0.00680574863907464
0.00628320580548883
0.00582035004076511
0.00544366853064466
0.00508289182493765
0.00475225095513135
0.00444722643598427
0.00417705071859774
0.00392422054451244
0.00367178730194265
0.00343085739358812
0.00319778354439825
0.00296581198016161
0.00273128996326406
0.00249250493199973
0.0022508778949692
0.00200556531434067
0.00174809846645677
0.00148320764920267
0.00121971039001943
0.000945623690498916
0.000665230973611982
0.000360214268057329
0.00297534923328114
0.00269697205738849
0.0024142567351412
0.00212696842650392
0.00183946981120315
0.00157884187996752
0.00136110396275819
0.00114880259549132
0.000933113964718679
0.000732644442672013
0.000536632753744812
0.000350664034989808
0.000162444016586456
-4.01678031659622e-05
-0.000234184325718647
-0.000416843393379214
-0.000617553485770912
-0.000827564323670121
-0.00103440548398708
-0.00123170738849864
-0.00142744044313974
-0.00163456668487599
-0.00184559991841946
-0.0020514999371973
-0.00225737539473845
-0.0024754331159551
0.00313280584726946
0.00304887080785783
0.00299440766205742
-0.00276120176902103
-0.00311846221756829
-0.00353205294490084
-0.00395502568848528
-0.00435842142101034
-0.00475393201832823
-0.00247797690880063
-0.00247958939891165
-0.0024801908375127
-0.00248041902420261
-0.00502004483460462
-0.00521785399942891
-0.00534599175024056
-0.0054123216074062
-0.00489757052918008
-0.00498901839348169
-0.00503203420319278
0.000100354289044021
-0.000157543324448209
-0.000397103366583396
-0.000635334754946763
-0.000883570000024332
-0.00112981965453891
0.000288226485536861
0.000211918562972664
0.000125619665813807
2.72843425204161e-05
-8.62537897647994e-05
-0.000206608625031631
-0.000354341376927648
-0.000512562909489463
-0.000690360257237297
-0.000885444335529531
-0.00108991547595857
-0.00130934482050095
-0.00153248889126639
-0.00176438010850705
-0.00199375166828435
-0.00220921234677329
-0.00242740057206056
-0.00121442572904054
-0.00128296141203314
-0.00135223626349202
-0.00141837421113392
-0.00148944595261242
-0.00156212926124753
-0.0016368227838478
-0.00171267425225533
-0.00178880845543754
-0.00186207101634677
-0.00193307075529041
-0.00200032954176497
-0.00206099234702772
-0.00211252391254034
-0.00215410609050371
-0.00218619498546578
-0.00220944556064356
-0.00222445356675361
-0.00223203167989714
-0.00128884856345431
-0.00141863243062388
-0.00153497531011735
-0.00162225966656039
-0.00167992703531763
-0.0017100562311726
-0.00258097391332079
-0.00273257288076877
-0.00286293574013942
-0.0029623835721438
-0.00303934780700582
-0.00308910270265961
-0.00311467186635887
-0.00256040927336439
-0.00267908965816092
-0.00276340042180572
-0.0028058050980854
