0.05
0.0376508171140374
0.0354121207753203
0.0319032480529954
0.0360571046260454
0.0339607738125154
0.0320697740355775
0.0376078374823474
0.0359419998329585
0.0339905724439693
0.0335454480198147
0.0338180123758659
0.0342920114483636
0.0351113486830957
0.0359406744658053
0.0376802062721943
0.0308717757631438
0.0246758065714387
0.0238069104862122
0.0204968335225189
0.017332871585819
0.0166435341663972
0.0163422957494037
0.0161464890376835
0.0160725151775169
0.0163587876079412
0.0171664368600135
0.0183675474277322
0.0199023707115596
0.0217292245557022
0.0238065708909187
0.0262056671783272
0.0375043793421891
0.0359867373789766
0.0340841040506441
0.0326538522184106
0.0315834403837219
0.030846307791749
0.03033983678644
0.0299073081523458
0.0307997130983602
0.030076199802789
0.029371698903792
0.0285732258552215
0.0272602302021822
0.0296314531727275
0.027635230752271
0.0256058889381116
0.0256242620512752
0.0236213751640703
0.0214924296245302
0.0195666170528519
0.0176476068685918
0.0157913382181332
0.0142005599278515
0.0127074171545993
0.0112716756300169
0.0100135865185901
0.008846217001483
0.00778091746877721
0.00677817344644175
0.00587844446893076
0.00507605242386875
0.00430945577087212
0.00360174046050889
0.00291488587156759
0.00222176025503953
0.00153853664900691
0.000904331803104635
0.000328137843731168
-0.00017994858440206
-0.000614808545611581
-0.00109587492014015
-0.00161394820350767
-0.00208678590652146
-0.00251630853014951
-0.00287615608449283
-0.00318132807329209
-0.00342652256233562
-0.0036083350716007
-0.00372874354940042
-0.00379066462946933
0.0276052987786288
0.0276855380475471
0.0276018640527879
0.0273474142715551
0.0269885191079635
0.0265821745385134
0.0261284203605738
0.0257594678292079
0.0254515715342231
0.0252130534285722
0.0250838887959237
0.0245474094742576
0.0231790726890936
0.0213354939826044
0.022995761634478
0.0196229165973376
0.01611324958158
0.0208079915070761
0.0202232226773669
0.019571997978713
0.0201717420631881
0.0182804423286038
0.0160080719708096
0.0143758988521617
0.0129574853837635
0.0114553945165995
0.0099889854189923
0.00884776198501559
0.00788836670836872
0.0069748486574167
0.00620555868597947
0.00554547134684498
0.00502755087175321
0.00466304272131819
0.00443439014955476
0.00430767767521206
0.018405131708429
0.016626475005382
0.0144358561427974
0.0123330186638057
0.0105521924146378
0.00884459041725351
0.0187483304652223
0.0179689466328102
0.0171556101088238
0.00800812031792953
0.00725737008306233
0.0066856412360536
0.00628778391882648
0.00605113799151363
0.00599428943326384
0.00610762725237696
0.00639155705351683
0.0068871421435018
0.00764332011188023
0.0086954401070623
0.0100623179241077
0.0117750879049904
0.0139113333930286
0.0165334676887592
0.0196374618085349
0.0231075916151309
0.0267712141185011
0.0305070266350334
0.0339683729363693
0.037242107615335
0.0399418558812046
0.0418819158964794
0.042841103741475
0.0425472959552638
0.0405036910861498
0.0365771634958922
0.0309614353584773
0.0251731780390219
0.0204653706185348
0.0167076300269354
0.0139366107081055
0.0124387679710254
0.0114230604612401
0.00810368592967906
0.00752098522960052
0.00710205364042161
0.00678745171943539
0.00662782598388542
0.00663964181056227
0.00681971120136277
0.00720582101407905
0.00780465363973566
0.00865873579648653
0.00978972114973235
0.0112496264788286
0.0130855423274362
0.0152633317775974
0.0177054773992103
0.0204942587135882
0.0233696065180941
0.0260785401538553
0.028560258393586
0.030778202619052
0.032614810512579
0.0339247671850491
0.0346246457750733
0.0159106149102768
0.0147204467420606
0.0136299536973762
0.0126606857118488
0.0118024296750492
0.0110336435407621
0.0103409432175727
0.00974502650867304
0.00925434896027892
0.00886077646581893
0.00856272969260598
0.00836298917479102
0.00825976089296192
0.0159593397252217
0.0147531475265369
0.0135899311521634
0.0125472307324272
0.0115848416680879
0.0107118945747063
0.00995918205370568
0.00927621037732797
0.00855342598952106
0.00781132312487042
0.0071071921885336
0.00649422369939569
0.00597424042430655
0.00552065489616766
0.00515072475316585
0.00486015844444755
0.00465407917826445
0.00452036471170694
0.0044317006253878
0.00436355316902436
0.00433487031113888
0.00435547531618875
0.00443608757806926
0.0045682591014471
0.00476357789042302
0.0050484997092516
0.00544280835881297
0.00594580926663184
0.00652696940925711
0.00714798383283528
0.00780914933899874
0.00851402803705777
0.00917064187753122
0.00982143829774942
0.0104585793972559
0.0109176184197589
0.0111722343021191
0.0145666623657
0.0131689973207119
0.0118858522962293
0.0105919969872289
0.00946351097969055
0.00824976393759498
0.00717453734978839
0.00625130373452923
0.00527731295456385
0.0043795862513939
0.00374581424912096
0.00281592296365232
0.00221039337133294
0.00147462029320569
0.000724243693042066
0.000165703402004081
-0.000188696842346641
-0.000545411418653873
-0.000846522210685311
-0.00106732064707484
-0.00121934546327617
-0.00129226471330761
0.0148389577636715
0.0136035859454982
0.012404301256461
0.0112488652892271
0.0101884265489177
0.00921799220548485
0.00831929209490368
0.00742533345040481
0.00667836692531255
0.00592692631310467
0.005174092487936
0.00445133614156643
0.00344996503698616
0.00246731806511677
0.00158706050676346
0.000790558670220594
9.61881651279523e-05
-0.00052319266302029
-0.00102964255003659
-0.00154070486249509
-0.00199250859050264
-0.00236091185679825
-0.00265070456937994
-0.00287200250964863
-0.00301577283216125
-0.00309225889234695
0.0314249016843802
0.0306858376425527
0.0297488856281888
0.0316262921826808
0.0315047491563432
0.0316722942500119
0.0291906776988808
0.0284858813227011
0.0275467948446089
0.0298888649223421
0.0307133094738042
0.0321406011823215
0.0333796597710937
0.0341496425920793
0.0344926910314008
0.0342503075886591
0.0333258844811812
0.0318479338170781
0.0298103172061292
0.0275128586665534
0.0251585837117858
0.0227168488981159
0.0197499414604258
0.0164763073764854
0.0139821941502215
0.0113674180965818
0.00945698810505823
0.00767246009303632
0.00619143300641997
0.0047419455388541
0.0034658159022509
0.00237931334997515
0.00139013250381569
0.000498156372394463
-0.00028983870642267
-0.000991894045451898
-0.00156373755796734
-0.00204665426428212
-0.00250423859334356
-0.00284794613890108
-0.00309346033475962
-0.00325587642261262
-0.00334038588749007
0.0265935545429501
0.0254672384590655
0.0243435349060721
0.023362072818654
0.0226075556097605
0.0220523880436072
0.0216831125751744
0.0214666725928843
0.0213742886178746
0.0213591886271976
0.0213841323745373
0.0214181666211334
0.0214418308139126
0.0241339651317032
0.0211564501706308
0.0177349755331965
0.0163273648554481
0.014891996346278
0.0134025484073342
0.0163419095008911
0.0148103488497638
0.0130825570419466
0.0115859703464223
0.0102550574131831
0.00905166699180576
0.00801038252484965
0.00712485278043625
0.00636838232933487
0.0057563240089227
0.00526673364088063
0.0048901063436462
0.00462843139300012
0.00447114838279856
0.00442001522314223
0.00446999500968073
0.00461268162582114
0.00484436003586335
0.00514611377616726
0.00550672499426237
0.00592265677005599
0.00642507960570484
0.00695802718377196
0.00745696353936501
0.00787476019193195
0.00814875275261623
0.0083159911318744
0.0122603815484626
0.011016782084003
0.00969608014036329
0.00842465116200058
0.00737803802168181
0.00643088818237513
0.00552288274436093
0.00477511803923694
0.00418300317034988
0.00358689950575508
0.00302784246651577
0.00254171699421242
0.00216157625308942
0.00188210089502267
0.00162064331659717
0.00141460455937071
0.00125704083443505
0.00114920309822077
0.00108300111513937
0.00105135036467047
0.00103715794325697
0.0010339793187225
0.00103764697846107
0.00104106054717746
0.0121150081018261
0.0108738460955263
0.00982814766639113
0.00882163512245809
0.0079996364007039
0.00718964763303856
0.00647534950790049
0.00595201521050247
0.00551678630159806
0.00513776778426557
0.00487565871909414
0.00472127331529253
0.0323027710175792
0.0333115517882947
0.0346280766292384
0.0361640674630411
0.0374345177996901
0.0382560833714245
0.0387370234933917
0.0387938811717136
0.0384083440676285
0.0375495070798516
0.0361619503874169
0.0343543641908266
0.0323208715540248
0.0298312169285902
0.0269986288662605
0.0243197711721059
0.0220313214638525
0.0200834066224654
0.0184673459215547
0.0172073797843625
0.0163139882138266
0.0157377829323229
0.0154073965331101
0.0315146361808331
0.0314177000859586
0.031286478629894
0.0309674716346889
0.0302872779356133
0.0291882588744411
0.0276960775113558
0.0258557861848479
0.0237919559893314
0.0216378357072259
0.0194944310931989
0.0175032784491468
0.0155631703372806
0.013695951597249
0.0120207487812805
0.0105322705416436
0.00918473547068982
0.00794798015896598
0.00681443741371119
0.00579429365382964
0.00486724323936555
0.00402674179228712
0.00328634123503807
0.00260370658026738
0.00187396296636108
0.00115217979744625
0.000498042980952615
-8.67149619834445e-05
-0.000584045090965697
-0.00100392006353039
-0.00135739814606714
-0.00162969641765469
-0.00184323811935344
-0.00197427587447572
-0.00204629633609457
0.0354208139177747
0.0343624454409033
0.0324309064977872
0.0369820474314726
0.037745951276891
0.0381191810071668
0.0321779916815011
0.0311644822833911
0.0295883152487637
0.0277154826057158
0.0260332910990798
0.0244713847382209
0.0232177708978654
0.0223648306847504
0.0219309099165559
0.0288488545291244
0.0248987971054445
0.0207894662406793
0.0166724720589938
0.0144923428523265
0.0127030005183559
0.011005622440938
0.00947496284211609
0.00815269970967194
0.00694636594714637
0.00586130567260478
0.00488069236551312
0.00398409907938078
0.00316247139018608
0.00239877972385666
0.00169226499276728
0.00104732642242991
0.000473547791013633
-3.67471630998352e-05
-0.00054026281470155
-0.00104726304332031
-0.00150752174492939
-0.00192577286469058
-0.0022961998817824
-0.00260885261048357
-0.00286660518760237
-0.00307684433965345
-0.00323399088073004
-0.00333739475209877
-0.0033909247002176
0.0151955419341788
0.0140748476743666
0.0132569156514543
0.012456100442542
0.0120904879205256
0.0118321054809541
0.0275387345138678
0.0292871253801167
0.0314748980960227
0.0339350299937778
0.0364186906312816
0.0387600532520079
0.0408140095778425
0.0424565821770186
0.0435687565404408
0.0439349548766079
0.0433167621432095
0.0415546688521574
0.0383118754769611
0.0334989021302816
0.0281160519747114
0.0230156855170133
0.018655777985218
0.0151289445083424
0.0123443184325625
0.0101662968246544
0.0084649115685539
0.0071298596702212
0.00608429468835725
0.00527399961760946
0.00465457376724258
0.00419285320904577
0.00386623086736476
0.00365896018325829
0.00355529433206003
0.0277126628578792
0.0292580926882558
0.0310286876776375
0.0329468198332441
0.0349403610529415
0.0367871967241306
0.0385206842583318
0.0403089502596016
0.0419671666136252
0.0432355757676136
0.0440829344866376
0.0445207858165482
0.0443832448295633
0.0433273196542487
0.0410486673639309
0.0374622691905914
0.0327135366830582
0.0275713695543688
0.0227520789687347
0.0185139056443933
0.0152230240495387
0.0123037700388858
0.0106371175258605
0.00916769919312911
0.00771283563874319
0.00663387316020499
0.00576869530428396
0.00506742803393717
0.00456595480805238
0.00420278698801408
0.00396966695144191
0.00385013689631162
0.0292678289695115
0.0284109541677661
0.0274005306622577
0.0262579437642978
0.0248456496421606
0.0299823872782415
0.0304259630342062
0.0311964922990835
0.0317764558298601
0.03216390776432
0.0321923750937135
0.0318087215424078
0.0310136733827138
0.0297292501720988
0.0278987171150084
0.0260152744154489
0.0240175715855847
0.022020849343772
0.0201044366040614
0.0183431072024521
0.0167735744195871
0.015373065300995
0.0142251577304521
0.012904419780465
0.0117505326770712
0.0108672998128613
0.0101256389743525
0.00952210107473399
0.00908919619547136
0.00882075426562697
0.008670243415888
0.023185528245471
0.0201956849394265
0.0162130181462857
0.0242831756466837
0.0230431834211502
0.0212048958761015
0.0189387233319527
0.0141150780842117
0.0126170372741496
0.0115016968324087
0.0147868352010441
0.0134594561647699
0.0120735629105378
0.010971636402762
0.00951759582291672
0.011027909095927
0.0100313960476989
0.00868115209990649
0.00727878472479344
0.0103473992353564
0.00929440113456374
0.00823514485597178
0.00663153742823917
0.00592233679451925
0.00518657446662755
0.00455445048645349
0.00392274185720103
0.00331023561273561
0.00276125429425421
0.00221788599448191
0.00170702452836458
0.00124192499276644
0.000825259457083482
0.000404950980847545
0.00649241277001737
0.00569265440303267
0.00485885003645319
0.0042521117434755
0.0034907054690185
0.00291600266962603
0.00223982360774763
0.00158362568217177
0.00102969227267151
0.000499914940872177
-2.182642321404e-05
-0.000528606275765568
-0.000974781763699554
-0.00139112359826127
-0.001851176083793
-0.00225834411705706
-0.00267328871040965
-0.00302400197070555
-0.00335063235048479
-0.00364048771314697
-0.003872921429847
-0.00406719348012803
-0.00421828896252616
-0.00431090093729
-0.00435759324808021
-3.41336134601535e-05
-0.00042932609614943
-0.000763949810272801
-0.00100494080143311
-0.00121983130364438
-0.00135041939193925
-0.00142262292183842
0.000477594147125223
0.000578186832158582
0.00070418934176527
0.000840958509333831
0.000992727486401523
0.00116255929930624
0.00134769432361775
0.00155066712603202
0.0017698140449973
0.00200331015638569
0.00226224376300163
0.00254265101672344
0.00282849327000204
0.00309470120009345
0.00332394766285247
0.00351860353649484
0.003661952226307
0.00373737535484344
0.00774371730124769
0.00716485086683965
0.00647977297381058
0.00570190385466589
0.00490724710804534
0.00414831702682814
0.00342321697788182
0.00273064977522021
0.00206959235379079
0.00143904538335961
0.000837919208936194
0.000264644553654486
-0.000282283244683938
-0.000830753255755396
0.00776736231348029
0.00728507333572138
0.00680021831857347
0.00632269427015019
0.00590593769428927
0.00550397047557316
0.00512122452673197
0.0047702466515209
0.00444360980751546
0.00411302887615392
0.00377527389315619
0.003462931304505
0.00320250822129715
0.00298846783505272
0.00282561676713818
0.00269679294495965
0.00261400609676846
0.00256762793471145
-0.00118795523712433
-0.00151385116405548
-0.00181565299496245
-0.00214319982797686
-0.00243823267249309
-0.00269612209571156
-0.00300533313894013
-0.00337108617870296
-0.00371891421261644
-0.00401745942103468
-0.00427079694889486
-0.0044923468720975
-0.00469381459077616
-0.00486923762950422
-0.00500914863591926
-0.00510762235416346
-0.00517295003612522
-0.00520944354298295
-0.00108694149258042
-0.00131238478048494
-0.00151148504663271
-0.00168974123133239
-0.00185294305780289
-0.00200441322224869
-0.00213929077888897
-0.00224923685702985
-0.00233153435135941
-0.00238619794380863
-0.00241432120574948
0.00860985220362409
0.00762969144454273
0.00659419504750951
0.00565080162488254
0.0047926052621577
0.0039740550732162
0.00322654462712518
0.00248005147980406
0.00179126577895595
0.00114725338545453
0.000506138830678096
0.00874634771238011
0.00789560433984018
0.00716802918986875
0.00641048746778464
0.0058161452780287
0.00517199453981817
0.00464908563630662
0.00421333312349881
0.00381255182905246
0.00358568738759987
0.00336782432441753
0.0032309761847268
0.00316234401818275
0.00014805328382232
-0.00015964684115328
-0.000425232525686401
-0.000684571755084768
-0.000891875036877691
-0.00106725123269733
-0.00119132536858458
-0.00128407064195093
-0.00133854267939329
0.000188995662014918
-0.000107204129103497
-0.000387206187032396
-0.000656322082536735
-0.000919048560600084
-0.00117593208075169
-0.00142832155342202
-0.00168166133810245
-0.0019305662278348
-0.00217262696398366
-0.00241795466567402
-0.00265253614207322
-0.00287461269471271
-0.0030876642007869
-0.00328967957250921
-0.00348598094559609
-0.00367065778881375
-0.00383054721554341
-0.00395412810068387
-0.00405036967764134
-0.00411698962891919
-0.00415052255935825
0.0178320688667453
0.016485773624144
0.0150444356807732
0.0136516607976482
0.0123329771527942
0.0110591237631726
0.00973616064413481
0.00852494982225654
0.0076910103359535
0.00667807727223505
0.00557363760451221
0.00466377633758745
0.00377445240046302
0.00288385132675774
0.00208016320828673
0.00128068046567752
0.017895614193025
0.0167394553577754
0.0155741865900195
0.0144510794288153
0.0133566096460234
0.0122753994507925
0.0111858853428539
0.0100879749406669
0.00904202878077268
0.00810475327527262
0.00730914595276267
0.00665156181869888
0.00606360379547609
0.0053934301248174
0.000761691275292728
0.000171819579187248
-0.000373534476920706
-0.000850175380516554
-0.00132039921155856
-0.00172416710339179
-0.00208526938668668
-0.00246720087058887
-0.00276122338424182
-0.00302227143597417
-0.00323862412740759
-0.00342370061577027
-0.00357034775450056
-0.00367916877852312
-0.00375274032876911
-0.00379115368772258
0.000835340983727494
0.000414933039671321
-4.51845033081375e-06
-0.000369301509525508
-0.000677874927937134
-0.000987987437790941
-0.00125687980293783
-0.00147590320131504
-0.00165487856092309
-0.00180818370288076
-0.00194242984503438
-0.00205536348765596
-0.00213978556602695
-0.00218650277639842
0.00491603317893098
0.00451764595255757
0.00416126898862413
0.00382206040872818
0.00351436704927497
0.00323335608675221
0.00299056861856322
0.00277164846375598
0.00256523331618205
0.0023809434553359
0.00222678146319628
0.00209872300774311
0.00198844981077308
0.00189089257981138
0.00520469619107188
0.00503448045060664
0.00490950764630895
0.00480694961093222
0.00471746606356545
0.00466675941086999
0.00465910271131866
0.00469290277050601
0.00477039957231805
0.00488942343970118
0.00505095739738222
0.00523404412717877
0.00546504586223792
0.00573477317063311
0.00604060110019248
0.00636111842258027
0.00670424766745141
0.00708666117013346
0.00748431868500829
0.00789393616054659
0.00832060232934786
0.00876713767103835
0.00923620869768091
0.00972892499433301
0.0102569632504782
0.0108584477080618
0.0115550421929725
0.0123612252553214
0.013359333879654
0.0145892811946688
0.016195578551702
0.00187449688111206
0.00187385232107346
0.00189062801823558
0.00192679252457087
0.00198375315740973
0.00205515866157498
0.00213093204282377
0.00222068225192182
0.00232956743696772
0.00244815163687202
0.0025816438718325
0.00272576753062079
0.00289067847165559
0.0030909851538914
0.00330572563418681
0.00353068684704899
0.00380712070561098
0.00413492884702906
0.00450366694893224
0.00490561398545319
0.00536085251933875
0.00591331883410816
0.00656241127219469
0.0072913444751474
0.00812601354428879
0.00913453113668042
0.00180976976816636
0.00175123510031514
0.00171265309859657
0.0111408613525978
0.0139047989798966
0.0173994856933827
0.0212474401353143
0.0251060350072844
0.028956985817762
0.00850454478213894
0.00789898437899835
0.00755977577072597
0.00735980024140304
0.0316489635464154
0.0336527599455355
0.0349506614758283
0.035621947747384
0.030247214438449
0.0310664579259788
0.0314530398119943
0.0179647165827554
0.0201012905725021
0.0224328226184925
0.0250625437303755
0.0280859801434129
0.0312870049422626
0.0165036310864868
0.0171782093849288
0.0182371675845613
0.0196700746181787
0.021474223938345
0.0234455248577068
0.0258515454265123
0.0283384901507049
0.0309822297414287
0.0336819237627924
0.0362841901814136
0.0388212766358042
0.0411251689090995
0.0432069110222464
0.0449197283819812
0.0461731410442224
0.0470511069359345
0.0339123796674234
0.0361411247496103
0.0383723263559346
0.0403555688817602
0.0422221164103968
0.0437782860465552
0.0449780175724761
0.0457727239868116
0.0461214375498219
0.0459694842094203
0.045221147729209
0.0436898830494633
0.041215030743398
0.0379038796322094
0.0342146564550154
0.0307109530842594
0.0278392138847551
0.025855263962274
0.0248186685370591
0.031875875202908
0.0324188567264919
0.0329637036615893
0.0334084035828398
0.0337186700361915
0.0338860230569731
0.0468085131018202
0.0459049904162398
0.0442009052485441
0.0418322343250578
0.0389673244130467
0.0364854821861531
0.0349837819785264
0.0479598079304342
0.0485337097123946
0.0488286872685749
0.0489446876664452
