0.05
0.0373489195231868
0.0346103507244814
0.0301002082757902
0.0357489758351445
0.0335679863547434
0.0315229685550882
0.0373562855827142
0.0356745590324481
0.0336438422878719
0.0330584507785482
0.0331237479132242
0.0333653094693754
0.0337488881033261
0.0338303283443745
0.0374747718530229
0.0330763135627756
0.0293816127640555
0.0288830361461129
0.0269764419060455
0.0250328791912335
0.0245296105706368
0.0242203452177678
0.0238462766060801
0.0231639555042453
0.0217569625597844
0.0198687025518414
0.0180463997052654
0.016353711562218
0.0147877656064318
0.013332959742053
0.011902076446511
0.0372192552281156
0.0355550774002547
0.0334028875797346
0.031720147612617
0.0304023943118747
0.0294533895497044
0.0287751678488711
0.0281890410211874
0.0282162001898426
0.0264788079005999
0.0244668918597994
0.0224243368767471
0.0198416177180609
0.0272166090171096
0.0246516857744331
0.0220741080274188
0.0184025427192262
0.0168230739855612
0.0152638037128782
0.013911222780585
0.0125921337723117
0.0113257023565658
0.0102387734073366
0.00921320264149783
0.00822055506199215
0.00734558655373317
0.00653029388927402
0.00578471640714861
0.00508299969810228
0.00445483989514011
0.00389698866339063
0.00336721226960761
0.00288186827682387
0.0024149015403436
0.00194793546644613
0.00149187169656403
0.00107255653664553
0.000695558463597341
0.00036706593507847
8.95487602667134e-05
-0.000213170293490519
-0.000534341798992141
-0.000822922112687018
-0.00108047227161211
-0.00129206343721946
-0.00146787445791444
-0.00160633189831505
-0.00170720902665404
-0.00177310777251953
-0.00180669226374809
0.0190198070395439
0.0183878138662333
0.0177304711192141
0.0170645257239979
0.01647952194922
0.015976946375269
0.0155137533274403
0.0151816009757637
0.0149266016957661
0.0147404002814958
0.0146431193056549
0.0207028470836411
0.0190152438244444
0.0168402640719097
0.0190283930415538
0.0154155780339694
0.0118846925970515
0.0162549399317133
0.0156142275620537
0.0149084663937108
0.0153791309937634
0.0132048534083889
0.0107583536881391
0.0090717644001205
0.00764060719068928
0.00614912944848055
0.00470931208492179
0.00359700893555041
0.00266689190176018
0.00178534561035795
0.00104598247941154
0.000413775362006901
-8.08311432020874e-05
-0.000428135993940742
-0.00064563205252239
-0.000766026063690441
0.0138313232610351
0.0124045868858239
0.0108148680531745
0.00945017257675587
0.00845321096862472
0.00769135967293626
0.0140050913331055
0.0131642479456679
0.0122988329042538
0.00729697104217159
0.00716318020668128
0.00734140208773455
0.00783788511092311
0.00870936934418315
0.00995818775233193
0.0115269930294884
0.0134979808254712
0.0160168742251216
0.0191146912852736
0.0226510997171755
0.0263575587467506
0.0300023304321925
0.0334644786221223
0.0365842028447908
0.0391396980602587
0.0408587563198359
0.0414602385549368
0.0405787106114322
0.0378932824638149
0.033095634770807
0.0272521321489359
0.0215733321588859
0.0163952442458669
0.0130821121139342
0.00959751662064329
0.00702138808553181
0.00492828246925942
0.00331012765782275
0.00212916218175604
0.00121625558540036
0.000544854003980836
0.000180105572589668
-6.87477605541221e-05
0.00758750541021285
0.00778212681341264
0.00828755471407491
0.00926598794719104
0.0107021512917231
0.0126045356432516
0.014878046206762
0.0178056556607227
0.0211509381322813
0.0248551806030827
0.0286601513212571
0.032423611360598
0.0359978523695959
0.0391550033038215
0.0417379831704098
0.0437674661327984
0.0450053517798883
0.0454023427382369
0.0449957984955652
0.0437575502759253
0.0417843564040003
0.0396276429052679
0.038152968114269
0.0108853653870994
0.00958099184991787
0.00841369036951434
0.00739209679444058
0.00649662233655378
0.00569985050541099
0.00498514191666792
0.00437208405029479
0.00386822060452369
0.00346453683752865
0.00315905089179026
0.00295441175654416
0.00284867616323731
0.0111742606312991
0.0100987459060685
0.00910856065497666
0.00826010354830622
0.00751298260406328
0.00687090195975618
0.00635314171254495
0.00592255382991234
0.00551715954040127
0.00516229951023876
0.00489666223799922
0.00474944660063062
0.00472408036431064
0.00482355222704374
0.00504765922685196
0.00540077853374311
0.00587599322990762
0.00646417427328273
0.00723513551390645
0.00856565056901111
0.0105070277040333
0.0125580317295712
0.0152317095928013
0.0180058682446055
0.0210502775663459
0.0244526716038913
0.0280406757392562
0.0315192228110903
0.0346238629040985
0.0372629083352797
0.0395520542824162
0.041556855233593
0.0431047910640642
0.0443914215198929
0.0454618588842326
0.0461412176168986
0.0464870693144993
0.0103344852669159
0.00898298414625586
0.00777614209580415
0.00658859748222409
0.0055754684423465
0.00450923798061144
0.0035849483918584
0.00280726567287029
0.00200389433956623
0.0012785353149891
0.000774412557398701
4.71036799504735e-05
-0.000418750316592654
-0.000976006089685918
-0.0015343379847817
-0.00194334933693631
-0.002199896915411
-0.00245552117783905
-0.00266922833139255
-0.00282471395912985
-0.00293113500504094
-0.00298199813377973
0.0106727732171305
0.00954909086910853
0.00850033459711481
0.00752736753483455
0.00666745921596134
0.00590990251840514
0.00523540188136981
0.00459293062734555
0.00408057799358502
0.0035916704060446
0.00313097016664476
0.00271340165349773
0.00216453891549971
0.00165263562778232
0.00121747516295026
0.000845050412265371
0.000538395783554502
0.000280527509212492
8.21620841583007e-05
-0.00010417720870866
-0.000255283099770785
-0.000368037826608586
-0.000450089036255704
-0.000508607705033604
-0.00054463072661427
-0.000563094333172789
0.0309042579506018
0.0302133312768106
0.0293722294315087
0.0308405402196807
0.030435636155179
0.0302319371280471
0.028916682843926
0.028358776448171
0.0276380651391921
0.0293973169213291
0.0302520237612256
0.03198549817424
0.033772754780541
0.0352911300932085
0.036738716405594
0.0380601582799648
0.0390528553154855
0.0395663860962077
0.039556862322146
0.0389162613465255
0.0375739946144981
0.035335626653911
0.0315396313672887
0.0264125959340931
0.0221487926092897
0.0175796397460107
0.0143174051579362
0.0113850574822724
0.00905790117198991
0.00688599575191974
0.00506305220484698
0.00357643418167846
0.00227421711970922
0.00113987393995738
0.000167354328629537
-0.000677183426196052
-0.00135100841579245
-0.00191076526606546
-0.00243355660342808
-0.00282180698342814
-0.00309691084402433
-0.00327789875795436
-0.00337175155834933
0.024459953460827
0.0206554273829827
0.0170091172342441
0.0139224077670042
0.0114922470166126
0.0095249886635586
0.00794907301697426
0.00667608495948447
0.00571732277129717
0.00499804089871372
0.00448850561475686
0.0041662627107951
0.00400249437135458
0.0270747762223092
0.0269766023194753
0.0272554822021615
0.0271529580476225
0.0271631441530575
0.0272878044336926
0.0281611921440379
0.0295836104334071
0.0316074492034496
0.0337024165976773
0.0358441843676411
0.0379825454808226
0.0399159753695424
0.0415021117725006
0.0426296599924741
0.0431161052712863
0.0428236665635401
0.0415352228443138
0.0390685610116512
0.035308453660277
0.03071205774143
0.0259605050982584
0.0216634511448899
0.0179363084969434
0.0149541123664993
0.0126102278076781
0.010738094172816
0.00908689123426085
0.00772704990703566
0.00669385325748195
0.00595968382826361
0.00552820135679535
0.00528373443434259
0.0286886637821653
0.0305886902870291
0.0329556871067678
0.0354994270024011
0.0377234080784379
0.0397615832465701
0.0416087405029035
0.0428756136099131
0.0435416067469087
0.043669264226966
0.0428734311507285
0.0407886751751907
0.037516734343244
0.0337577475747059
0.0289533765647083
0.0242615314777759
0.0200384453414052
0.01660715656713
0.0139455227359785
0.0121857865628605
0.0108725118015196
0.00973735568866786
0.00892406979542899
0.00855386024009781
0.0264119749570229
0.0257460838113219
0.0253407373829223
0.0251007252868504
0.0250204827482697
0.0250508387396608
0.0251716696877053
0.0253197983545458
0.0254876058715699
0.0256669283402959
0.0258063768036867
0.025894832556272
0.0306103717168018
0.0312013155242561
0.0318902351258832
0.0325171861925435
0.0327522495980085
0.0325454903855886
0.0318738286899153
0.0307276782353632
0.0292674548080315
0.0275064366080692
0.0255228346200525
0.0235542329846686
0.0217600675735338
0.0198921389914646
0.0179942677458348
0.0163230303434345
0.0149485832362654
0.0137976162704574
0.0128457384111613
0.0121005318398224
0.0115685436454487
0.011223224728264
0.011024198209371
0.0298014520491213
0.0292942872958279
0.0285874179813382
0.0274932035307099
0.0259747247059537
0.024189463627488
0.0222689016473475
0.020277188564806
0.0183050096791325
0.0164100994871608
0.0146161898217047
0.01299099386006
0.0114224380385636
0.00991200201368712
0.00854810301291021
0.00732537547072715
0.00620773029142106
0.00517202628558671
0.00421380368746579
0.00334370546751091
0.00254631621047801
0.00181757216009583
0.00117065002763574
0.000569579700314011
-7.76996165441927e-05
-0.00072178045162464
-0.00130860943014447
-0.00183563779091912
-0.00228559223610025
-0.00266663347080154
-0.00298819626873697
-0.00323635936369702
-0.00343124053176383
-0.0035509354928949
-0.0036167589369577
0.0324688596547058
0.0303805484550803
0.0272819368322639
0.0353887967540347
0.0366096386671845
0.0372320173888071
0.0258288570312431
0.024042636006303
0.0222025296878569
0.0204762614690061
0.0191297208971145
0.0179879364370798
0.0171236238150554
0.0165557309122892
0.0162721003445031
0.0236017838573659
0.0201178914659063
0.0167937466780392
0.0135862487591217
0.0119073642226689
0.0105331496446801
0.00922675809196605
0.0080426563298812
0.00701310430003774
0.00606715384793582
0.00521011421748457
0.00443012381529629
0.0037122792226447
0.00305057720348386
0.00243243851162383
0.00185829020185124
0.00133270979187413
0.000864461899022742
0.000448079993949282
3.79176484462941e-05
-0.000373733219579807
-0.000745544315115958
-0.00108108856170496
-0.00137569242235617
-0.00162191430578156
-0.00182285337649886
-0.00198514758698386
-0.00210540887530738
-0.0021840132425404
-0.00222452550359863
0.0124397455560217
0.011577952025181
0.0109515425736328
0.0103393567199338
0.0100598795327665
0.00986230119978066
0.011218087792127
0.0104914693479929
0.00971228615566149
0.00891764769881776
0.00815116326938558
0.00741980627214518
0.00672170392454874
0.00604773186538733
0.0053765254416871
0.00470597412478579
0.00406465426789805
0.00346403380207816
0.00286081487578658
0.00224686167299046
0.00165729333352767
0.00108605829286622
0.000533594745051503
4.59854129476606e-06
-0.000496074542016338
-0.000963915985466159
-0.00139583372797079
-0.00179085626515122
-0.00214583735575677
-0.00245608033779512
-0.00271867964337615
-0.00293141505150065
-0.00309193284728695
-0.00319857849891449
-0.00325344864002017
0.011085904277259
0.0103942428849544
0.00971616286594991
0.00906826145516336
0.00845236497457869
0.00790838963763618
0.00740215909710961
0.00686221015484374
0.00630980835056305
0.00579927611576735
0.00532844932717145
0.0048439028882045
0.004313718065548
0.00369880350863829
0.00307791504003889
0.00249164702347467
0.00192428276469392
0.00137751891834703
0.000848710655905102
0.000325209516447518
-0.000150376521031277
-0.000653897898269021
-0.000988460913812081
-0.00132597410875439
-0.00172055538957542
-0.00206581713645246
-0.00238021855849702
-0.00266375768987694
-0.00288477911701738
-0.00305595038090765
-0.00317129001686535
-0.0032322772766572
0.0277457098240899
0.0273629841813211
0.0271540088910073
0.0271307901825474
0.0272704136860875
0.0278062050212433
0.0271357605317429
0.0262571079149344
0.0254844636949033
0.0245593870055339
0.023406745309981
0.0222752400066385
0.0210361768054948
0.0195855259812501
0.0179316105059353
0.0164737561029869
0.0150682844201639
0.0137366439711703
0.0124877244434471
0.0113418463166666
0.010308226904498
0.00936661379033494
0.00857565051162578
0.00764089925034368
0.00680231217867371
0.00614573458763822
0.00558365675713276
0.00511861252623992
0.00478072396025657
0.00456937127250042
0.004450183460246
0.029177336780987
0.0324044906187262
0.0364569199305929
0.0255396841101313
0.0232207426144551
0.020772815059599
0.0185654074028544
0.0386733714610873
0.0402169855726537
0.0413425369115284
0.0375685571522898
0.0386227985275102
0.0398124576883839
0.0408308358681166
0.0422453279735375
0.0417451416280756
0.0424678030582165
0.0431611316991558
0.0432510061089106
0.0425184756679354
0.0435441840536706
0.0445068179046451
0.0427551998592048
0.0408658988048612
0.037137214419978
0.0324441149995997
0.0269110338698593
0.0215619921936645
0.0172239737312188
0.0134720543072408
0.0104014010640954
0.00791663665990021
0.00587236181314239
0.00391186214591283
0.0428640440271843
0.0414976130143857
0.0387541760195537
0.035790340838102
0.0310262591294989
0.0270937435228442
0.0225104256637724
0.018471340080341
0.0154848754806991
0.0130010094418696
0.0108855852924282
0.00911520444346957
0.00776803041471792
0.00667143904838702
0.00560532260853861
0.0047583527611875
0.00397582205650535
0.00336890597549947
0.00284402060111421
0.00240735192457274
0.00207490163443379
0.00180837876307999
0.00160782848891785
0.00148759157601224
0.00142775624835282
0.00325007155553874
0.0027335397171469
0.00234618127436025
0.0020912429041434
0.00188030515656708
0.00175857904873727
0.00169345977422188
0.00290273485396058
0.00204794066616676
0.00129882897013442
0.000680739848617106
0.00013478418684627
-0.000359947551712886
-0.000799045645383696
-0.00119090586839882
-0.00153469436272361
-0.00183297322010552
-0.00210273440209202
-0.0023416410496668
-0.00254343676090359
-0.00270320256398854
-0.00282398518411896
-0.00291649981438669
-0.00297956272488767
-0.00301119922967619
0.0447335366502656
0.0448851014270138
0.0448796420921519
0.0445870914306663
0.0438775413260139
0.0426291002182293
0.0406854148919176
0.0379345462510309
0.0344189445395464
0.0303901106932238
0.0262024353781583
0.0221483012037197
0.0183860977325509
0.014782939093637
0.0450872274684246
0.0456339525648129
0.0461343352920048
0.0465746606235935
0.0469061548577271
0.0471640902991845
0.047333122259892
0.0473990792984431
0.0473616950149619
0.0472084201535062
0.0469118976196292
0.0464803108959366
0.0459632150752439
0.0453895796119179
0.0448328960989706
0.0442994243336178
0.0439082077966634
0.0436690951516793
0.012782250939775
0.0111369866288749
0.00974723203531709
0.00838030240812518
0.00727781360298984
0.00641384435765349
0.00548299809892999
0.00448963253363963
0.00362832414256655
0.00294572804368867
0.00240391907524718
0.00195611881011025
0.00156860723103514
0.00124542947535016
0.000996543107405896
0.000825783760521542
0.000714474934769342
0.000653015158729658
0.0129821958447591
0.0115098399853061
0.0103021946848391
0.00929696875668455
0.00843909147659692
0.00769307364566778
0.00706531184927693
0.00657705647706896
0.00622493537630236
0.0059973046574448
0.00588217199203541
0.0429696021017072
0.0436137515968378
0.0439437297006094
0.0436276015590024
0.0424477987393499
0.0400406056153869
0.0363004308313364
0.0310403973479628
0.0253943653553623
0.0200292443349612
0.014927525909038
0.0431483100037537
0.0441654906889741
0.0450413064529368
0.0459388607418
0.0466109506273227
0.0472832117007227
0.0477650078219823
0.0481079711971733
0.0483635750279889
0.0484801152983775
0.048567669839061
0.0486098546380093
0.0486268641834523
0.0124973439845534
0.0106552414458765
0.0092314231259156
0.00798186793362902
0.00707354595161892
0.00636490065870064
0.00589386891256041
0.00555831851640596
0.00536804498148804
0.0123248078643958
0.0101340898740774
0.00829305218694888
0.00673749037312558
0.00541482118547298
0.00429550914398928
0.00334611894733538
0.0025240886441003
0.00182551472635479
0.00123340710063101
0.000706695031949214
0.000260504347928643
-0.000117865348724316
-0.000445787007071153
-0.000729512552858799
-0.000984437522144704
-0.0012092854414881
-0.00139388747114432
-0.00153091611373909
-0.00163443704551467
-0.00170453224887533
-0.0017393475187624
0.0179002174913224
0.0175221955002017
0.0175281601985796
0.0179337990884138
0.0187075912325988
0.0198496719473674
0.0214860831239176
0.0234143396133902
0.0249854320121981
0.0271659805700267
0.0298654493182589
0.0323067705388612
0.0348469497432038
0.0374876809859176
0.0398812786481064
0.0421908202402637
0.0176227619253054
0.0169936613412396
0.0167263921940338
0.0168107737418435
0.0172356803519576
0.0180214900042206
0.0192280289850362
0.0209219976387595
0.0230361254414157
0.0253793665774873
0.0277107346415815
0.0298694370899002
0.0319669713064149
0.0345312091374991
0.0434019435818621
0.0445261819521565
0.0452087773603105
0.0453565080173527
0.0448467316732486
0.043542536760511
0.0412655294526506
0.037151546664114
0.0326601575723629
0.0279155571805576
0.0237414650265832
0.0201816502328395
0.0174486292502061
0.0154951669321806
0.014216890048773
0.0135644121291693
0.0435607140527185
0.0447092578724593
0.0456642496612019
0.0462703070670174
0.0465435107048572
0.0464886642721539
0.0460223263552107
0.0451696090636959
0.0439619282948531
0.0423727378341472
0.0403963788173816
0.0382006441551774
0.0361976414471023
0.0349510513810326
0.036279763020096
0.0378406830162589
0.0393006143022315
0.0407145448454934
0.0419682474898886
0.0430215535638923
0.0437770462273294
0.0442299011854843
0.0443030871283797
0.0438403496291056
0.0427402015445806
0.0409183442408382
0.038208023001552
0.0344907389616121
0.0354891603655794
0.0365679208101629
0.0375999994393813
0.0387610996247821
0.0402197977780145
0.0416243419992927
0.0427396349969888
0.0437322630991739
0.0444406006919233
0.044741297999821
0.0445214829537874
0.0437242884194272
0.0420737402944132
0.0393699157805145
0.0355808186267989
0.0313080828110725
0.0269318590978772
0.0226516513021505
0.0189557930479509
0.0158615104315749
0.0132607935379289
0.011072134287715
0.00923023003787225
0.00768929133728287
0.00638750798477985
0.00524157696276853
0.00424091251793994
0.00337918577833
0.00258728633916693
0.00185668542113572
0.00112411447072163
0.0312092044575023
0.0275621399545131
0.0237853789901153
0.0200995796962856
0.0167026532205574
0.0139313079841835
0.0118558228034999
0.0100478873468363
0.00842554816589127
0.00710103189148992
0.00596561127464448
0.00502307669663486
0.00419179616552273
0.00341635407203883
0.00276711355559269
0.0022262605741763
0.00169985583862528
0.00121327240544419
0.000787404720863645
0.000422160269303551
9.28686089869364e-05
-0.00022556674258766
-0.000523588222159173
-0.000792954026509505
-0.00104451556015371
-0.00129498672990894
0.0334820594967608
0.0324443195567281
0.0316094384578936
-0.00155490589611872
-0.00186153459191057
-0.0022008380578387
-0.00253600577287048
-0.00284734298528624
-0.00314702495931453
-0.00136252947905006
-0.00142808019240194
-0.00146548197962021
-0.00148797157534671
-0.00333936281073515
-0.00347997755880424
-0.00357010283708979
-0.00361646890036352
-0.0032613299931694
-0.00333377515515327
-0.00336778909842898
0.000725241311072876
0.000357104433187685
2.97829359728938e-05
-0.000289109778214197
-0.000620911818060003
-0.000955478887734236
0.000772919914549299
0.000460003082266623
0.000160566011465843
-0.000130860454148342
-0.000421333229960425
-0.000691434574523623
-0.000985524646466113
-0.00126771622318166
-0.00155564375515077
-0.00184553022459765
-0.00212773808265303
-0.00241227678879838
-0.00268730912930455
-0.00296214086376909
-0.0032266833493403
-0.00347149307896821
-0.003718282773676
-0.00128322284672842
-0.00156450675802673
-0.00185528914871518
-0.00212989956361354
-0.00241458654706266
-0.00269058859933245
-0.00295785248048592
-0.00321414351179512
-0.00345901862741396
-0.0036861091428973
-0.00390121488754987
-0.00410343792977099
-0.00428734148292295
-0.00444710001981409
-0.00458020269955853
-0.00468666470152476
-0.00476647667960361
-0.00481944056458891
-0.0048466867141904
-0.0009577013194017
-0.000957960672317294
-0.000957300477293211
-0.000956402705249951
-0.000955660543092739
-0.000955231695078447
-0.00393593563109723
-0.00415827554124671
-0.00435667811969077
-0.00451375222282877
-0.00463962254369637
-0.00472331517141457
-0.00476714597396027
-0.00382208993857568
-0.00391149197105783
-0.00397354357789373
-0.00400433410663465
