7.26472523143151e-05
7.26472523143151e-05
7.26472523143151e-05
7.26472523143151e-05
7.26472523143151e-05
7.26472523143152e-05
7.26472523143153e-05
7.26472523143151e-05
7.26472523143151e-05
7.26472523143152e-05
7.26472523143153e-05
7.26472523143154e-05
7.26472523143155e-05
7.26472523143155e-05
7.26472523143155e-05
7.26472523143151e-05
7.2647252314315e-05
7.26472523143149e-05
7.26472523143149e-05
7.26472523143149e-05
7.26472523143149e-05
7.26472523143149e-05
7.26472523143149e-05
7.26472523143149e-05
7.2647252314315e-05
7.26472523143151e-05
7.26472523143152e-05
7.26472523143152e-05
7.26472523143153e-05
7.26472523143153e-05
7.26472523143154e-05
7.26472523143154e-05
7.2647252314315e-05
7.26472523143151e-05
7.26472523143151e-05
7.2647252314315e-05
7.2647252314315e-05
7.2647252314315e-05
7.2647252314315e-05
7.2647252314315e-05
7.26472523143152e-05
7.26472523143154e-05
7.26472523143155e-05
7.26472523143156e-05
7.26472523143158e-05
7.26472523143151e-05
7.26472523143152e-05
7.26472523143153e-05
7.26472523143158e-05
7.26472523143158e-05
7.26472523143159e-05
7.26472523143159e-05
7.2647252314316e-05
7.26472523143161e-05
7.26472523143161e-05
7.26472523143161e-05
7.26472523143162e-05
7.26472523143162e-05
7.26472523143162e-05
7.26472523143162e-05
7.26472523143162e-05
7.26472523143162e-05
7.26472523143162e-05
7.26472523143162e-05
7.26472523143163e-05
7.26472523143163e-05
7.26472523143163e-05
7.26472523143163e-05
7.26472523143163e-05
7.26472523143163e-05
7.26472523143163e-05
7.26472523143163e-05
7.26472523143163e-05
7.26472523143162e-05
7.26472523143162e-05
7.26472523143163e-05
7.26472523143163e-05
7.26472523143163e-05
7.26472523143163e-05
7.26472523143163e-05
7.26472523143163e-05
7.26472523143163e-05
7.26472523143159e-05
7.2647252314316e-05
7.2647252314316e-05
7.26472523143161e-05
7.26472523143162e-05
7.26472523143162e-05
7.26472523143162e-05
7.26472523143162e-05
7.26472523143162e-05
7.26472523143162e-05
7.26472523143161e-05
7.26472523143153e-05
7.26472523143154e-05
7.26472523143156e-05
7.26472523143153e-05
7.26472523143154e-05
7.26472523143155e-05
7.26472523143157e-05
7.26472523143158e-05
7.26472523143158e-05
7.26472523143156e-05
7.26472523143157e-05
7.26472523143158e-05
7.26472523143158e-05
7.26472523143158e-05
7.26472523143158e-05
7.26472523143158e-05
7.26472523143158e-05
7.26472523143158e-05
7.26472523143159e-05
7.26472523143159e-05
7.2647252314316e-05
7.2647252314316e-05
7.2647252314316e-05
7.26472523143161e-05
7.26472523143161e-05
7.26472523143159e-05
7.2647252314316e-05
7.26472523143161e-05
7.26472523143162e-05
7.26472523143164e-05
7.26472523143166e-05
7.26472523143159e-05
7.26472523143159e-05
7.2647252314316e-05
7.26472523143167e-05
7.26472523143168e-05
7.2647252314317e-05
7.26472523143171e-05
7.26472523143172e-05
7.26472523143173e-05
7.26472523143173e-05
7.26472523143173e-05
7.26472523143173e-05
7.26472523143173e-05
7.26472523143173e-05
7.26472523143173e-05
7.26472523143173e-05
7.26472523143173e-05
7.26472523143172e-05
7.26472523143172e-05
7.26472523143172e-05
7.26472523143172e-05
7.26472523143171e-05
7.26472523143172e-05
7.26472523143171e-05
7.26472523143171e-05
7.26472523143171e-05
7.26472523143172e-05
7.26472523143172e-05
7.26472523143173e-05
7.26472523143174e-05
7.26472523143175e-05
7.26472523143175e-05
7.26472523143175e-05
7.26472523143176e-05
7.26472523143176e-05
7.26472523143176e-05
7.26472523143176e-05
7.26472523143167e-05
7.26472523143167e-05
7.26472523143167e-05
7.26472523143167e-05
7.26472523143168e-05
7.26472523143168e-05
7.26472523143169e-05
7.2647252314317e-05
7.26472523143171e-05
7.26472523143171e-05
7.26472523143172e-05
7.26472523143173e-05
7.26472523143173e-05
7.26472523143173e-05
7.26472523143173e-05
7.26472523143174e-05
7.26472523143174e-05
7.26472523143174e-05
7.26472523143174e-05
7.26472523143174e-05
7.26472523143174e-05
7.26472523143174e-05
7.26472523143174e-05
7.26472523143161e-05
7.26472523143161e-05
7.26472523143161e-05
7.26472523143161e-05
7.26472523143162e-05
7.26472523143162e-05
7.26472523143162e-05
7.26472523143163e-05
7.26472523143164e-05
7.26472523143164e-05
7.26472523143164e-05
7.26472523143164e-05
7.26472523143164e-05
7.26472523143161e-05
7.26472523143162e-05
7.26472523143163e-05
7.26472523143164e-05
7.26472523143165e-05
7.26472523143165e-05
7.26472523143166e-05
7.26472523143166e-05
7.26472523143166e-05
7.26472523143166e-05
7.26472523143166e-05
7.26472523143166e-05
7.26472523143165e-05
7.26472523143165e-05
7.26472523143166e-05
7.26472523143165e-05
7.26472523143166e-05
7.26472523143166e-05
7.26472523143166e-05
7.26472523143166e-05
7.26472523143166e-05
7.26472523143166e-05
7.26472523143166e-05
7.26472523143167e-05
7.26472523143167e-05
7.26472523143168e-05
7.26472523143168e-05
7.26472523143169e-05
7.26472523143169e-05
7.2647252314317e-05
7.2647252314317e-05
7.2647252314317e-05
7.2647252314317e-05
7.2647252314317e-05
7.2647252314317e-05
7.2647252314317e-05
7.2647252314317e-05
7.26472523143155e-05
7.26472523143155e-05
7.26472523143155e-05
7.26472523143154e-05
7.26472523143154e-05
7.26472523143154e-05
7.26472523143154e-05
7.26472523143154e-05
7.26472523143155e-05
7.26472523143155e-05
7.26472523143156e-05
7.26472523143156e-05
7.26472523143157e-05
7.26472523143158e-05
7.26472523143158e-05
7.26472523143158e-05
7.26472523143158e-05
7.26472523143158e-05
7.26472523143158e-05
7.26472523143158e-05
7.26472523143158e-05
7.26472523143157e-05
7.26472523143156e-05
7.26472523143157e-05
7.26472523143157e-05
7.26472523143158e-05
7.26472523143158e-05
7.26472523143157e-05
7.26472523143157e-05
7.26472523143157e-05
7.26472523143157e-05
7.26472523143157e-05
7.26472523143157e-05
7.26472523143157e-05
7.26472523143157e-05
7.26472523143157e-05
7.26472523143158e-05
7.26472523143158e-05
7.26472523143159e-05
7.26472523143159e-05
7.26472523143159e-05
7.26472523143159e-05
7.26472523143159e-05
7.26472523143159e-05
7.26472523143158e-05
7.26472523143158e-05
7.26472523143158e-05
7.26472523143158e-05
7.26472523143153e-05
7.26472523143153e-05
7.26472523143154e-05
7.26472523143154e-05
7.26472523143155e-05
7.26472523143156e-05
7.26472523143154e-05
7.26472523143154e-05
7.26472523143154e-05
7.26472523143154e-05
7.26472523143155e-05
7.26472523143156e-05
7.26472523143156e-05
7.26472523143157e-05
7.26472523143158e-05
7.26472523143159e-05
7.2647252314316e-05
7.2647252314316e-05
7.26472523143161e-05
7.26472523143162e-05
7.26472523143162e-05
7.26472523143163e-05
7.26472523143164e-05
7.26472523143165e-05
7.26472523143166e-05
7.26472523143168e-05
7.26472523143169e-05
7.2647252314317e-05
7.26472523143171e-05
7.26472523143171e-05
7.26472523143172e-05
7.26472523143172e-05
7.26472523143172e-05
7.26472523143173e-05
7.26472523143173e-05
7.26472523143172e-05
7.26472523143172e-05
7.26472523143172e-05
7.26472523143172e-05
7.26472523143172e-05
7.26472523143172e-05
7.26472523143172e-05
7.26472523143173e-05
7.26472523143155e-05
7.26472523143155e-05
7.26472523143156e-05
7.26472523143156e-05
7.26472523143157e-05
7.26472523143157e-05
7.26472523143157e-05
7.26472523143157e-05
7.26472523143158e-05
7.26472523143158e-05
7.26472523143158e-05
7.26472523143158e-05
7.26472523143158e-05
7.26472523143156e-05
7.26472523143157e-05
7.26472523143158e-05
7.26472523143159e-05
7.26472523143159e-05
7.2647252314316e-05
7.26472523143157e-05
7.26472523143156e-05
7.26472523143155e-05
7.26472523143154e-05
7.26472523143153e-05
7.26472523143153e-05
7.26472523143152e-05
7.26472523143151e-05
7.26472523143151e-05
7.26472523143151e-05
7.26472523143151e-05
7.26472523143151e-05
7.26472523143151e-05
7.26472523143151e-05
7.26472523143151e-05
7.26472523143151e-05
7.26472523143151e-05
7.26472523143151e-05
7.26472523143151e-05
7.26472523143151e-05
7.26472523143152e-05
7.26472523143152e-05
7.26472523143153e-05
7.26472523143153e-05
7.26472523143153e-05
7.26472523143153e-05
7.26472523143153e-05
7.2647252314316e-05
7.26472523143161e-05
7.26472523143162e-05
7.26472523143163e-05
7.26472523143164e-05
7.26472523143165e-05
7.26472523143167e-05
7.26472523143168e-05
7.26472523143168e-05
7.26472523143169e-05
7.26472523143169e-05
7.2647252314317e-05
7.26472523143171e-05
7.26472523143171e-05
7.26472523143172e-05
7.26472523143173e-05
7.26472523143173e-05
7.26472523143175e-05
7.26472523143175e-05
7.26472523143176e-05
7.26472523143176e-05
7.26472523143176e-05
7.26472523143176e-05
7.26472523143176e-05
7.2647252314316e-05
7.26472523143161e-05
7.26472523143162e-05
7.26472523143162e-05
7.26472523143162e-05
7.26472523143163e-05
7.26472523143163e-05
7.26472523143164e-05
7.26472523143164e-05
7.26472523143164e-05
7.26472523143164e-05
7.26472523143164e-05
7.26472523143157e-05
7.26472523143157e-05
7.26472523143157e-05
7.26472523143158e-05
7.26472523143159e-05
7.26472523143159e-05
7.26472523143159e-05
7.26472523143159e-05
7.2647252314316e-05
7.2647252314316e-05
7.2647252314316e-05
7.2647252314316e-05
7.2647252314316e-05
7.26472523143161e-05
7.26472523143161e-05
7.26472523143162e-05
7.26472523143162e-05
7.26472523143162e-05
7.26472523143163e-05
7.26472523143163e-05
7.26472523143163e-05
7.26472523143163e-05
7.26472523143163e-05
7.26472523143156e-05
7.26472523143157e-05
7.26472523143157e-05
7.26472523143158e-05
7.26472523143158e-05
7.26472523143159e-05
7.2647252314316e-05
7.2647252314316e-05
7.2647252314316e-05
7.2647252314316e-05
7.26472523143161e-05
7.26472523143161e-05
7.26472523143161e-05
7.26472523143161e-05
7.26472523143161e-05
7.26472523143162e-05
7.26472523143162e-05
7.26472523143162e-05
7.26472523143162e-05
7.26472523143162e-05
7.26472523143163e-05
7.26472523143163e-05
7.26472523143164e-05
7.26472523143164e-05
7.26472523143164e-05
7.26472523143165e-05
7.26472523143165e-05
7.26472523143165e-05
7.26472523143165e-05
7.26472523143165e-05
7.26472523143166e-05
7.26472523143166e-05
7.26472523143165e-05
7.26472523143166e-05
7.26472523143165e-05
7.26472523143155e-05
7.26472523143155e-05
7.26472523143155e-05
7.26472523143155e-05
7.26472523143155e-05
7.26472523143155e-05
7.26472523143155e-05
7.26472523143154e-05
7.26472523143154e-05
7.26472523143154e-05
7.26472523143154e-05
7.26472523143154e-05
7.26472523143153e-05
7.26472523143153e-05
7.26472523143153e-05
7.26472523143155e-05
7.26472523143155e-05
7.26472523143154e-05
7.26472523143154e-05
7.26472523143154e-05
7.26472523143154e-05
7.26472523143154e-05
7.26472523143154e-05
7.26472523143153e-05
7.26472523143153e-05
7.26472523143153e-05
7.26472523143153e-05
7.26472523143153e-05
7.26472523143152e-05
7.26472523143152e-05
7.26472523143152e-05
7.26472523143153e-05
7.26472523143153e-05
7.26472523143154e-05
7.26472523143154e-05
7.26472523143155e-05
7.26472523143155e-05
7.26472523143155e-05
7.26472523143155e-05
7.26472523143154e-05
7.26472523143154e-05
7.26472523143154e-05
7.26472523143154e-05
7.26472523143154e-05
7.26472523143153e-05
7.26472523143153e-05
7.26472523143153e-05
7.26472523143152e-05
7.26472523143152e-05
7.26472523143152e-05
7.26472523143152e-05
7.26472523143154e-05
7.26472523143154e-05
7.26472523143155e-05
7.26472523143155e-05
7.26472523143155e-05
7.26472523143155e-05
7.26472523143155e-05
7.26472523143155e-05
7.26472523143155e-05
7.26472523143155e-05
7.26472523143155e-05
7.26472523143154e-05
7.26472523143155e-05
7.26472523143155e-05
7.26472523143155e-05
7.26472523143155e-05
7.26472523143156e-05
7.26472523143157e-05
7.26472523143157e-05
7.26472523143157e-05
7.26472523143157e-05
7.26472523143157e-05
7.26472523143156e-05
7.26472523143156e-05
7.26472523143156e-05
7.26472523143157e-05
7.26472523143157e-05
7.26472523143157e-05
7.26472523143157e-05
7.26472523143154e-05
7.26472523143154e-05
7.26472523143155e-05
7.26472523143154e-05
7.26472523143154e-05
7.26472523143154e-05
7.26472523143155e-05
7.26472523143155e-05
7.26472523143155e-05
7.26472523143156e-05
7.26472523143156e-05
7.26472523143156e-05
7.26472523143156e-05
7.26472523143155e-05
7.26472523143155e-05
7.26472523143155e-05
7.26472523143154e-05
7.26472523143154e-05
7.26472523143154e-05
7.26472523143154e-05
7.26472523143154e-05
7.26472523143154e-05
7.26472523143154e-05
7.26472523143154e-05
7.26472523143154e-05
7.26472523143155e-05
7.26472523143155e-05
7.26472523143155e-05
7.26472523143155e-05
7.26472523143155e-05
7.26472523143155e-05
7.26472523143156e-05
7.2647252314315e-05
7.2647252314315e-05
7.26472523143149e-05
7.26472523143149e-05
7.26472523143149e-05
7.2647252314315e-05
7.26472523143149e-05
7.26472523143149e-05
7.26472523143148e-05
7.26472523143148e-05
7.26472523143147e-05
7.26472523143147e-05
7.26472523143147e-05
7.26472523143146e-05
7.26472523143146e-05
7.26472523143146e-05
7.26472523143145e-05
7.26472523143145e-05
7.26472523143145e-05
7.26472523143146e-05
7.26472523143146e-05
7.26472523143146e-05
7.26472523143146e-05
7.26472523143147e-05
7.26472523143147e-05
7.26472523143147e-05
7.26472523143148e-05
7.26472523143148e-05
7.26472523143148e-05
7.26472523143148e-05
7.26472523143148e-05
7.26472523143149e-05
7.26472523143148e-05
7.26472523143148e-05
7.2647252314315e-05
7.26472523143151e-05
7.26472523143153e-05
7.26472523143155e-05
7.26472523143146e-05
7.26472523143145e-05
7.26472523143144e-05
7.2647252314315e-05
7.26472523143152e-05
7.26472523143154e-05
7.26472523143156e-05
7.26472523143159e-05
7.26472523143144e-05
7.26472523143145e-05
7.26472523143147e-05
7.26472523143149e-05
7.26472523143142e-05
7.26472523143141e-05
7.26472523143139e-05
7.2647252314315e-05
7.26472523143151e-05
7.26472523143152e-05
7.26472523143154e-05
7.26472523143155e-05
7.26472523143156e-05
7.26472523143157e-05
7.26472523143158e-05
7.26472523143159e-05
7.2647252314316e-05
7.26472523143161e-05
7.26472523143163e-05
7.26472523143149e-05
7.2647252314315e-05
7.26472523143151e-05
7.26472523143152e-05
7.26472523143152e-05
7.26472523143153e-05
7.26472523143153e-05
7.26472523143154e-05
7.26472523143154e-05
7.26472523143155e-05
7.26472523143155e-05
7.26472523143156e-05
7.26472523143157e-05
7.26472523143157e-05
7.26472523143158e-05
7.26472523143159e-05
7.26472523143159e-05
7.2647252314316e-05
7.26472523143161e-05
7.26472523143161e-05
7.26472523143161e-05
7.26472523143161e-05
7.26472523143161e-05
7.26472523143161e-05
7.26472523143162e-05
7.26472523143163e-05
7.26472523143163e-05
7.26472523143164e-05
7.26472523143163e-05
7.26472523143164e-05
7.26472523143164e-05
7.26472523143164e-05
7.26472523143164e-05
7.26472523143165e-05
7.26472523143165e-05
7.26472523143165e-05
7.26472523143165e-05
7.26472523143164e-05
7.26472523143165e-05
7.26472523143165e-05
7.26472523143165e-05
7.26472523143165e-05
7.26472523143166e-05
7.26472523143165e-05
7.26472523143165e-05
7.26472523143165e-05
7.26472523143166e-05
7.26472523143166e-05
7.26472523143166e-05
7.26472523143166e-05
7.26472523143139e-05
7.26472523143139e-05
7.26472523143139e-05
7.26472523143139e-05
7.26472523143139e-05
7.26472523143139e-05
7.2647252314314e-05
7.2647252314314e-05
7.2647252314314e-05
7.2647252314314e-05
7.26472523143141e-05
7.26472523143141e-05
7.26472523143141e-05
7.26472523143141e-05
7.26472523143139e-05
7.26472523143138e-05
7.26472523143138e-05
7.26472523143137e-05
7.26472523143136e-05
7.26472523143136e-05
7.26472523143136e-05
7.26472523143135e-05
7.26472523143134e-05
7.26472523143134e-05
7.26472523143133e-05
7.26472523143133e-05
7.26472523143133e-05
7.26472523143133e-05
7.26472523143133e-05
7.26472523143133e-05
7.26472523143133e-05
7.26472523143133e-05
7.26472523143141e-05
7.26472523143141e-05
7.26472523143142e-05
7.26472523143142e-05
7.26472523143143e-05
7.26472523143143e-05
7.26472523143144e-05
7.26472523143144e-05
7.26472523143145e-05
7.26472523143146e-05
7.26472523143147e-05
7.26472523143147e-05
7.26472523143147e-05
7.26472523143146e-05
7.26472523143146e-05
7.26472523143146e-05
7.26472523143146e-05
7.26472523143146e-05
7.26472523143141e-05
7.26472523143141e-05
7.26472523143141e-05
7.26472523143142e-05
7.26472523143143e-05
7.26472523143143e-05
7.26472523143143e-05
7.26472523143144e-05
7.26472523143144e-05
7.26472523143144e-05
7.26472523143144e-05
7.26472523143161e-05
7.26472523143163e-05
7.26472523143165e-05
7.26472523143167e-05
7.26472523143168e-05
7.2647252314317e-05
7.26472523143171e-05
7.26472523143172e-05
7.26472523143173e-05
7.26472523143174e-05
7.26472523143176e-05
7.2647252314316e-05
7.26472523143161e-05
7.26472523143161e-05
7.26472523143162e-05
7.26472523143162e-05
7.26472523143162e-05
7.26472523143163e-05
7.26472523143164e-05
7.26472523143165e-05
7.26472523143165e-05
7.26472523143165e-05
7.26472523143165e-05
7.26472523143165e-05
7.26472523143177e-05
7.26472523143178e-05
7.26472523143178e-05
7.26472523143179e-05
7.2647252314318e-05
7.2647252314318e-05
7.2647252314318e-05
7.2647252314318e-05
7.2647252314318e-05
7.26472523143176e-05
7.26472523143176e-05
7.26472523143176e-05
7.26472523143177e-05
7.26472523143177e-05
7.26472523143177e-05
7.26472523143178e-05
7.26472523143178e-05
7.26472523143179e-05
7.26472523143179e-05
7.26472523143178e-05
7.26472523143178e-05
7.26472523143178e-05
7.26472523143179e-05
7.2647252314318e-05
7.26472523143181e-05
7.26472523143182e-05
7.26472523143183e-05
7.26472523143184e-05
7.26472523143184e-05
7.26472523143185e-05
7.26472523143185e-05
7.26472523143156e-05
7.26472523143156e-05
7.26472523143157e-05
7.26472523143158e-05
7.26472523143159e-05
7.2647252314316e-05
7.26472523143161e-05
7.26472523143162e-05
7.26472523143163e-05
7.26472523143163e-05
7.26472523143164e-05
7.26472523143164e-05
7.26472523143165e-05
7.26472523143166e-05
7.26472523143167e-05
7.26472523143168e-05
7.26472523143155e-05
7.26472523143156e-05
7.26472523143158e-05
7.26472523143159e-05
7.2647252314316e-05
7.26472523143161e-05
7.26472523143162e-05
7.26472523143163e-05
7.26472523143164e-05
7.26472523143165e-05
7.26472523143165e-05
7.26472523143166e-05
7.26472523143166e-05
7.26472523143167e-05
7.26472523143169e-05
7.26472523143169e-05
7.2647252314317e-05
7.2647252314317e-05
7.2647252314317e-05
7.2647252314317e-05
7.2647252314317e-05
7.26472523143171e-05
7.26472523143171e-05
7.26472523143172e-05
7.26472523143172e-05
7.26472523143173e-05
7.26472523143173e-05
7.26472523143173e-05
7.26472523143173e-05
7.26472523143173e-05
7.26472523143168e-05
7.26472523143168e-05
7.26472523143168e-05
7.26472523143168e-05
7.26472523143168e-05
7.26472523143167e-05
7.26472523143167e-05
7.26472523143168e-05
7.26472523143168e-05
7.26472523143168e-05
7.26472523143168e-05
7.26472523143168e-05
7.26472523143168e-05
7.26472523143168e-05
7.26472523143167e-05
7.26472523143168e-05
7.26472523143168e-05
7.26472523143169e-05
7.2647252314317e-05
7.26472523143171e-05
7.26472523143172e-05
7.26472523143172e-05
7.26472523143172e-05
7.26472523143173e-05
7.26472523143173e-05
7.26472523143173e-05
7.26472523143172e-05
7.26472523143172e-05
7.26472523143167e-05
7.26472523143167e-05
7.26472523143168e-05
7.26472523143168e-05
7.26472523143169e-05
7.2647252314317e-05
7.2647252314317e-05
7.26472523143171e-05
7.26472523143172e-05
7.26472523143173e-05
7.26472523143173e-05
7.26472523143173e-05
7.26472523143173e-05
7.26472523143174e-05
7.26472523143174e-05
7.26472523143175e-05
7.26472523143176e-05
7.26472523143177e-05
7.26472523143177e-05
7.26472523143178e-05
7.26472523143179e-05
7.26472523143179e-05
7.2647252314318e-05
7.2647252314318e-05
7.26472523143181e-05
7.26472523143181e-05
7.26472523143182e-05
7.26472523143183e-05
7.26472523143183e-05
7.26472523143184e-05
7.26472523143184e-05
7.26472523143172e-05
7.26472523143171e-05
7.26472523143171e-05
7.26472523143172e-05
7.26472523143172e-05
7.26472523143172e-05
7.26472523143172e-05
7.26472523143171e-05
7.26472523143171e-05
7.26472523143171e-05
7.26472523143171e-05
7.26472523143171e-05
7.26472523143171e-05
7.2647252314317e-05
7.26472523143169e-05
7.26472523143169e-05
7.26472523143168e-05
7.26472523143168e-05
7.26472523143168e-05
7.26472523143168e-05
7.26472523143168e-05
7.26472523143168e-05
7.26472523143168e-05
7.26472523143167e-05
7.26472523143166e-05
7.26472523143165e-05
7.26472523143172e-05
7.26472523143172e-05
7.26472523143171e-05
7.26472523143165e-05
7.26472523143165e-05
7.26472523143165e-05
7.26472523143164e-05
7.26472523143164e-05
7.26472523143164e-05
7.26472523143164e-05
7.26472523143164e-05
7.26472523143163e-05
7.26472523143163e-05
7.26472523143163e-05
7.26472523143163e-05
7.26472523143163e-05
7.26472523143163e-05
7.26472523143164e-05
7.26472523143163e-05
7.26472523143163e-05
7.26472523143185e-05
7.26472523143186e-05
7.26472523143187e-05
7.26472523143188e-05
7.26472523143189e-05
7.26472523143191e-05
7.26472523143184e-05
7.26472523143184e-05
7.26472523143184e-05
7.26472523143184e-05
7.26472523143183e-05
7.26472523143183e-05
7.26472523143183e-05
7.26472523143182e-05
7.26472523143181e-05
7.26472523143181e-05
7.26472523143181e-05
7.26472523143181e-05
7.26472523143181e-05
7.2647252314318e-05
7.2647252314318e-05
7.2647252314318e-05
7.2647252314318e-05
7.26472523143193e-05
7.26472523143195e-05
7.26472523143197e-05
7.26472523143198e-05
7.26472523143199e-05
7.26472523143201e-05
7.26472523143201e-05
7.26472523143202e-05
7.26472523143203e-05
7.26472523143203e-05
7.26472523143204e-05
7.26472523143204e-05
7.26472523143204e-05
7.26472523143204e-05
7.26472523143204e-05
7.26472523143205e-05
7.26472523143205e-05
7.26472523143205e-05
7.26472523143205e-05
7.2647252314319e-05
7.26472523143189e-05
7.26472523143188e-05
7.26472523143188e-05
7.26472523143188e-05
7.26472523143187e-05
7.26472523143179e-05
7.26472523143179e-05
7.26472523143179e-05
7.26472523143179e-05
7.26472523143179e-05
7.26472523143179e-05
7.26472523143178e-05
7.2647252314318e-05
7.2647252314318e-05
7.2647252314318e-05
7.2647252314318e-05
