0.05
0.0369734080532108
0.0338413226094406
0.0285677478035958
0.0355091540869282
0.0334496863459986
0.0315215178053116
0.0369759800464789
0.0345440060690772
0.0304799555306868
0.0277010369396949
0.0254624644633642
0.0237376333034177
0.0213663951969095
0.0184018472866541
0.0371381298978663
0.032669357556595
0.0290264928663279
0.0286817507338244
0.028178348620922
0.0279661035492806
0.0280087754491615
0.0281164283644266
0.0283487984936867
0.0289181787606369
0.0302245745939636
0.0318812122567986
0.0330373923904801
0.0332854723263665
0.0323201536778313
0.0300189613196071
0.0264514277515555
0.0368453648239442
0.0350087669750603
0.0325491019373902
0.0305264306219917
0.0288299324215636
0.0274957057085281
0.0264176626733513
0.0253306046230513
0.0258963958844132
0.0233541221441879
0.0205030274566587
0.017840295524985
0.0147902505539426
0.0253652310611011
0.0225715651881051
0.0198458500957372
0.0135477518522802
0.0122947454497243
0.0111474156409272
0.0102208187964104
0.00938520539350538
0.00865780169164398
0.0081056397646369
0.0076619886026484
0.00732494514830716
0.00712660113625002
0.00705145539371784
0.00710474274486211
0.00729576274885404
0.00761984491514045
0.00806810320142541
0.00868145272000098
0.00945611741440263
0.0104407096643343
0.011694442794933
0.0132103329306882
0.0149022254496284
0.0167248871408047
0.0186050316218799
0.0204432884293577
0.0227148203068005
0.025378130569274
0.0279526117895675
0.0303855233106607
0.0324783005624474
0.034284391392882
0.0357515875157644
0.0368461657382521
0.0375731562058393
0.0379474518221514
0.0134617633337674
0.0125249752440622
0.0116131986060727
0.0107411999319664
0.0100087668283525
0.00939984915820278
0.00885272923379248
0.00846713037353893
0.00817454449407913
0.00796266674476716
0.00785252648521612
0.0182951707445869
0.0164665531171493
0.0141962233111328
0.0171098721980525
0.0142153890880463
0.0117098384814129
0.013628336735795
0.0130147457224172
0.012346888721271
0.0125277914691694
0.0102062128041271
0.00776344105206198
0.00618846948939617
0.00492948520762026
0.00369354247185043
0.00257288769119588
0.00175600102641314
0.00110755050870216
0.000524033392327508
5.83666547225008e-05
-0.000322229315099103
-0.000608547202431195
-0.000803332220157564
-0.000922467614319195
-0.000987363293913905
0.012041942980055
0.0121069920539812
0.0127202634293006
0.0139601486113221
0.0157096305653287
0.0182089620192419
0.011379989492039
0.0104944693176509
0.00959697014105964
0.0196389346007631
0.0217324422369485
0.0242278714552111
0.0269911515081336
0.0300147923326986
0.0330059790394366
0.0356903100093751
0.0380824197633429
0.0401031708452798
0.0414408137288368
0.0416918475613821
0.040473652243047
0.03749251991468
0.0327738894791136
0.0271313792188485
0.0216741652824695
0.0170097891926455
0.0132008953044483
0.0100690102361523
0.00759786490417389
0.00549057607813696
0.00378154209382149
0.00237032973061584
0.00112530641135201
0.000309300920332344
-0.000586823539783924
-0.00128735899004128
-0.00189073499726978
-0.00238510849477999
-0.00276530471908732
-0.00307313051586942
-0.00330872691176073
-0.00344010835258437
-0.00353164344434139
0.0198742328336599
0.0220457736419483
0.0245996111364176
0.0279123509481292
0.0314637572746606
0.0348697270163336
0.0377161618434722
0.0400729933393321
0.0414171435093976
0.0414440523191096
0.0397323938022692
0.0359273850128579
0.0303572691678843
0.0244509608272468
0.0192836543955402
0.0148511386063019
0.0113599594982492
0.00872544789090577
0.00670195743067597
0.00513088336179966
0.00396479526470699
0.00319583401917817
0.00280441695396008
0.00787352123240579
0.00634032104765244
0.00501182592635974
0.00388189517961616
0.00291623675680693
0.00207637400068648
0.00133852260349581
0.000717268684794702
0.000214724225017281
-0.000182625549322244
-0.000480172924793761
-0.000677960563304791
-0.000779658066440171
0.0087645958826925
0.00809280281170546
0.00760651581462112
0.00732941174838547
0.00723888968928247
0.00733470890883134
0.0076059549751597
0.00806311120173982
0.00881931487425415
0.00992488535580514
0.0113443165346863
0.0129963439524797
0.0148548695800597
0.0169788802360329
0.0192238868342585
0.0215242658081425
0.0237281507934045
0.0257693982548108
0.027860353460308
0.0307607138396409
0.0341840175168741
0.0370042022669226
0.0396741796433025
0.0414720361619728
0.04249974147621
0.042534528620376
0.0411043490051288
0.0378339117692022
0.0331391790645487
0.0281751408200621
0.023572074434807
0.0195616213686598
0.0165533892748311
0.0141178111410781
0.0121180791559142
0.0108469422683878
0.0101955266059334
0.0108294759811447
0.0102323517384661
0.00984923804379235
0.00963212995162189
0.00959583363842564
0.00973818673668574
0.010045452530934
0.010472208830625
0.0111187335032267
0.0119121574879071
0.0125894710681463
0.0137808464485071
0.0146957267676762
0.0159760535602057
0.01748597807377
0.0187498495831982
0.0196154919435025
0.0205419941751803
0.0213672054944231
0.0219970621800765
0.0224432351232243
0.0226607519770101
0.010830547221626
0.0101535062759112
0.00966210362228758
0.00935629318995355
0.00924163800872017
0.00929988591276498
0.00951897224042258
0.00992744806338119
0.010449777273014
0.0111898891302677
0.0121908104659195
0.0133943107703454
0.0153788276851556
0.0176381856289674
0.0199441925581547
0.0222773976047511
0.0244987351584721
0.0266207917064587
0.0284509279860506
0.0303886598878272
0.0321785460210659
0.033688462676808
0.0349032519197451
0.035845250314288
0.0364631856414839
0.0367938241064324
0.0313005534760148
0.0311353135014685
0.0310371628887958
0.0300423125113635
0.0285968220629682
0.026990379159634
0.0311935355649411
0.0314248796796137
0.0317675417998016
0.0301372113434837
0.0287446439371583
0.0267351842075537
0.0246947578656797
0.0228383899164655
0.020901625964599
0.0189013150409006
0.0170338496171269
0.0154539801975049
0.0140249513189529
0.0128323790184045
0.0118575141615944
0.0110108367609426
0.0101113475239655
0.00921644040413599
0.00860900022725746
0.00807898573040898
0.00780448555006076
0.00768649849712401
0.00774431743887197
0.00800678371207884
0.00848692593130547
0.00916156177222058
0.0100744485186612
0.0112314528097241
0.0126043158914045
0.0141850715564396
0.0157775182098453
0.0173731139565113
0.0191282922654741
0.0206074473824074
0.0217499282819127
0.022545237544977
0.0229717109558686
0.0330823142066222
0.0350277253283951
0.0370124379781571
0.0386489245654179
0.0397812499762488
0.0404568403385216
0.0406902263429573
0.0405180633473193
0.0400353118391161
0.0393651902280838
0.0386642258188587
0.0380949503675123
0.0377593452166608
0.0326126830296208
0.0334555536027186
0.0344816014987573
0.0345043818296207
0.0345514654920164
0.0346321111176698
0.0357594103147072
0.0372815966877604
0.0390502053215832
0.0405129552769338
0.0415975068761951
0.0421591770716367
0.0419839862227952
0.0408862966668659
0.0386414895641257
0.0352983377403453
0.0311352852166003
0.0266708672531351
0.022503153404695
0.0187857668096916
0.0156734118254828
0.0131083967383676
0.0110370310010734
0.00932232633934971
0.00796623061100664
0.00689465743030893
0.00602664028048673
0.00524700968305075
0.00459293454503611
0.0040871028336008
0.00372210203500936
0.0035052199413098
0.00338138399990822
0.0359691598766807
0.0375930504732044
0.0394031125263255
0.0410833955501286
0.0422510103116098
0.0429290550638758
0.0429236869964464
0.0420344447963266
0.0403715203611622
0.0373853130264548
0.0330090186167507
0.0279785082215569
0.0234931856470493
0.0200140437478131
0.0166481158502017
0.0138803322728509
0.0115954698465937
0.00980409581251826
0.0084298844719222
0.00752190476036331
0.00684244102869901
0.0062526006760425
0.00582816136221022
0.00563439380808374
0.0335949387070398
0.0326314182966101
0.0318791452168264
0.0312285648883251
0.0307627426106829
0.0303709542654778
0.0300868155057503
0.0299191749400625
0.0298109094038853
0.0297402252659363
0.0297024688971033
0.0296848238491719
0.0260065467140767
0.0246797846953877
0.0229584844380757
0.0207932956120672
0.0187006837290185
0.0169397512191652
0.0152320440432709
0.0136120964320527
0.0121715184959214
0.0108029115369605
0.00949559897795436
0.00832744503194549
0.00732253969887183
0.00630319106682728
0.005269857904576
0.00434817934710752
0.00357499151290525
0.00291322414279178
0.00235405215801889
0.00190781314790349
0.00158434404466626
0.00137206137243075
0.00124876571395474
0.0259940950358068
0.0247424312509773
0.0231793454323719
0.0212076269394861
0.0190532827325606
0.0170141544645889
0.0151685432337397
0.0134930634835603
0.0119951088721949
0.0106685661653098
0.00949921420431224
0.00850974800841599
0.00762214999950668
0.00683869815447559
0.00620236915273173
0.00570116086740074
0.0053126224629225
0.00502508143801649
0.00483561482540569
0.004742678746303
0.00473956858138879
0.00482182053387753
0.0049817260647429
0.00522543007035771
0.00560128850614999
0.00608530816600053
0.0066352202581406
0.00723617563357873
0.00784520111400381
0.00844264457221074
0.00901456262810688
0.00950343048197854
0.00992011641951644
0.0101908340674915
0.0103452357943499
0.0169197447070118
0.0151425737913327
0.0129438032826569
0.018023156748396
0.0177215670092359
0.0175647539060887
0.0115820117156813
0.0102655738659119
0.00909606657441888
0.00808902747620206
0.00733569664135183
0.00670935179637965
0.00623865211867024
0.00592972908556887
0.00577531182413427
0.0110950494729476
0.00956602482674531
0.00822482394519287
0.00701711840414993
0.0069760714412207
0.0070623517718445
0.00728325386889481
0.00764659098183793
0.00813935170872547
0.00879456116747285
0.00961950051752877
0.0106308180402834
0.0118548200817161
0.0133068194015809
0.0150140094342326
0.0169641236746428
0.0191078818871215
0.0213431954968003
0.0236031914649499
0.0260679693165128
0.0287405235256135
0.0312987490841337
0.0337161441144988
0.0359207075668139
0.0378196484650773
0.0394039642785523
0.0407023344845535
0.0416718127786531
0.0423072033232961
0.0426348261578806
0.00605097372744351
0.00530394823134431
0.00474790660438573
0.00419133346260491
0.00393350003852914
0.00374918818721791
0.0245946955726611
0.0221387546489436
0.0192999484657605
0.0164414286073653
0.0138550811212255
0.0116063671809449
0.00967955752434552
0.00802112846586563
0.00655384774869077
0.00525272712419931
0.00414172972833881
0.00320150491105677
0.00233900602460458
0.00152995443004905
0.000804758062755452
0.000139635309973115
-0.000477145981441588
-0.00105003268116766
-0.00158127575375821
-0.00207153472661557
-0.00252117846010407
-0.00293132363185736
-0.00329977554601148
-0.00362204405105869
-0.00389511679287831
-0.00411655251007581
-0.00428376166537758
-0.00439491398762973
-0.00445212284516855
0.0237990414936984
0.0211913964345844
0.01850689359686
0.0159803648586061
0.0137100113542838
0.0118554019678696
0.0102739017721354
0.00874772061002015
0.00735552148154018
0.0062117081542191
0.00526992119782106
0.00440668986423049
0.00356458590162541
0.00268185111256937
0.00186404591739374
0.00114727006583193
0.000497076165493558
-9.69737940295247e-05
-0.000648270093444689
-0.00117739935637694
-0.00164813119787445
-0.00213980602772743
-0.00246475791005965
-0.00279209728050187
-0.00317543918896125
-0.00351250045739667
-0.00382100704971446
-0.00410061167412901
-0.00431949998209618
-0.00448959724758165
-0.00460450095879194
-0.00466535564163527
0.0241700590043572
0.0226902010686517
0.0212193067554939
0.0199402641644971
0.018768759495196
0.0247048177122675
0.023286116626718
0.021235336056155
0.0195382615476302
0.0178061668729217
0.0160381113669681
0.0145891762686705
0.0132079236026277
0.0117389307957244
0.0101792901525416
0.00887013188162007
0.00764674351387862
0.00651020762143868
0.00545741494719144
0.00449912353516166
0.00363925141861574
0.00285892275116382
0.00220537580208133
0.00143502945086181
0.000745516379033867
0.00020670563174957
-0.000253758469331006
-0.000634131401870996
-0.000910142248615902
-0.00108263180655397
-0.00117984229205967
0.0186109868542475
0.0185808637167741
0.0187759505289661
0.0174430394050558
0.0157469090843272
0.0139537574600039
0.0122534004806544
0.0193869971674043
0.0199398776770231
0.0204546100831349
0.0181761983267067
0.0179719619632109
0.0181231980636322
0.018525809381983
0.0194590278173975
0.0210603791288582
0.0229009962142249
0.0258919189799583
0.029420048508592
0.020938430626086
0.0216261804200139
0.022567198901118
0.0313682799562095
0.033785036478703
0.036456439527235
0.0387259535743629
0.0407638713915999
0.0422170024749058
0.0427038079207206
0.0418897185711284
0.0390749916554758
0.0337884576221724
0.0268543794912274
0.0188351827603427
0.0313835970741034
0.0335762835097317
0.0360148910592785
0.0378320101594688
0.0400914988530122
0.0416885006054561
0.0433396177709298
0.0445470957702535
0.0451099958888644
0.0450972342650301
0.0443359366207412
0.0425320038471257
0.0396651314833569
0.0357281101938753
0.0303338744104707
0.0253139155615014
0.0204280253942132
0.0166856254037437
0.0135728560224884
0.0111095888101651
0.00932432883769367
0.00795603654065279
0.00696593366096275
0.00638866840531721
0.00610627034492879
0.0155514801515036
0.0128496077167024
0.0107614068882813
0.00936498554395694
0.00819793666311999
0.00752095110582553
0.00715783245349933
0.0150585022449283
0.0119004011208383
0.00923806418811023
0.00715386444745947
0.00542034222854652
0.00395090052836655
0.00273575863806243
0.00172662338375388
0.000901650992154904
0.000232126266909758
-0.000336228172919086
-0.00081046995475101
-0.00119022810887477
-0.00147776982540513
-0.00168765711809492
-0.00184406316267458
-0.00194851575012776
-0.00200025899837842
0.0233839737325322
0.0245377176896885
0.0261081954711203
0.0280883964517695
0.0302731327986355
0.0324806578635084
0.0346681101553193
0.0367897135652508
0.0387952685756858
0.0406288589367054
0.0422288347469692
0.0435310449507936
0.0444728794125809
0.0450299932764659
0.0227661335583192
0.0231202040199071
0.0236124356562354
0.0242264648224467
0.0248740835886087
0.0256105467636741
0.0264273529940061
0.0272849487712862
0.0281777131531768
0.029165719889586
0.0302496440345853
0.0313099780868385
0.0322338737273876
0.0330201630120667
0.0336347458846283
0.0341310012023031
0.0344542624688881
0.0346369500176527
0.0448437688877197
0.044087598734356
0.042797525998467
0.0405766984030116
0.0376686651751074
0.0344441114130888
0.0300525557213046
0.0247325361228414
0.0199779169187467
0.0162879377235633
0.0134714844812447
0.0112433072038824
0.00939939868630626
0.00792648387406626
0.00683417802353477
0.00610620239834536
0.00564141214210466
0.00538836245030528
0.0452876347845606
0.0451204471645416
0.0445436578620708
0.0435381687530546
0.0420539133359858
0.0400587479766322
0.0377064540621017
0.0353573224815889
0.0333381875123974
0.0318757156590576
0.0310863230957129
0.0210137754022585
0.0231047883729064
0.025750543419654
0.0285314494849647
0.0313219324204978
0.0341406999169673
0.0367408824663667
0.0392005344288921
0.0411096337826179
0.0422768579177051
0.0424846543331446
0.0194346186032308
0.0197521441695022
0.0203007665807336
0.0211700865193115
0.0220775838581491
0.0233087886213481
0.0245030637169712
0.0256377537496904
0.0267991492516204
0.0275017835475541
0.0282119044750863
0.0286742704664398
0.028911001822577
0.0426453799274093
0.0416352242527926
0.0397059489980328
0.0366431457204311
0.0333119361140537
0.0299391783490609
0.0273334149839471
0.0253043370963497
0.0240936552470984
0.0413738635457037
0.0390146929087579
0.035411499816055
0.0309216619312067
0.0261663073173214
0.0217284974730213
0.0178688880785748
0.0145668866772169
0.0118420296571976
0.00961505047969559
0.00771138271067364
0.0061635014611044
0.00490341582981264
0.00385551818025067
0.00298521349627057
0.00223280729099943
0.0015918116971459
0.00108164361621042
0.000712455471405843
0.00043913166135694
0.000256875715171103
0.000167208219939771
0.0116683453122869
0.0111727604100787
0.0108395633377412
0.0107078255971135
0.0107729722996531
0.0110388099561394
0.0115670844224654
0.0123256588893638
0.0130325820367306
0.0141314951199314
0.015686235709588
0.0172957483137175
0.0191958876137423
0.0214500713672166
0.0237909753131872
0.0263908384670925
0.0114860916887662
0.0108422370787089
0.0103641585031747
0.0100565541373007
0.0099087176031078
0.00992785189312323
0.0101432235282892
0.0106056992540547
0.011338219624874
0.0123069252525732
0.0134239686624797
0.0145980858800617
0.0158746762973999
0.0176222793268568
0.0282449198566555
0.0306312127757336
0.0330771235634489
0.035393011033257
0.0378215314790316
0.0399864436356553
0.0419454552902344
0.0439827012377505
0.0454660557835516
0.046674394422592
0.0475660726745865
0.0482288287660486
0.0486785143383755
0.048965426909239
0.0491356711245326
0.0492166540217048
0.0279557301203953
0.0296631992067923
0.0315903982009053
0.0334504382036784
0.0351613078910589
0.0370102029768732
0.0387111654478709
0.0401557348182452
0.0413680894871678
0.0424222293517363
0.0433501856440611
0.0441284251447341
0.0447051984454998
0.0450214660457661
0.0192200827120897
0.020859748877797
0.0226137819084465
0.0245767776048165
0.0266408675526427
0.0287950009806211
0.0308910083875279
0.0329948807751827
0.0351926244896826
0.037354884945473
0.0393237382187402
0.0410747145976817
0.0426624061624269
0.0441158928839327
0.0180673673916493
0.0187777342270889
0.0196514608247854
0.0208515446642924
0.0226280870456605
0.0246457320419862
0.0265943447174045
0.0288307931060583
0.0311778905041622
0.0334965840157294
0.0357581954771166
0.0377064017926612
0.0396014862677012
0.041259957658076
0.0425845707767063
0.0434370515531322
0.0437953454261719
0.0435283911951053
0.0424501870253619
0.0403921884465183
0.0372062812211685
0.0330122388312265
0.0283032429376288
0.02370076007353
0.0195448036106025
0.0158289879078069
0.0126283938722489
0.00995367557847601
0.00759105569931036
0.00550811489813428
0.0035161108781774
0.0447056055865779
0.0450570916787196
0.0450588507675722
0.044533464053005
0.0432117030559928
0.0409697123705247
0.0380742203799593
0.034304836419298
0.0297889045979798
0.0254291156562527
0.0213786822307218
0.0179267904212255
0.0148957378225711
0.0121365906264828
0.00990840033757201
0.00812885122391333
0.00648181816934473
0.00504884071352125
0.00387589873596044
0.00293678746190668
0.00214683436438923
0.00143617990443711
0.000818733889435234
0.000299356807380922
-0.000153977172818349
-0.000577757400951177
0.0449001133163562
0.0454307464199403
0.0457653200448477
-0.000925255720419039
-0.00130226412104863
-0.00169223648777775
-0.00205759982185648
-0.00238321552632674
-0.00268746483310563
-0.000772709457839518
-0.000957755066741838
-0.00106180431964732
-0.00112372135379745
-0.00287445527463395
-0.00300786409465657
-0.00309199221904213
-0.0031348577877622
-0.00280629677957326
-0.00288030649532196
-0.00291471775243633
0.00250998489623099
0.00166681115911477
0.000985290830501869
0.00037799995314761
-0.000202338977776266
-0.000745644246330685
0.00257095203087213
0.00180804152776279
0.00115238280131889
0.000582009109615777
7.45434689596135e-05
-0.000349399622249643
-0.000765902158814943
-0.00112900999679133
-0.00146920882731137
-0.00178663319741854
-0.0020761102320742
-0.0023521221554559
-0.00260664377708239
-0.00285113636713128
-0.00307891766793857
-0.00328434397696382
-0.00348728631378187
-0.00114521350637212
-0.0014674214423932
-0.00178283578832465
-0.00206669005512614
-0.00234857358342167
-0.00261152776412471
-0.00285775864893042
-0.00308710169222569
-0.00330076833862255
-0.00349469173691394
-0.00367501843843914
-0.00384185957332552
-0.00399154545916976
-0.00412014443140936
-0.00422634897192898
-0.00431072196558352
-0.00437365516037802
-0.00441527135480437
-0.00443663400559901
-0.000858596150095063
-0.000934973980791952
-0.000993187237683517
-0.00103156967709146
-0.00105471223251743
-0.00106612938926354
-0.00365522408051181
-0.00382368989936621
-0.00397191281004707
-0.00408803145298911
-0.00418035689985369
-0.00424141661887951
-0.00427329084287431
-0.00358062540221099
-0.00366009572128633
-0.00371483238806631
-0.00374187352688522
