3.72921997448484e-05
3.72921997448484e-05
3.72921997448484e-05
3.72921997448484e-05
3.72921997448484e-05
3.72921997448485e-05
3.72921997448485e-05
3.72921997448484e-05
3.72921997448484e-05
3.72921997448485e-05
3.72921997448485e-05
3.72921997448486e-05
3.72921997448486e-05
3.72921997448486e-05
3.72921997448487e-05
3.72921997448484e-05
3.72921997448484e-05
3.72921997448483e-05
3.72921997448483e-05
3.72921997448483e-05
3.72921997448483e-05
3.72921997448483e-05
3.72921997448483e-05
3.72921997448484e-05
3.72921997448484e-05
3.72921997448484e-05
3.72921997448485e-05
3.72921997448485e-05
3.72921997448485e-05
3.72921997448486e-05
3.72921997448486e-05
3.72921997448486e-05
3.72921997448484e-05
3.72921997448484e-05
3.72921997448484e-05
3.72921997448484e-05
3.72921997448484e-05
3.72921997448483e-05
3.72921997448483e-05
3.72921997448483e-05
3.72921997448485e-05
3.72921997448485e-05
3.72921997448486e-05
3.72921997448486e-05
3.72921997448487e-05
3.72921997448484e-05
3.72921997448485e-05
3.72921997448485e-05
3.72921997448487e-05
3.72921997448487e-05
3.72921997448488e-05
3.72921997448488e-05
3.72921997448488e-05
3.72921997448488e-05
3.72921997448488e-05
3.72921997448488e-05
3.72921997448488e-05
3.72921997448488e-05
3.72921997448488e-05
3.72921997448488e-05
3.72921997448488e-05
3.72921997448488e-05
3.72921997448488e-05
3.72921997448488e-05
3.72921997448488e-05
3.72921997448489e-05
3.72921997448489e-05
3.72921997448489e-05
3.72921997448489e-05
3.72921997448489e-05
3.72921997448489e-05
3.72921997448488e-05
3.72921997448488e-05
3.72921997448488e-05
3.72921997448488e-05
3.72921997448488e-05
3.72921997448488e-05
3.72921997448488e-05
3.72921997448488e-05
3.72921997448488e-05
3.72921997448488e-05
3.72921997448488e-05
3.72921997448488e-05
3.72921997448488e-05
3.72921997448488e-05
3.72921997448488e-05
3.72921997448489e-05
3.72921997448489e-05
3.72921997448489e-05
3.72921997448489e-05
3.72921997448489e-05
3.72921997448489e-05
3.72921997448489e-05
3.72921997448485e-05
3.72921997448486e-05
3.72921997448486e-05
3.72921997448485e-05
3.72921997448486e-05
3.72921997448486e-05
3.72921997448486e-05
3.72921997448487e-05
3.72921997448487e-05
3.72921997448486e-05
3.72921997448487e-05
3.72921997448487e-05
3.72921997448487e-05
3.72921997448487e-05
3.72921997448487e-05
3.72921997448487e-05
3.72921997448487e-05
3.72921997448487e-05
3.72921997448487e-05
3.72921997448488e-05
3.72921997448488e-05
3.72921997448488e-05
3.72921997448488e-05
3.72921997448488e-05
3.72921997448488e-05
3.72921997448487e-05
3.72921997448488e-05
3.72921997448488e-05
3.72921997448488e-05
3.72921997448489e-05
3.7292199744849e-05
3.72921997448487e-05
3.72921997448488e-05
3.72921997448488e-05
3.7292199744849e-05
3.72921997448491e-05
3.72921997448491e-05
3.72921997448492e-05
3.72921997448492e-05
3.72921997448492e-05
3.72921997448492e-05
3.72921997448492e-05
3.72921997448492e-05
3.72921997448492e-05
3.72921997448492e-05
3.72921997448492e-05
3.72921997448491e-05
3.72921997448491e-05
3.72921997448491e-05
3.72921997448491e-05
3.7292199744849e-05
3.7292199744849e-05
3.7292199744849e-05
3.7292199744849e-05
3.7292199744849e-05
3.7292199744849e-05
3.7292199744849e-05
3.7292199744849e-05
3.72921997448491e-05
3.72921997448491e-05
3.72921997448491e-05
3.72921997448492e-05
3.72921997448492e-05
3.72921997448492e-05
3.72921997448492e-05
3.72921997448492e-05
3.72921997448492e-05
3.72921997448492e-05
3.7292199744849e-05
3.7292199744849e-05
3.7292199744849e-05
3.7292199744849e-05
3.7292199744849e-05
3.7292199744849e-05
3.7292199744849e-05
3.72921997448491e-05
3.72921997448491e-05
3.72921997448491e-05
3.72921997448491e-05
3.72921997448491e-05
3.72921997448491e-05
3.72921997448491e-05
3.72921997448492e-05
3.72921997448492e-05
3.72921997448492e-05
3.72921997448492e-05
3.72921997448492e-05
3.72921997448492e-05
3.72921997448492e-05
3.72921997448492e-05
3.72921997448492e-05
3.72921997448488e-05
3.72921997448488e-05
3.72921997448488e-05
3.72921997448488e-05
3.72921997448488e-05
3.72921997448489e-05
3.72921997448489e-05
3.72921997448489e-05
3.72921997448489e-05
3.7292199744849e-05
3.7292199744849e-05
3.7292199744849e-05
3.7292199744849e-05
3.72921997448489e-05
3.72921997448489e-05
3.72921997448489e-05
3.7292199744849e-05
3.7292199744849e-05
3.7292199744849e-05
3.72921997448491e-05
3.72921997448491e-05
3.72921997448491e-05
3.7292199744849e-05
3.7292199744849e-05
3.7292199744849e-05
3.7292199744849e-05
3.7292199744849e-05
3.7292199744849e-05
3.7292199744849e-05
3.7292199744849e-05
3.7292199744849e-05
3.72921997448489e-05
3.72921997448489e-05
3.72921997448489e-05
3.72921997448489e-05
3.7292199744849e-05
3.7292199744849e-05
3.7292199744849e-05
3.7292199744849e-05
3.7292199744849e-05
3.7292199744849e-05
3.72921997448491e-05
3.72921997448491e-05
3.72921997448491e-05
3.72921997448491e-05
3.72921997448491e-05
3.72921997448491e-05
3.72921997448491e-05
3.72921997448491e-05
3.72921997448491e-05
3.72921997448486e-05
3.72921997448486e-05
3.72921997448486e-05
3.72921997448486e-05
3.72921997448486e-05
3.72921997448486e-05
3.72921997448486e-05
3.72921997448486e-05
3.72921997448486e-05
3.72921997448486e-05
3.72921997448487e-05
3.72921997448487e-05
3.72921997448487e-05
3.72921997448487e-05
3.72921997448488e-05
3.72921997448488e-05
3.72921997448487e-05
3.72921997448488e-05
3.72921997448488e-05
3.72921997448487e-05
3.72921997448487e-05
3.72921997448487e-05
3.72921997448487e-05
3.72921997448487e-05
3.72921997448487e-05
3.72921997448488e-05
3.72921997448487e-05
3.72921997448487e-05
3.72921997448487e-05
3.72921997448487e-05
3.72921997448487e-05
3.72921997448487e-05
3.72921997448487e-05
3.72921997448487e-05
3.72921997448487e-05
3.72921997448487e-05
3.72921997448487e-05
3.72921997448488e-05
3.72921997448488e-05
3.72921997448488e-05
3.72921997448488e-05
3.72921997448488e-05
3.72921997448488e-05
3.72921997448488e-05
3.72921997448488e-05
3.72921997448487e-05
3.72921997448487e-05
3.72921997448487e-05
3.72921997448485e-05
3.72921997448485e-05
3.72921997448486e-05
3.72921997448486e-05
3.72921997448486e-05
3.72921997448487e-05
3.72921997448486e-05
3.72921997448486e-05
3.72921997448486e-05
3.72921997448486e-05
3.72921997448486e-05
3.72921997448486e-05
3.72921997448486e-05
3.72921997448487e-05
3.72921997448487e-05
3.72921997448487e-05
3.72921997448487e-05
3.72921997448488e-05
3.72921997448488e-05
3.72921997448488e-05
3.72921997448488e-05
3.72921997448489e-05
3.72921997448489e-05
3.72921997448489e-05
3.7292199744849e-05
3.7292199744849e-05
3.72921997448491e-05
3.72921997448491e-05
3.72921997448491e-05
3.72921997448491e-05
3.72921997448491e-05
3.72921997448492e-05
3.72921997448492e-05
3.72921997448492e-05
3.72921997448492e-05
3.72921997448492e-05
3.72921997448491e-05
3.72921997448491e-05
3.72921997448491e-05
3.72921997448491e-05
3.72921997448491e-05
3.72921997448492e-05
3.72921997448492e-05
3.72921997448486e-05
3.72921997448486e-05
3.72921997448486e-05
3.72921997448487e-05
3.72921997448487e-05
3.72921997448487e-05
3.72921997448487e-05
3.72921997448487e-05
3.72921997448487e-05
3.72921997448487e-05
3.72921997448487e-05
3.72921997448487e-05
3.72921997448487e-05
3.72921997448486e-05
3.72921997448487e-05
3.72921997448487e-05
3.72921997448487e-05
3.72921997448487e-05
3.72921997448488e-05
3.72921997448487e-05
3.72921997448486e-05
3.72921997448486e-05
3.72921997448486e-05
3.72921997448485e-05
3.72921997448485e-05
3.72921997448485e-05
3.72921997448484e-05
3.72921997448484e-05
3.72921997448484e-05
3.72921997448484e-05
3.72921997448484e-05
3.72921997448485e-05
3.72921997448485e-05
3.72921997448485e-05
3.72921997448485e-05
3.72921997448485e-05
3.72921997448485e-05
3.72921997448485e-05
3.72921997448485e-05
3.72921997448485e-05
3.72921997448485e-05
3.72921997448486e-05
3.72921997448486e-05
3.72921997448486e-05
3.72921997448486e-05
3.72921997448486e-05
3.72921997448488e-05
3.72921997448488e-05
3.72921997448488e-05
3.72921997448488e-05
3.72921997448489e-05
3.72921997448489e-05
3.7292199744849e-05
3.7292199744849e-05
3.72921997448491e-05
3.72921997448491e-05
3.72921997448491e-05
3.72921997448491e-05
3.72921997448491e-05
3.72921997448491e-05
3.72921997448491e-05
3.72921997448492e-05
3.72921997448492e-05
3.72921997448493e-05
3.72921997448493e-05
3.72921997448493e-05
3.72921997448493e-05
3.72921997448493e-05
3.72921997448493e-05
3.72921997448493e-05
3.72921997448488e-05
3.72921997448488e-05
3.72921997448488e-05
3.72921997448488e-05
3.72921997448489e-05
3.72921997448489e-05
3.72921997448489e-05
3.72921997448489e-05
3.72921997448489e-05
3.72921997448489e-05
3.72921997448489e-05
3.7292199744849e-05
3.72921997448487e-05
3.72921997448487e-05
3.72921997448487e-05
3.72921997448488e-05
3.72921997448488e-05
3.72921997448488e-05
3.72921997448488e-05
3.72921997448488e-05
3.72921997448488e-05
3.72921997448488e-05
3.72921997448488e-05
3.72921997448488e-05
3.72921997448488e-05
3.72921997448488e-05
3.72921997448489e-05
3.72921997448489e-05
3.72921997448489e-05
3.72921997448489e-05
3.72921997448489e-05
3.72921997448489e-05
3.72921997448489e-05
3.72921997448489e-05
3.72921997448489e-05
3.72921997448487e-05
3.72921997448487e-05
3.72921997448487e-05
3.72921997448487e-05
3.72921997448487e-05
3.72921997448488e-05
3.72921997448488e-05
3.72921997448488e-05
3.72921997448488e-05
3.72921997448488e-05
3.72921997448488e-05
3.72921997448488e-05
3.72921997448488e-05
3.72921997448488e-05
3.72921997448488e-05
3.72921997448488e-05
3.72921997448488e-05
3.72921997448488e-05
3.72921997448488e-05
3.72921997448488e-05
3.72921997448489e-05
3.72921997448489e-05
3.72921997448489e-05
3.72921997448489e-05
3.72921997448489e-05
3.72921997448489e-05
3.72921997448489e-05
3.72921997448489e-05
3.72921997448489e-05
3.72921997448489e-05
3.7292199744849e-05
3.7292199744849e-05
3.72921997448489e-05
3.72921997448489e-05
3.72921997448489e-05
3.72921997448487e-05
3.72921997448486e-05
3.72921997448486e-05
3.72921997448487e-05
3.72921997448486e-05
3.72921997448486e-05
3.72921997448486e-05
3.72921997448486e-05
3.72921997448486e-05
3.72921997448486e-05
3.72921997448486e-05
3.72921997448486e-05
3.72921997448486e-05
3.72921997448485e-05
3.72921997448485e-05
3.72921997448486e-05
3.72921997448486e-05
3.72921997448486e-05
3.72921997448486e-05
3.72921997448486e-05
3.72921997448486e-05
3.72921997448486e-05
3.72921997448486e-05
3.72921997448486e-05
3.72921997448486e-05
3.72921997448486e-05
3.72921997448486e-05
3.72921997448485e-05
3.72921997448485e-05
3.72921997448485e-05
3.72921997448485e-05
3.72921997448485e-05
3.72921997448486e-05
3.72921997448486e-05
3.72921997448486e-05
3.72921997448487e-05
3.72921997448487e-05
3.72921997448487e-05
3.72921997448487e-05
3.72921997448486e-05
3.72921997448486e-05
3.72921997448486e-05
3.72921997448486e-05
3.72921997448486e-05
3.72921997448486e-05
3.72921997448486e-05
3.72921997448485e-05
3.72921997448485e-05
3.72921997448485e-05
3.72921997448485e-05
3.72921997448485e-05
3.72921997448486e-05
3.72921997448486e-05
3.72921997448486e-05
3.72921997448486e-05
3.72921997448486e-05
3.72921997448486e-05
3.72921997448486e-05
3.72921997448486e-05
3.72921997448486e-05
3.72921997448486e-05
3.72921997448486e-05
3.72921997448486e-05
3.72921997448486e-05
3.72921997448486e-05
3.72921997448486e-05
3.72921997448486e-05
3.72921997448486e-05
3.72921997448487e-05
3.72921997448487e-05
3.72921997448487e-05
3.72921997448487e-05
3.72921997448487e-05
3.72921997448487e-05
3.72921997448486e-05
3.72921997448486e-05
3.72921997448487e-05
3.72921997448487e-05
3.72921997448487e-05
3.72921997448487e-05
3.72921997448486e-05
3.72921997448486e-05
3.72921997448486e-05
3.72921997448486e-05
3.72921997448486e-05
3.72921997448486e-05
3.72921997448486e-05
3.72921997448486e-05
3.72921997448486e-05
3.72921997448486e-05
3.72921997448486e-05
3.72921997448487e-05
3.72921997448486e-05
3.72921997448486e-05
3.72921997448486e-05
3.72921997448486e-05
3.72921997448486e-05
3.72921997448486e-05
3.72921997448486e-05
3.72921997448486e-05
3.72921997448486e-05
3.72921997448486e-05
3.72921997448485e-05
3.72921997448486e-05
3.72921997448486e-05
3.72921997448486e-05
3.72921997448486e-05
3.72921997448486e-05
3.72921997448486e-05
3.72921997448486e-05
3.72921997448486e-05
3.72921997448486e-05
3.72921997448483e-05
3.72921997448483e-05
3.72921997448483e-05
3.72921997448483e-05
3.72921997448483e-05
3.72921997448483e-05
3.72921997448483e-05
3.72921997448483e-05
3.72921997448483e-05
3.72921997448483e-05
3.72921997448483e-05
3.72921997448483e-05
3.72921997448483e-05
3.72921997448482e-05
3.72921997448482e-05
3.72921997448482e-05
3.72921997448482e-05
3.72921997448482e-05
3.72921997448482e-05
3.72921997448482e-05
3.72921997448483e-05
3.72921997448483e-05
3.72921997448483e-05
3.72921997448483e-05
3.72921997448484e-05
3.72921997448484e-05
3.72921997448484e-05
3.72921997448484e-05
3.72921997448484e-05
3.72921997448485e-05
3.72921997448485e-05
3.72921997448483e-05
3.72921997448483e-05
3.72921997448483e-05
3.72921997448483e-05
3.72921997448484e-05
3.72921997448485e-05
3.72921997448485e-05
3.72921997448483e-05
3.72921997448482e-05
3.72921997448482e-05
3.72921997448484e-05
3.72921997448485e-05
3.72921997448486e-05
3.72921997448486e-05
3.72921997448487e-05
3.72921997448482e-05
3.72921997448482e-05
3.72921997448483e-05
3.72921997448483e-05
3.72921997448481e-05
3.7292199744848e-05
3.7292199744848e-05
3.72921997448484e-05
3.72921997448485e-05
3.72921997448485e-05
3.72921997448486e-05
3.72921997448486e-05
3.72921997448487e-05
3.72921997448487e-05
3.72921997448487e-05
3.72921997448488e-05
3.72921997448488e-05
3.72921997448489e-05
3.72921997448489e-05
3.72921997448484e-05
3.72921997448484e-05
3.72921997448484e-05
3.72921997448485e-05
3.72921997448485e-05
3.72921997448485e-05
3.72921997448485e-05
3.72921997448486e-05
3.72921997448486e-05
3.72921997448486e-05
3.72921997448486e-05
3.72921997448486e-05
3.72921997448487e-05
3.72921997448487e-05
3.72921997448488e-05
3.72921997448488e-05
3.72921997448488e-05
3.72921997448488e-05
3.72921997448489e-05
3.72921997448489e-05
3.72921997448489e-05
3.72921997448489e-05
3.72921997448489e-05
3.72921997448489e-05
3.72921997448489e-05
3.72921997448489e-05
3.72921997448489e-05
3.72921997448489e-05
3.72921997448489e-05
3.72921997448489e-05
3.72921997448489e-05
3.72921997448489e-05
3.72921997448489e-05
3.7292199744849e-05
3.7292199744849e-05
3.7292199744849e-05
3.72921997448489e-05
3.72921997448489e-05
3.72921997448489e-05
3.72921997448489e-05
3.72921997448489e-05
3.72921997448489e-05
3.72921997448489e-05
3.72921997448489e-05
3.72921997448489e-05
3.72921997448489e-05
3.7292199744849e-05
3.7292199744849e-05
3.7292199744849e-05
3.72921997448489e-05
3.7292199744848e-05
3.7292199744848e-05
3.7292199744848e-05
3.7292199744848e-05
3.7292199744848e-05
3.7292199744848e-05
3.72921997448481e-05
3.72921997448481e-05
3.72921997448481e-05
3.72921997448481e-05
3.72921997448481e-05
3.72921997448482e-05
3.72921997448482e-05
3.72921997448482e-05
3.7292199744848e-05
3.7292199744848e-05
3.72921997448479e-05
3.72921997448479e-05
3.72921997448479e-05
3.72921997448479e-05
3.72921997448479e-05
3.72921997448478e-05
3.72921997448478e-05
3.72921997448478e-05
3.72921997448478e-05
3.72921997448478e-05
3.72921997448478e-05
3.72921997448478e-05
3.72921997448478e-05
3.72921997448479e-05
3.72921997448478e-05
3.72921997448478e-05
3.72921997448482e-05
3.72921997448482e-05
3.72921997448482e-05
3.72921997448482e-05
3.72921997448483e-05
3.72921997448483e-05
3.72921997448483e-05
3.72921997448484e-05
3.72921997448484e-05
3.72921997448484e-05
3.72921997448485e-05
3.72921997448485e-05
3.72921997448485e-05
3.72921997448484e-05
3.72921997448484e-05
3.72921997448484e-05
3.72921997448485e-05
3.72921997448485e-05
3.72921997448482e-05
3.72921997448482e-05
3.72921997448482e-05
3.72921997448482e-05
3.72921997448483e-05
3.72921997448483e-05
3.72921997448483e-05
3.72921997448483e-05
3.72921997448483e-05
3.72921997448484e-05
3.72921997448483e-05
3.72921997448488e-05
3.72921997448489e-05
3.7292199744849e-05
3.7292199744849e-05
3.72921997448491e-05
3.72921997448491e-05
3.72921997448492e-05
3.72921997448492e-05
3.72921997448492e-05
3.72921997448492e-05
3.72921997448493e-05
3.72921997448488e-05
3.72921997448488e-05
3.72921997448488e-05
3.72921997448489e-05
3.72921997448489e-05
3.72921997448489e-05
3.72921997448489e-05
3.72921997448489e-05
3.7292199744849e-05
3.7292199744849e-05
3.7292199744849e-05
3.7292199744849e-05
3.7292199744849e-05
3.72921997448493e-05
3.72921997448494e-05
3.72921997448494e-05
3.72921997448494e-05
3.72921997448494e-05
3.72921997448495e-05
3.72921997448495e-05
3.72921997448495e-05
3.72921997448495e-05
3.72921997448493e-05
3.72921997448493e-05
3.72921997448493e-05
3.72921997448493e-05
3.72921997448493e-05
3.72921997448493e-05
3.72921997448493e-05
3.72921997448493e-05
3.72921997448493e-05
3.72921997448493e-05
3.72921997448493e-05
3.72921997448493e-05
3.72921997448493e-05
3.72921997448493e-05
3.72921997448493e-05
3.72921997448494e-05
3.72921997448494e-05
3.72921997448495e-05
3.72921997448495e-05
3.72921997448495e-05
3.72921997448495e-05
3.72921997448495e-05
3.72921997448486e-05
3.72921997448486e-05
3.72921997448486e-05
3.72921997448487e-05
3.72921997448487e-05
3.72921997448487e-05
3.72921997448488e-05
3.72921997448488e-05
3.72921997448488e-05
3.72921997448489e-05
3.72921997448489e-05
3.72921997448489e-05
3.72921997448489e-05
3.7292199744849e-05
3.7292199744849e-05
3.7292199744849e-05
3.72921997448486e-05
3.72921997448486e-05
3.72921997448486e-05
3.72921997448487e-05
3.72921997448487e-05
3.72921997448488e-05
3.72921997448488e-05
3.72921997448488e-05
3.72921997448489e-05
3.72921997448489e-05
3.72921997448489e-05
3.72921997448489e-05
3.72921997448489e-05
3.7292199744849e-05
3.72921997448491e-05
3.72921997448491e-05
3.72921997448491e-05
3.72921997448491e-05
3.72921997448491e-05
3.72921997448491e-05
3.72921997448491e-05
3.72921997448491e-05
3.72921997448491e-05
3.72921997448491e-05
3.72921997448491e-05
3.72921997448492e-05
3.72921997448492e-05
3.72921997448492e-05
3.72921997448492e-05
3.72921997448492e-05
3.7292199744849e-05
3.7292199744849e-05
3.7292199744849e-05
3.7292199744849e-05
3.7292199744849e-05
3.7292199744849e-05
3.7292199744849e-05
3.7292199744849e-05
3.7292199744849e-05
3.7292199744849e-05
3.7292199744849e-05
3.7292199744849e-05
3.7292199744849e-05
3.7292199744849e-05
3.7292199744849e-05
3.7292199744849e-05
3.7292199744849e-05
3.7292199744849e-05
3.72921997448491e-05
3.72921997448491e-05
3.72921997448491e-05
3.72921997448491e-05
3.72921997448491e-05
3.72921997448492e-05
3.72921997448492e-05
3.72921997448492e-05
3.72921997448492e-05
3.72921997448491e-05
3.72921997448489e-05
3.72921997448489e-05
3.7292199744849e-05
3.7292199744849e-05
3.7292199744849e-05
3.7292199744849e-05
3.7292199744849e-05
3.72921997448491e-05
3.72921997448491e-05
3.72921997448491e-05
3.72921997448491e-05
3.72921997448491e-05
3.72921997448491e-05
3.72921997448491e-05
3.72921997448491e-05
3.72921997448491e-05
3.72921997448492e-05
3.72921997448492e-05
3.72921997448492e-05
3.72921997448492e-05
3.72921997448493e-05
3.72921997448493e-05
3.72921997448493e-05
3.72921997448493e-05
3.72921997448493e-05
3.72921997448493e-05
3.72921997448493e-05
3.72921997448494e-05
3.72921997448494e-05
3.72921997448494e-05
3.72921997448494e-05
3.72921997448491e-05
3.72921997448491e-05
3.72921997448491e-05
3.72921997448491e-05
3.72921997448491e-05
3.72921997448491e-05
3.72921997448491e-05
3.72921997448491e-05
3.72921997448491e-05
3.72921997448491e-05
3.72921997448491e-05
3.72921997448491e-05
3.72921997448491e-05
3.72921997448491e-05
3.7292199744849e-05
3.7292199744849e-05
3.7292199744849e-05
3.7292199744849e-05
3.7292199744849e-05
3.7292199744849e-05
3.7292199744849e-05
3.7292199744849e-05
3.7292199744849e-05
3.72921997448489e-05
3.72921997448489e-05
3.72921997448488e-05
3.72921997448491e-05
3.72921997448491e-05
3.72921997448491e-05
3.72921997448488e-05
3.72921997448488e-05
3.72921997448488e-05
3.72921997448488e-05
3.72921997448488e-05
3.72921997448488e-05
3.72921997448488e-05
3.72921997448488e-05
3.72921997448487e-05
3.72921997448487e-05
3.72921997448488e-05
3.72921997448488e-05
3.72921997448488e-05
3.72921997448488e-05
3.72921997448488e-05
3.72921997448488e-05
3.72921997448488e-05
3.72921997448494e-05
3.72921997448494e-05
3.72921997448495e-05
3.72921997448495e-05
3.72921997448495e-05
3.72921997448496e-05
3.72921997448494e-05
3.72921997448494e-05
3.72921997448494e-05
3.72921997448494e-05
3.72921997448494e-05
3.72921997448494e-05
3.72921997448494e-05
3.72921997448493e-05
3.72921997448493e-05
3.72921997448493e-05
3.72921997448493e-05
3.72921997448493e-05
3.72921997448493e-05
3.72921997448492e-05
3.72921997448492e-05
3.72921997448492e-05
3.72921997448492e-05
3.72921997448497e-05
3.72921997448498e-05
3.72921997448498e-05
3.72921997448499e-05
3.72921997448499e-05
3.729219974485e-05
3.729219974485e-05
3.729219974485e-05
3.729219974485e-05
3.72921997448501e-05
3.72921997448501e-05
3.72921997448501e-05
3.72921997448501e-05
3.72921997448501e-05
3.72921997448501e-05
3.72921997448501e-05
3.72921997448501e-05
3.72921997448501e-05
3.72921997448501e-05
3.72921997448495e-05
3.72921997448495e-05
3.72921997448495e-05
3.72921997448494e-05
3.72921997448494e-05
3.72921997448494e-05
3.72921997448492e-05
3.72921997448492e-05
3.72921997448492e-05
3.72921997448492e-05
3.72921997448492e-05
3.72921997448492e-05
3.72921997448492e-05
3.72921997448492e-05
3.72921997448492e-05
3.72921997448492e-05
3.72921997448492e-05
