0.05
0.0379958618948857
0.0365458287519676
0.0346401264940519
0.0363974381074109
0.0344242257538051
0.0328444360459329
0.0378642260439513
0.0360736259180858
0.0338538064443417
0.0332126874311025
0.0333669144709366
0.0338084136215714
0.0347020498278431
0.0358723202338447
0.0379634809501071
0.0320647170834047
0.0268968088671154
0.0262549281632536
0.0242232400073945
0.022428451019498
0.0220959319958157
0.0220133724255178
0.0220775062862589
0.0224566263173928
0.023588088461614
0.0252881872213357
0.0268306365195185
0.0278281111529143
0.0279836246063008
0.0271365537016423
0.0252664161832901
0.0377576866583667
0.0361808846073456
0.0341891163806323
0.0326751090334092
0.0315239536415412
0.0307147287283248
0.0301432395271851
0.0296403654131332
0.0342369666636838
0.034716910911166
0.0358656830873214
0.0372454093916172
0.0388432159450919
0.0336534893970213
0.0329948381332103
0.0324688640179597
0.0381670305289138
0.0369282720034504
0.0350556888253826
0.0328063301347008
0.0300222372994638
0.0268812581528381
0.0239559906011745
0.0211174550768011
0.0183900428188989
0.0160555971586567
0.013963871192434
0.0121310210015192
0.0104783486904977
0.00905731618515831
0.00784021295839177
0.0067231008087469
0.005732126686428
0.00480632404266056
0.00390458133025643
0.0030442648376496
0.00226974353850868
0.00158677930637255
0.00100228006876011
0.000516036345424114
-7.46731090515846e-06
-0.000557434029010205
-0.00104899338012408
-0.00148747527971922
-0.00184924613912308
-0.00215220932489967
-0.0023931767162352
-0.00257048926103521
-0.00268728553216613
-0.00274714977600833
0.0407702028543202
0.0420210993487549
0.043136564436055
0.0441009512293899
0.0448310352833968
0.0453808713993193
0.0458288576728786
0.046118955612708
0.046324365159894
0.0464648293248121
0.0465350552709702
0.0323729443077618
0.0322532154371219
0.0320294062848931
0.0315270221371025
0.0300947190672669
0.0280368391473358
0.031879071592654
0.0316964284229799
0.031474460416409
0.0322001878284842
0.0319839097075886
0.0309618580318124
0.0295796056118024
0.0278944179838948
0.0256718870723017
0.0231819595230979
0.021117947098898
0.019344512176163
0.0176554978719375
0.0162521812156695
0.0150708974868125
0.0141622390812262
0.0135336412154141
0.013144469171268
0.0129307208398429
0.0306538102070534
0.0285367984743001
0.0250971155697608
0.0211566618586629
0.0175142975521889
0.0138508358875766
0.0312004915395195
0.0308892950626587
0.0305087560805134
0.0121780830073051
0.0105603492789915
0.00916640903907357
0.00796859943545928
0.00689409598975759
0.00597531055330441
0.00521971429241056
0.00456188259487853
0.00396286782453269
0.00342469626060724
0.00295660062554409
0.00256002545217025
0.00222430277826394
0.00193306899090771
0.00167718185762135
0.00145151707040038
0.00125253099517846
0.0010750208732722
0.000911132199293524
0.000764011228781555
0.000620002245844386
0.000485648764283506
0.000359234598615396
0.000234125189348218
0.000146195367075333
4.6328602561764e-05
-2.860842674732e-05
-8.41336564705937e-05
-0.000116051933995719
-0.000126407659446164
-0.000121327748111244
-0.00010660025756409
-9.39347463496372e-05
-8.23478281092562e-05
0.0120253153120322
0.0104021498516094
0.00898814368247197
0.0075233243155275
0.0061516157619887
0.00491099855767748
0.00384485394931438
0.00281622202575639
0.00189418001971678
0.00104287375137765
0.000267363570901279
-0.000450507625924976
-0.00111815059687994
-0.00172350091450878
-0.00226362240268122
-0.00277281940096158
-0.0032237406961411
-0.00360431462264931
-0.00392710017274145
-0.00420039051089996
-0.0044185633701507
-0.00457070984879892
-0.00465102217488415
0.0301540657546022
0.0293981572601986
0.028346210523319
0.0271278729829841
0.0258397504389336
0.0245362876416948
0.0232584638641688
0.0220960018496361
0.0211049798111861
0.0202934774212552
0.0196717265312973
0.0192525127156997
0.0190352443198725
0.0293745544604439
0.0278250767644459
0.0259777918798484
0.0240585175903201
0.0221070614906831
0.0202264764141407
0.0185454753264149
0.0169873241994085
0.0153157678789453
0.0135808579292129
0.0119117964207075
0.0104249210713548
0.00911665111884398
0.00791382793269228
0.00685939374112977
0.0059422725344708
0.00518379427217797
0.0045636428134302
0.00398563394186644
0.00322969814353403
0.00234587444127744
0.00158484330422771
0.000778696095830183
8.98455798701639e-05
-0.000554704952518682
-0.00118618202114309
-0.00178803743026473
-0.00233179655857538
-0.00279517732612152
-0.00317821507880332
-0.00350619272823366
-0.0037939078224156
-0.00401995364824025
-0.00421375564763881
-0.00438205051773662
-0.00449365420709828
-0.0045524431054131
0.0268877436169731
0.0255404173591272
0.0240819717866976
0.0224365293028801
0.020896969897956
0.0191688344563181
0.0176096267174706
0.0162691954125372
0.0148681298678157
0.0135980280912345
0.0127154931089611
0.0114443411174911
0.0106320186842291
0.00966220944223103
0.00869175450452131
0.00798070448276016
0.00753425453034868
0.00708876558695842
0.00671561375174789
0.00644360366700077
0.00625712063099942
0.00616789713944117
0.0271322095267717
0.0259698435141497
0.0246020128930873
0.0230931562355701
0.0215769618281638
0.0201106843900809
0.0187120199103759
0.0173046454269145
0.0161326299218553
0.0149694543428184
0.0138302241420911
0.0127633919494531
0.0113208496777056
0.00993859660757188
0.00872816344902449
0.00765555121457116
0.00673693503233539
0.00592959972174058
0.00527744098948949
0.00462670253840834
0.0040573331506408
0.00359684650435593
0.00323670965083523
0.00296286272033941
0.00278547230069907
0.00269127220688311
0.0324866516749168
0.0321632759913847
0.0318646591319988
0.0322474465424853
0.0319996147216674
0.0320867808940467
0.0317393871673072
0.0316073697611546
0.0314569655589471
0.031932653199642
0.0327772154643953
0.0344203006755193
0.036072230098246
0.0374280566223496
0.0386481578964628
0.0396451442956663
0.040215266800472
0.0402358143542851
0.0396223793528489
0.0383234391690526
0.0363303493529325
0.0335133867079743
0.029273455248632
0.02404389180564
0.0199485933896653
0.0157275764840592
0.0127721987335158
0.010144240525629
0.00807190457095416
0.00614627282104968
0.00453538786446022
0.00322536249951124
0.00208097824532574
0.00108706338140446
0.000237629223383688
-0.000497598480495264
-0.00108236968320963
-0.00156676970201967
-0.00201793400300892
-0.0023521956541696
-0.00258861659540959
-0.00274395218051182
-0.0028244354088726
0.0323208790604908
0.0337426238200623
0.0353591207531115
0.0369391345390638
0.0383749211678738
0.0397151918746396
0.0409443414943464
0.0420660778031952
0.0430006394549851
0.0437590979304918
0.0443283769612927
0.0447026742783711
0.0448974066278361
0.0303735124085344
0.0292579187392332
0.0275055143475522
0.0265104228129273
0.0252990857572565
0.0238664786355481
0.0267421773369818
0.0253050758283308
0.0231283205540081
0.0208543612708546
0.0185661458541981
0.0163115576370054
0.0142265499021329
0.0123376303456995
0.010601851961067
0.00906150771791848
0.00766934267107513
0.00639876832273661
0.00526125966526555
0.00421453850383983
0.00327471274920423
0.00243093368568607
0.00168665782348959
0.00101559881203646
0.000440343123098767
-5.02230356919968e-05
-0.000476882339441299
-0.000885295866250568
-0.00124623268350569
-0.00153751000402611
-0.00175476540693992
-0.00188671104334315
-0.00196316382118223
0.022302155392815
0.0203099291595805
0.0179912025385521
0.0156454846215284
0.0136636573596778
0.0118384129239661
0.0100588020623316
0.0085649833074437
0.0073568135431113
0.00610831843174853
0.00489417050340007
0.00378563014815552
0.00286407069688547
0.00213730747656877
0.00139424053073
0.000732950949674311
0.000137740900784047
-0.00037026890863035
-0.000791226827304537
-0.00108698387772775
-0.00131978003840093
-0.00153144620628472
-0.00168936683644857
-0.00176299956605762
0.0227789611023049
0.0215006834519193
0.0202830354127325
0.0190165110174279
0.0179354766830845
0.016843336399507
0.0158692760733107
0.0151542703049164
0.0145611691328527
0.0140471060366036
0.0136931821705499
0.0134854716317719
0.0324873344422197
0.0333310010933835
0.034593297736271
0.0362478182489604
0.0378333349162753
0.0391148531261527
0.0402684009362974
0.0412253367116004
0.0418991386702374
0.0423064185065699
0.0423759947261987
0.0420330567615455
0.0412718127820662
0.0398947831312722
0.0377771483988614
0.0351808743476831
0.0324515860202033
0.0297373222688535
0.0272190844009696
0.025102982876237
0.0235318595541534
0.0224912605283282
0.0218851432543624
0.0321586625520768
0.0325138626626268
0.0331453129567804
0.0340529175931339
0.0350439743138568
0.0358480854309408
0.036306297471213
0.0363008944819252
0.0357190359841282
0.0344946957070214
0.0326263782297052
0.0303031741306484
0.0275399004478574
0.0245200365173735
0.0216340846779769
0.019022407739979
0.0166770535626734
0.014573120849517
0.0127029600955777
0.0110758475779851
0.00964699631380867
0.00839408858208982
0.00732555240529706
0.00637165207615492
0.00538254438544488
0.00442819806662807
0.0035820233235789
0.00284010162499143
0.00221942845190799
0.00170256241263429
0.00127236919736147
0.000943940137748165
0.00068819238947511
0.000532002023534457
0.00044641934156795
0.0360305184337372
0.0359165518019927
0.0352578156918482
0.0363817118353149
0.0367199687104822
0.0368726718532126
0.0364068013772089
0.0367208951840727
0.0361986999723441
0.0350034091539455
0.0335902475757236
0.032034909819571
0.0306320207683083
0.0296029219928329
0.0290567439663162
0.032082236451061
0.0280541098090864
0.023443062722906
0.0185949970419957
0.0159784684903535
0.0138146633091105
0.0117589643565455
0.00990961087002603
0.00832027931138861
0.00688111024473586
0.00559936116219631
0.0044550756694657
0.00342399943773227
0.00249495818950535
0.0016476391635636
0.000879861771769613
0.00019449124199931
-0.000401111325060438
-0.00091855040177512
-0.00141769497805199
-0.00190991066601664
-0.00234857971270089
-0.00274093282093145
-0.00308385574753414
-0.00337030343662888
-0.00360461292271508
-0.00379461842082498
-0.00393604809739924
-0.00402885109166964
-0.00407681366983832
0.016848464236836
0.0155000028632027
0.0145064167461337
0.0135270347091128
0.0130786152804379
0.0127611542535892
0.0242249278548681
0.022483498901821
0.0201768238419102
0.0176367349378805
0.015188195115471
0.012956417592986
0.0109717315714627
0.0092100466747573
0.00760942628388251
0.00615714770464196
0.00489401378725405
0.00381070362676015
0.00280822346321361
0.00186390484278654
0.00101801283862055
0.00024602217833514
-0.000463812689887827
-0.00111587416432945
-0.00171298483582683
-0.0022569028777564
-0.00274952012194052
-0.00319370734478148
-0.00358873499077871
-0.00393136214455815
-0.00421976295048916
-0.0044524544089541
-0.00462752765885563
-0.004743626022039
-0.00480329527358844
0.0235608135903326
0.0216258211532045
0.0194293299888292
0.0172045163196328
0.0150921189270321
0.013294948185659
0.0117132508254589
0.0101430272489724
0.00867199720557816
0.00743499133628963
0.00639622304349214
0.0054267957457837
0.00446595502147328
0.00344663354343932
0.00249501266625879
0.00165773748518463
0.000897964214740006
0.000205778139696767
-0.000433102076599754
-0.00104171283465443
-0.00157842235186858
-0.00213352282789712
-0.00249718746060028
-0.00286067957399545
-0.00328233554095101
-0.00364969268996097
-0.00398367517348625
-0.00428474214171921
-0.00451945474083027
-0.00470128841742294
-0.00482385923551451
-0.00488869032156237
0.0287645291753431
0.0275814148795642
0.0262367812146606
0.024814132675531
0.0231773396297505
0.0298789607131997
0.0308178224566736
0.0324341412796183
0.0338375144380369
0.035229350486264
0.036493444866105
0.0373097593156159
0.0378154458342919
0.03801523965833
0.0377553628791725
0.0370190466700015
0.0357840344905839
0.0340936186414149
0.032034547928394
0.0297680035017408
0.0274708342773456
0.0252345709690619
0.023305464503687
0.0210223058043713
0.0190142961361344
0.0174868191197323
0.0162190662254889
0.0152017015246065
0.0144813938869809
0.0140390637398697
0.0137927497523663
0.0215177729974029
0.0186250588030305
0.0148255080869637
0.022394159324011
0.020980765265539
0.0190769709647139
0.0168607145310997
0.0128402689475324
0.0114250425560642
0.010371825372715
0.0134529005216662
0.0121848986603003
0.0108643973976042
0.00981418417673553
0.00842614189849513
0.00991663085852271
0.0089559125974996
0.00765000380892776
0.00628909492275654
0.00928670460197667
0.00829554377208574
0.00729675909856492
0.00563139875465911
0.00490531587228795
0.00414790514503659
0.00349480511473259
0.00284047261656225
0.0022044860197106
0.0016323308230928
0.00106209409650052
0.000518972684727907
1.38978815343327e-05
-0.000452626398930105
-0.00094316934000526
0.00554894374346778
0.00479509895341934
0.00400824803214394
0.00343526352890509
0.00271588010087286
0.0021728208519249
0.00153393606235331
0.000914170753736772
0.000391297514911527
-0.000108431816539286
-0.000600194735520352
-0.00107744126938548
-0.00149724305516077
-0.00188865251570478
-0.00232083796634546
-0.00270312593268224
-0.00309254279444234
-0.00342158083080329
-0.0037279704867622
-0.00399984400451575
-0.00421785918627921
-0.00440008898669792
-0.00454182879192754
-0.004628712060019
-0.00467251816236462
-0.00124249537456241
-0.00151513933769966
-0.00174836972868084
-0.0019176068561708
-0.00206944790892829
-0.00216211155129966
-0.00221348385889063
-0.0010879254629049
-0.00121760155693987
-0.00134246684496208
-0.00145962569691388
-0.00157995289018778
-0.00170877757259501
-0.00184442402625825
-0.00198699148114446
-0.00213204880264448
-0.00227496145763892
-0.00241882570394087
-0.002557841936054
-0.00268316351907407
-0.00278681134455224
-0.00286730758417034
-0.00292999236309495
-0.00297314608568812
-0.00299490839339246
0.00683548522551885
0.00629090411829179
0.00564495436627462
0.00490994775247157
0.00415756519409219
0.00343758783028109
0.00274839189129442
0.00208892228190892
0.00145838143118539
0.000855989467780259
0.000280874304023607
-0.000268302367729392
-0.000792825689483623
-0.00131931661141424
0.00685200594881486
0.00639198283049524
0.00592819966206877
0.00547021734540668
0.00506949670235035
0.00468200207372635
0.00431203456578582
0.00397185332190943
0.0036544728942637
0.00333255639140267
0.00300302782513925
0.00269779531596003
0.00244294991508527
0.00223325091930351
0.00207355241727073
0.00194712757715626
0.00186584037166457
0.0018202867637122
-0.00166239886186204
-0.00197574845370601
-0.00226616774513249
-0.00258159911769254
-0.00286592462952845
-0.00311460507017753
-0.00341292363010343
-0.00376593376616518
-0.00410174586556941
-0.00439004821882718
-0.00463474496095351
-0.00484877857704554
-0.00504344610825406
-0.00521297659973419
-0.00534820782372903
-0.00544339870957688
-0.00550655390256617
-0.00554183591869637
-0.00156544795418066
-0.00178232161852236
-0.00197408434103923
-0.00214596231900201
-0.00230348407430992
-0.00244981269414437
-0.00258020824996239
-0.0026865636876964
-0.00276620983784698
-0.00281912962498408
-0.00284636125739152
0.00755812902547885
0.00661726054067726
0.00561892661849044
0.00470509928628544
0.00387001172992247
0.00306999659420436
0.00233635692113667
0.00160076389356849
0.000919470126057417
0.000280366212755057
-0.000357561217994675
0.00768746519340797
0.00686919368234466
0.00616671030940038
0.00543254675101512
0.00485459371095911
0.00422617449009673
0.00371452944645038
0.0032871307060023
0.00289318543703243
0.0026698677194054
0.00245515950727007
0.00232017604158169
0.0022524439908175
-0.000687056373635917
-0.00096947635473001
-0.00121275376480362
-0.00144988196840369
-0.00163914409818611
-0.00179906110632589
-0.00191209547275907
-0.00199653124290864
-0.00204609894331799
-0.000696635751206962
-0.00101492098065001
-0.00131632663093607
-0.0016055399274755
-0.00188653976656963
-0.00215927641966104
-0.00242481765531135
-0.00268869859490816
-0.00294534117002535
-0.00319258011744779
-0.00344104864565665
-0.00367695486645289
-0.00389905414282886
-0.00411126231579752
-0.00431195575337701
-0.00450672516097719
-0.00468991809364561
-0.00484860571916333
-0.00497136831459222
-0.00506706660000201
-0.00513336880310258
-0.00516676154080148
0.0158273835208254
0.014602246269032
0.0133070389814654
0.0120605664342792
0.0108787441566469
0.00973169524802331
0.00853198667262807
0.00742431076510342
0.00665591953760918
0.00571578193557751
0.00468182246129359
0.00382296838714039
0.00297723845971841
0.00212412782294752
0.00134913750487681
0.00057368382217568
0.0158433912156706
0.0147491760242277
0.0136650448828818
0.0126289329224381
0.0116217125288761
0.0106247972749046
0.00961486873518139
0.00858879225408253
0.00760117413711003
0.00670623632249091
0.00593828887431179
0.00529733355880113
0.00471915458461815
0.00405409903029024
7.3438960927062e-05
-0.000499200193343278
-0.00103238957831046
-0.00150159484163214
-0.00196765809259237
-0.00237052507640362
-0.00273305156800902
-0.00311895403437008
-0.00341778298272497
-0.00368444406898106
-0.00390642669609015
-0.0040970441210237
-0.00424856146966261
-0.00436127465690912
-0.00443761568264567
-0.00447752119674974
0.000135026387718668
-0.000282914380652346
-0.000703513126955834
-0.00107225130643305
-0.00138642215469248
-0.00170437720317633
-0.00198191730185682
-0.00220930541507167
-0.00239604305723016
-0.00255669200397344
-0.00269791068046946
-0.0028171051558541
-0.00290644203392468
-0.00295596400795427
0.00360383033858795
0.00322504248823696
0.00288371265401064
0.00255663937875171
0.00225822535499907
0.00198448644172401
0.00174742793125023
0.0015337362664507
0.00133306748161661
0.00115571365630208
0.00101012615215681
0.000892872558826916
0.000796876268991921
0.000719061895675665
0.00383629348152188
0.00362757455717513
0.00346020386580828
0.00330312136588475
0.00313556777407862
0.00299723575912889
0.00290465534163639
0.00283958720369203
0.00281091227205281
0.00282197031242891
0.00287471014251595
0.00296084907957717
0.00309398168563346
0.00327401795233458
0.00350348777850601
0.00376914548793861
0.0040800964618948
0.00445831848372668
0.00488785184711155
0.0053705903642814
0.00591899933259241
0.00654450447081228
0.0072579969090093
0.00806428083788347
0.00897884385451895
0.0100572516128052
0.0113150277183194
0.0127418475497127
0.0144399110087337
0.0164270850024308
0.0188775267662053
0.000744670750858169
0.000796080427451155
0.000877541641105251
0.000994087831393509
0.0011498637416629
0.00133139255148743
0.0015187615758046
0.00173940080662448
0.00200934145476074
0.00230891998211601
0.00265453848665093
0.00303812889498795
0.00348970837293523
0.00405361380404275
0.00467229442184363
0.0053315738485026
0.00615119108604066
0.00712781285658385
0.00822205326648628
0.00940017410044324
0.0107082674992322
0.01225127526771
0.013994162126587
0.0158540837967614
0.017852232049578
0.0200812914727956
0.000615582804381743
0.000540770736027984
0.000491392275398287
0.0227959981246756
0.026250553484185
0.0302532933601006
0.0342976188975391
0.0380663561541162
0.0416159730453405
0.0204966225865216
0.0210933929172842
0.0215170123713429
0.0218105495021218
0.0437932520229481
0.0452849860457179
0.046181283773709
0.0466198254468952
0.04294192689061
0.0437510541248604
0.0441233313785288
0.0210287016096968
0.0235184722655688
0.0261403410534144
0.0290153657376758
0.0322458347787243
0.0356001034556001
0.0197008588853742
0.020844016555149
0.0223274888492643
0.0241145165896379
0.0261787981039441
0.0282858327391766
0.030713121970049
0.0330997191404289
0.035530406066019
0.037914549724188
0.040119628565232
0.0421711251436338
0.0439320778611179
0.0454136158757491
0.0465145635496834
0.0471862783801145
0.0474555282574012
0.0378671810209729
0.0397487485103891
0.0415859268347139
0.043169341520024
0.0446022441344085
0.0457343278101427
0.046536566960791
0.0469750363038793
0.0470081059288608
0.0465677419864339
0.0455043837091696
0.0435601254128096
0.0405350267454837
0.0366250710460935
0.0324503128104414
0.0286486959940771
0.0256375706040855
0.0236063272553323
0.0225598481878214
0.0366643099321706
0.0375695622913869
0.0384163244851104
0.0390718247145455
0.0395132326125698
0.0397462669807298
0.046586286336572
0.0447592998342139
0.0417387075245004
0.0379156248809771
0.0337706955519559
0.0305386605972076
0.0287219561761401
0.0480951237727333
0.0483721444102379
0.0484180452408233
0.0483926620844112
