0.05
0.0438146514616907
0.0434120612454543
0.0431419739822042
0.0429510389360924
0.0419609166911584
0.0413783282827469
0.0437097253223219
0.0428328823791585
0.0419284796473972
0.0419487354452705
0.0424392982857721
0.0430328681553357
0.0440188945754342
0.0452011487746083
0.0437973464625531
0.0426237048121735
0.0420165483922901
0.0421208193798469
0.0434399912885266
0.044931336552034
0.0452979059042824
0.0454927173079407
0.0456761573015329
0.045900433096612
0.0461212723209339
0.046021352062416
0.0452398941317022
0.0433510341966377
0.0396548381738001
0.0336193933914094
0.0257516075991105
0.0436613495084756
0.0428725739333863
0.0419193449688216
0.0412573150576488
0.0408329746128842
0.0406193342240052
0.0405655053666884
0.0406378469081017
0.0429429911372752
0.0433559247375758
0.0442703631352631
0.0453607883408361
0.0466010670252669
0.0433164780790303
0.0436758512294441
0.044191798297211
0.046819835518617
0.0467201798428371
0.0461383718837734
0.0449999295847122
0.0429427164416255
0.0396081926698655
0.0354683358988639
0.030663023868973
0.0256304453306627
0.0212782162818963
0.0175030423583163
0.014373669435352
0.0117391870778313
0.00964043980204879
0.00798173897585111
0.00658821305826712
0.00546718747566707
0.00452303574324392
0.00369611183957587
0.00298689658041334
0.0024132763727771
0.0019607618325487
0.0016168891684717
0.00136361120897889
0.00112352349877282
0.000901518336698642
0.000725130240006334
0.000584493481884142
0.00047989151127227
0.00040009927924088
0.000341595271673371
0.000301293784099774
0.000276012178458622
0.000263451276824185
0.0471940268826401
0.0474052229508032
0.0473608853771166
0.0469512258533185
0.0461363731356527
0.0449025883652111
0.0430938555910636
0.0412546142700951
0.039453708354357
0.0378875064710911
0.0369783469268239
0.0445341686044079
0.04501947172068
0.045665961590858
0.0449150678277654
0.0458929896073976
0.0466343905347392
0.0458211566514207
0.0459838216316912
0.0461528948755639
0.0461388145534559
0.0466670487151869
0.0468577166071169
0.0464276334104589
0.0453505866780399
0.0430121518166071
0.0387860099715735
0.0338693903998598
0.0288675848322889
0.0237806959171394
0.0195663662069485
0.0161280650160308
0.0135801191157075
0.0118742895597633
0.0108441280923042
0.0102878031346664
0.0463688099060652
0.0460736730761393
0.0446619059519805
0.0410096498556763
0.0342635223578029
0.0245594616382849
0.046330167021508
0.0464559066675096
0.0465360223729103
0.0197567143026612
0.0152698838796739
0.0117174153601283
0.00896708183524885
0.00677195892469245
0.0051154951790688
0.00391387947761348
0.00299179696117598
0.0022567949264633
0.00168412737807624
0.00125529286957303
0.000943754824535661
0.000718284496875553
0.000552099970087995
0.000429360421012933
0.000339649107606073
0.000275133469003748
0.00022902308645376
0.000195668480633265
0.000172637438509691
0.000155696702349793
0.000144043606157064
0.0001360074439974
0.000130232205135224
0.000127115515388816
0.000124364981297855
0.000122674502033731
0.000121535088274683
0.00012080599293954
0.000120360669971872
0.00012006959098336
0.000119886216272573
0.000119796797382803
0.000119741088621995
0.0196919694722673
0.0155794510364532
0.0123655318828533
0.00947397203806245
0.00714659277210577
0.00535980424316646
0.00406614643110038
0.00302806462424585
0.00226395355088586
0.00168939337117584
0.00126613644844405
0.000951153440520668
0.000717118336217897
0.00054789395774884
0.000426955950801259
0.000335703063212083
0.00027081638643743
0.000226162459473769
0.000194723366476559
0.000172270427860328
0.000156849336335416
0.000147320488803682
0.000142684532297565
0.0464535491334942
0.0457896557446234
0.0444099011518756
0.042188656834083
0.0390823208858724
0.0352169746497685
0.0309271944868719
0.0268259231360955
0.0233296997948548
0.0205343298763473
0.0184567615623449
0.0170931862465167
0.0163994244361061
0.0464938932232661
0.0459382378885342
0.0446950004401418
0.0426222748530355
0.0395252150807269
0.0355481024123852
0.0313349234947956
0.0271668084756065
0.0227553942229823
0.0184742245810991
0.0147184106708609
0.0117074511727533
0.00933728948723446
0.00739051825965121
0.00586499627523833
0.00468559952829707
0.00383240697805466
0.00323434401784403
0.00276471259555257
0.00225373465184183
0.00175104470144581
0.00138481101873502
0.00106188123047995
0.000833245445598178
0.000655132510359156
0.000511225251327044
0.000399590107591933
0.000318002019625264
0.000261413627030992
0.000222714795616293
0.000194879005775055
0.000174225839958803
0.000160335808875012
0.000150014173463654
0.000142128379252277
0.000137370857082917
0.000135014568945768
0.0467161581277848
0.0464140018324186
0.045703305489173
0.0443712584611121
0.0424522926824818
0.0393129110386919
0.0354918220573843
0.0315650345442322
0.0270677304338487
0.0229472714450472
0.0201706564692031
0.0163812233710927
0.0141186561250877
0.0116013134128592
0.00928174463645317
0.00770310859043916
0.00676248601231836
0.00586558346449278
0.00514557593163115
0.00463824179171445
0.00429917376125954
0.00413939490131609
0.0467863266630817
0.0466156986522257
0.0460542210703945
0.0449740912040478
0.0432764232826566
0.0408889246649168
0.0378261765585842
0.0340076311302712
0.0304410462797217
0.0267630062805393
0.0232701417820025
0.0202294142584525
0.0164738163055669
0.0132200713418488
0.0106539113574927
0.00860641604425352
0.00701587486467331
0.00573754084688286
0.00478447260606928
0.00390789541955194
0.00320195781411873
0.00267097113041169
0.00227825872977756
0.00199247874593669
0.00181314147401364
0.0017198427913012
0.0413184602011996
0.0413493916402695
0.041518430509994
0.0411939281037209
0.0412727157488004
0.041620421235897
0.041667100481602
0.0418860723924309
0.0422096871212207
0.0416069580610184
0.0423215987607972
0.0436595100899879
0.0449380593632993
0.0458959019068495
0.0466276283115354
0.0470320914180024
0.046953155926343
0.0462952003300368
0.0448087879488881
0.0423126246701372
0.0387386876753729
0.0340681192247212
0.0278009727356036
0.0210214402638795
0.0162939982282354
0.011913541430885
0.00912185094334606
0.00685886692506666
0.00524048326750747
0.00389289422393257
0.00289653293408726
0.00218408872906002
0.00164028931072816
0.0012308165309561
0.000928661281753212
0.000703360257001072
0.000547888127097891
0.000434987507035329
0.000342986547276447
0.000282563518320833
0.000243736487423537
0.000219992152976703
0.000208254575598454
0.0428154748404059
0.0439088070433551
0.0451684176170241
0.0462890012160062
0.0470766998452858
0.0474966572451904
0.0474930025935683
0.0469830365456667
0.0459099825594234
0.0442595913977325
0.0422690095183554
0.0404645636655233
0.0393287413768319
0.0434668448167067
0.0445732432046139
0.0455925104382335
0.0456492639261649
0.0454598971302556
0.0449277084863063
0.0461879356297057
0.0463052290202125
0.0457064687467218
0.044144912578278
0.0411906727947465
0.0364707592745078
0.0306843378799173
0.0249515040393927
0.0198597663851861
0.0157568790910243
0.0124702432384685
0.00983790628581073
0.00777547467419038
0.00611640617838819
0.00481357521528858
0.00378818335247947
0.00299175569983121
0.00235670042801495
0.00187354887082443
0.00150752053188304
0.00122434706950459
0.000981966758326437
0.0007876753367932
0.000643673136382387
0.000543531341640256
0.000485586906353073
0.000453121837106506
0.0442606698884287
0.0421984789161415
0.0381599262091696
0.032431180843329
0.0268917892650965
0.0217774515130315
0.0171628326664736
0.0137072929026748
0.0112138511474597
0.00892677507126351
0.00697724521529204
0.00542405985459538
0.00428914702271613
0.00348952315274622
0.00275822513182557
0.00217720168575319
0.00170897705187064
0.00134916281341653
0.00107817839543378
0.000901974840078671
0.000772025725303254
0.000660868257815828
0.000581882012242193
0.000546104072989608
0.0438147385850874
0.041405642296636
0.037957190229466
0.0332854859303813
0.0287584433343597
0.0240247373271912
0.0199242101026614
0.0170753182882988
0.0148520757924754
0.0130317338797024
0.0118275241237531
0.0111404135349091
0.0420009550001603
0.0426832961675045
0.0436297573890991
0.0447847479286162
0.0457806767235999
0.0464603064473215
0.0469083414585948
0.0470538707457194
0.0468470705010086
0.046200483399597
0.0449095818876104
0.0428138923947708
0.0399108219449656
0.0357281246171116
0.0305032499965338
0.0254345542122935
0.0211736142332099
0.0176566468602282
0.0148306227227135
0.0126864369001499
0.0111967066069345
0.0102491381381052
0.00971093068251955
0.0418964408742681
0.0424017867235561
0.0431278319207211
0.0440761182999483
0.0450666116798998
0.0458806471232807
0.0464217528582413
0.0466308211062197
0.0464209153815232
0.0456691055791996
0.0441745588480624
0.0417738630499972
0.0381357425048886
0.0333336529561502
0.0282785373299037
0.0236164627245365
0.0195406260088435
0.0160641495017174
0.0131605880351739
0.0108016387668247
0.00887528635217969
0.00731062907839055
0.00608110139844146
0.0050794039742691
0.00413769533773172
0.00330744245760665
0.00263428413381732
0.00209417220968483
0.00167887392904974
0.00135886327430873
0.00111069351481535
0.000932306608404856
0.000800242452737585
0.000722430651854477
0.000680797774455423
0.0453117436203157
0.0451726423749473
0.0444844584133108
0.0458103736226762
0.0462678387850094
0.0464980159606503
0.0445117711191915
0.0430794981113959
0.0399013815035483
0.035101254645819
0.0302903108189056
0.0257321021309612
0.0221695203436273
0.0198343178916715
0.018679111865329
0.042029894454909
0.0373215261094399
0.030107334148037
0.0216805323917606
0.0178083858285452
0.01475683689708
0.0120296007785629
0.00974579823580548
0.00792914017682274
0.00641496637126068
0.00518160758679008
0.00418014581031555
0.0033641373272682
0.00270298894393749
0.00216359163843193
0.00172854223870468
0.00138483708978429
0.00112210543149983
0.000922083480789264
0.000753590108717968
0.000608511334812601
0.00049526106975279
0.00040624562203872
0.000337575537733824
0.00028647115947616
0.000248754488360149
0.00022080250914374
0.000201482564268919
0.000189482394742457
0.000183495205815186
0.0179778606292342
0.0151598398944495
0.0131246695489332
0.0111635827053242
0.0102783173909238
0.00965832096251794
0.0219302143283787
0.0180453232879516
0.014346513675893
0.0111193011653612
0.00852479088177501
0.0065033946625016
0.00495203871732443
0.00376260426770286
0.00283498969945245
0.00212032577652789
0.00159678710755717
0.00121973366310769
0.000929186332795549
0.000705009655140452
0.000542498697362189
0.00042347784994151
0.000336455566325012
0.000273384260788172
0.000228052678187671
0.000195711238592507
0.000172747160930216
0.000156457094660075
0.000144984605322064
0.000137013185697022
0.000131545170290264
0.000127866336490098
0.000125488614449572
0.000124083522252405
0.000123413272385737
0.0209722547362245
0.0170986451694111
0.0136631763049838
0.0108011768732464
0.00848552948591002
0.00676271647429498
0.00541758651258951
0.00423750658752843
0.00327183815483074
0.00256522353444295
0.00204949389888747
0.00163792161650614
0.00129605297445322
0.000993835250329326
0.000758837513431068
0.000587766255598965
0.000461100581276393
0.00036802398858523
0.000299219534117475
0.000247281202001306
0.000211113468831932
0.000182086855730199
0.000166820005852689
0.000154373539569822
0.000143316273958696
0.000136093005154456
0.000130941059594309
0.000127221675125768
0.000124835773739518
0.000123266929148883
0.000122335350643129
0.00012188258465097
0.040840903310539
0.041267937173561
0.0417861611097329
0.0422392978554762
0.0425480434283851
0.0407485747209515
0.0413341493279027
0.0424156064132099
0.0433947397096375
0.0444045622715574
0.045363456401769
0.0460236489802195
0.0464855623440137
0.046754955313167
0.0467015382715273
0.0462167059807014
0.0451720762229769
0.0433857412078627
0.0406694924973785
0.0370538136640733
0.0329028235481965
0.028619589759663
0.0248991985195505
0.0205883753625244
0.0169312836011211
0.0142424540129719
0.0120745280713749
0.0103764590436588
0.00919611310992003
0.00848010932302509
0.00808461604801218
0.0417106264227734
0.039646784204972
0.0354377590896478
0.0435190819640193
0.0444261264303228
0.0448900497377604
0.0444849440986816
0.0313417374181092
0.0278081399585772
0.0248876126817264
0.034927247117759
0.0324746851681056
0.0285170857014852
0.0248534078982
0.0198020400786463
0.0236318961072373
0.0206013273512165
0.0164977833062424
0.0124637499143612
0.0215856172727835
0.0185013009481121
0.0154630331987614
0.010492917809332
0.00857410308732776
0.00681591808702946
0.00549115738657199
0.00434068546950785
0.00338612371352467
0.00265685461514686
0.00204323294560365
0.00155245736864294
0.00116677444195953
0.000860814039441486
0.000579325320218992
0.0105301761170702
0.00876713459818926
0.00713306524702364
0.0060701825748429
0.00488790486849494
0.00410099695844627
0.00329016981474872
0.00261563647612218
0.00212690997698769
0.001724741330366
0.00138649696076421
0.00110927863804358
0.000905127098381786
0.000746201544128656
0.000600257430106353
0.000491425484090302
0.000397928469708543
0.000330938422728352
0.000277607921597596
0.00023690192561339
0.000208322818457038
0.000187052994230663
0.000172069834728097
0.000163508698850227
0.000159374199775189
0.000463329440902258
0.000375159445084695
0.000311058065053839
0.000270078462359109
0.000237129771302976
0.000218540501089894
0.00020875093834412
0.000463171231018947
0.000375226854130868
0.000307712714362684
0.000259493463987168
0.000222972404344959
0.000194973120972194
0.00017418261431642
0.000158786000510376
0.000147626827540408
0.000139625584755493
0.000133658666430451
0.000129311268011168
0.000126273072762297
0.000124247766126795
0.000122924784150907
0.000122028448682184
0.000121473909819729
0.0001212125362907
0.0142751133046518
0.0129805583295661
0.0115678575126493
0.0100877410928745
0.0086904063064861
0.00745951651628325
0.00637619094775462
0.00542369939862637
0.0045868135350811
0.00385137580213622
0.00320413115525061
0.00263233973980687
0.00212435380677717
0.00164642804520806
0.0139781740046541
0.0125240012599161
0.0111333751914382
0.00983017545231672
0.00874812577223207
0.00775757320238879
0.00686694231522375
0.00609775782954063
0.00542223578764031
0.00477408628773121
0.00414326713054538
0.00358473476515095
0.00313648606257502
0.00278013690717484
0.0025164809622157
0.00231261779432389
0.00218368900825991
0.00211223179828704
0.00139488846426348
0.00119176007164714
0.00102319853114087
0.000861180613267852
0.000734772431777009
0.000639793226097169
0.000542606058941381
0.000445135071681666
0.000366287171760732
0.000308213030736129
0.000265377116034445
0.000232456761998213
0.000205995077193024
0.000185488970901522
0.000170723875168125
0.000161126590043634
0.000155115876344184
0.000151888290807846
0.00139913285859195
0.00119694224174674
0.001030901798919
0.000892522359189232
0.000774352191712402
0.000671611492814967
0.000585242622071045
0.000518170358921091
0.000469883563921542
0.000438718259690311
0.00042297352636055
0.0169872536060309
0.0141948582911505
0.0115392793291448
0.00938812291207802
0.00764823327540975
0.00617402142493453
0.00497700847136481
0.00391543214616435
0.00304394523492649
0.00231275843784461
0.00165201743075249
0.016972809272104
0.0140823561185028
0.0118072455931838
0.00963745890586248
0.00806995750653683
0.00650524488984997
0.00533018267030863
0.00441411567468276
0.00362218494573128
0.0031928500533699
0.00279514535996983
0.00255207183832339
0.00243217387077307
0.00131886778683764
0.00106940705082234
0.000878232529483653
0.000711811333983064
0.000591794265613423
0.000498884258485723
0.000437546603651055
0.000394105851362854
0.00036958693469795
0.00134160307212325
0.00109005138821076
0.000887101131136829
0.000723454100350604
0.00059170773053831
0.00048706789016416
0.000404508145858873
0.000338662903440829
0.000287600940355541
0.000248391265851748
0.000217054319556377
0.000193357665854434
0.000175502538955182
0.000161854025796748
0.000151498406557005
0.000143335725957724
0.000136980804746161
0.000132343265382556
0.000129232503018082
0.000127072191591832
0.000125702957536242
0.000125050893545539
0.0439297271669167
0.042269046634961
0.0393313028704082
0.0353490620397954
0.030815223497784
0.0261700249043813
0.0214992821072895
0.0176076981539621
0.0151879363176428
0.0125486597443141
0.0100317303227457
0.00821463162061073
0.0066445746203505
0.00525537866577764
0.00413831108863402
0.00313447321950875
0.043734378596223
0.0419424545266614
0.0390734061388673
0.0353050176855614
0.0309229993785776
0.0263022681672965
0.0217405862290418
0.0174991261491567
0.0138868607163968
0.011008289731453
0.00881008270808697
0.00714463702145426
0.00575717580880049
0.00427241498806351
0.00258794150323209
0.00205354970612501
0.00162841249897859
0.00130715152263172
0.00103374457933328
0.000830802979163735
0.00067277728933412
0.000528828796737586
0.00043266240346571
0.000357581947286054
0.000302277105329495
0.0002597734437754
0.00022910140891656
0.000208003513052055
0.000194534359972799
0.000187760228709907
0.00257528823476347
0.00210958489969132
0.00169805772470064
0.00137970908497081
0.00113804600545216
0.000920426729422231
0.000751230921660468
0.00062643643083703
0.00053309046541508
0.000459295692103659
0.000399279883466639
0.000352026947931065
0.000318562700300572
0.000300701848127463
0.00349037644648898
0.00289994571902753
0.00241951589872111
0.0020031183986537
0.00165877800387465
0.00137126638578415
0.00114284182868911
0.000952264820603253
0.000785409445508343
0.000646155951254062
0.000535762776704814
0.000447252384182916
0.000372045787163258
0.000304282833893075
0.00363433911367429
0.00306029974381614
0.00262393912024704
0.00223075978974132
0.00181828060824596
0.00146934481003124
0.00121242849038533
0.000984404405667808
0.000795184036510653
0.000644653619645012
0.000524437426387284
0.000437054210929613
0.000363360331598694
0.000305149010829241
0.00025978654215532
0.000226358903165325
0.00020069427075692
0.000180158436063539
0.000164791702643346
0.000153306222568982
0.000144607090257358
0.000138022666299878
0.000133078700145924
0.000129428441903426
0.000126741089643329
0.000124714147883626
0.000123225069670386
0.000122159565715525
0.000121354556343864
0.000120746640082617
0.000120242323838721
0.000270498587498816
0.000241080090311353
0.000215535027372352
0.000193609200835576
0.000175345287763571
0.000161684898734711
0.000152225960195346
0.000144616915664064
0.000138377752119806
0.00013376303267054
0.000130208921163514
0.000127584235455698
0.000125555225405267
0.000123930502186072
0.00012277029437381
0.00012194727565802
0.000121277135014216
0.000120772248939845
0.00012041768658741
0.000120174782242644
0.000120000607891716
0.000119868737018079
0.000119773623942377
0.000119707523492322
0.000119659875081475
0.000119622923227948
0.000272487652797664
0.000250769975338577
0.000237050909720885
0.000119603105736982
0.000119587929998481
0.000119576935361679
0.000119569687327954
0.00011956511118437
0.000119561964879825
0.000119601129466065
0.00011958405286876
0.000119575715060656
0.000119571266824388
0.000119560606091333
0.000119559915075132
0.000119559582127263
0.000119559440779512
0.000119560729835038
0.000119560113413982
0.000119559863950929
0.000120017620229738
0.000119865553296046
0.000119767073636092
0.000119697096136157
0.00011964440127269
0.000119604900603505
0.000120021427127142
0.000119875423826189
0.000119774277969538
0.000119704570163388
0.000119656420092373
0.000119625471245734
0.00011960264680788
0.000119588000352451
0.000119578037765645
0.000119571408115591
0.000119567130285131
0.000119564272656521
0.000119562436199821
0.000119561214752468
0.000119560428287891
0.000119559929734299
0.000119559574409618
0.000119588931543462
0.000119579478253149
0.000119572730033539
0.000119568326832157
0.000119565192755398
0.000119563119421407
0.000119561744708686
0.000119560837983136
0.000119560239128443
0.000119559851292563
0.000119559592872247
0.000119559421473166
0.000119559310634847
0.000119559240890945
0.000119559197586356
0.000119559170840681
0.000119559154683218
0.000119559145588625
0.000119559141385894
0.000119588390194389
0.000119578469913891
0.000119571709342722
0.000119567661953934
0.000119565393979053
0.000119564327842533
0.000119559400939249
0.000119559284742823
0.000119559215118086
0.000119559176533084
0.000119559153970022
0.000119559142283939
0.000119559137112613
0.000119559389175439
0.000119559273956758
0.000119559212595502
0.0001195591870475
