0.05
0.0375547596001481
0.0350709475164539
0.0310379695610595
0.0358987592070922
0.0336454756637863
0.0312982842056221
0.0375000771410164
0.0351879625358959
0.0314360470412663
0.0289626095772743
0.0270015053888317
0.0254713362806523
0.0232964015935352
0.0204125944370472
0.0376794954770347
0.0345033854066756
0.0321572165774264
0.0319705636172523
0.0318782752977766
0.031856425323553
0.0317787743162079
0.0316378408577941
0.0313218345461309
0.030480092805212
0.02831633161957
0.0250521301529182
0.0216941768047979
0.0185075773581868
0.0155745361570821
0.0129021312920702
0.0103450444987292
0.0373981142263393
0.0357217242861592
0.0335234270911127
0.0317510518776445
0.0302832203248552
0.0291287872377056
0.0281799329473203
0.0271889106681998
0.0288753341006533
0.0267276112215471
0.0241489219888792
0.0215217896200226
0.0182536608208799
0.0286587560229476
0.0265395002010278
0.0243800250540236
0.0167486564029552
0.0151288738176483
0.0135498407053745
0.0121898929704795
0.0108690273732384
0.00960363422617054
0.00851858614949171
0.00749513920880852
0.00650464425763926
0.00563157023059084
0.00481799565525166
0.00407387217809612
0.00337326984847124
0.00274565249910654
0.0021875929089708
0.00165655656606582
0.00116855584980257
0.000697025274508329
0.000222881028059118
-0.000243450034266201
-0.000676059691904199
-0.00106955390104864
-0.00141758725583852
-0.00171680748007763
-0.00204966327483649
-0.00241032528638691
-0.00274138101971211
-0.00304357365222692
-0.00329763725118641
-0.00351356593589513
-0.00368725075842593
-0.00381609924653421
-0.0039014459930919
-0.00394533847181103
0.0168982324612183
0.015892894233569
0.0148807756319655
0.0138879916110336
0.0130399935134311
0.0123275738119001
0.0116830195820876
0.0112269646753721
0.0108801379069035
0.0106286380656366
0.0104978073528005
0.0231715364985785
0.0216316020914813
0.0195881268613309
0.0218332403297974
0.0186045999074693
0.0152750319892036
0.0190088093024867
0.018369538469048
0.0176604406005471
0.0183164117035827
0.016325003238138
0.0139979827408744
0.012354031759296
0.0109375662067454
0.0094445152805764
0.0079899455573284
0.00685843679121672
0.00590706530660493
0.00500085531204116
0.00423740450434776
0.0035820916016502
0.00306777396259715
0.00270573057287075
0.00247859521497041
0.00235271388900382
0.0164379392272499
0.0146374164580748
0.0124434189373462
0.0103283329341162
0.00850937782898874
0.00672426888949547
0.0167636726559437
0.0159203301715113
0.0150447726752342
0.00589564641012332
0.00511477427469423
0.0044725386625729
0.00396220233748497
0.00356036298285085
0.00328587603722049
0.00313647170776791
0.00309418402876874
0.00316663216190293
0.00337485619517674
0.00373421134880272
0.00425022280569028
0.00493273793571094
0.00581616958266247
0.00694292772107441
0.00835358014090977
0.0100761146718632
0.012141659735701
0.0146236811966129
0.0174038873746021
0.0206550674775855
0.024116355879451
0.0276815220838306
0.0314580495819163
0.0342709290502604
0.0377056142742374
0.0406002481321845
0.0431746879058429
0.0452441648769911
0.0467281251428426
0.0478023201477651
0.0485137927813636
0.048862923316968
0.0490796270021374
0.00586462712065223
0.00512394793900663
0.00450930034760898
0.00391631984998139
0.0034112898861936
0.00301091821384331
0.00272406127781965
0.00251250802623319
0.00239218460088601
0.00235489372036663
0.00239906554678185
0.00252469188541112
0.00273583694267019
0.00302968191299908
0.00339948402309783
0.00387015855870026
0.00441639499254122
0.00499973438713006
0.00560581852762541
0.00621803626112521
0.00678535212318695
0.00722907560682615
0.00748141727139056
0.0136793838490754
0.0123926583329072
0.0112247489294861
0.0101926969105785
0.00928190693360955
0.0084674911904756
0.00773420345534696
0.00710339926637422
0.00658382592779237
0.00616687541351253
0.0058509669417273
0.00563916631319017
0.00552967345856893
0.0138043060771717
0.0125713280017758
0.0113924697715833
0.0103403901052869
0.0093706050637435
0.00849003211384794
0.00772851851166003
0.00703447436691501
0.00629574273488846
0.00553222143096531
0.00480245044350965
0.00416172536817459
0.00361276548757988
0.00312835471513954
0.00272786844389796
0.00240767691001271
0.00217446945851774
0.00201636773815343
0.00190293845084757
0.00179973232250862
0.00172648947098025
0.0017032509333321
0.00172593299500119
0.0017901842206204
0.0018955562494238
0.00205241387052452
0.00226727723625699
0.00253606863810379
0.0028411200316401
0.00316301170068896
0.00350303298139129
0.00386392951379661
0.0041995399298048
0.00453216738535353
0.00485805003710992
0.00509300007153514
0.00522339411087769
0.0138136982750408
0.0124931052050915
0.0112795256257924
0.0100540182096719
0.00898334662307475
0.00782969402959476
0.00680579099193018
0.00592508994793837
0.00499432125078376
0.00413497908660456
0.00352754691993937
0.00263513711967014
0.00205330012763117
0.00134552202718966
0.000622824922101215
8.43370266641211e-05
-0.000257580450892898
-0.000601936282134381
-0.000892775692845603
-0.00110613645233409
-0.00125308898709933
-0.00132358932893487
0.0140637720798927
0.0128895857219124
0.0117485550145719
0.0106474481524596
0.00963487796123067
0.00870632221849763
0.00784460265777156
0.00698556940487015
0.0062662460235796
0.0055410092116845
0.00481272828178676
0.00411214046806832
0.00313983137562088
0.00218425251988214
0.00132701373173347
0.000550268999869809
-0.000127734810340156
-0.000733216649559525
-0.00122882096116519
-0.00172947351757718
-0.00217255884056362
-0.00253419816385097
-0.00281887885233842
-0.00303639902915159
-0.00317777485336508
-0.00325300784188971
0.0306236408589493
0.0298067549032707
0.0287087460450223
0.0301893437562081
0.0291542271934733
0.0280386961737497
0.028185351177215
0.0275148494718447
0.0266105913119461
0.0279180323352537
0.026601597811376
0.0247051213236449
0.0228328660999536
0.0211568361602331
0.0194076175762458
0.0175755221598184
0.0158234767906182
0.0142943565499595
0.0128570189598563
0.0115986905713248
0.0105038100375782
0.00947042862587992
0.00825672502360063
0.00690327746352492
0.00583736391935147
0.00467210844190249
0.00378498993953208
0.00292541808513524
0.00218789176779981
0.00144271889036197
0.000765749995460195
0.000172150703641695
-0.000383723359387473
-0.000898793529028897
-0.00136534134109831
-0.00179016646966602
-0.0021420819013408
-0.00244280864161231
-0.00273009046024203
-0.00294674808837646
-0.00310171300221043
-0.00320424054813355
-0.00325757552894856
0.0256371377985501
0.0242362356456129
0.022548287017135
0.0207458362715476
0.0190189728149644
0.0173837022040873
0.0158976177416299
0.0145657367446794
0.0134746240022264
0.0125989177293979
0.0119449897774415
0.0115154301294514
0.0112917858351997
0.0232580189402442
0.0203026581851649
0.0168895496032672
0.0154543130448138
0.0139851524361621
0.0124561583677377
0.015541968399837
0.0140329376775932
0.0122918244896378
0.0107386743584172
0.00930463647611546
0.00794491200236258
0.0066973609326889
0.00555747338050677
0.00449230876355102
0.00352746994590363
0.00263606010326306
0.00180365995515876
0.00104080344712028
0.000321852056535755
-0.000339598056794474
-0.000948167921017732
-0.00149807661827807
-0.00200571729745647
-0.00245102206611214
-0.00283942764920529
-0.00318456696587599
-0.00352139127116335
-0.00382379752022477
-0.00407100650786012
-0.0042572455044332
-0.00437110905268329
-0.00443737993321711
0.0112606198380862
0.00994301169498027
0.00852144966336756
0.00712539859993272
0.00594879186849974
0.00485423206724066
0.00376822262936179
0.00283740616608433
0.00206923412442709
0.00125853716387262
0.000451124972625124
-0.000305069096271984
-0.000949555629046069
-0.00146921409233284
-0.00201228619353148
-0.00250641828681392
-0.00296062954414249
-0.00335579087144591
-0.00368868276342215
-0.00392553804757952
-0.00411385256314197
-0.00428661071090352
-0.00441639488499718
-0.00447715413295215
0.0111484164165169
0.0098855520507345
0.00882176741579043
0.00779893094026604
0.00696477154120658
0.00614400907445795
0.00542125342343216
0.00489234789296873
0.00445291671530561
0.00407053423616331
0.00380622745409107
0.00365059711184226
0.0272737343552586
0.026206506233116
0.0247614860712537
0.0228559675927265
0.0209242944847075
0.0192341602397826
0.0175451986947656
0.0159082250548559
0.0144327971580122
0.0130194217943241
0.0116623091071356
0.0104458010639728
0.0093972477727794
0.00833221166787266
0.00725158206055427
0.00628703303087271
0.00547738063716924
0.00478400349852418
0.00419779939582891
0.00372975138084447
0.00339033050237163
0.00316750890476768
0.00303806240077303
0.0274183452468949
0.0266021391644731
0.0255018050729211
0.0239808314932186
0.0221471203601093
0.0202450453881029
0.0183822551332824
0.0165714464557924
0.0148496402264643
0.0132323920413233
0.0117178239530798
0.010350339965142
0.00902951356976036
0.00775340952492122
0.00659565084606908
0.005552247995769
0.00459328912195262
0.00369964972502146
0.00286813054995242
0.00210873120792946
0.00140878495612313
0.00076541620272746
0.000190956805850537
-0.000346029854638526
-0.000927756488432973
-0.001509563625907
-0.00204218510747051
-0.00252266826433793
-0.00293453128809041
-0.00328453444096222
-0.00358079792624082
-0.00381000205980332
-0.00399035638842103
-0.00410128395602994
-0.00416234189510929
0.0187640692634586
0.0167364872868857
0.014181472839655
0.0202666851026617
0.0201469497317902
0.020083336987983
0.0127898658265622
0.0114251883793918
0.0102007692191086
0.00913936892274227
0.00834204182217982
0.0076772437602813
0.00717668164123773
0.00684775317567792
0.00668322112980089
0.0117839308598583
0.00971156406788066
0.00779229048482201
0.00594342031990625
0.00507426904005546
0.00436850608469264
0.00370536963501929
0.00311486559084986
0.00261354525407361
0.00216655696926469
0.00177606397156777
0.00143530533295548
0.00113616154562209
0.000874357740245112
0.000643125693773536
0.000440922545223886
0.00026761289218631
0.000124095545042449
6.42159712768238e-06
-9.93503388715265e-05
-0.000194863928455628
-0.000270680945167669
-0.00032845289137379
-0.000368511100007479
-0.000392297377810525
-0.000403624358784928
-0.000406409043653428
-0.000404278704883515
-0.000400754404694175
-0.000398210420333754
0.00517533683920756
0.00458098620010064
0.00413850411909927
0.00369566285346891
0.00349057705508791
0.00334401397410148
0.00921428527862862
0.00811341074593478
0.00704851708440037
0.00608478408439425
0.0052803789398895
0.00463747580917827
0.00414427116086816
0.00378388437196775
0.00354076581770178
0.00341584744406423
0.00341022853447179
0.00351118215216085
0.00372403018999593
0.00406811408338746
0.00453780198943377
0.00514711960831874
0.00591184910045588
0.00684451621977785
0.00795421325975241
0.00924331646355338
0.0107060840489324
0.0123293075333637
0.0140710437133231
0.0158509249879152
0.0175681370222666
0.0191101064032654
0.0203640843926532
0.0212393298691601
0.0217026068979461
0.00888035251051726
0.00771515251752236
0.00665865217714737
0.00574525468142003
0.00497834243401615
0.00439278257205329
0.00393165613397147
0.00353429132510661
0.00323237239641271
0.00304893608688589
0.00296304574907904
0.00296177750576761
0.00305687985426278
0.00327318284794748
0.00359935212992397
0.0040204567539083
0.00455699607952943
0.00522083917715816
0.00602905921263712
0.00702733297801119
0.00814935017271947
0.00961886683863847
0.0107934917102746
0.0121826271595029
0.0141477187892963
0.0162160013891444
0.0183670087795321
0.0205195018686338
0.0223299315954729
0.0238062399359346
0.0248331023467979
0.0253855733621509
0.025925034290479
0.0241523897818443
0.0221956296321292
0.0202807719858191
0.0182816526538955
0.0267786567791732
0.0257851703127306
0.0242602291877507
0.022905158753959
0.0214123144932683
0.0197783421772112
0.0183675513783237
0.0169743030896871
0.0154607552794349
0.013833187246205
0.0124586014156764
0.0111712777860704
0.00997528689175773
0.00886847658984561
0.00786231241397393
0.00696058333613498
0.00614306590916402
0.00545879956424907
0.00465251592308683
0.00393083703667157
0.0033667482334174
0.00288448996509651
0.00248592025219327
0.00219656794864216
0.00201567371203179
0.0019136989049878
0.0166018645668804
0.0138644273691305
0.0103912129905808
0.0172110029242618
0.015654841970631
0.0138141691707837
0.0118500630954448
0.00863036968855257
0.00739212142025697
0.00648195455908872
0.00910489666874586
0.00796817711111335
0.00682324010200611
0.00593558238573314
0.00478958877541509
0.00620117080216468
0.00567153826628604
0.00500984741925921
0.0043813003140994
0.00548709943270068
0.00459532825121799
0.00371146518439869
0.00429718461966955
0.00428550891532945
0.00435622574867759
0.00448932851122693
0.00469767417960489
0.00498254313269412
0.00532267760458642
0.00576333466831927
0.00631252266417779
0.00698402886413511
0.00779636051603962
0.00890710565357951
0.00389901610235831
0.00344763794370581
0.00302310954388215
0.00274838330991004
0.0024508729727849
0.00226593331905209
0.00209860665302652
0.00199584676249557
0.00196196636013674
0.00198171988146972
0.00205833830392108
0.00219694279188487
0.00238344305888678
0.00262268330677973
0.00296514234895952
0.00333980366032779
0.00380331187707962
0.00427295748692745
0.00478894000458279
0.00532329885665301
0.00581277981684035
0.00627061569214124
0.00666143985107032
0.0069168210547388
0.00705060658865432
0.00835811507332544
0.00800735094140457
0.00782174661675456
0.00775090437129265
0.00773590071080491
0.00774761745564766
0.00776160334540401
0.0106897535725742
0.012703045819709
0.0150324444692371
0.0174915881687283
0.0201729393118773
0.0230842270743339
0.0260847241849974
0.029104339603124
0.0320197281682928
0.0347486465294701
0.0373707718732404
0.0397980783469513
0.0418956926765651
0.0435546169560923
0.0447834309878688
0.0456949290921505
0.046294450066258
0.046586920540179
0.00344372345298984
0.00314465304598241
0.00280740089896278
0.00244018587131336
0.00207831819138816
0.00174383460376462
0.00143381139436266
0.00114634713091008
0.000880434265459878
0.00063583524673163
0.000412951414555301
0.000212520023612158
3.55953430862913e-05
-0.00012439841183028
0.00317848141904447
0.00262605193064975
0.00206789595351335
0.00151546496861145
0.00103096161717801
0.000561283315334079
0.000111647738876538
-0.000302890776178099
-0.000690570493882142
-0.00108458020733977
-0.00148856557787534
-0.00186324315611495
-0.00217636930793993
-0.00243420641956794
-0.00263066350496273
-0.00278624336493807
-0.00288629890834541
-0.00294237813677648
0.000121538474167999
0.000396736321839213
0.000695816193126216
0.00107603677153461
0.00148148053222108
0.00189610446171319
0.00246968805059547
0.00324653119276023
0.00408786247359862
0.00490656025010748
0.00568834108271944
0.00645242197813574
0.0072261554598419
0.00797250733003048
0.00862358418043792
0.00911452570100618
0.00945660140541114
0.00965417871732022
-0.000461268690329282
-0.000760799403409627
-0.00102699800588242
-0.00126605195581597
-0.00148501029345694
-0.00168791880781226
-0.0018681136270484
-0.00201453851802454
-0.00212380795403087
-0.00219620555865397
-0.00223338966178704
0.00436349283409022
0.00393558758730372
0.00351515625180626
0.0031591186502563
0.00285762104143397
0.00259159570260489
0.0023708038427689
0.00217848164871167
0.00203676688124213
0.00194885235700699
0.00191923897930237
0.00391194119540446
0.00293811891721069
0.00210030368787912
0.00122264005096772
0.000530235529229555
-0.000224078266495336
-0.000839137552072491
-0.00135341105219962
-0.0018277109565105
-0.00209664195728049
-0.00235522895753666
-0.00251780081786478
-0.00259937531807905
0.0012404305758057
0.000676986372569015
0.000206740219577332
-0.000236570143102645
-0.000579122679858759
-0.000860160461590632
-0.00105411691741905
-0.00119625476036355
-0.00127850160087915
0.00252719073175559
0.00320757394470147
0.00396913016233819
0.00482584083710381
0.00579486762096138
0.00688251520521384
0.00809889712539094
0.00948010676974855
0.0110063029955726
0.0126621949274597
0.0145207951495237
0.0164708600965281
0.0184727118552044
0.0205325884283125
0.0226016358411383
0.0247013484860081
0.0267363090414357
0.0285315278071631
0.0299322854729673
0.0310272180600922
0.0317854637996662
0.0321667947962476
0.0109897600860416
0.0100270366740604
0.00905030991099766
0.00813880385299666
0.00729429379920236
0.00648907790967702
0.00565899582384141
0.00490095234940605
0.00437853920530207
0.00374233355415822
0.00304497197069484
0.00246637577673769
0.00189644254754791
0.00132073360037901
0.000796649217455463
0.000270996491709218
0.01097100296257
0.0100807809690702
0.00923877930894325
0.00846427731500871
0.00773635856147858
0.00703874768692917
0.00635534841924437
0.00568677377141384
0.00507113471889558
0.00454141336746954
0.00411284431281949
0.0037774522342851
0.00349572366134079
0.0031999682289381
9.42141621811273e-05
-9.85461475060247e-05
-0.000270988286876474
-0.000418004482515729
-0.00056001234318467
-0.000679399353339182
-0.000783488632883438
-0.000889363469260841
-0.000966208156142764
-0.00102932554204453
-0.00107659404761678
-0.00111227492674108
-0.00113675905659775
-0.00115243290497204
-0.00116168509412381
-0.001166042540996
-0.000159825689314261
-0.000579935367747841
-0.00101134686630879
-0.0013962219670979
-0.00172883175754084
-0.00206963700376527
-0.00237013998704367
-0.00261811336334793
-0.00282272499040163
-0.0029992809518834
-0.00315475573654574
-0.00328609483657371
-0.00338456314031534
-0.00343915013371805
0.00304732026060058
0.00295430634542599
0.00290677471360858
0.00290300486084444
0.00294686545529686
0.00304132071321774
0.00318184401164507
0.00337558659689038
0.00364364094329817
0.00398936334916475
0.00439952207842629
0.00487454415652255
0.00544477896583121
0.00616062446588557
0.00308764337064486
0.00301397710828501
0.00299448857403654
0.00302984417122248
0.00314438790373701
0.00333497759859613
0.00357943730933878
0.00393564314079969
0.00440128741044216
0.00497396261791754
0.00567568842987157
0.0064411511231
0.00740344106316445
0.00855192530919839
0.00990809713561674
0.0114059184089853
0.0131044781599977
0.0151154167115659
0.0173305493607496
0.0197217506302386
0.0222906260210183
0.0250054999776403
0.0278086819950715
0.0306074919357428
0.0333444155695179
0.0360436402187803
0.0385690368056311
0.0407451610690097
0.042539313719812
0.0437131818886904
0.044006587815404
0.00732529785400012
0.00872497831283445
0.0104063052040462
0.0124133502959816
0.0147562705738381
0.0171941313772185
0.0194657682927112
0.0218782516322038
0.0244971466283828
0.0270335097084538
0.0295565357889385
0.0319402209125166
0.0342959480801165
0.0367175528748263
0.0388806933183363
0.0407364831221403
0.0425278043822339
0.0440716558169061
0.0452134643144444
0.0459118206614483
0.0461837826371287
0.0459404931583615
0.0449777410492776
0.043080736957814
0.0399331884918486
0.035244379259402
0.00571786032299649
0.00539995996127033
0.00519162802383312
0.0308467119695929
0.0252935828414516
0.0196010376234495
0.0146900578579022
0.0107334893475299
0.00735101085988191
0.03165998059707
0.0267952695926392
0.0236607989920182
0.0216763353730515
0.00555054364686682
0.00438658905592991
0.00370399274709044
0.00337185729719886
0.00594668569662419
0.0051197856182094
0.00474788966488169
0.0429908894893985
0.0402203832051045
0.0357708133870228
0.029894254880438
0.0231926789150859
0.0167451209703187
0.0439716983621328
0.0425890155522381
0.0397102078589287
0.0353849998961749
0.0301410178601314
0.0252400197098387
0.0204609220732705
0.0166305104841638
0.0134462831140489
0.0108593239670568
0.00881722253587471
0.00713475001937543
0.00579107875652177
0.00466868341652416
0.00375305017591268
0.00301986345055236
0.00236674838942575
0.0135973127133528
0.0113278203582174
0.00935996571996568
0.00780006631314579
0.00644124428692244
0.0053325958112682
0.00442262105463299
0.00367701194340172
0.00306308957864631
0.00256726607829214
0.00215431543520044
0.00181021830335746
0.00153013165224392
0.00130954288712043
0.00114044556439419
0.00101410918786097
0.000924306856189059
0.000866951831910069
0.000838142623266289
0.0139239021384326
0.0119047011858518
0.0102907441898059
0.00918500151887626
0.00849941040317904
0.00815504605730175
0.00196085085197846
0.00160338352063079
0.00132293306840469
0.00112325062451585
0.000976402664261243
0.000884709294731031
0.000838558136879067
0.0019885853015405
0.00168927179482874
0.00149408601598397
0.00140086706797988
