0.05
0.0373779681931159
0.0358296971761948
0.0337322946431225
0.0352967320499268
0.032571645330215
0.0294234670512874
0.0371841131883391
0.034194919092203
0.0288094648151706
0.0249935670740086
0.0220553600720261
0.0199935698319839
0.0175100942581843
0.0149502974095822
0.0373938788549692
0.0334283624410809
0.030313391968416
0.0300326304679789
0.02967926217202
0.029493999278679
0.0294270583245277
0.0293388416489439
0.0291445124694972
0.0286052909716233
0.0271305887584205
0.0247325624880532
0.0220528564294905
0.0193361950694633
0.0167252146626536
0.014289352127592
0.0119385420210539
0.0371239860995776
0.0354303145595589
0.0332319345174078
0.0315028784079215
0.0301347944111194
0.0291312721544851
0.0283880141733602
0.0277049634831594
0.0303698614475081
0.0273722287348532
0.024291133658501
0.021747442657485
0.0192959162738723
0.0337670843373874
0.0341450987196914
0.0347994641080046
0.0201591731276642
0.0215146537317977
0.0232456129529811
0.0250675042464611
0.0271416128462575
0.0294037311385568
0.0315357249386783
0.0336815798973776
0.0358401922953022
0.0377499301207224
0.0394591209365731
0.0408639131923493
0.0419213066755061
0.042499039753511
0.0425494975809347
0.0419724036336236
0.0406392474483952
0.0383762514789684
0.0350441076077272
0.030899990336635
0.0266195075756899
0.0226775578244252
0.0193660889401143
0.0167520852537256
0.0141268222540384
0.0115716849955631
0.0094467717062442
0.00767551897967192
0.00630033654338848
0.00520791313075825
0.00437675810223454
0.00378608339157146
0.00340663831953545
0.00321517803886761
0.0164301219679941
0.0145040295775747
0.0127229126590456
0.011116379278845
0.00984372412099556
0.00884057349240611
0.00798315172370601
0.00740288660409778
0.00697620468036681
0.00667481297866857
0.00652067816648158
0.0353462883535085
0.0361725060820157
0.0373646066659232
0.0356356866757528
0.0368921389346829
0.0379297268276144
0.0377056168305092
0.0380855389778226
0.0385093969226814
0.0381692279892298
0.0395258845040186
0.0411756482354862
0.0423346329213068
0.0432793352185779
0.0441536722263909
0.0447859742118421
0.0450248694852959
0.0449548995580506
0.0445356682974191
0.0437842024144525
0.0427184303151841
0.0415078259744819
0.0403957561237033
0.0395598023739434
0.0390405219071725
0.03868265670015
0.0386974653256857
0.0380273385568777
0.0358855208804372
0.0320569648300507
0.0263621444129868
0.0391597746158331
0.0397730753313622
0.0404099745662393
0.0234016948336253
0.020189846748481
0.0173451950086118
0.0149460875445794
0.0128842081436928
0.0112154753260052
0.00991993244428492
0.00885485071081418
0.00794019275080331
0.00716667097386824
0.00653428980087109
0.00603170219654751
0.00563454728276901
0.0053167621532792
0.00506541396018596
0.00487489734039154
0.00474298691023465
0.0046680644309071
0.00465168509203685
0.00469895916803958
0.00482438315048812
0.00503863078137185
0.00535835820284797
0.00583507512786737
0.00631308837975827
0.00708412785288865
0.00796034013873418
0.00900538065402656
0.0101455473699482
0.0112544431099019
0.0123418671743359
0.013312725176184
0.0139084037050166
0.014355270533704
0.0230996101758316
0.0198986917075497
0.0170670386205354
0.0142181377737966
0.0116797401774368
0.00951114610173935
0.00774808050175221
0.00613349073593865
0.00475220830174788
0.00352618089088696
0.00244470072072369
0.00146893078286664
0.000579532997358181
-0.000214514285862543
-0.000914771273318693
-0.00156886210687054
-0.00214383079104133
-0.0026263008293023
-0.00303363297478919
-0.00337721450674019
-0.00365067756136931
-0.00384095567838254
-0.00394125324354492
0.0414709264474627
0.0424824930953405
0.0434136774178519
0.0442436239578833
0.0449756322316314
0.0456232480051197
0.0461944076772892
0.046671514761912
0.0470511260462072
0.0473449624610802
0.0475601531040054
0.0477004316252988
0.0477715777759413
0.0412390029659192
0.0420094462633915
0.0426334509940579
0.0430078989997289
0.0430862235020621
0.0427857010006505
0.0420452173113111
0.0407493187310948
0.03849308444771
0.0351109961366413
0.0309387882543504
0.0266637291633413
0.0227145610001133
0.0191262024198418
0.0161215273192319
0.0136717794527158
0.0118000988821938
0.0104001737553079
0.00921032884374832
0.00778740459898657
0.0062425577851822
0.00499231207615977
0.00374261035646815
0.0027265565127722
0.0018136375000217
0.000950605145524624
0.000153761472383225
-0.000546832975889352
-0.00113075615212731
-0.00160508620286268
-0.00200561468379288
-0.00235286765425297
-0.0026230631257051
-0.00285288267886306
-0.00305117625520654
-0.00318209880834506
-0.00325087811413197
0.0380579586820915
0.0377520889167099
0.0370379129621337
0.0358114298817984
0.034262169588981
0.032061041332919
0.0296830741325282
0.027381856848483
0.0247796375463291
0.0223298538665336
0.0206171370983567
0.0181684483175007
0.0166371489571967
0.014857287669769
0.0131379297660537
0.0119195680653126
0.0111727804597888
0.0104429410648208
0.00984330429784887
0.00941281744336022
0.0091210102611829
0.00898232740325748
0.0382343101897439
0.0381795015576348
0.0377279857946182
0.0368349286232642
0.0355357610290574
0.0338936083176292
0.0319780144851253
0.0297296067990392
0.0276537375216932
0.0254539176416112
0.0232333657462832
0.0211587605994833
0.0184117148742428
0.0158723670359746
0.0137435279038926
0.0119412996403719
0.0104614866462235
0.00920851274458652
0.00822810733921991
0.0072793162675357
0.0064730151970864
0.00583627308359294
0.00534684218889608
0.00497948386024518
0.00474366011732308
0.00461914075808619
0.0286696378774479
0.027760981160127
0.0265512819289956
0.027492830073045
0.0255711520886136
0.0235080043174898
0.0261077938813705
0.0255488523821806
0.0248045987819826
0.0249802783252436
0.0223787140949241
0.0190428206760321
0.0163266350934636
0.0143771802376097
0.0127561086936633
0.0114220722891761
0.0104573990202565
0.00988329738578782
0.00962317380435584
0.00968906764519267
0.0100752331927578
0.0108455098529764
0.0123050469054966
0.0146011328201048
0.0170220085653556
0.0204571057156688
0.0236643613236747
0.0272299119994474
0.0305398362563203
0.0339849376662361
0.0370314391910188
0.0394517615303876
0.0412838415599531
0.0423266647805798
0.0423800884589957
0.0412390316341246
0.0389533613419521
0.0356764621560838
0.031249345828165
0.0272404775555272
0.0241500954603243
0.0220537729170084
0.0209575406886003
0.0237550006165882
0.022367591817225
0.0207967489063336
0.019190258920378
0.0176870831839472
0.0162769463155714
0.0149961492596537
0.0138432617782757
0.0128927272292503
0.0121248180213296
0.0115480643369523
0.0111675311408782
0.0109688440932657
0.0223124958007537
0.0201348682511948
0.0175917851840722
0.0165734127830188
0.0155150234509715
0.0143978363319347
0.0164390556890912
0.0150946523482127
0.0134954393988622
0.0120317236632302
0.0106486391948688
0.00930865992227125
0.00805453188151832
0.0068874328246286
0.00577809166655728
0.00475761653109183
0.00380193380609754
0.00289899220030381
0.00206344692926748
0.00126995649229416
0.000535838745222778
-0.000142046944883869
-0.000755745208604508
-0.00132253523956755
-0.00181939469018299
-0.00225212407875447
-0.00263589477246645
-0.00300964155462201
-0.00334457232232678
-0.00361793159450434
-0.00382360528954112
-0.00394923617787162
-0.0040223098332037
0.0132950403268504
0.0120304596459061
0.0106204539683855
0.0091964069276793
0.00796750724540343
0.00680015876256598
0.00561879852553519
0.00458899890045729
0.00372825482842765
0.00281028792499503
0.00188809347351619
0.00101928674701392
0.000276684458579397
-0.000322439162298353
-0.000948052822040414
-0.00151612002298336
-0.00203683365941846
-0.00248846551904756
-0.00286783139913758
-0.00313713172417049
-0.00335084757456865
-0.00354658713415071
-0.00369344235900664
-0.00376213674664823
0.0136253095975188
0.0128620626614798
0.0122056930263227
0.0115628675997077
0.0110304501767245
0.0104994928095462
0.0100263410597916
0.00967680995468853
0.00938408904159103
0.00912772141700017
0.00894977656295215
0.00884470239412652
0.0217420402388735
0.019663812882873
0.0173122508817697
0.0147067516095704
0.0124628868858123
0.0107526525062067
0.00923935794353545
0.00792656235246284
0.00685418386690953
0.00591799761976463
0.00510212562427373
0.00444363458040328
0.00393693328081994
0.00348274397900577
0.00307872477675689
0.0027656444513503
0.00253925984366282
0.00237365447710329
0.00225527557427651
0.00217571404112828
0.00212661221903137
0.00209844375567747
0.00208375567960438
0.0228986720038102
0.0224162474058951
0.0220967831683039
0.0219965627023166
0.0222068353141658
0.0227236561693214
0.0235109430951151
0.0245602976368372
0.025844025272151
0.0273288491304588
0.028983751947594
0.0307063469727265
0.032575806474782
0.0345598249366468
0.0364807307960848
0.0382672482519075
0.0398997355116107
0.0413430243006343
0.0425332516759911
0.0433931371833229
0.0438816419376227
0.0439419452000785
0.0435136977604728
0.0424753788600258
0.0404318919984206
0.0373515834282933
0.0335438143441082
0.0294023146824294
0.0255285143561659
0.0221638912466195
0.0193539641888147
0.0172402135796411
0.0156275942856381
0.0146600570126956
0.0141366645719954
0.0142643737109248
0.0136212403887285
0.0130266545127809
0.0140110662319334
0.0132869044178137
0.012918385098834
0.0109584771301707
0.00904604076973089
0.00742581203781412
0.00609481452348743
0.00513920185662477
0.00437256775882772
0.00381356563935203
0.00345489901638841
0.00327813755759535
0.014553452769006
0.0163920858105979
0.0186061202592555
0.0212125373367919
0.0243429275070145
0.0272388371759408
0.0302435472678247
0.033106985124168
0.0356043305108744
0.0377740079886463
0.0394631719270148
0.0405555029431423
0.0409210045271158
0.0403972706411726
0.0388064934277747
0.036067093730901
0.0324002868730956
0.0283933530858919
0.024554277903858
0.020790615475619
0.0171954686640895
0.0141612532784243
0.0116089329082084
0.00951010843310923
0.00785165785111413
0.00655860062424167
0.00555170852794689
0.00482605834471297
0.00436086406896264
0.00412394067527099
0.0206583197957686
0.0202934917970258
0.0200706818954694
0.0199021717425483
0.0198404600130965
0.0198055929225336
0.0109509671000282
0.010025699947504
0.00918922358990266
0.00851378411294916
0.00805757699627317
0.00783141894856721
0.00783465621735087
0.00806870537616913
0.00855832806982424
0.00934129688900844
0.0104100400503596
0.0117422283764287
0.0134534358900572
0.0156324979237531
0.0181789691329947
0.0210767886898316
0.0242487141149027
0.0275627162710691
0.0308797301686103
0.0340811689869552
0.0370787257752168
0.0398089167542365
0.0421979538431178
0.044177240422903
0.0457229586399969
0.0468542669984067
0.047619425590089
0.0480799427065818
0.048300622005745
0.0105522968407965
0.0094683851620605
0.00851898995221791
0.00774840060255619
0.00716892499246667
0.00680353741807865
0.00660412744840773
0.00655846425618759
0.00670889402486276
0.00704235597205626
0.00753346306820688
0.00824712936578162
0.00927919640111187
0.0107771913619437
0.0126200586567095
0.0147167371680045
0.017134659147591
0.0198501956039531
0.0228160836784306
0.026029545972013
0.0291272533355798
0.0325322410674809
0.0348301665619534
0.0371617958616901
0.039875095056203
0.0421768276713153
0.044156549627659
0.0457934646888315
0.0469357473907149
0.0477209042044318
0.0481948603903239
0.0484258338083937
0.0271998180286077
0.0266105867111721
0.0259730516503334
0.025257441290027
0.0243298802075007
0.0271291985457742
0.0258964843513118
0.0242525481544901
0.02306065458522
0.0220714981572247
0.0213450612418263
0.0210056706873154
0.0209279399570427
0.0210900221338877
0.0215381197805106
0.0221622000966587
0.0229732140574102
0.023935569717894
0.0250179567397932
0.0261742974134658
0.0273604858721148
0.028568771314239
0.0296833888318226
0.0311127883368439
0.0324838308591507
0.0336121907127185
0.0346162925466039
0.0354730638738612
0.0361096586983129
0.036513594945087
0.0367435109054902
0.0229094373687428
0.0202802014807562
0.0167056603131036
0.0242186563758196
0.0236074721010998
0.0224269022458555
0.020723958756176
0.0147707317556869
0.0133734062342051
0.0123227163553753
0.015464416052524
0.014258982044918
0.0129608858511753
0.0119056420957379
0.0104870197983141
0.011868536293101
0.0108769945809258
0.00950573367881633
0.00806008517027682
0.0112237062390094
0.010205513870716
0.00916857703584738
0.00737724113383943
0.00661660836263505
0.00581810207525573
0.00512668646994209
0.00443238180196859
0.00375755832526708
0.00315239481423576
0.00255357268406947
0.00199055214720308
0.00147712467942143
0.00101513248141329
0.000545181870892581
0.00725053837732102
0.00641884239695675
0.00554478522446332
0.00490535708955607
0.00409966494651399
0.00349001903734903
0.0027717396206157
0.00207454535575217
0.00148653664093258
0.000925080834852914
0.000373403356165997
-0.000160885937577894
-0.000629679467289317
-0.00106556856209457
-0.00154548912850326
-0.00196884547627708
-0.00239892438332427
-0.00276136461219972
-0.00309803554232562
-0.00339610358121089
-0.00363466658172159
-0.00383375286610339
-0.00398840095439164
-0.00408311120952626
-0.00413083773630694
0.000123467680619431
-0.000255937387584999
-0.000577165028479396
-0.000808523541919233
-0.0010148505400892
-0.00114024968544779
-0.00120959046454694
0.000553542783349256
0.000589022515464113
0.000646409314573928
0.000715274587342758
0.000795353185216834
0.000887274638734855
0.00098927388289122
0.00110307421176055
0.00122847198767339
0.00136517958502558
0.00152049466999044
0.00169277848632426
0.00187222163835857
0.00204223811320849
0.00219049383015044
0.0023175133187916
0.00241162550958909
0.00246131449943821
0.00867345311050774
0.00808327815240696
0.0073779356552343
0.00657076411071414
0.00574100405591504
0.00494438276723155
0.00417993482079047
0.00344714247129267
0.00274563077973867
0.00207492656270101
0.00143435481516834
0.000822638642536696
0.000238494522317662
-0.000347615632122235
0.00871801830350346
0.00824818843259827
0.00777161331810358
0.00729870830412488
0.00688330490475116
0.00648027011460046
0.00609433878328353
0.00573862766703616
0.00540615765958209
0.00506849667380819
0.00472253530076322
0.00440188533388262
0.00413406339292818
0.00391363413743118
0.00374574142388146
0.00361282040380542
0.00352735393415227
0.00347945777996174
-0.00073253042213701
-0.00108380703755048
-0.00140901791769362
-0.00176167400308396
-0.00207881655435735
-0.00235544549292906
-0.00268631417149163
-0.0030766068310605
-0.00344669490457357
-0.00376344133673204
-0.00403152001122199
-0.0042654053222623
-0.0044776235094225
-0.00466203880581325
-0.00480887475256474
-0.00491209214797567
-0.00498050602077465
-0.0050187007140389
-0.000618897251192286
-0.000857451223916528
-0.0010679451503886
-0.00125621554556249
-0.00142840505590874
-0.00158805086179315
-0.00173007367035617
-0.00184574947285108
-0.00193227791754949
-0.00198972318170788
-0.00201926817333302
0.00956501484485412
0.00855380878202266
0.00747134763278389
0.00647424971248251
0.00555934348122724
0.00468065003940394
0.00387381648400355
0.00306450756974328
0.00231515133419861
0.00161266189719657
0.000911989731512526
0.00974937611772263
0.00892174117290793
0.00820493737365866
0.00745066578563482
0.00685402580900227
0.00620288549513696
0.00567136336809002
0.00522662276481907
0.0048162216373274
0.00458343960222535
0.00435954649405865
0.00421875748078447
0.00414810465364244
0.000552289140283402
0.000244468073629221
-2.0335238182523e-05
-0.000278126557709435
-0.000483665016208057
-0.00065718608223613
-0.000779757929731004
-0.00087127398000371
-0.00092497944677744
0.000538104547156122
0.000187318314928434
-0.000144769460207467
-0.000463404889990442
-0.000773029583924342
-0.00107361131929945
-0.00136630715601939
-0.00165715894038893
-0.00193992435065313
-0.00221211164181837
-0.00248530658070073
-0.00274423226819886
-0.00298746471996181
-0.00321924667272805
-0.00343779753752698
-0.00364925342570298
-0.00384756667312978
-0.00401888702780423
-0.00415111956190206
-0.00425400900123829
-0.00432519195031095
-0.00436101095628252
0.0197939201224769
0.0185487130024449
0.017129982504139
0.0157004300239988
0.0143095452670865
0.0129422467433692
0.011506008531488
0.0101826170913717
0.00926899881160455
0.00815786367522923
0.00694616139299542
0.00594879274391273
0.00497524313855575
0.00400199325706053
0.00312541217748334
0.00225509184978724
0.0198965494887239
0.0188681066978136
0.0177491445126815
0.0166116219296219
0.0154605358971988
0.0142924420277831
0.0130926722195388
0.0118675593107644
0.010690539200732
0.00963063702485323
0.00872854092949645
0.00798185025519975
0.00731359829808382
0.00655128756115051
0.00169001898931017
0.00104962999264791
0.000459356057026823
-5.5002648339729e-05
-0.000560894348700407
-0.00099399202432949
-0.00138024654794106
-0.00178759584817787
-0.002100350087185
-0.0023773894846846
-0.00260653254377767
-0.00280220826572876
-0.00295702807122723
-0.00307178332075333
-0.0031493024168161
-0.00318975540745707
0.00177206601103197
0.00131765825828081
0.000865825360877787
0.000474185543238806
0.000143910881591382
-0.000186991591387096
-0.000473047537794143
-0.000705426888977943
-0.000894873786770196
-0.00105681475103988
-0.0011983615233566
-0.00131724521062172
-0.00140600121199041
-0.0014550753745708
0.00600881151474249
0.0055555575571654
0.00514947641032426
0.00476215418359877
0.00440979878108963
0.00408672172404987
0.00380611726229332
0.00355135528320757
0.00330887724195341
0.0030895377930389
0.00290281670948233
0.00274413624233215
0.00260323371233895
0.00247303460526303
0.00633536955792014
0.00613960749362251
0.00599450102461862
0.00587323240062908
0.00576361903591335
0.0056954510778383
0.00567442396436147
0.00569544636636845
0.00576076536709359
0.0058675377993214
0.00601527365415062
0.00618313198195687
0.0063937000051975
0.00663650613685134
0.00690681569022317
0.00718356171478768
0.00747167470088657
0.00778198671347594
0.00809153894621182
0.00839539403525724
0.00869488026526241
0.0089894314464172
0.00927902750886548
0.00956466480176739
0.00985643177995534
0.0101819175456434
0.0105645630150514
0.0110280629339456
0.011637683928138
0.012437785904973
0.013544912005768
0.00242348190706703
0.00238592333932082
0.00236121554340488
0.00235058989970169
0.00235529204310308
0.00237364285101785
0.0023999842190939
0.00243604268998779
0.00248368314694443
0.00253816857058904
0.00260119437983471
0.00267023968454102
0.00274986650297466
0.00284707889834544
0.00295187623948299
0.00306259695535627
0.0032004733179978
0.00336737035649735
0.00356025083849676
0.00377702123451009
0.00403047165219137
0.00434842859705489
0.00473493124860584
0.00518339988006441
0.00571289911189603
0.00637175682630575
0.00239243905694452
0.00233436517992708
0.00229612593029936
0.00789949360125477
0.0100193590109228
0.0127342378670595
0.0158026272476579
0.0190093225736702
0.0223600233573832
0.00571753307417705
0.00504934287165728
0.00465719104973423
0.00441721684354535
0.0248748570651444
0.0268141894880843
0.0280956866071195
0.0287653417932909
0.0234288913137996
0.0241343068010912
0.0244738009187427
0.0149380629020242
0.0166798748638318
0.0186432968634402
0.0209281649442051
0.0236407502192648
0.0266019774240652
0.0136606394919704
0.0141170314475781
0.0149304439846498
0.0161054661708825
0.017658215015575
0.0194273031980296
0.0216738667665588
0.0240874108023355
0.0267450654233628
0.0295495444768757
0.0323405299197024
0.0351603158704477
0.0378399438992186
0.0404158746349133
0.0427307834942951
0.0446588980645223
0.0463379430899459
0.0294164452728306
0.0318633673302349
0.0343805624436288
0.0367016824636898
0.0390027536159949
0.0410762136834045
0.0428780698013107
0.0443565221557969
0.0454825278658141
0.0462185967268825
0.046575444401398
0.0465150229182708
0.0459845547747902
0.0449595313628153
0.0434877889727368
0.0417281784316976
0.0399678148392828
0.0385532345400882
0.0377398877442037
0.0268150940575505
0.0270742945770405
0.0273787161318627
0.0276506004727571
0.0278501510151283
0.0279607938705006
0.0471681211848051
0.0477056840338527
0.0479032732871223
0.0478284571565417
0.0475722204900861
0.0472743922734259
0.0470656971532758
0.0473877075664491
0.0481568422169922
0.0486193694978188
0.048826711417496
