0.05
0.0372576906740941
0.0341246403762397
0.0288634934277188
0.0357333457720793
0.0335941750229888
0.0315584061494372
0.037276428758303
0.0351254763632062
0.0318309146373404
0.0298614295942687
0.028415110754473
0.0273007034068235
0.0256652602295289
0.0233226931223241
0.0374387870060343
0.0338343591211853
0.0310085792210314
0.030679072256916
0.0296240625946291
0.0285149991086228
0.0281630575231401
0.0278773845465009
0.0274334292484168
0.026463065740953
0.0242513146250921
0.0211783506139287
0.0182169887716955
0.0155261069208006
0.0131158736347783
0.0109616282718986
0.00893563891127927
0.0371809279946543
0.0355722749793903
0.0335006121139035
0.0318759471748783
0.0305810770930249
0.0296085364726107
0.0288509495327665
0.0280973436451965
0.0262813565699018
0.0238605649248593
0.0211523264368407
0.0186062978162065
0.015659111122452
0.025651419827967
0.0228588834462456
0.0201440288699581
0.0143617456078275
0.0130281851938683
0.0117814677508557
0.0107506849258478
0.00979375332230943
0.00892696100927205
0.00823260310503653
0.00763049413564368
0.00711111109698078
0.00672112426958839
0.0064330475098554
0.00625328111823887
0.0061805117254055
0.00621992787271537
0.00636434910106084
0.0066294477196403
0.00701771937027812
0.00755587336009468
0.00828170148989412
0.00919922886231523
0.0102663189971628
0.0114677233240369
0.0127708989241205
0.014115208248826
0.0158707054035877
0.0180498918496201
0.020274671371768
0.0224843498447121
0.0244637037090719
0.0262244328691666
0.0276857374285719
0.0287915382905435
0.0295326047377145
0.0299161106497473
0.0144669314140051
0.0136214466468007
0.0127943804987433
0.011999495869106
0.0113289780113905
0.0107696112105837
0.0102655465439883
0.0099095224977423
0.00963895381630135
0.00944278867037044
0.00934074015714614
0.0185656897885409
0.0167104583762235
0.0144145917027424
0.0175256192948697
0.0148159902175327
0.0125390823688082
0.0138432226026812
0.0132267467476351
0.0125566666674285
0.0127224898224402
0.0103871850416225
0.00795368049194917
0.00640194938358462
0.00517492670920452
0.00398447886457198
0.00291949653693471
0.00215365896991021
0.00155368186017392
0.00102137670825523
0.000602756114722676
0.000265469402321622
1.50706035405666e-05
-0.000153362766759154
-0.000255476503324014
-0.000310756660629288
0.0123148941105471
0.0125175636330697
0.0133475280727142
0.0148535888412203
0.0168798637359884
0.0196804709960413
0.0115773327862304
0.0106821513580889
0.00977659167212954
0.0212626613380843
0.0234840095630837
0.026052463602545
0.0288281035880255
0.0318012221064135
0.0346802316438196
0.037197062045337
0.0393521691840617
0.041035638748517
0.0419081003438957
0.0415421384229441
0.0395426429013774
0.0357212421978866
0.0304461263105873
0.0247635801161377
0.0195965735072992
0.0153008644513234
0.0118286294129083
0.00898229984817695
0.00673634361112325
0.00481769517016087
0.00325678496019781
0.00196249610326646
0.000814679894095374
5.85030977797311e-05
-0.000776559912946762
-0.00143321689392664
-0.00200192565421874
-0.00247023854557185
-0.00283190055496854
-0.00312573271239464
-0.00335124999469943
-0.00347723191975349
-0.00356512493059522
0.0214750028499486
0.0237349399599131
0.0263207371354118
0.0295967417586514
0.033034627503762
0.0362509690911457
0.038837847423991
0.0408171239258124
0.041666025829792
0.0410381293987151
0.0385074183325645
0.0338973318713203
0.0279717858104286
0.0222120281991916
0.0173802243638688
0.0133034569850324
0.0101092561632775
0.00770230853694259
0.00585421439643834
0.00441932280448067
0.00335421108268634
0.00265176343353318
0.00229417526677853
0.00801938177385965
0.0064643692590818
0.00512356438211802
0.00398827522996668
0.00302198773271409
0.00218470747587861
0.00145165792279739
0.000836365505494772
0.000339978119446743
-5.16240581164888e-05
-0.000344340852388251
-0.000538659679368897
-0.000638489627230165
0.0089650653917167
0.00832891059959341
0.00789223147763146
0.00767543737962036
0.00765767149392207
0.00783832122741066
0.00820293221309124
0.00876746030758825
0.00966621001266573
0.0109517990720542
0.0125766010525981
0.0144394053019656
0.0165008193221482
0.0188131605972923
0.0212061837136598
0.0236016328385739
0.0258400706170967
0.0278638663295116
0.0298923371384231
0.0326502068745581
0.0358410351614235
0.0383988354212567
0.0407029915588469
0.0420871524075546
0.0426067220935869
0.0419665698514793
0.0396410364051147
0.0354131628502616
0.0301734967052846
0.025191146677723
0.0208548323168765
0.0172014282829527
0.0145006862025122
0.0123267409152641
0.0105450699274504
0.00941268997185084
0.00883223898946689
0.0117953876094061
0.0113466189221239
0.0111224146604435
0.011090335437081
0.0112388520901726
0.0116083491389812
0.0121451570923516
0.0127937342776927
0.0137023160977022
0.0147621817842751
0.0156395252454433
0.0171399180619693
0.0182606987024868
0.0197907932418018
0.0215445065797205
0.0229740796322886
0.0239346459570557
0.0249461111396687
0.0258333647660671
0.0265024515345296
0.0269722092787552
0.0272000229542314
0.0117349089029495
0.0111506460335393
0.010769391200198
0.0105906725676921
0.0106136123134617
0.0108181149723095
0.0111925669053319
0.0117773222012433
0.0124657234530579
0.0133924678705929
0.0145993851107251
0.016012354928006
0.0182919770576739
0.0208264716030807
0.0233451520475221
0.0258249916239026
0.0281302544448529
0.0302908642724282
0.0321281428644269
0.0340513786161078
0.0358114183801437
0.0372853397514252
0.0384642587954505
0.0393737456648794
0.0399678367952447
0.0402847604834749
0.0312009435333784
0.0308519084914942
0.0304870178014283
0.0302566592450534
0.0290478403721219
0.0277626570419428
0.0303070789639478
0.0300980712260404
0.0298374839660424
0.0305506904893406
0.031206910093933
0.0323507580150891
0.033265380849697
0.0336922841385408
0.0336142803689323
0.0328703696930483
0.0314471089754527
0.0295838175581344
0.0273029886947249
0.0249447893738852
0.0226817266896759
0.0204429738067066
0.0177961796645983
0.0149027961655132
0.0126947459230659
0.0103650620145903
0.00864886130945182
0.00703269060416578
0.00568094251102873
0.00434804088048728
0.00316617670449282
0.00215371738393791
0.00122710174020225
0.000387956201986515
-0.000355654038820898
-0.00101933719968905
-0.00156013828571866
-0.00201651696228219
-0.00244823057812521
-0.00277176653706714
-0.00300236112044306
-0.00315462806288804
-0.00323375584121191
0.0287926589660695
0.0275722173123338
0.0264266628070034
0.0255313723383081
0.0249473798408957
0.0246190234888115
0.0245035757689291
0.0245499240865281
0.0246960133365418
0.0248868132552475
0.025073616104253
0.0252176265433027
0.0252997084234822
0.0295957274587476
0.029236634181382
0.0283920098202201
0.0278839471178618
0.0271595488851907
0.0262072962704352
0.0277748919930486
0.0264521841218668
0.0243335357048401
0.0220410635162892
0.0196828949916074
0.0173306601611027
0.0151439825615771
0.0131609045222163
0.0113406079016127
0.00972854537675353
0.00827487833641656
0.00695113898525684
0.00576844748521362
0.00468210759350585
0.00370821441244382
0.00283497192659878
0.00206550238400734
0.00137229316587156
0.000778422896292641
0.000272225141498924
-0.000167874900232039
-0.000589053467803333
-0.000961219321694074
-0.00126153628340782
-0.00148552710881507
-0.00162156235256777
-0.00170038483318292
0.0247092655562485
0.0226660753922475
0.0201897991770338
0.0176337035881388
0.0154611361451824
0.0134625418502053
0.0115239527772606
0.00990768284776675
0.00860869562599979
0.00727446855131378
0.00598478063135954
0.00481376595450429
0.00384471333353183
0.00308316869128153
0.00230691467428894
0.00161796544508464
0.000999288911799356
0.000472256481574108
3.61985273851178e-05
-0.000269833462558997
-0.000510517479022421
-0.000729200012206864
-0.000892269743252105
-0.000968280854722653
0.0257362412954167
0.0249476349220964
0.0240359755302207
0.0229570824602987
0.0219501515838109
0.0208629359874018
0.0198429906320482
0.0190681953216801
0.0184091962163298
0.0178277740977562
0.0174233834696697
0.01718457260773
0.0271673474276608
0.0263566516919385
0.0252358816785016
0.023701082982049
0.0220774669832264
0.0206023474700768
0.0190809595344536
0.0175687702951056
0.0161814711017982
0.0148363437709754
0.0135340432111132
0.0123605416953456
0.0113459814611428
0.010313744544612
0.00926566177908784
0.00833003590958535
0.0075447531234309
0.00687237664577468
0.00630404048714907
0.00585033587167191
0.00552135795689438
0.00530541002320863
0.00517996350584986
0.0268179224525374
0.0256261056255156
0.0241142274358944
0.0221667572407237
0.0199921229437766
0.017894924199408
0.0159668128064189
0.0141908205704417
0.0125787213416758
0.0111262492119715
0.00981909048065661
0.0086848194379589
0.00763451639214355
0.00666716990079035
0.00583538189171459
0.00512856866772267
0.0045200083868759
0.00399355944898934
0.00354438803518042
0.00317390903636428
0.00287137925343037
0.00263146614490278
0.00245412862082783
0.00232672309103884
0.00223224734483174
0.00217781811261376
0.00216569941302824
0.00219024820404743
0.00224189340929479
0.00231100717145439
0.00238985326812105
0.00246477877992729
0.00253316665410539
0.00257941610732633
0.00260642433664651
0.0217248293002219
0.0197109654018415
0.0171405779681137
0.02349298440693
0.0236263827384144
0.0236945380273664
0.0157273431992104
0.0143365261398724
0.0130894597336127
0.0120117135587346
0.0112051837627169
0.0105352521955891
0.0100325379407975
0.0097030594991127
0.00953852461269839
0.0147276327520381
0.0126541104344256
0.0107560320330365
0.00895207891301408
0.00818427664135113
0.00758212844896842
0.00704009902198544
0.00658504635014504
0.00622930762015548
0.00594874324500932
0.00574808312477626
0.00562669341382872
0.00558551661171666
0.00562838694171547
0.00576134845481637
0.00599065343280495
0.0063196949746897
0.00674251744240322
0.00725391877381451
0.00791033109388167
0.00874130834777695
0.00966674399837286
0.0106787567005866
0.0117387013818081
0.0127737912646128
0.0137377591962418
0.0146067718750265
0.0153086180041052
0.0157962016550636
0.0160572017676223
0.00813798185910219
0.00751173860385205
0.00704739911638687
0.00658429343287938
0.00637021222384811
0.0062174138102976
0.00808592756645795
0.00730671266661999
0.00661391725548151
0.00606043645668102
0.00568717314688542
0.00549710654818752
0.00548497111436926
0.00564757182996387
0.00599917996532995
0.00656368091830434
0.00733244917931469
0.00828825216633585
0.00951650636639157
0.0110919787610102
0.0129689102348024
0.015179634747817
0.0177234873761599
0.0205467919730546
0.023552852194008
0.0266214021691599
0.0296417303493188
0.0325355309954443
0.0352255786860258
0.0376306183714381
0.0396885250021592
0.0413534382502335
0.042595729553576
0.0434084091787572
0.0438210241224935
0.00776648968691464
0.00686787054130741
0.00609137990323226
0.00546780599053227
0.00500219921535456
0.00470905946195907
0.00454737761311019
0.00450482563171545
0.0046123352046096
0.00485852311660442
0.00522236765533891
0.00575014222969949
0.00651051575708547
0.00760990365167975
0.00895965541107643
0.0105004552569017
0.012300972011866
0.0143784531682302
0.0167432147272716
0.0194455156914912
0.0222044155509204
0.0254118878531374
0.0276724500060345
0.0300504344007362
0.0329524330865837
0.0355786401723438
0.0380072967569215
0.0402002830606861
0.0418888973659683
0.0431690353014449
0.0440107690952753
0.0444469766853033
0.0273621761328707
0.026340361479241
0.0251531130116918
0.0238798837882926
0.0224058218148309
0.0275433479113008
0.0261593907353785
0.0240270424522433
0.022172516617995
0.0202093803880685
0.0181645014321826
0.0164792661340342
0.0148762123992291
0.0131812252501868
0.0113964297407614
0.00991252113818842
0.0085386687641743
0.00727354046646352
0.00611122651787154
0.00506127669873825
0.00412567755962502
0.00328204797920862
0.00257947230699426
0.00175566283424671
0.00102163741320934
0.00045008206383645
-3.69592642100463e-05
-0.000438326476493477
-0.00072904416169104
-0.000910505539296287
-0.00101269114595775
0.0208618654875754
0.0181760071731663
0.0146569266201035
0.0217504472857484
0.0205453731326916
0.0189039701502249
0.0169755641494799
0.0128153380991408
0.01150412836161
0.0105292580388353
0.0133987075763834
0.0122416583311592
0.0110405002459232
0.0100871990989756
0.00882922575908178
0.0101091616940162
0.00922505348634779
0.00802458431414652
0.00677331559917158
0.00952531818617884
0.00860917897147099
0.00768635535767109
0.00619650969052602
0.00555862450145972
0.00489049107171321
0.00431085097268245
0.0037259292909724
0.00315311069805413
0.00263479596186533
0.00211697900261885
0.00162538807208252
0.00117313165894448
0.000763154861643702
0.000343573391132603
0.00606617053358047
0.00534221995030117
0.00458202931975887
0.00402508608904225
0.00332128161429102
0.00278636884283933
0.00215277155994724
0.00153355720875683
0.00100761943500349
0.000501963991752837
1.61535736093952e-06
-0.000486466588453194
-0.000917763499694311
-0.00132143391698915
-0.00176857724603935
-0.00216502817625944
-0.00256962531156848
-0.00291196931429155
-0.00323107903935396
-0.00351445783980404
-0.00374181987246992
-0.0039319327137263
-0.00407984154388549
-0.00417051942961641
-0.00421624217856886
-5.07309597468645e-05
-0.000407525878616235
-0.000710998963056384
-0.000930275690744854
-0.00112632983886851
-0.0012456901123947
-0.00131176246015531
0.000367029855224114
0.000412678727694938
0.000475903711695987
0.000546478454269755
0.000624815656754839
0.000711572644396162
0.0008051364049294
0.000907309536319123
0.00101828847627354
0.00113831824374893
0.00127425404805799
0.00142506406233155
0.00158246218812632
0.00173198244565772
0.0018626733641992
0.001974856751631
0.00205809140967106
0.00210207301946622
0.00724279560470857
0.00671777379532731
0.0060934300367615
0.00538125215270266
0.00465047435060724
0.00394942780374572
0.00327665406553828
0.00263126876328125
0.00201265870882632
0.00142024338736007
0.000853360820444831
0.000310891553812688
-0.000208234643895961
-0.00073021065062381
0.00729375263944908
0.00688860502472499
0.00648084476696045
0.00607872043653217
0.00572723861228433
0.00538764176235989
0.00506362317760971
0.00476583341921333
0.00448808229906548
0.00420639977776253
0.00391806447400629
0.00365097432449789
0.00342795209460064
0.00324441517311449
0.0031046219899197
0.00299394138523441
0.00292277049822388
0.00288288344467462
-0.00107899998677706
-0.00139883385309835
-0.00169618420101749
-0.0020200887744869
-0.00231286995948038
-0.00256953353387806
-0.00287799071452662
-0.00324348691337071
-0.00359145527664152
-0.00389030360816235
-0.00414397066040862
-0.00436582957639975
-0.00456757446802354
-0.00474322319046788
-0.00488329703226485
-0.00498187339966025
-0.00504726258260492
-0.00508378772572897
-0.000967998112879068
-0.00117761025845862
-0.00136302434339975
-0.0015292702037749
-0.0016816779972524
-0.00182329462824089
-0.00194951956037353
-0.00205249152348465
-0.00212961424396085
-0.0021808621771338
-0.00220723500725922
0.00801699351296518
0.00713549006475134
0.00619853762973549
0.00533892513491591
0.00455128730435703
0.00379447626211882
0.00309823473767212
0.00239776760468229
0.00174671797737406
0.00113383997685116
0.00051992311560385
0.00818665775831143
0.00747722028652572
0.00686957375165668
0.00623566101066533
0.00573724495015266
0.00519580406731402
0.00475523159215501
0.00438731645742217
0.00404824877620625
0.00385604427996277
0.003671246008992
0.00355506169370244
0.00349676069008324
0.000204661508928108
-6.7114210167718e-05
-0.000302321765297447
-0.000532568179287276
-0.000717010571840331
-0.000873323754696307
-0.000984059304286228
-0.00106691803872604
-0.00111561911567512
0.000190021935611656
-0.000122019332387986
-0.00042010965506146
-0.000708884983941651
-0.000992257677336763
-0.00127000377545393
-0.00154291044017974
-0.00181635586509397
-0.00208417962349104
-0.00234364415680625
-0.00260552575286891
-0.00285491776606879
-0.00309014418240193
-0.00331508648604748
-0.00352782873387434
-0.00373417611675646
-0.00392808409208194
-0.00409586998628756
-0.0042255329210954
-0.00432651523042508
-0.00439642489910276
-0.00443161713642848
0.0160303648171158
0.0149008375844706
0.0137000311469078
0.0125399289389227
0.011437317634089
0.010365700593535
0.00924425163452831
0.00820893438992984
0.00749106457244488
0.00661328243642254
0.00564880585063256
0.00484853528045462
0.00406137104276817
0.00326831628288853
0.00254881507829672
0.00182982557998178
0.0161243809687876
0.0151990715047703
0.0142744213036388
0.013384856517512
0.0125159278712165
0.0116531817451005
0.0107778048893927
0.00988845356689937
0.00903380226581874
0.00826155810144764
0.00760125164270576
0.00705220570204301
0.0065588084435703
0.00599368140127738
0.00135181173009837
0.000804836054630195
0.000296033806963
-0.000151050854848185
-0.000594273086056437
-0.000976492367338433
-0.00131956668880999
-0.0016836906743432
-0.00196482114649112
-0.00221500927739033
-0.0024227630355547
-0.0026007673500053
-0.00274199078298823
-0.00284688767455496
-0.00291785459595094
-0.00295492381752648
0.00143567861458147
0.00106188871362781
0.000687419681655135
0.000360567142971575
8.32177863973262e-05
-0.000196326280989213
-0.000439358202043093
-0.000637758598407829
-0.000800180182437176
-0.000939522333298082
-0.00106170530755984
-0.00116460732568229
-0.00124159785902638
-0.00128422661230004
0.00555613146094667
0.00518655642220227
0.00485190208825368
0.00452919520597269
0.00423225642857465
0.00395675539356545
0.00371455795129128
0.00349188578948829
0.00327697103061785
0.00307944619867564
0.00290829054294708
0.00275995316661818
0.00262518775227487
0.00249711119004432
0.00586851048196935
0.00576033166940619
0.0056863182913849
0.00563305289027313
0.00559791368798659
0.0055937277166704
0.00561856976618695
0.00567658339300114
0.00576602820328248
0.00588236383012049
0.00602455371009497
0.00617351207179841
0.00634892968275399
0.00653988217595766
0.00674097206940701
0.00693564303123123
0.00712673514035574
0.00731910155537453
0.00749610307244945
0.0076538484205375
0.00779189097595144
0.00790879096553882
0.00800428308512689
0.0080807949300319
0.00814653392953513
0.00821708232809402
0.00831262670786403
0.00845707273540205
0.00868936483791463
0.00904539390822346
0.00959682791500448
0.00243359005902845
0.00237688844004871
0.00232714819220819
0.00228485680215676
0.0022509225965394
0.0022273915355092
0.0022129252648013
0.002203254199532
0.0021975652785814
0.00219550942706033
0.00219603906236433
0.00219851465411297
0.00220284061263414
0.00220965190125016
0.00221877168081545
0.00223072346307712
0.00224938078378565
0.00227804413140587
0.00231931902362142
0.00237497699562236
0.00245027034229288
0.00255680888503114
0.00269979860215337
0.00287895560206991
0.00310313889655491
0.00339467884113864
0.00243227834848979
0.00238543971825271
0.00235453681909947
0.00422681423843002
0.00537135359165225
0.00681838117556833
0.00843999400177533
0.0101465336150255
0.0119800796555046
0.00292260441189754
0.00241621693473196
0.00210897828662077
0.00191633116502341
0.0135883339472409
0.0149218930308046
0.0158566029534003
0.0163643319659538
0.0124252654056069
0.0127386410914158
0.01289559920817
0.0103930647538329
0.0114472873498305
0.0126962545985223
0.0142235450756688
0.0161429073260131
0.018375842800841
0.00961904342879334
0.00988799382182048
0.0104200315852259
0.0112302687371793
0.0123477276275421
0.0136758060647296
0.0154418987730759
0.0174431168129183
0.0197743965905317
0.0223804452189998
0.0251183514162188
0.028026041568644
0.0309275938865367
0.0338749751999624
0.0367185824428221
0.0393146831602726
0.0418505846336193
0.0211801928049117
0.0237303889813899
0.026468454719277
0.0291053869837577
0.0318516446086512
0.0344908466323717
0.0369942903516492
0.0393163185487657
0.0414292200327414
0.0432606009065789
0.0448461306957067
0.0461715967922517
0.0472125543046023
0.0479742654712395
0.0485008397492574
0.04884948561828
0.0490686643111636
0.0491944187233893
0.0492529664288987
0.0179610685228807
0.0177420205087377
0.0176350062044838
0.0176057414529979
0.0176092543933302
0.0176183448310845
0.0436874937781647
0.0453917762172962
0.0467358381541716
0.0476590418316745
0.0482969046346876
0.0486683471915315
0.048845201624243
0.0431994775065811
0.0443311688217642
0.0450985217116976
0.0454723993078274
