0.05
0.0368204786111522
0.0337535524402856
0.028540994679553
0.0349355555245956
0.0322289506203385
0.0289163834664589
0.0368023698355667
0.0340363870557897
0.0290203750368674
0.0253409463279225
0.0223568405986465
0.0201398776917834
0.0172620860863508
0.013913880263855
0.0369669138347444
0.031710416300723
0.0269586323905932
0.0262291229398016
0.023076524371807
0.0198590935168634
0.0190611488760788
0.0186058022042016
0.0181040147901645
0.0172729427277097
0.0156962190023043
0.0137179441253089
0.011938124050123
0.0104062557574405
0.0091113197743902
0.00804002438388055
0.00713982636483789
0.0366794204121158
0.0348085639062658
0.0322558948723947
0.0301037770215623
0.0282443820837121
0.0267355883409003
0.0254741744291101
0.0241600411777741
0.025485929024372
0.0224139736763453
0.0189094984208219
0.0156420435673798
0.0119286850597076
0.0254726497656275
0.0227501874647382
0.0200411520517783
0.0106346302178813
0.00936180693257171
0.00822233937288639
0.00732064982981642
0.00652358248478668
0.00584405892343147
0.00533870126583545
0.00494100515358211
0.00464594837174976
0.00447749871626649
0.00441832820262468
0.00446927140855303
0.0046349715132519
0.00490806262405195
0.00527875057088777
0.0057784574251185
0.00640197386361141
0.00718747613770514
0.00818252241214354
0.00938479844856347
0.0107338467359716
0.012206351826459
0.0137591797560479
0.0153220196696079
0.0173193281936791
0.0197515782984322
0.0221937717266569
0.0245839182397802
0.0266988133838393
0.0285619074249015
0.030096495656026
0.0312511009921358
0.0320216665519865
0.0324193893978992
0.0100771262986609
0.0087718828925871
0.00750482196468259
0.00629846953128251
0.00529069926042489
0.00445745797219072
0.00371285420942018
0.00319049078991272
0.00279557418008663
0.0025104293662721
0.00236248952591207
0.0185281394992998
0.0166945221266505
0.0143618014490961
0.017097831373982
0.0137058264665388
0.0104448420243326
0.0137351160335831
0.013051473667425
0.012300676025326
0.0128304744434217
0.0106108777686301
0.00817119120375092
0.0065243296627348
0.00515114539293161
0.00374364130195253
0.00240721901889537
0.00138986757677296
0.000549898610995661
-0.000236482366833028
-0.000888518753546264
-0.00144044234362775
-0.00186857337060046
-0.00216719875347313
-0.00235330500117995
-0.00245599058021822
0.0112337856083673
0.00989549056435881
0.00846698607549885
0.00729812435358031
0.00649439876396569
0.00593744627376996
0.0113318146687727
0.0104342496799297
0.00951447129464602
0.00586511970591457
0.00607591076067499
0.00658263588508405
0.0073918250958621
0.00857490724042551
0.010118089320234
0.0119466747932739
0.0141458600338371
0.0168478208999101
0.0200448721647422
0.0235699942047942
0.0271797213492252
0.0307108573917558
0.0341230719075756
0.0373484216613049
0.0402747668896373
0.0427609383054954
0.0446982328868478
0.0460179445697562
0.0465787988373372
0.0462450861800463
0.0446042302606829
0.0409522222210059
0.0344082850306834
0.028587594516424
0.0215543966491616
0.0163315382955715
0.012264119627356
0.00928873270859431
0.00722972000317327
0.00571327201950049
0.00464436348822065
0.00407983480454182
0.00370337912276332
0.00573077902894597
0.00579803496033956
0.00614458210693646
0.00688624196612141
0.00800884866579685
0.0095116815070445
0.0113160745805528
0.0136597343140058
0.0163979938689043
0.0195527530011489
0.0229733240597012
0.0265684572977308
0.0302158650047958
0.0337114435101115
0.0369289012893447
0.039988969299658
0.042640953064397
0.0447514582674267
0.0463757696416823
0.0475765782940012
0.0483880205895137
0.0488645138284885
0.0490839577767345
0.00790120740924278
0.00642784101149657
0.00512249852359659
0.00399109035886484
0.00300845682173182
0.00214180293240473
0.00137097181601479
0.000714988666522611
0.000179613871876682
-0.000246764968344344
-0.000567869953599616
-0.000782202613976002
-0.0008926948007435
0.00845150600989055
0.00747105219269319
0.00660373236091005
0.00589506385823337
0.00530644516444547
0.00483816952320045
0.00450026212193284
0.00426455365097914
0.00410416083971174
0.00404515660519474
0.00410770342946941
0.00429802625105118
0.00461609874274527
0.00508050182661828
0.00567439255683982
0.00640229569367627
0.00724477759173332
0.00819183952035576
0.00935865913423572
0.0112883227768464
0.0140078670844043
0.0167628627798626
0.0201549213175029
0.0234266216496683
0.0267624612004561
0.0302408970344712
0.033705262840878
0.036923930570201
0.0396948490098442
0.041960480148101
0.0438370255995341
0.0453902479536524
0.046514985821877
0.047387780321004
0.0480638897608127
0.0484674257209896
0.0486640089129605
0.00904194900171137
0.00783362650636774
0.00676574467216656
0.00572522513879381
0.00484580581381289
0.0039290422415204
0.00314190668982718
0.00248557558818438
0.00181392265177133
0.00121314752679014
0.000798648524214364
0.00020548442892627
-0.000171222445750492
-0.000617950647096126
-0.00106072721624285
-0.00138157254158652
-0.00158109836412268
-0.00177832291862333
-0.00194189110397515
-0.00206010100203222
-0.00214058912124528
-0.002178936838749
0.00931773009747517
0.00828455943243942
0.00733145332007728
0.00645861997818913
0.00569868931053424
0.00504071421669062
0.00446672274493632
0.00393384157944006
0.00352217046150857
0.00314527757243368
0.00280963139875758
0.00252398653500304
0.0021733473474168
0.00187152486107983
0.00163980675020416
0.00146675863463156
0.00134790979313146
0.00127055102263209
0.00123070533804372
0.00121694645693555
0.00123135539555952
0.00126384724629141
0.00130275677310631
0.00134086334317181
0.0013696883185799
0.00138645672477345
0.0279847095957684
0.0268096958739245
0.0251909943132567
0.0270620438502336
0.025147380849268
0.0229933506640793
0.0244593215355106
0.0235252210174039
0.0222742866144492
0.0237731003418242
0.0214638892935643
0.0184888482881198
0.0159912050406974
0.0140962065842936
0.0123871960961264
0.0108057440090452
0.00944414182197774
0.0083658039958236
0.00745394315801721
0.00675390022321209
0.00624902111579914
0.00589641795200133
0.00564691347266889
0.00556300201928058
0.00567819836795667
0.00605854281319789
0.00659410538716098
0.00739288762196477
0.00837342737495001
0.00973375601874951
0.0113924649486495
0.0132705041437805
0.015469934485
0.0179518990769661
0.0206058754506211
0.0233717715723133
0.0259101785367732
0.0282520698157842
0.0306362645171767
0.0325199925135334
0.0339083335526634
0.0348439113502082
0.0353356308015912
0.0200772345644063
0.0173801506420325
0.0146734834877469
0.0122215531913308
0.0101371882347609
0.00831389716121756
0.00673892780232553
0.00537182194404295
0.00427324877208688
0.00340176008488379
0.00275554379147017
0.00233278996246352
0.00211318500040388
0.0184131740143331
0.0152721209918585
0.0118852698494846
0.0104686655588499
0.0090631354626961
0.00763844923456096
0.0106924473102432
0.00950515058904029
0.00827300816516803
0.00729351553424915
0.00650682415128004
0.00588501255662725
0.00544096563681634
0.00516444395642193
0.00504420407773615
0.00507847756419206
0.00526106104307787
0.00559551869254364
0.00607684894732609
0.00672339603946807
0.00752696682187701
0.00848964372616029
0.00959043327495645
0.0108484253695821
0.0121930236142953
0.0136037259160145
0.0150869746842214
0.0167599557606774
0.0184430544701183
0.0199470000633378
0.021155683841597
0.0219242934347061
0.0223829192754905
0.0069099817666595
0.00622289708041619
0.00560872654166434
0.00513900553670927
0.00486333826904814
0.00473084751891921
0.00474831043395512
0.0049103519658261
0.00517002544050659
0.00559640886794065
0.00621606881334912
0.00702299118515623
0.00793314472498169
0.00885511680613441
0.0100435658296401
0.0113722888895199
0.0128518897127537
0.0143831041977085
0.0158798827853275
0.0170722551935994
0.0181077413090665
0.0191329065579515
0.0199470008854916
0.0203398169884132
0.00613011593047436
0.00471369346259061
0.00354882274265407
0.00245278911248708
0.00157592519354373
0.000728442072162953
-5.1115713998205e-06
-0.000533998441874463
-0.00096753330209819
-0.00134043013732602
-0.00159616456594098
-0.00174592463546883
0.0215776364236956
0.0198395306317197
0.017786548961989
0.0154060796820546
0.0132497134082622
0.0115160605181268
0.00988995097411651
0.00838475602135837
0.00706914898517267
0.00583553950284717
0.00467021354651437
0.00363925495334103
0.00276044599442727
0.00187676229373111
0.000988153335619904
0.000201618202013555
-0.000453483736129722
-0.00101045946312717
-0.00147820154340269
-0.00184947191491227
-0.00211745002014696
-0.00229277696996989
-0.00239438734341899
0.0218302310159625
0.0204953479577164
0.0189600041779901
0.0171485920934953
0.0152639689846374
0.0135339747014472
0.0119959592476438
0.0106146698706852
0.00938852195960237
0.00830900174657357
0.00736322681537046
0.00656897584639657
0.00586381331524035
0.00525090003180942
0.004764561917531
0.00439488777477739
0.0041244858951809
0.00394503062698219
0.00385483994077065
0.00385196742330035
0.00393188572402399
0.00409103556167394
0.00432071736295315
0.00463143068096831
0.00508276814658984
0.00564608436473119
0.00627363478481826
0.00695102510600094
0.00763269500893915
0.00829909398220834
0.00893623121109343
0.00948085733309228
0.00994531365672682
0.0102472329771433
0.0104195022514266
0.0124012460990005
0.0106292532964902
0.00846997320337302
0.0133330387575005
0.0128835874937661
0.0126541103061258
0.00693175867998852
0.00545019162956684
0.00413811625388787
0.00301163728263374
0.00217115621644036
0.00147398152222255
0.000951104961590563
0.000608456676904235
0.000437342749734146
0.00689191177949854
0.00564213229369745
0.00460320577995364
0.00373280965908999
0.00405722088682015
0.00449599314116594
0.00511163938468478
0.00589762245463792
0.00682041969734262
0.00793228679773497
0.00922857528430491
0.0107189234132768
0.0124230173272471
0.0143410922612319
0.0164863482833787
0.0188206153954443
0.0212680913302897
0.0237098051991979
0.0260875333140065
0.0286058737096944
0.0312809893217454
0.0338083680272634
0.0361758846346006
0.0383188101741077
0.0401487770556168
0.0416591166564729
0.0428808714620233
0.0437805559161577
0.0443629316242091
0.0446605501546483
0.00273481824695949
0.00197244201727574
0.00141109429056254
0.000855586713541399
0.000600075595105011
0.000418434953180985
0.00680246861717087
0.00665582992648184
0.00675307060164925
0.00713621612109938
0.00781737765478773
0.00880447163896796
0.0101038949087071
0.0117340982124058
0.0137615911967679
0.0162109747832929
0.0189410097227625
0.0218000955682862
0.0248999768733636
0.028205157445976
0.0314401126280762
0.0345671073781967
0.0375275795301163
0.0402403461608477
0.0426209461940768
0.0445943068456725
0.0461144909396907
0.0471723726483153
0.0477780105831711
0.0479563350434673
0.047736198483493
0.0471523353149772
0.0463095066781602
0.0454533590839703
0.044885825213027
0.00671444430471296
0.00652769879757765
0.00654253890094207
0.00678274669200203
0.00725733556773059
0.00790964006218345
0.00874047725480927
0.00989282505091038
0.0113841075108445
0.0130618799480212
0.0148746858250292
0.0170108097343953
0.0196196707446615
0.0228807423100832
0.0263120355018216
0.0295978924826152
0.032758989777291
0.0357389238477454
0.038512565245422
0.041094131161306
0.0432251438115129
0.0451657755143232
0.0462171440434989
0.0470302857926154
0.0475577716381347
0.0475026763663021
0.0468615743465749
0.0454325523945291
0.0432561287154522
0.0405046812782588
0.037942424431392
0.0363161181690745
0.0226712979238471
0.020697521019293
0.0186565882078039
0.0167932011676335
0.0149741774844268
0.0234403273494349
0.0217638459119292
0.0193551698046723
0.0174093602858776
0.0154843674905335
0.0135819482339003
0.0120672352126751
0.0106584549769888
0.00919012380517874
0.00766047288384628
0.00639959376882326
0.00524062811998323
0.00418029770691266
0.00321206378705438
0.0023425441038204
0.00157208889318204
0.000881254295253946
0.000309034699403429
-0.000358252493714075
-0.000949639697448401
-0.00140795166679266
-0.00179683880703007
-0.0021160925840337
-0.00234662267634178
-0.00249021111362256
-0.00257095340111938
0.0136513166356189
0.0116287170733115
0.00918542859056071
0.0139239489860147
0.012569860418447
0.0111163204920088
0.00970928269218443
0.00806995812355757
0.00733624846877841
0.00684059936264367
0.00818675301513659
0.00743613681143509
0.00681340153429638
0.00643460529112446
0.00609844432369421
0.00675478275775958
0.00683380512086531
0.00720116446592968
0.00788626625231786
0.00634369077449673
0.00600477983530904
0.00578204690435126
0.00854417358200963
0.00968931038968101
0.011376305918863
0.0133249068321219
0.015841528272463
0.0189213500945352
0.022268491296522
0.0261372799129084
0.0302519398729904
0.034369312825288
0.0383140556290008
0.042419217124006
0.00827285417960001
0.00894302345107839
0.00997098004785439
0.0109674584287081
0.0125653913879651
0.0140635099459576
0.0161895922905714
0.018654894663509
0.0210445105302167
0.0235778693978982
0.0262765053102196
0.0290537955483197
0.0315979462154221
0.0340325651897881
0.0367554468983634
0.039154580418277
0.0415478268932974
0.0434831395892658
0.0451669640438211
0.0465222615274996
0.0474862003411789
0.0481902466954203
0.0486655779204011
0.0489244853971849
0.0490450612423314
0.0441703887690531
0.0456172585454188
0.0467349042809423
0.0474669778166266
0.0480567283543673
0.0483844186259132
0.0485541520405702
0.0441806336753379
0.045534509650842
0.0464405407424834
0.0467773340420399
0.0464872505937414
0.0453019508808009
0.0427794423410105
0.0384451265333039
0.032668620499896
0.0266947434431532
0.021205586241125
0.0166645918187101
0.0131864700335286
0.0106862079206339
0.00894521981904665
0.00769889964523862
0.00689247680875528
0.00650097769235995
0.00605488464053764
0.00649378901480069
0.00715456544165355
0.00806823810435441
0.00917895041244854
0.0104336372908119
0.0118444815839374
0.0134220628257058
0.0151728553639412
0.017096173439493
0.0191808900066572
0.0214043758530163
0.0237305763800626
0.0262353563850641
0.00537858040867622
0.00502239244471934
0.00471888338106141
0.00447243713636746
0.00430399786003614
0.00418994649579961
0.00413376143290572
0.00413432366804846
0.00418317085951462
0.00427883923576118
0.00442091322481784
0.00459046480650851
0.00476100598200142
0.00492294817964542
0.00506056468731343
0.0051789729681167
0.00525945260223653
0.00530620700624975
0.0279042797339569
0.0295609567347119
0.0311927192268776
0.0330626252793649
0.0348304976292466
0.0364314932965987
0.0383922464048494
0.0407132683552217
0.0428600570015777
0.0446002178333803
0.0459596439142007
0.0470287497989565
0.0478800240696439
0.0485119468327669
0.0489360940262199
0.0491907996554994
0.0493393436698303
0.0494148369137824
0.0275091566542507
0.0287474905717263
0.0299459284662123
0.0311109144258762
0.0322570231758745
0.0333861157302864
0.0344384880642542
0.0353251434470603
0.0360041912769494
0.0364619531492419
0.0366994797256963
0.00661537063543246
0.00739341814146899
0.0084978737799334
0.00982912898565431
0.0113878080855223
0.0132682682188654
0.0154043188268775
0.018016248705333
0.0209015623749953
0.0240162247752772
0.0274584035317512
0.00538238420513362
0.00470362215377455
0.00420882475906541
0.00378434708884327
0.00352034391642088
0.00331195041450505
0.00320727403640921
0.00316941658134952
0.00317954579642121
0.003204108505313
0.00324329864818822
0.00327557290223514
0.003294131684797
0.0290649295147925
0.0306487476496236
0.0321680652493467
0.0337889884284954
0.0351747431358554
0.0364050471708681
0.0373024969091183
0.0379868007105771
0.0383937830687009
0.0296582234109528
0.031914741411723
0.0341898790297693
0.0364468117290268
0.0386412331642258
0.0406959340406549
0.0425473616390287
0.0441673469100641
0.0454682927388203
0.0464144386677811
0.047014200020018
0.0471967665118797
0.0469188979102843
0.0460486051345655
0.0443558418504069
0.0414909209976681
0.037387840318982
0.0327098667974771
0.0285740438073627
0.025184805248966
0.0228170143536972
0.0216312229815291
0.00911141950653529
0.00854163711499368
0.00806787496221957
0.00773418302707113
0.00753643557930556
0.00746727148658424
0.00754291159142285
0.00776987700977658
0.00803126976586286
0.00848599938066671
0.00918918309186661
0.00996887854032056
0.0109449712348904
0.0121787395682369
0.0135535385948932
0.0151970887919133
0.00916307784611477
0.00870836097336252
0.00837644127106837
0.0081711857188116
0.00808589504144864
0.00812728256386145
0.00831924883409073
0.00870260345522206
0.00929697112896246
0.0100798796094793
0.0109872594131296
0.0119506467255757
0.0130117169119112
0.014488449637707
0.0165332871388095
0.0184263050934796
0.0205455705768236
0.0227179062075555
0.0251751816645358
0.0275396254275661
0.0298570424384644
0.0325224603387153
0.0347181093415515
0.0367711075850787
0.0385392144002311
0.0400912667910034
0.0413378158366163
0.0422662678012628
0.0428927776545877
0.0432187612372049
0.0161966075067971
0.0174240046551961
0.0189435416108768
0.0205280181868361
0.0220806382375833
0.0238574627114925
0.0255813775947046
0.0271159956046368
0.0284598581450586
0.0296763283541987
0.0307903111889154
0.031760812373933
0.0325045250431821
0.0329221207735338
0.015802124705455
0.0172000249288204
0.0187459434880133
0.0205326424896593
0.0224716590776177
0.0245571286062811
0.0266438539312056
0.0287942208488065
0.0311028948111291
0.033446512911721
0.0356617558656979
0.0377236371006989
0.0397045826753697
0.0416631519247159
0.0149395525209294
0.0156633860525717
0.0165610527054708
0.0178062395324701
0.0196690750250641
0.0218098290124143
0.0239029795017052
0.0263340045606024
0.0289145062459131
0.0314955944165715
0.0340545769315251
0.0363116050436917
0.0385876344601129
0.0407051310733736
0.0425912039148296
0.044102737922106
0.0452792673926833
0.0461188430928971
0.046502232605759
0.0463713678622472
0.0455968198814211
0.0439200080964084
0.0409839340013859
0.0366641500767491
0.0314078165879118
0.0258459611459742
0.0207306453449525
0.0164315496980437
0.0127108623196746
0.00952943315367291
0.0065846505833923
0.0429281642221587
0.0441164263727286
0.0451771848760143
0.0460334264146471
0.0465729505174389
0.0466669096157906
0.0463182903429328
0.0454167679579988
0.0436381604556142
0.0408674149863033
0.036964960531641
0.0324377909634157
0.0276080492230936
0.0227436427637677
0.018695427827846
0.0154738342795538
0.0125496858108207
0.0100823161195149
0.00813669457896972
0.0066412763521423
0.00543733718222382
0.00440613164059109
0.00355793024076156
0.0028845503309155
0.00233078705079156
0.00184355574680229
0.0423246611396223
0.0427911995902388
0.0430957874491053
0.00153524504884934
0.00124444894799728
0.000982097595604542
0.000765760799795456
0.000594168947173307
0.00044837733461919
0.00154487433255965
0.00126826184047096
0.00111537003386509
0.00102553683809497
0.000370993943618695
0.000321105511665226
0.000291899272846608
0.0002777020806937
0.000387948630253558
0.000352463557497059
0.000336528844057292
0.00514782334061736
0.00401867493334819
0.00316760392811408
0.00246275589226187
0.00184010394673088
0.00130025858434823
0.00521799496769492
0.00418310170191753
0.00335766183676502
0.00269913344151324
0.00216894964881394
0.00177185819026156
0.00142703881583616
0.00116480151551364
0.00095230371642348
0.000782456939178493
0.00065028016541072
0.000543027724045394
0.000458814792922787
0.000389779301084866
0.000334577300314143
0.000291233170641968
0.00025331567615758
0.00105061838088307
0.000877105934993265
0.000731132372758732
0.000618554768988414
0.00052310021869452
0.000447309783369538
0.00038675955180092
0.000338457620138855
0.00029972326877049
0.000269227970294849
0.000244447461687527
0.000224285508547932
0.000208240441397371
0.000195859900617878
0.000186536491612841
0.000179673154257426
0.000174851361641654
0.000171797849470156
0.000170272237063178
0.00106467276486713
0.000901377284445555
0.000773780403104776
0.000687749956794891
0.000634975282490306
0.00060863927061808
0.000230352586161593
0.000210575762756253
0.000195374951980007
0.000184740939737158
0.000177035035708189
0.000172276172525386
0.000169897814780252
0.000231381310465962
0.000214337981329453
0.000203384215413782
0.000198201097744788
