0.05
0.0369918774745509
0.0341739576443441
0.0294891118384424
0.0353507829188145
0.0330810293202015
0.0307902757441636
0.036989761575652
0.0349777684599913
0.0320154898479208
0.0303770182095313
0.0292689153275641
0.0284402334622512
0.0271994030452674
0.0252765717093872
0.0370868137925774
0.0305948422720924
0.0246983721065314
0.0238910944862786
0.0209369894716506
0.0181966492820163
0.0176633775613349
0.0175096920681886
0.0175700399867142
0.0181033708247726
0.0198735543566971
0.0228957039047586
0.0263824927252916
0.0300057122173084
0.0334757676112898
0.036549845927347
0.0391888722115675
0.0368325863760776
0.0349965470450698
0.0325314885307901
0.0304923772258084
0.0287641740177201
0.027384128678946
0.0262444277279247
0.0250647270330124
0.0273937605764423
0.0254005993352672
0.0230919833247076
0.0208094919671752
0.0180295131208241
0.0265262576861589
0.0238928284514496
0.0212575910490892
0.016640276473843
0.0151549015295261
0.0137161624965804
0.0124852101512678
0.0112984495798008
0.0101716713721238
0.00921538509779006
0.00832395336154547
0.0074736759435237
0.00673728434726694
0.00606536013422688
0.00546639849254004
0.00492015590072838
0.00444967656588688
0.00405073554243827
0.00369338669671007
0.00338979829198141
0.00312389417676415
0.00288700783725126
0.00268698519817402
0.00253578273603467
0.00243461229672285
0.00238299521079139
0.00237416956942436
0.00240642517384991
0.00248829320566175
0.00260562039284068
0.00275234873328399
0.00290925940242052
0.00307025595426857
0.00322039509573123
0.0033447737837624
0.00343373328355957
0.00348168386018849
0.0170247656360253
0.0162873049578666
0.0155478174720951
0.0148227233349751
0.0142022418161917
0.0136796234015341
0.0132054863365138
0.0128692265741558
0.012613043204467
0.0124270130475438
0.0123301526785791
0.019849632160723
0.0181313661014614
0.0159322220437402
0.0181999527908505
0.0146284623728155
0.0111802517227573
0.0153476640691713
0.0147090527879174
0.0140068161218911
0.0144298458207307
0.0122180017404467
0.00975067136687629
0.00806140697603232
0.00663561325344392
0.00515688853446034
0.00373602117325136
0.00264277332002068
0.0017317034041492
0.000870990806583653
0.000151216039358381
-0.000462682955652591
-0.00094195735791856
-0.00127794706755796
-0.00148810877899173
-0.00160435157630789
0.0130101928454214
0.0117454183867711
0.01039535829492
0.00931180409905094
0.00861146081066299
0.00821041705091829
0.0130972715619845
0.0122527218537315
0.0113853288177719
0.00801343657268381
0.0081544742119496
0.00866604661318095
0.00955764103730463
0.0109112990883888
0.0127094362392422
0.014852147150048
0.0174163677749743
0.0205138654854893
0.0240649146625163
0.0278052928374696
0.0314220938386638
0.0347116656492504
0.0375645851227475
0.0397864802240956
0.0410927448176839
0.0411427796484846
0.0395646292743415
0.0359742863699729
0.0308677115253168
0.024947905260359
0.0195659797685152
0.0150422061253155
0.0111419880080629
0.00867751327584623
0.00609095971738347
0.00417359690555429
0.00260942726143754
0.00139476779039062
0.00050450357816124
-0.000186389493035886
-0.000696290421668926
-0.000973955614591775
-0.00116376163036326
0.00832924341354065
0.00880668809016891
0.00965819064701946
0.0111276673048381
0.0131647519845043
0.0157453361465291
0.0186854351467318
0.0222534742072023
0.0260391862799952
0.0299161217352012
0.0336143327321288
0.0370130672993145
0.0399509897082347
0.0421756979022477
0.0435135794053655
0.0438369389056422
0.0428282826620279
0.0403400872343608
0.0364260463858769
0.0316152413339486
0.0269972474996632
0.0235633528384813
0.021730417014818
0.00993580873333795
0.00860435477491458
0.00741704943008822
0.00638085776065565
0.00547464595019249
0.00466985068016002
0.00394912765680323
0.00333177647097788
0.0028249720089019
0.00241931233736261
0.0021125560614143
0.00190717507773211
0.00180109150649901
0.0103004158069947
0.009277045758454
0.0083489408308514
0.0075676575331986
0.0068943190364433
0.00633152367689396
0.00589485562285706
0.0055517296211336
0.00525648331527232
0.0050357680858373
0.0049213240899704
0.00493363394339444
0.00507646293404583
0.00536280132975658
0.00578664066393812
0.0063554770733509
0.00705857891270905
0.00788791366747082
0.00894542039131268
0.0107397604436966
0.0133244891857256
0.0160079270731179
0.0194058856436462
0.0227713750011989
0.026265681554009
0.0299431279802771
0.0336073234562874
0.0369903130001158
0.0398710522444367
0.0421928264131469
0.0440828931945424
0.0456156121626771
0.0467010060036072
0.0475241382985769
0.0481478407724295
0.0485139516805534
0.0486903603599724
0.00967894309151755
0.00838609081523721
0.00724473807224418
0.00613466750556814
0.00519886166529967
0.00422660745220543
0.00339545675861261
0.00270586034571396
0.00200437568900471
0.00138110323216144
0.000953482307247081
0.000345438988652292
-3.82008203238829e-05
-0.000490281826423375
-0.000935195455020113
-0.00125560708388178
-0.00145400556517581
-0.00164938739809845
-0.00181085500503116
-0.00192720464841527
-0.00200624403905269
-0.00204384745958309
0.0100047472617552
0.00893015434829767
0.00794237880770969
0.00704184912718264
0.00626208693282851
0.00559130042387126
0.00501064511096312
0.00447688507087261
0.00406968675521507
0.00370320657498342
0.00338483451068966
0.00312192892876428
0.0028106491779443
0.00255524681607146
0.00237273361981894
0.00225188119377003
0.00218557170750316
0.00216157268981674
0.00217073851546767
0.00221251043936486
0.0022820439417131
0.00236414071908272
0.00244507458581916
0.00251718692669409
0.00256905293947538
0.00259841916968981
0.0301111493653153
0.0293220185629001
0.0283180455584085
0.0298623256031027
0.029115026692033
0.0284234199584615
0.0278018952288361
0.0271605091899507
0.0263215390398169
0.0280403052734329
0.0281341086789795
0.0285303850521663
0.0287703679907682
0.0286367171628971
0.0280309531982141
0.0268567754641738
0.0252393907409703
0.0234699414932987
0.0215483810967911
0.0197117758192138
0.018029721349555
0.0164002223773309
0.0144737122513156
0.0123389451838484
0.0106785431318082
0.0088908969688765
0.00755149197677373
0.0062738864083958
0.00519560037387224
0.0041259737404264
0.00317491339209287
0.00236046346342158
0.00161740165631377
0.000948566515879244
0.000361275669091726
-0.000156477685058636
-0.000572164654398712
-0.000917248639653554
-0.00123747821106097
-0.00147280325675395
-0.00163771863430245
-0.00174518252725621
-0.00180052988008576
0.025920946813849
0.0259184317094674
0.0263053883407963
0.026988097793364
0.0278400504199482
0.028812869746972
0.0298404067581231
0.0308846434886929
0.0318316687760135
0.0326547184416705
0.0333073075579011
0.0337541659740003
0.0339928616673395
0.0231729093515552
0.0208167770980034
0.0185556842852896
0.0172277457470626
0.0160013201957818
0.0148557861228748
0.0188414636335663
0.0196850442751347
0.0211990007365066
0.0230349474427832
0.0251791099950258
0.0276204229639474
0.0301872678260453
0.0327702433180876
0.0353376640487553
0.037719639976167
0.0398747230989899
0.0417275775847175
0.0431468975905235
0.0440713516174791
0.0443639183249364
0.0438994232219032
0.0425348530722931
0.0400722059018566
0.036628749603109
0.0325734922542013
0.02836733454847
0.0240670591776463
0.0202863947867772
0.0173481872089247
0.0152534733643458
0.0140261632162566
0.0133335210311455
0.0156076542812248
0.0169219303593278
0.0188766404288605
0.0213282102249947
0.0238097126933318
0.0264653687892738
0.029412036467728
0.0321406803497108
0.0344937500514453
0.0370306773832988
0.0395344929287479
0.0417472954031781
0.0434101647121502
0.0445007642779773
0.0452837241953678
0.0455222327681712
0.0451172739276971
0.0439564753753923
0.0420001499102071
0.0397876982064663
0.037359848893003
0.0345124869861721
0.0320105118426524
0.0307474441745951
0.0126117714781722
0.0106098304303983
0.00904529288941069
0.00764458958806334
0.00657382577708313
0.00558245286957961
0.00475890977494292
0.00418556602361305
0.00373011732431735
0.00334878950983503
0.00309201262358124
0.00294354989717382
0.0281970790336712
0.0278772097388413
0.0273381128166267
0.0264233190933285
0.0252470549460442
0.0240046623845903
0.0225685443339481
0.0210156690284044
0.0195097868532684
0.0179968075324703
0.0164988816165503
0.0151325040974059
0.0139451098820349
0.012736017891847
0.011510760428342
0.0104207844845111
0.00950957977397065
0.00873242419414437
0.0080778929354443
0.00755700789726765
0.00718023929903725
0.00693334881656484
0.00679010081622154
0.0278757758217691
0.0271717115211646
0.0262052254359518
0.0248196251539285
0.0230807050490581
0.021217194669852
0.0193507813594262
0.0175105142208695
0.0157464859697205
0.0140831349859044
0.0125236324156992
0.0111165288226538
0.00975995931644553
0.00845302995019048
0.00727148169803911
0.00621078020280971
0.00523992825887483
0.00433907770430064
0.00350453294092483
0.00274572196823985
0.00204933437976402
0.00141192866408859
0.000845163934187829
0.000317642880000542
-0.000251420248258381
-0.000818473667712779
-0.0013356887949784
-0.00180050248292616
-0.00219740102243824
-0.00253341589564711
-0.00281680926009072
-0.0030353514226391
-0.00320683921387124
-0.00331210263394473
-0.00336996471729418
0.023649351560536
0.0215465113043326
0.0188187525191019
0.0257843290612277
0.0261972265786969
0.026414101696534
0.017358386909063
0.0159024746285083
0.0145875724048156
0.0134474403681026
0.0125935135152697
0.0118844011120023
0.011352685886728
0.0110044775180931
0.0108306893512108
0.0161812368045817
0.0138941351891809
0.0117890839721434
0.00977843720232753
0.00882718032272177
0.00805999762734594
0.00734414010464777
0.0067122068005523
0.00618235958679281
0.0057191424178626
0.00532750025596032
0.00500368240695417
0.00474359648329929
0.00454748081393763
0.00441440283714838
0.00434765473926178
0.00435016144042501
0.00442105207196506
0.00455509301440681
0.00476633392288451
0.00506666957250248
0.00542675973763739
0.00584105862408522
0.00629143440011524
0.006743823203322
0.00717460711854372
0.007570202511458
0.00789459297110423
0.00812256221380357
0.00824552345616937
0.008959231722791
0.00833203932739441
0.00786872732180325
0.00740830169126186
0.00719590994290497
0.00704455631061384
0.0402771894517167
0.0407670135572349
0.040357257480144
0.0386675682690785
0.0354974874598883
0.0311019730087366
0.0262453559864476
0.0216244491615845
0.0174922956567147
0.0139535085600196
0.0110905418405881
0.00880727468749174
0.00683918615507322
0.00511181282975684
0.00366624417117261
0.0024289906715994
0.00135852153325188
0.000430045073187708
-0.000375820909173223
-0.00107455319717085
-0.00167968738441222
-0.00220393119502567
-0.00265406903403325
-0.00303296232351273
-0.00334407081242041
-0.00359015150373715
-0.00377252032379681
-0.00389217578623203
-0.00395327236815284
0.0402874291584725
0.0405739283844095
0.0399952679062663
0.0383080699092796
0.0354176090921916
0.0318731550199447
0.0280511308462487
0.023863295520199
0.0198783352825419
0.016648009290046
0.0140859285360904
0.0118535267767697
0.00980030009027612
0.00777158197240422
0.00599628372277689
0.00452649901683317
0.00326972946545767
0.00218873496218473
0.00124416453956939
0.000391049029227565
-0.000324087262947036
-0.00102712250583587
-0.00146871988195618
-0.00189418745182032
-0.00236614360407013
-0.00275963808025931
-0.00310578499641756
-0.00340948731789141
-0.00364123021181162
-0.00381784277817997
-0.00393550363200148
-0.00399727793385691
0.0235739623361227
0.0215720829579898
0.0194795591297309
0.0175534430435396
0.0156624719531376
0.0246154949985349
0.0236329518883873
0.0222200806093529
0.0210261686157295
0.0197608815542405
0.0184091153991253
0.0172531318137396
0.0161122040237889
0.0148672432257035
0.0135177390612369
0.0123661303992291
0.011276065789481
0.0102526258565346
0.00929581011613804
0.00841747101396129
0.00762302871902905
0.0068964338862383
0.00628337984719536
0.00555548325074805
0.00489949659325475
0.00438390187549137
0.00394105991796336
0.00357362485892016
0.00330606291732437
0.00313844754759574
0.00304382924829095
0.014259847938809
0.0121106920320133
0.00951884045278019
0.0145905980974282
0.0131888907576396
0.0116462320220357
0.0100890848748333
0.00836931975253965
0.00761998140772227
0.00712009657165922
0.00840597112231048
0.00757381775971558
0.00689038095643047
0.00648202391296127
0.00613374510752431
0.00717913162253121
0.00762491233909321
0.00855256288943219
0.00989452273395609
0.00653379686058047
0.00612677667017749
0.00584874307773851
0.0109257038884507
0.0125794132609719
0.0148975492290356
0.0174619398493927
0.0206256071043576
0.0242803665884095
0.0279922303637753
0.0319691259891457
0.0358247070364907
0.0392099228429327
0.0418168213692645
0.0435542832914328
0.0106630193489275
0.0117913421966469
0.0133757048497024
0.014827347899842
0.0170497887735541
0.0190357431117845
0.0217197882201732
0.0246512616202782
0.0273294438224907
0.0300210232229298
0.0327493450557738
0.0354273908325085
0.0377648517732868
0.0398828195821711
0.04209353531391
0.043876795714938
0.0454551656268884
0.0465381465181354
0.0472852607203456
0.0476883952340702
0.0477925543833963
0.0476846527933259
0.0474368132922179
0.0471952104572199
0.0470409426893738
0.0448273365591686
0.0451260071459169
0.0446444490290433
0.0437643023858032
0.0424552392306116
0.041371156624926
0.0406519158214057
0.0427224659341245
0.0404004796266852
0.0362636095947334
0.0311206855873515
0.0256926435776898
0.0206305396968969
0.0163699890892073
0.0128821846195907
0.0100989672423539
0.00789618757968804
0.00607042169056364
0.00458028142773484
0.00341009095236938
0.0025383378428487
0.00191012643951631
0.00144671753519837
0.00113959747205872
0.000988179728181771
0.00628684172827374
0.00694320573709813
0.00788812675331282
0.00915458955230591
0.0106572471870283
0.0123186188078234
0.0141492633985821
0.0161539256353261
0.0183272826931728
0.0206506940075492
0.0230916278229834
0.0256084064372525
0.0281546368127139
0.0308170365893932
0.0052278708123844
0.00464075931276817
0.00409723110690273
0.00360506370857058
0.00321217340233605
0.00286957857536699
0.00258086820458407
0.00235159811405341
0.00216966373899955
0.00201437244486849
0.00188224750994217
0.00178196722475187
0.00171443486160528
0.00167051790190169
0.00164454851886297
0.00162883321228713
0.00162091874163375
0.00161730721324003
0.0325592229585817
0.0342319324289596
0.0358352105483418
0.0376178702067209
0.0392377852730074
0.0406356888427062
0.0422496106888909
0.0440146291415045
0.0454765139849299
0.0464911430025816
0.0471215768116467
0.0474511040672221
0.0475176132617446
0.0473300362163163
0.0469496184576607
0.0465132632585152
0.0461226713944915
0.0458589087548719
0.0321380905968039
0.0333844680495421
0.034564352773856
0.0356918859553691
0.0367857948177726
0.0378508699939926
0.0388338440987666
0.0396552704090051
0.0402802020037401
0.0406993971787722
0.0409162177114293
0.00703355793185266
0.00828036229368921
0.00995031497725389
0.0118759830978344
0.014055356302142
0.0166053747166767
0.0194066010830274
0.0226916224003938
0.0261324231575249
0.0296382233516567
0.0333113922956718
0.00504892135462506
0.00395382583590626
0.00309090246666955
0.00226571414567114
0.00167002724762897
0.00107883469684863
0.000640475632974049
0.000304743768868811
2.1213520360087e-05
-0.000129252534843298
-0.000265711116007482
-0.000347581871564866
-0.00038746918881577
0.034976083746821
0.0365277407722355
0.0379658614999575
0.039457560769301
0.0407012945148417
0.0417806269750005
0.0425529521539087
0.0431325089898267
0.0434729284680187
0.0355580592698094
0.0377284993508707
0.0397654604020712
0.0416018325161129
0.0431574361563834
0.0443305542107979
0.0450358655158234
0.0451819571899281
0.0446278477873346
0.0432120775678346
0.0406139443143695
0.036858857164354
0.0323383136482394
0.0275864615516435
0.0231614920277945
0.0191827932642563
0.0157906750234087
0.0131315185191806
0.0112424787741478
0.00986754151570206
0.00896327575260822
0.0085223098078878
0.00949120933273396
0.00886868732611378
0.00828096674297285
0.00777393632344077
0.00734372361507334
0.00697366511455893
0.00663973310465841
0.00638467405302558
0.00624183510287367
0.00611082390304964
0.00603259476178396
0.00603212656463215
0.00610220231446537
0.00626049620315452
0.00649851274328141
0.00684318694248466
0.00935661411239788
0.00864836905670121
0.00800705827329337
0.00744287101958601
0.00693792606602647
0.00648130955872671
0.00606644485920342
0.00570188201193917
0.00541723127064459
0.00523047848855773
0.00513933504261806
0.00512494720597571
0.00517133119422368
0.00530765906583379
0.00749294156027148
0.00843933078276234
0.009548259960001
0.0107561054262206
0.012227139427385
0.0137671460763971
0.0154093250446152
0.0174739314442722
0.0193196152304277
0.0211657220969806
0.0228488889038938
0.0244001882422003
0.0256994026209977
0.0267011001389681
0.0273954920949324
0.0277633973600258
0.00681938062167462
0.00690378329483299
0.00710613636441656
0.00739640804227538
0.00774349259902151
0.008207397213879
0.00872133294152341
0.00923207649264993
0.00972268471498059
0.010204016143265
0.0106777710852532
0.0111176266788958
0.0114725866511668
0.0116789255155041
0.00561318549949584
0.00598546373481092
0.00644188532449336
0.00702085546278258
0.00771082928164871
0.00852885725886866
0.00943518103792804
0.0104729356047297
0.0117210946440783
0.0131528820388504
0.0146853695685948
0.0162980988844577
0.0180543723356341
0.0200360516137987
0.00523309276679886
0.00525177458211922
0.00537132680922525
0.00562464951275203
0.00609600236855488
0.00673479106716621
0.00746373438805066
0.00844785175506537
0.00966521027086437
0.0110955338127598
0.0127749195188317
0.0145289671941479
0.0166293546208277
0.0189844986659638
0.0215534283746384
0.0241297320968228
0.0267460320799817
0.0294750415115855
0.0320870763495389
0.0345174219486881
0.0367373982168479
0.0386700154249192
0.0401971509979952
0.0411612390538827
0.0413954431078522
0.0406398058865277
0.0385177940011599
0.0348361887804566
0.0296025685613932
0.0236274876839469
0.0172498006534149
0.0221754780173653
0.0245551117309201
0.0271635324928454
0.0299583340664528
0.0328356759701833
0.0354465621900136
0.0375715165174197
0.039534165993479
0.0413392315972128
0.0427573620233856
0.043810132677223
0.0444079609390638
0.0445044182987907
0.0439003483358531
0.042483741591284
0.0402293101945964
0.0366398829626341
0.0319308253466774
0.0270056269266409
0.0225742941994733
0.0186743414387828
0.0151356262665186
0.0120978778393699
0.00960071886610576
0.00748346207574706
0.0055687229133233
0.0199037865535122
0.0198217544774344
0.0197758604570459
0.00426818155987046
0.00297679386769854
0.00175121424978333
0.000690788954577286
-0.000189023155670308
-0.000965260190072647
0.00444318081442986
0.00337586955416168
0.00277658610741786
0.00242047313430578
-0.00140031569556411
-0.00169280803673608
-0.00186954473330791
-0.00195723004213467
-0.00128203442349404
-0.00147251689673905
-0.00155927567401951
0.0138953141561598
0.0109964036003696
0.0086273857557862
0.00652002516729213
0.00453039917656258
0.00270621469001306
0.0141546624828636
0.0115832510910603
0.0093564838777439
0.00743752401582723
0.00577212028788987
0.00443264384088342
0.00318188792981257
0.00215807823286928
0.0012648913560149
0.000494662976901118
-0.000152439651543077
-0.000720153255646851
-0.00120250680652997
-0.00163073488297563
-0.00200133968225707
-0.00231464998429307
-0.00260760311427505
0.00171722771408851
0.000973659945272429
0.000296757269339636
-0.000268733067633399
-0.000789512342517612
-0.00123999401373168
-0.00163240302448596
-0.00197383568763122
-0.0022724346539822
-0.00252833916308862
-0.00275428608387246
-0.00295374189280683
-0.00312539112130178
-0.0032677178537023
-0.0033818894375502
-0.00347052353569238
-0.0035354871929072
-0.00357791965175583
-0.00359953703338672
0.00200095714354911
0.00149440786568763
0.00108640140848084
0.00080469732994587
0.000628999442252444
0.000540415219905247
-0.00281502705220672
-0.00301070802451856
-0.00317425123884752
-0.00329724448859291
-0.00339196002479383
-0.00345319257605947
-0.00348471053859109
-0.00276400812247368
-0.00289205096012795
-0.00297772431313839
-0.00301930549652133
