0.05
0.0375990456276557
0.0351359113742519
0.0311714129460503
0.0360143030348781
0.0338914560128061
0.0319113870370129
0.0375727808719657
0.0358015633928877
0.0335439160190265
0.0327200819938514
0.0325257612395047
0.0325280468626911
0.0325355081202494
0.0321091874836772
0.0376754493530562
0.0321526607664442
0.0273760287013641
0.026800262835349
0.0250614161577101
0.0235479601011117
0.0232690836363694
0.0232003105039207
0.0232561916577422
0.0235873471831894
0.02461147319073
0.026286667980249
0.0281709849284478
0.030163393935336
0.0322243235506198
0.0343292552928244
0.0365652619296223
0.0374709747682359
0.0359347125224311
0.0339936708975611
0.0325133184620524
0.0313771202543605
0.0305620599432405
0.0299619784761386
0.029396914747859
0.0295807427370571
0.0281840116835377
0.0265613124935741
0.0248235189260383
0.0224601009452197
0.0286580858268941
0.0264244363694668
0.0241545412520303
0.020941271101022
0.0192068163722169
0.0174507112476013
0.0159056542096179
0.0143869099117099
0.0129228108707609
0.0116639076221721
0.0104747471727618
0.00932230136065673
0.00830449312581598
0.00735335471583738
0.0064800061008664
0.00565360595200616
0.00490887040276975
0.00424232309897471
0.00360345601148176
0.00301183807201348
0.00243591518270897
0.0018529381215101
0.00127641975920448
0.000739380028752405
0.000249570851825333
-0.000184164207411958
-0.000556940910922145
-0.000970985333151612
-0.00141847444027155
-0.00182798018102663
-0.00220060287030798
-0.0025129848523276
-0.00277785497868603
-0.00299051515433466
-0.00314806005291725
-0.00325231070169938
-0.00330589091055801
0.0218299729081401
0.021281759290413
0.0206602846492632
0.0199846799812601
0.0193590482188825
0.0188009837835021
0.018271740659483
0.0178848322649296
0.0175839241382612
0.0173621763377123
0.0172456812951313
0.0229532078314304
0.0214315995893516
0.0194222922679915
0.0213414606784687
0.0178341442823584
0.0142813017426213
0.0188633015985476
0.018247389773466
0.0175651266413688
0.0181193440776988
0.016097534508426
0.0137516643443861
0.0121021685503298
0.0106849479125081
0.00919400727439737
0.00774346190229693
0.00661603232215669
0.00566861077680314
0.00476654154267471
0.00400681831242025
0.00335485859978448
0.00284326370745373
0.002483184612445
0.00225730295897374
0.00213212429475717
0.016403620103768
0.0147330333373773
0.0127461963115199
0.0108966342879955
0.0093803920524784
0.00798468932844219
0.0167026855997399
0.0158934008007097
0.0150547873246223
0.00728131387485589
0.00671133028609808
0.00635528060813136
0.00621140612249138
0.00628708872080951
0.00659773626058647
0.00712371475002155
0.00789520471991215
0.00899882464203148
0.010512848129545
0.012478707639604
0.0148911452782222
0.0177332103226401
0.0210070631024281
0.0246226149453926
0.0283833785174594
0.0320394284743136
0.035392836842696
0.0383178243162706
0.0404890213720987
0.0418027264868966
0.0418151486978568
0.0401430434603191
0.0361037557706773
0.0316877903287664
0.0253171513448093
0.019941807118916
0.0153978566735239
0.0118656829727837
0.00929898000689154
0.0073272755943524
0.00588598177340187
0.00510621534630853
0.00457598777372256
0.00745774937363858
0.00712659583646286
0.00699796412799217
0.00708037602502144
0.00740403954365348
0.00798682814783512
0.00880866293495424
0.0100070262064265
0.0115625651873992
0.0135582193550914
0.0159920626239313
0.0188847731607143
0.0221826049707405
0.0256620403713645
0.0291046851353489
0.032586953836831
0.0358165021177665
0.0386112540881369
0.0409927345505267
0.0429765606724957
0.0445046764627269
0.0455221940776608
0.0460379417724782
0.0137429792490326
0.0125131648566588
0.0114008306114211
0.0104203267769528
0.00955661429374495
0.00878539402337998
0.00809179950954246
0.00749569813203295
0.00700507136836438
0.00661157800489081
0.00631357414908828
0.00611384083800298
0.00601060661496601
0.013879079820499
0.0127207766631284
0.011624127556099
0.0106566899216765
0.00977709936345498
0.00899182727288027
0.0083271079728602
0.0077374505171697
0.00713073790549515
0.00652899920626943
0.00598256829347164
0.00553566542435431
0.00519020334469703
0.0049292870645954
0.00476312530023662
0.00468924914837012
0.0047074276554824
0.00480576486110924
0.00498750141382896
0.00535123971014844
0.00592177000782804
0.00655344518544165
0.00741409054845953
0.00835970971359129
0.00947996889851192
0.010875794143431
0.0125786716674893
0.0145316477088804
0.0165855295693506
0.0185987397652264
0.0205713151062395
0.0225023124834142
0.0241541726034831
0.025664928858758
0.0270396978187495
0.027976606931092
0.0284774995161805
0.0127172744385288
0.0113207984710628
0.0100488856289943
0.00877396168086574
0.0076670789266583
0.00648133036407087
0.0054347251649315
0.00453897244214349
0.00359705601106207
0.00273163862977303
0.0021221451965723
0.00123018736059318
0.000650840986072426
-5.14143239673949e-05
-0.00076564951852738
-0.00129598466852984
-0.00163189678237344
-0.0019694851795228
-0.00225403878719201
-0.00246245304170537
-0.00260582488470179
-0.00267455749305498
0.0130187192646888
0.0118124675088633
0.0106542742671467
0.00954825223620177
0.00854060445469934
0.00762422119077693
0.00678024796961509
0.00594512474705936
0.00525070635142965
0.00455546887856841
0.0038622718861336
0.00319933167253683
0.00228362251914921
0.00138719356883481
0.000585764713969616
-0.000138180246591146
-0.000768405543989748
-0.00132987926578381
-0.0017884735173596
-0.00225070504524763
-0.00265881806668216
-0.00299119817918392
-0.0032524056714708
-0.00345172222817325
-0.00358113976775254
-0.00364996497119677
0.0312981851491927
0.0305947928428287
0.0297013272741349
0.0312504058268715
0.0308325112190596
0.0305751804657342
0.0292330764032613
0.028644342141322
0.0278623808487502
0.02945933733057
0.0294446281947697
0.0295530697095571
0.0294754359757374
0.0290818789257709
0.0282582119081123
0.0269252980181056
0.0252207733385701
0.0234198956279731
0.0214976233514555
0.0196735744342025
0.0180049728130604
0.0163834121327209
0.0144547388871521
0.0123008626689684
0.0106087009662379
0.00876327372346044
0.00735953014212203
0.00599907809844732
0.00483132155479059
0.00365191274455551
0.00258289100282656
0.00164974587970431
0.000781613154876419
-1.62115577644578e-05
-0.00073253176650909
-0.00137945031007301
-0.00191202975971237
-0.00236547734565002
-0.00279808343309338
-0.00312468151842876
-0.00335877324493091
-0.00351398214927014
-0.00359485055932028
0.0285782754006065
0.0296620901271715
0.0307291767592315
0.0315949371453008
0.0322678528904516
0.0328490465720605
0.0333832694860832
0.033898889933801
0.034364108824242
0.0347737396884394
0.03510424338919
0.035334004839996
0.0354580150422953
0.0239502495320467
0.0205920245607694
0.0168283489731347
0.0152888384392525
0.0137435563269144
0.0121614962021172
0.0153614949739971
0.0138320463404996
0.0121893644447766
0.0108432898528445
0.00972660439998767
0.00880718136558478
0.00811007328017586
0.00762570113088402
0.00733821510414657
0.0072502303511676
0.00735138373738021
0.00764428372318413
0.00812395490876781
0.00880798721176361
0.00968591051853089
0.0107555614912176
0.0119866893280871
0.0133915900617575
0.014880479579875
0.0164198344915598
0.0180074609700742
0.0197598869989728
0.0214853290769478
0.0229960528212963
0.0241898397026959
0.0249404607090101
0.0253850326801938
0.0111063165043462
0.01001780605059
0.00892871672685814
0.00795157983394776
0.00721280533873129
0.00661342151495869
0.00612400465113458
0.00580752866637196
0.00563343460315145
0.00555362803372793
0.0056050100087161
0.0058023903404955
0.00611435905812556
0.00648537673865306
0.00701406269730322
0.00764849266969224
0.00839149727232067
0.00919075019369435
0.00999757179706209
0.0106579407580007
0.0112454796380127
0.0118414018670691
0.0123246960045126
0.0125610724379387
0.0106849008934888
0.00928682999493043
0.00812643303921816
0.0070238884376442
0.00613319915096477
0.00526392979359518
0.00450403982311356
0.00395128510993138
0.00349444542776111
0.003098667878219
0.00282590845981523
0.00266562890609654
0.0307562352611983
0.0310388552604825
0.0313050573230904
0.0313905305676268
0.0311072348439545
0.0304881726622667
0.0294690793524671
0.0280823815544455
0.0265155901046359
0.0247680965998838
0.0229084297934338
0.0211350024033484
0.0195594883831971
0.0179440996800027
0.0163140333499702
0.014880128597319
0.0136982204524796
0.0127047790468642
0.0118796524697105
0.0112309948468763
0.0107663250357692
0.0104639316216173
0.0102893271596472
0.0302237821967954
0.0297947876370923
0.0291722941151923
0.028177532136905
0.0267607781051201
0.0250563248919414
0.0231852568191467
0.0212124535592017
0.0192351934176971
0.0173207328469647
0.0155008026343899
0.0138492909289593
0.0122548406438156
0.0107199667382162
0.00933458296372103
0.0080928301006773
0.00695763404984581
0.00590516490153079
0.00493068025777283
0.00404494228298559
0.00323231995130065
0.00248879483501975
0.0018279804223022
0.0012132744468003
0.000550566673127187
-0.000109479034458811
-0.000711383968699543
-0.00125243186711035
-0.00171476751718233
-0.00210663708719428
-0.00243761837265667
-0.002693242939752
-0.00289411391829979
-0.00301754487520092
-0.00308544392924927
0.0305187060052988
0.0282219029534916
0.0249824775351091
0.0336159108526117
0.0348241553746051
0.0354505210205859
0.0233457861032531
0.0215325964237208
0.0197858803123415
0.0182161172543001
0.0170215327278768
0.016023426196789
0.0152743232840558
0.0147843693274729
0.0145401960372568
0.0214723745526744
0.0182816609600601
0.0152958157173688
0.0124348347741112
0.0109572327272163
0.00974944604918552
0.00860231427167991
0.0075636955167087
0.00666212619734154
0.0058358079240558
0.00508980538246164
0.00441410295236114
0.00379607035781267
0.00323078227375112
0.00270771058053216
0.00222742180075833
0.00179383375446478
0.00141394289753354
0.00108260111710626
0.000763273082651526
0.000450494911566581
0.000175587731449076
-6.49809523042361e-05
-0.000269009990699322
-0.000433328530332952
-0.0005624842333786
-0.000663044266376637
-0.0007351424120396
-0.000781053605944531
-0.000804304788664993
0.0113947461294922
0.0106113688596362
0.0100405650549366
0.00948108157181336
0.00922515059601589
0.00904392643255725
0.0376831081772039
0.0389916472250433
0.0404427403097313
0.0418247854522011
0.0428655577937084
0.0433436424452411
0.0430414602385703
0.0417095657180255
0.0390105076332425
0.0348129678234839
0.0298541553830693
0.0251062035861891
0.020762810791396
0.0170049163462097
0.0140260640747752
0.0116513549050181
0.00974920556584605
0.00822160532161356
0.00698901596473942
0.00598903999856259
0.00517242213876156
0.00449992737622966
0.00394665075854001
0.00349697443492265
0.00313790085072115
0.00285992289783324
0.00265715356386206
0.00252554599312299
0.00245878185295872
0.0379279772101359
0.0391910873053005
0.0405013386298905
0.0417578291711424
0.0428620760348038
0.0436590481157445
0.044147090348908
0.0442690434127217
0.0437877046427604
0.042596012196365
0.0406850513520374
0.0377952737748955
0.0337614845389894
0.0286335017373379
0.0236616280803164
0.0195270388585316
0.0161635389541084
0.0134836488236912
0.0113347946735298
0.00955818214024891
0.00818832899849256
0.00694651299425084
0.00621333634497362
0.00554217039880584
0.00483980265891892
0.00428429641260856
0.00381355648040562
0.00341237437802284
0.00311288623417397
0.00288828985183848
0.00274031783914264
0.00266315873627816
0.028632197969565
0.0275528042596389
0.026271514841553
0.0248686161791961
0.0232204390629453
0.0292926420656055
0.0291541411517172
0.0289268658352136
0.0285819555712617
0.0279546596676827
0.0269426988308987
0.0257930385784569
0.0244268044217694
0.0227551637893735
0.0208031372978976
0.0190694675552905
0.0174030568260801
0.0158390309112574
0.0143913890396945
0.0130830977267599
0.0119212238808144
0.0108790871633755
0.0100162371672333
0.00901052973320919
0.00811935457987093
0.00742846493612325
0.00684178890449404
0.00635967270268139
0.00601118636326795
0.00579395561750677
0.00567173141374714
0.021530387571266
0.018579420756427
0.0147132896206536
0.0224288279734564
0.0209797305612674
0.0190250452948104
0.0167572482299106
0.0127009682602006
0.0112702398739668
0.0102081440862012
0.0133156508761062
0.0120362068752107
0.0107136365023479
0.00966805758247062
0.0082938748043427
0.00979008667486216
0.00892399277736624
0.00775971342213618
0.0065566511646692
0.00909052116657926
0.0080733795001745
0.00705163487644853
0.00604801288826819
0.00549548325616447
0.00492380229003027
0.00443104063145662
0.00393486097407108
0.00344879993339094
0.00300945669885774
0.00257392345116171
0.00216984713994226
0.0018157040948214
0.00152115910777072
0.00126089748279935
0.00584330053226912
0.00511718914930563
0.00435907466672041
0.00380633770323556
0.00311093289017232
0.00258425500085786
0.001961991098089
0.0013546044832595
0.00083841697486252
0.000341096293222683
-0.000152826806684374
-0.000637273914300207
-0.00106836502937116
-0.00147500452680419
-0.00192915956382545
-0.00233497234367316
-0.00275226435287385
-0.00310780698363138
-0.00344121508889284
-0.00373881193881462
-0.00397852625983736
-0.00417957255217196
-0.00433634544490197
-0.00443260193497187
-0.0044811800703308
0.000611841517343196
3.84690492031139e-05
-0.000439077336693837
-0.000778721223280043
-0.00107841594517972
-0.00125921104623542
-0.00135870579641667
0.00171833934538889
0.00223725840321388
0.00283733433748805
0.0034774547796472
0.00419717855907565
0.0050256755161729
0.00595934643195478
0.00701469473700144
0.00818127925863657
0.00944314435252477
0.0108529013121636
0.0123801700070656
0.0139277134998039
0.0153532654145699
0.016564316482782
0.0175777746275305
0.0183139638673856
0.0186975291533814
0.0065947893713489
0.00605817647324925
0.00542453784528244
0.00470629650621457
0.00397345574460805
0.0032741823969769
0.002606468770521
0.00196891312964177
0.0013604130310639
0.000779929177069513
0.000226372911558312
-0.000301762924840838
-0.000805915177165581
-0.00131185691184211
0.00658279315831237
0.00609861452246628
0.00561107046811404
0.00513010703339776
0.00470963958313641
0.00430336879733855
0.00391576713731242
0.00355961814067464
0.00322753628724733
0.00289087086546772
0.00254637986038945
0.00222738864308494
0.00196112254013461
0.00174207009507579
0.0015752746533152
0.00144324765921796
0.00135836545904879
0.00131079977120978
-0.0016152245094702
-0.00189121007676528
-0.00214672814260661
-0.00242464418714868
-0.00267637784746703
-0.00289824792929326
-0.00316697035429118
-0.0034886211841433
-0.00379845368552052
-0.00406776922139813
-0.00429894636158961
-0.00450319439063428
-0.00469065437959128
-0.00485522441897858
-0.0049873689196273
-0.00508084201825532
-0.00514306847257882
-0.0051779103354458
-0.00156974205596414
-0.00179866334387639
-0.00200253606262514
-0.00218653110830584
-0.00235625659191072
-0.00251485412352645
-0.00265689625309915
-0.00277323038391551
-0.00286063230297669
-0.00291884178793361
-0.00294883944977005
0.0074801616753108
0.00660613023504525
0.0056870529855496
0.0048533735247635
0.00409809534822544
0.00338078541909414
0.00272886678479284
0.00208161514102693
0.00148875737945515
0.000939299738691129
0.000397933011306114
0.00752392682093856
0.00667333949502245
0.00594448455416433
0.00518387827237148
0.00458573067116004
0.00393587833404202
0.00340708464573284
0.00296552233587729
0.00255862496701311
0.00232799474384614
0.00210627468387054
0.00196688998369206
0.0018969512532311
-3.81423615685468e-05
-0.000415733884995729
-0.000743422193688452
-0.001064813522434
-0.00132257095621279
-0.0015411655381852
-0.00169607478624007
-0.00181200568299338
-0.00188014967651058
0.000247832591452219
0.000118994994870043
5.90195481455981e-06
-9.66871545135943e-05
-0.000193100359648199
-0.00028566553765637
-0.000376397230225985
-0.000468144680057233
-0.000559256303136988
-0.000648591317235631
-0.000739280555015894
-0.000825264046676459
-0.00090497388123448
-0.000978731982893617
-0.00104508240026925
-0.00110538774563272
-0.00115784151452977
-0.0011993324135139
-0.00122858832656447
-0.00124947979770687
-0.0012628946294768
-0.00126931121387197
0.0156854298406991
0.0144235116036553
0.01309809407537
0.0118304836801726
0.0106355980986295
0.0094822141963279
0.00828246759465106
0.00718061648694653
0.00641949166245002
0.00549188225275174
0.00447623202594722
0.00363604515508905
0.00281167605012049
0.00198295894629375
0.00123241622880078
0.000483359137110934
0.0157388247654386
0.0146510953247367
0.0135804893469297
0.0125639652926207
0.0115823512536731
0.0106176087589726
0.00964780702269387
0.00867104683405613
0.00773991602921301
0.00690465144634294
0.00619502669243295
0.0056082758607117
0.00508370164690662
0.00448618767174552
-1.39626306084912e-06
-0.00055474711351286
-0.0010686408547452
-0.00151981524490371
-0.0019669954670591
-0.00235277738017199
-0.00269933170194902
-0.00306760737387483
-0.00335236851998328
-0.00360616903841392
-0.00381723172459084
-0.00399831890190759
-0.00414216241141265
-0.00424911123900051
-0.00432152076075175
-0.00435936213832054
6.25690194381292e-05
-0.000336835553791368
-0.000737408132308318
-0.00108750642786155
-0.00138500035438474
-0.00168531981886772
-0.00194685618702223
-0.00216071066663338
-0.00233604645111455
-0.00248667614641709
-0.00261892694918027
-0.00273043731152909
-0.00281394778486583
-0.00286021595613702
0.00406344825065121
0.00371197671589837
0.00339905448979782
0.00310306472722792
0.00283681381794622
0.00259632522608238
0.00239150615458286
0.00221021355764588
0.00204358919465545
0.00190015234980614
0.00178614412657078
0.00169799602745085
0.00162987402103339
0.00157972899147046
0.00431586772081129
0.00416318520425801
0.00405259926000836
0.00396448031864038
0.00389242251967729
0.00385956548149453
0.0038690241581539
0.00392404289491327
0.00402753914808103
0.00417851866050723
0.00438073513486263
0.00461081214473947
0.00490475596559942
0.00525492864990897
0.00566244650434115
0.00610284587094233
0.0065906988831727
0.00715603014474987
0.00777036883581908
0.00843382120184957
0.00916030111662283
0.0099610147150539
0.0108462633486435
0.0118199763739978
0.012901045443402
0.0141564485906423
0.0156068355898633
0.0172418195398661
0.0191719049788473
0.0213981337896807
0.0240881387783522
0.00162159394142595
0.00168812478538203
0.00178287192415504
0.00190974344696277
0.00207120074269517
0.00225207404279079
0.00243296703891268
0.00264035968891611
0.00288784805293426
0.00315648110785882
0.00346062636243175
0.00379294400422474
0.00417925876098324
0.0046570737077616
0.00517831361678664
0.00573247181189688
0.00642171052401601
0.00724588768242105
0.00817525532312115
0.00918426385121123
0.0103154391525799
0.0116646482053952
0.0132082987399718
0.0148791291476714
0.0167020680586385
0.0187705630927443
0.0014878329584959
0.00142143305539582
0.00137762375874349
0.021594894143709
0.025235749783951
0.0294787468374875
0.0337555136147647
0.0377097643097798
0.0414058423594196
0.0188300054131126
0.0190331041354172
0.0192140176370365
0.019353949997294
0.0436738855762279
0.0452216550109021
0.0461492492348183
0.04660251945061
0.042775796506082
0.0436076417312494
0.0439894914075823
0.0264735083742076
0.0291566659275068
0.0319016326470357
0.0348182175028925
0.0379686961319169
0.0410795580672191
0.0249126163298916
0.0260659550883266
0.0275711422720739
0.0293804612540894
0.0314496480914837
0.0335243727242959
0.0358496940773871
0.0380382277081712
0.0401240724073839
0.0419651910242167
0.0433996710994326
0.0443729939051481
0.0447213921695623
0.0442776011420619
0.0427452996934254
0.039859745437323
0.035166712625118
0.04279651876534
0.0440224561668149
0.0449647570457066
0.04546561299548
0.0454774938201211
0.0448285810612568
0.0433233008523612
0.0407305680906801
0.0369492339507834
0.0324048036485607
0.0275822344750782
0.0230112946782476
0.0190732112179319
0.0159112954521095
0.0134796844980955
0.0116676439255514
0.0103847388007185
0.00956829761841241
0.0091592032743797
0.0422968349587771
0.0432343824012581
0.0440448809805078
0.0446365868004014
0.0450195255369901
0.0452168384955692
0.0306153503656922
0.025362405227326
0.0207013375601241
0.017219145180723
0.0146102287035656
0.0129702102782861
0.0121427521975915
0.0317961581872677
0.0279486869417249
0.0249533436840825
0.0234080029005285
