0.05
0.0372295152043615
0.0347735812087072
0.0308016596780987
0.0356507728399445
0.0335199524183671
0.0314297056817001
0.0371807743353184
0.0350153117444848
0.0316583901323062
0.0296016358172053
0.0280535874447013
0.0268498611136132
0.0250892607837085
0.022610593837979
0.0372818456073008
0.0304539272291611
0.0241135370232984
0.0231489628899688
0.0190868135351557
0.0150433936300158
0.0140858240383383
0.0135801394232609
0.0130796525806373
0.0123469739677614
0.0110970238362846
0.00963256988581307
0.00837804647979827
0.00732900719287437
0.00644642115565478
0.00569668386525556
0.00502148960387253
0.0370394568556623
0.0352297753413806
0.0328206482137362
0.0308599254698638
0.0292404616368651
0.0279924019561377
0.0270114717731988
0.0260538733553214
0.0289004867892378
0.0270816551401394
0.0249100881076362
0.022657583339885
0.0197798191375886
0.0283835088224538
0.0262310126933624
0.0240397910180654
0.0183016513417892
0.0166827479171314
0.0150891915568916
0.0137112038385679
0.0123718483750722
0.011090841948142
0.00999588693528789
0.00896728629324908
0.00797679765111429
0.00710879450141374
0.0063052091958259
0.00557568936369909
0.00489475706295806
0.00429082331224167
0.00375985259313117
0.00326132767562947
0.00281051303244285
0.00238281296813729
0.0019613191290187
0.00155582486491456
0.00118887782450055
0.000864679380428069
0.000587730879473542
0.000358680508236157
0.000114444008350586
-0.000138621419062292
-0.000360689481495791
-0.000553918357325556
-0.000708441345927193
-0.000833309804611742
-0.000928981972412686
-0.000996990307286031
-0.00104055308195684
-0.00106246346548706
0.0187169806352109
0.0179042189429148
0.017065668153943
0.0162247734957626
0.0154937386137205
0.0148714877454247
0.0143027347362103
0.0138974968646242
0.0135878615354765
0.0133625802432555
0.0132451523551432
0.0228563338872659
0.0213532319300494
0.0193645445450942
0.0213672205931288
0.0180091462252435
0.0145806328589871
0.0188083061970222
0.0181951216008739
0.0175155872036361
0.0180887533108793
0.0161020317547447
0.0137895972970155
0.0121595268965644
0.0107564745582102
0.00927824983807028
0.00783822360970949
0.00671783806696432
0.00577558359144225
0.00487779067251673
0.00412119751047694
0.00347158626039466
0.00296162067125626
0.00260257408395414
0.00237728909946759
0.00225242248803712
0.0163474096442769
0.0146562851278613
0.0126337564379548
0.0107372351138916
0.00916738504602188
0.00770315475067107
0.016657820998929
0.0158523922162659
0.0150172976113884
0.00703804657857092
0.00649937895993208
0.0061627711080231
0.00602629586144816
0.00609694599569034
0.00638973588020255
0.0068867888638093
0.00761726004928511
0.00866382200549049
0.0101011081737745
0.0119683958056869
0.0142613531427439
0.0169684889774851
0.0201046893982891
0.0236073598772515
0.0273169243408383
0.0310170794901498
0.0345385710778419
0.0377987114009917
0.0405043740232319
0.0426664129679404
0.0439195903656222
0.0440414585518575
0.04252386522932
0.0397606025669411
0.0339686919994259
0.027505783490665
0.0213314525460365
0.0163707082662698
0.0127683094617666
0.0100264499057038
0.00804323481890205
0.00697834788206675
0.00625874035980856
0.00706397128420866
0.00660630096694487
0.00633750073311291
0.00623491600143627
0.0063392452513041
0.00666712231158695
0.00720383028332442
0.00803973391603742
0.00916415588013572
0.0106416270974385
0.0124872175838325
0.0147525459522632
0.0174551895554466
0.0204720543166074
0.0236332349847386
0.0269981762394295
0.0302521243207976
0.0331710174295047
0.0357531827049556
0.0380006507138011
0.039820029869052
0.0410916019222678
0.0417603916232354
0.0137127251107766
0.0124873873723192
0.0113774148777896
0.0103977659875888
0.00953390048763228
0.00876184885880507
0.00806695823551099
0.00746933588793215
0.00697717882842228
0.00658227722376072
0.00628309975543315
0.00608252788633801
0.00597884343488387
0.0138422570192179
0.0126818177313975
0.0115805280647685
0.0106065020338074
0.0097183973455753
0.0089228783548503
0.00824674949238244
0.00764396948692449
0.00701993463764321
0.00639645446001032
0.00582517679922796
0.00535213688442568
0.00497970341139629
0.00468997473082261
0.00449470463635918
0.00439163521500369
0.0043816975946587
0.00445311692620924
0.00460567786544005
0.0049256329943786
0.00543838744335312
0.00601341447896385
0.00680356596070251
0.00767599806219879
0.00871223750821534
0.010005874857043
0.0115885260170292
0.0134132295593805
0.0153484460251153
0.0172656400882273
0.0191659922323483
0.0210485336337806
0.02267668033691
0.0241796195563625
0.0255574315611908
0.0265009493005812
0.027006776880489
0.0130736486886497
0.0117204812485195
0.0104825951930855
0.00923704240822879
0.00815203086854015
0.00698599573659878
0.00595362597238611
0.00506759275573799
0.00413327961006902
0.00327254398387969
0.0026651376536648
0.00177436017720181
0.00119461058940767
0.000490545190965899
-0.000227018113178458
-0.000760793500784186
-0.00109931797047264
-0.00143990710446466
-0.00172728646990092
-0.00193794390304584
-0.00208294845455505
-0.00215248941170377
0.0133489726671158
0.0121641698506771
0.0110198786286366
0.00992131879068875
0.00891556811628156
0.00799680859980269
0.00714711389374544
0.0063028725190988
0.00559813592642787
0.00488982067427615
0.00418080105595283
0.003500549762964
0.00255851444178684
0.0016343929219037
0.000806743155557597
5.7950513824192e-05
-0.000594771571203672
-0.00117696830932639
-0.00165299069412778
-0.0021333192112965
-0.00255791572041025
-0.00290409899201907
-0.00317638845322427
-0.00338430402782337
-0.00351937236598592
-0.00359122612348422
0.0308132483747112
0.0300835610172586
0.0291220393392409
0.0305576749519915
0.0298198269705936
0.0290805877279891
0.028650021007588
0.0280480704170935
0.0272386144936543
0.0285540569925624
0.0276890553360068
0.0264058481290924
0.0250076276983773
0.0236147529709022
0.0220272342602782
0.0202517641881788
0.0184787729807633
0.0168908498060257
0.0153753758649195
0.0140376381221
0.0128684535689921
0.0117621465272774
0.0104608247476539
0.00900777208020263
0.00786100633990645
0.006603258421253
0.00564172580440797
0.00470618042027618
0.00390068431088605
0.0030851645353138
0.00234471594040542
0.00169803180004035
0.00109702370278142
0.00054654286935435
5.54811463046525e-05
-0.00038350419749889
-0.000739969677213678
-0.00103853079392777
-0.00131767183247936
-0.00152393877449225
-0.00166902333270817
-0.00176379248527211
-0.00181267171784415
0.0271222857346153
0.0268845172913869
0.0263698969197541
0.0255321608057185
0.0244700979077343
0.0232519402250795
0.0219848025984702
0.0207356346382804
0.0196449577418355
0.0187326860696059
0.0180335260450039
0.017567147529159
0.0173222896842234
0.0237057893996059
0.0206058093138424
0.0170607392475201
0.0155889905769803
0.0140944614610777
0.0125494859528715
0.0156627420213224
0.0141387654829879
0.0124231615901369
0.0109313777892011
0.00959151817575472
0.00835917643722759
0.00726523276839805
0.00630084008273077
0.00543458118233161
0.00468328093248147
0.00402149172982423
0.00343574485622916
0.00293046036906542
0.00248628598947529
0.00210964460036309
0.00179495624395311
0.00154144578849022
0.00133800632028859
0.00118878215057772
0.00108674778018688
0.00102295110099108
0.000987151266437684
0.000976789393427494
0.000984658681239049
0.00100112188308019
0.00101574010282499
0.00102612904450426
0.0114164566334726
0.010195538457433
0.00890783620540852
0.00767242606290267
0.00665534395372148
0.00573182230031879
0.00483992421250079
0.00409671675323016
0.00349945341060614
0.00288656740218268
0.00229600984688331
0.00176347558567683
0.00132787712076767
0.000990959496934275
0.000655072384040421
0.000366459634775414
0.000118367498544077
-8.14402245062866e-05
-0.000236077273471927
-0.00033743485754372
-0.000411820151513161
-0.000474472458708138
-0.000518100033026947
-0.000537563463274489
0.0111762611115625
0.00986081424350858
0.00875914840245827
0.00770455701599482
0.00684730954241909
0.00600602836363944
0.00526679277140304
0.00472669877242203
0.0042785608391888
0.00388900880471186
0.00361992674991964
0.00346155611529729
0.0286475675711477
0.0279851325721807
0.0269761972135846
0.0254875599614286
0.0238193069597707
0.0222434232965438
0.0205764587540319
0.0188953389398731
0.0173439059779345
0.015838557799965
0.0143849480260573
0.0130812887649902
0.0119606034057719
0.0108272381961095
0.00968300203409384
0.00866685257904089
0.00781784541668525
0.00709372507676846
0.00648367795807554
0.00599799736808504
0.00564655723494742
0.00541619416124902
0.00528250559088551
0.0286022217483666
0.0279340204171187
0.0269676078428648
0.0255435183561177
0.0237335489570863
0.021785013681876
0.0198323524401519
0.0179101877291669
0.0160729611307889
0.0143464903800298
0.0127333078500886
0.0112820693572341
0.00988625680547384
0.00854378179955938
0.00733112507621907
0.00624255680746632
0.00524560220371167
0.00431947578200727
0.0034601531687079
0.00267731460935999
0.00195734430709354
0.001296855027137
0.000708150862428573
0.000158779157974812
-0.000435436307813712
-0.00102897935010774
-0.00157171299335807
-0.00206078384210659
-0.00247958938256853
-0.00283517502604982
-0.00313592517628847
-0.00336844505094776
-0.00355130608093566
-0.00366373022795719
-0.00372559521316776
0.020999739712743
0.0189828329143822
0.0164186336320737
0.0226999847328195
0.0227675676237911
0.0228010891068119
0.0150383579297597
0.0136848059029043
0.0124734296944694
0.0114273403554827
0.0106445994668611
0.00999433405214598
0.00950625493632282
0.00918629104831901
0.00902648065518132
0.0139880248759098
0.0118970730476146
0.00997765439486034
0.00814714633440441
0.00734634205984243
0.00671247471172426
0.00613534101940798
0.00564287685808937
0.00524832073893334
0.00492421474766223
0.004673964994441
0.00449447981973481
0.00438331450128783
0.00434105056323389
0.00436908986603079
0.00447040734591562
0.00464644901279165
0.00489273448720049
0.00520422663036096
0.00561461504626245
0.00614281259966091
0.0067380841836613
0.00739555976117394
0.00809083633942134
0.00877657359063186
0.00942176169082223
0.0100094606001279
0.0104887541794707
0.0108243944178061
0.0110050483529362
0.00733889247737388
0.00671646485549099
0.00625463245076951
0.00579377185542948
0.00558067199718078
0.00542854781426888
0.00476562229205558
0.00455823166579028
0.00440642800707838
0.00432480709358835
0.00432208135712412
0.00439897483843708
0.00455582092437226
0.00479693092445766
0.0051397909510171
0.005604595644908
0.00618833322039619
0.00688662848121336
0.00776948864973618
0.00890016619812431
0.010261956509305
0.0119016117720164
0.0138527293469274
0.0161177568593344
0.0186611947799714
0.0214041071436477
0.0242404704710103
0.0270672390744444
0.0297739090057897
0.0322511392885157
0.0344175544708492
0.0362108855335527
0.0375808938470314
0.0384962921516844
0.0389682168140846
0.00462849133344944
0.00434289971389284
0.00411443341782659
0.00395342710206562
0.00386201867366097
0.00383942003375861
0.00387431511043268
0.00397863324723093
0.00416591040013805
0.00442014994019749
0.0047329239820131
0.00514557576942057
0.00570931081801103
0.00650221137844622
0.0074642440258464
0.00856259585936287
0.0098600930094943
0.0113892330002208
0.0131849834412733
0.0153248775247806
0.0176236343272112
0.0204519518731376
0.022544876409546
0.0248330850194403
0.0277395918370896
0.0304563868277477
0.0330264098945728
0.0353979498672186
0.0372679181308083
0.0387213377640769
0.0396993120130169
0.040214940413221
0.0249663867395326
0.0236200643800799
0.022323126866226
0.0212375214933637
0.0202915673042162
0.0256480403047038
0.0248761191144881
0.0238319715878501
0.0229408531719023
0.0219411313550659
0.0207830261795043
0.0197119971855077
0.0185866283168636
0.0173021767266685
0.0158604111732194
0.0145982006370295
0.0133823477966827
0.0122270608287714
0.0111381361177112
0.0101330027115309
0.00922057582189159
0.00838409145928076
0.00767731153820064
0.00683739695285121
0.00608017552126482
0.00548498206720889
0.00497382766580456
0.00454979291098375
0.00424107932771775
0.00404771656689088
0.00393857738936916
0.020603044706686
0.0213681250125029
0.0225826438219979
0.0188084918899628
0.0169210142016578
0.0149538918453593
0.0131348294081764
0.0236860651419867
0.0245776783099875
0.0253333210422247
0.022398257014756
0.0225641608511501
0.0230917738584177
0.0237834830655946
0.0250740550374838
0.026024570255315
0.0279796147750444
0.0310376173489452
0.0345154517885191
0.0260539699956313
0.0269284782503003
0.0280229979275753
0.0363877443222037
0.0385630038918164
0.0407850737264651
0.042459750998894
0.0436636885267811
0.0440321221475459
0.0432313568920441
0.0406669534825283
0.03570647807271
0.0289257327328817
0.0219480020808963
0.0148095863696976
0.0363775991191721
0.0383556900023899
0.0404312201787
0.0418723606631231
0.0435000317748164
0.0444863688787701
0.0452522131019527
0.0453921219423032
0.0448155441942939
0.0433784168810914
0.0407387606867485
0.0367049021370863
0.0320966732483497
0.0274100253318088
0.0223901426775969
0.018368449645734
0.0147684849055352
0.0121139737865908
0.00994412359428989
0.00824100984808598
0.0070113034108331
0.00607055513174585
0.00539043729105763
0.00499404749125634
0.0048001591774704
0.0119556499299716
0.00969345313040605
0.0079882031617338
0.00686647251786854
0.00594118993848186
0.0054091826499675
0.00512542905034202
0.0115702296405574
0.00894429904820499
0.00677620633930719
0.00510395417119342
0.00372854312752805
0.00257259373607532
0.00162244784235608
0.000836270023683831
0.000194530019855253
-0.0003264568573102
-0.000769504475463361
-0.00114028154474366
-0.00143828556506901
-0.00166479346497338
-0.00183070994045412
-0.00195472603854082
-0.00203775007432327
-0.0020789430714224
0.0288157394996541
0.0299012987851236
0.0313387033006208
0.0331027897885054
0.034993141383796
0.036837017328431
0.0385838637781294
0.040178541701372
0.0415608628476458
0.0426652726695002
0.0434193968317071
0.043740493982676
0.0435296155314908
0.0426354758351922
0.0283597522477645
0.0288345921379327
0.0294283379084396
0.0301224253747295
0.0308214988587824
0.0315879974612556
0.0324119478608108
0.0332548201742268
0.0341143772751143
0.0350504376104593
0.0360640978472091
0.0370450479428778
0.0378920040764151
0.0386071374004893
0.0391623513857413
0.0396081552558135
0.0398973756922649
0.0400603721622206
0.0414582250542107
0.0394406597845907
0.0367935170422458
0.0331527693641046
0.0294278938342836
0.0261015364925663
0.0222896623817519
0.0181941903905472
0.0147437856015043
0.012121501624826
0.0101283476461106
0.0085479329752369
0.00723372617513725
0.00617790394627845
0.00539066464186435
0.0048637610725188
0.00452631915497167
0.00434222264354505
0.0418970774212761
0.0405077751842076
0.0385418480604948
0.0360916923302776
0.033265870281245
0.0302210888309288
0.0272747106476764
0.0247803269030715
0.0228913417778439
0.0216373352771457
0.0209946341432193
0.0267110994266601
0.0288104817736611
0.0313348703570853
0.0338393082421953
0.0361939920809392
0.0383791838050539
0.0401499801916317
0.0414581993342995
0.0419085768298538
0.0412036780214165
0.0388257235491853
0.0253298298072116
0.0259264910542262
0.0266884631021656
0.0277479712947178
0.0287751226447676
0.030098205460741
0.0313328624511862
0.0324744613725299
0.033618364682069
0.034301523707261
0.0349853962049963
0.035427737861503
0.0356533698671773
0.0371099045161616
0.0341415224910995
0.0306433641948959
0.0266465381707396
0.0232902494611503
0.0204653078939094
0.0185190633235559
0.0171071872696023
0.0162992395174681
0.0362058656012593
0.0323520058119564
0.0278929072888783
0.0234557958069251
0.0194221055191171
0.0159609862598918
0.0130594513571604
0.0106060093194177
0.00858212701207584
0.00692179947462949
0.00549560004308007
0.00433054070457437
0.00337834441394838
0.00258390582027315
0.00192240778093432
0.00134942326453941
0.000860611750661843
0.000471185562264109
0.000189187895408613
-1.9679460034991e-05
-0.000158997295253083
-0.000227551802786342
0.0124625562103802
0.0119168659219781
0.0115814126442959
0.0114961290312945
0.0116520683758456
0.01205319969112
0.0127773932059004
0.0137702136262999
0.0146706427181307
0.0160410559290763
0.0179330012105756
0.0198409091996535
0.0220354199997517
0.0245659094437404
0.0271203593777281
0.0298866125250316
0.0124014530791837
0.0118478281478138
0.0115115071223618
0.0113919006245005
0.0114824051261167
0.0117996703825038
0.0123910045743366
0.0133255034610155
0.0146125407003374
0.0161779703686571
0.017878116308661
0.0195805215878588
0.0213531923770351
0.0236733106779451
0.0317580604962266
0.0341012674990159
0.0364408656340868
0.0385950379455403
0.0407788047248039
0.0426440100563194
0.0442476392584682
0.0458041676767949
0.0468432799032563
0.0476047832646073
0.0480922932752887
0.0483852100549201
0.0485229508893217
0.0485629585174614
0.0485553376665674
0.0485386267787132
0.0315680274097169
0.0333459781960008
0.0353019610242264
0.037145891710355
0.0388036598251893
0.0405499556991196
0.0421089710073919
0.043390910009095
0.044431759317549
0.0453068245147971
0.0460511798609355
0.0466547902744426
0.0470890262388941
0.0473221455706801
0.0255026845112418
0.0272930919862289
0.0291309791813357
0.0311115267634362
0.0331214834885146
0.0351487205804496
0.0370535648965612
0.0388920970417237
0.0407183826502547
0.042394340737616
0.043781172092908
0.044861020104654
0.0456576374858289
0.0461453227635067
0.0244455676785284
0.0254674719791072
0.0265833674643148
0.0279921635711041
0.0299525847595032
0.0320621660378706
0.0339952326495454
0.0360974091216319
0.0381746607844973
0.0400757791816001
0.0417415187334172
0.042968148583256
0.043886575907221
0.0443106926156211
0.0440961753754015
0.0431248174016137
0.0412203092895921
0.0380517515505325
0.0338517514184024
0.0291576289405858
0.0244886582251145
0.020210325875484
0.0164791884916408
0.0133302149804107
0.0106864332368246
0.00839701072939022
0.00644688927311033
0.00481907417968964
0.00337599450853492
0.00209576387820359
0.000862182663902906
0.0455386978877082
0.0443898180723956
0.042431831592361
0.0393322224414989
0.0349534267423797
0.0301286539536195
0.0258687706186009
0.0218224127078333
0.0180416251551443
0.0149237560291737
0.0122675708527593
0.0100977567204386
0.00822853472171206
0.00653775717911533
0.00517021778942139
0.00407169009669299
0.00304556101162096
0.00214111240268186
0.00138890440948863
0.000775986413612892
0.00025072463734125
-0.000231446596077173
-0.000659436978838131
-0.00102712608617449
-0.00135455832116259
-0.00166640198327793
0.0470711573473685
0.0476579200289539
0.0480067674641852
-0.00193736972019865
-0.00223907623455876
-0.00255785819495692
-0.00286157989961778
-0.00313584659112186
-0.00339454107108296
-0.0017981825030452
-0.00192513730494551
-0.00199725265963167
-0.00204048704115007
-0.00355537308636141
-0.00367095519609224
-0.00374419022998975
-0.00378161008055376
-0.0034951582298127
-0.00355818982458533
-0.00358759231965622
0.000229781360545498
-0.000309959700995598
-0.000754708619687098
-0.00115859764786102
-0.00155181463668204
-0.00192595238372146
0.000277094027257056
-0.000203104280824115
-0.000623714313592362
-0.000997247590937427
-0.00133682224746249
-0.00162643784031968
-0.00191673353183371
-0.00217454320501336
-0.00242000889818161
-0.00265222231449115
-0.00286636899520505
-0.00307237594469162
-0.00326364595864451
-0.00344832992384295
-0.0036210378638066
-0.00377718842207133
-0.00393169030723987
-0.00221716814574447
-0.0024553095261642
-0.00269111454041646
-0.00290527871494701
-0.00311949983918021
-0.00332043681057893
-0.00350933060913232
-0.00368573263811623
-0.00385034874064705
-0.00399989034409339
-0.0041390028407875
-0.00426771839295937
-0.00438317784550311
-0.00448234117511981
-0.00456420684500378
-0.00462922146590497
-0.00467770060440688
-0.0047097510712356
-0.00472620083313779
-0.00199100349179535
-0.00203508326571204
-0.00206875325332615
-0.00209099766156187
-0.00210443075581333
-0.00211106473883233
-0.004058529287536
-0.00418570894220012
-0.0042975379066758
-0.00438509013277312
-0.00445466260292941
-0.00450065369994011
-0.00452465464776865
-0.00400401190634881
-0.00406583664200716
-0.00410854208133938
-0.00412967554287458
