0.05
0.0371023743542241
0.0342304874895423
0.0294032469733625
0.035310566601308
0.032776286282686
0.0297989451468871
0.0370721752003715
0.0344565193665309
0.0298421652130792
0.0265048569380689
0.0237722828181575
0.021700326824877
0.0189389537325937
0.0156223847999932
0.0372405150054786
0.0326237443963639
0.028586242876364
0.0279819648377243
0.0253969026152144
0.0227130116843199
0.0220174647367173
0.0215919577348018
0.0210822042264733
0.0201670471687329
0.0183233341074563
0.0159205525341391
0.0136828156793809
0.01168093253852
0.00990294379178014
0.00832875797180751
0.00687109422184233
0.0369585226805911
0.0351632769409262
0.032743718471088
0.0307276823927603
0.0290007473808217
0.0276040176589918
0.0264331592355179
0.0252029738956945
0.026652128869149
0.023853679578448
0.0205914757975179
0.0174706006956406
0.0138389312498612
0.0265373755577701
0.0239780102635193
0.0214045204802172
0.0124327223114658
0.0109992247819924
0.00966455238568291
0.00856097529144569
0.00753219800649596
0.00659098685418288
0.00582368987399357
0.00513984924406763
0.00452265220154152
0.00402331913560264
0.00360484057492401
0.00327139162144854
0.0030115764952751
0.00283494989983968
0.00273434422080056
0.00270235528229201
0.00274308491487078
0.00285953706361391
0.00306224466251651
0.00335458193961534
0.0037236482430221
0.00416446800618532
0.00466608040360609
0.00520504755637735
0.00593615777803261
0.00688182220448092
0.00789583995928217
0.00896618501201199
0.0099946730243366
0.0109788401065894
0.0118549938711441
0.012559129449898
0.0130531382639693
0.0133164497598215
0.0121458647997767
0.0109393932534564
0.00975841919177493
0.00862548733135632
0.0076729498954303
0.00688122783650154
0.00617047985028404
0.00567010580952127
0.00529081564242209
0.0050163957847753
0.00487383332280168
0.0199646496207619
0.0181921981288232
0.0159085738425278
0.018532306483767
0.0151194791156134
0.0117577246495934
0.0152850271168088
0.0146023566609879
0.0138502250546514
0.0144323941934191
0.0122432627594686
0.00978723964415509
0.00809866207854124
0.00666927236963198
0.00518330948495128
0.00375265485271957
0.00265026335290089
0.00173058628060279
0.000860978761316116
0.000133273463618721
-0.000487700960879963
-0.000972679584518057
-0.0013127618915798
-0.00152552568277847
-0.00164322320324962
0.0126845881838179
0.011115792424896
0.00932334742336291
0.00770865014176251
0.00642401307490799
0.00527913116667537
0.0128903036488116
0.0119965279551333
0.0110763733770601
0.00482776471790573
0.00453362992905113
0.00444642439242128
0.00456433783296918
0.00490836578537963
0.00548406067774947
0.00626273598690701
0.00728907005675885
0.00866065055031415
0.0104469009392495
0.0126634396312911
0.0152684679206636
0.0182108192130194
0.0214713623316033
0.0249663010304412
0.0285512459074444
0.0320619282914049
0.0353916614959399
0.0385153349764479
0.041208078104668
0.0435595695760582
0.0453071372017343
0.0463762253830005
0.0466467030787135
0.0460568883077552
0.0438642220309165
0.0396086911645004
0.0330535349577146
0.0261147598225008
0.0205603808525466
0.0162492054431889
0.013156460311598
0.0115154974110077
0.0104193847800617
0.00476694768961894
0.00444476693186894
0.00431730141928569
0.00438926240310632
0.0046852040000139
0.00521449278483711
0.00594946388386243
0.00700115846500531
0.00833898255827286
0.0100267407466099
0.0120677616271275
0.0145063826364317
0.0173497347164778
0.0204641297256247
0.0236812198893467
0.0270717348872432
0.0303310022595355
0.033246820763458
0.0358245552358205
0.038068806428735
0.0398860033736535
0.041155435317994
0.0418224800558709
0.0095376678250764
0.00811525812410987
0.0068415107742847
0.00572687288877826
0.00475042402319573
0.00388240954758631
0.00310469731009165
0.00243844599545494
0.00189154978210484
0.00145388896515435
0.00112301083325988
0.00090152514034275
0.000787139517908704
0.00991464668168415
0.00880403992135497
0.00778047544357878
0.00690099889459803
0.00612281765020206
0.00544879592297307
0.00489848703429484
0.00443184746661021
0.00397884010372583
0.00356229713253416
0.00322200896709972
0.00298947089572488
0.00286649620997547
0.00284892141790601
0.0029389929327133
0.00313794818150357
0.00344059208764775
0.00383692552333385
0.00437082943790713
0.00530481767408354
0.00667593807768327
0.00813000645279304
0.0100383004788582
0.0120540829705509
0.0143404232802119
0.0170337073920273
0.020080620451662
0.0232614598545249
0.0262853945003984
0.0289866862060401
0.0314335464018214
0.0336767700093079
0.0355002565672026
0.0371041348798959
0.0385198921352828
0.0394643856290417
0.0399624888011244
0.0102859801139133
0.0089884337768098
0.00781750459362182
0.00665285762677246
0.00564837870815864
0.00457889658702126
0.00364021515973471
0.00284070546289273
0.00200384342587858
0.00123808439860652
0.000700308507980288
-8.44389684839506e-05
-0.00059281721672268
-0.00120757229646363
-0.00183114954870767
-0.00229305116325962
-0.00258510137424358
-0.00287815090813837
-0.00312479592420492
-0.00330523099229407
-0.00342924611707524
-0.00348866841644309
0.010582179127864
0.00947628151830462
0.00842826238231796
0.00743954070921341
0.00654929207505797
0.0057489031397041
0.00502012127521968
0.00430759537459067
0.00372231276423594
0.00314389790597818
0.00257517329261459
0.00203776480058706
0.00130285517524066
0.000589508255667459
-4.34594857177195e-05
-0.000611331093353668
-0.00110270416647808
-0.00153805625531099
-0.00189178569903955
-0.00224628033514925
-0.00255722908647589
-0.00280887732731693
-0.0030056208851914
-0.00315511766464236
-0.00325188886865013
-0.00330324916429304
0.028953722263541
0.0278924817411374
0.0264305887092383
0.0281863406798226
0.0265353681718183
0.0246676191588511
0.0257555374534914
0.0248906171519941
0.0237278246231754
0.0252086516519328
0.0231594903709101
0.0204221729319164
0.0180349452847451
0.0161566597902642
0.0144030628923401
0.0127230607955405
0.0112223073031199
0.00998257647457169
0.00887655652958521
0.00796191423471266
0.00722088833953267
0.00658530483170413
0.00592233381217864
0.00527990530368071
0.00486221065675227
0.00452656393270739
0.00438450606868628
0.00437276445548825
0.00449250239166775
0.00477369745942556
0.00521203167884086
0.00578336051024307
0.00652332309931443
0.00743696633353798
0.00850859051357999
0.00974451889358854
0.0110067560949968
0.0122998311500645
0.01376574885455
0.0150439055455604
0.0160611611471065
0.0167859962801292
0.0171807180474206
0.0218570218781642
0.0194740607854156
0.0170033833004687
0.0147079296663652
0.0127226272290273
0.0109652670914351
0.00943394527535735
0.0080954988142622
0.00701396185439701
0.00615214505984407
0.00551086234715245
0.00509028172116635
0.00487145803307437
0.0199549762018818
0.0168078404535189
0.0133408455571527
0.0118865032087965
0.0104257781686942
0.00892815881387503
0.0120699213369592
0.0107402593233402
0.00928787256961506
0.0080586757360289
0.00698565931324894
0.00603060156000469
0.00521501752353553
0.00452886251109498
0.0039475329860304
0.00347939349425447
0.00310472748799122
0.00281375840407249
0.00260591844256516
0.00247104462206781
0.00240923749211758
0.00241572171315305
0.00248441899393071
0.0026117190763648
0.00278608288759137
0.00300008378185844
0.00325096857109746
0.00355720346260815
0.00388418040207399
0.00419163839139487
0.00444980786788504
0.00461934692081292
0.00472291228483091
0.00799676264725998
0.00703420025266588
0.00606273888320628
0.00517552221145859
0.00448448079678276
0.00389660600163476
0.00337490580152013
0.00298369427646309
0.00270490844669368
0.00246007866185492
0.00227426842322052
0.00216201042621361
0.00212230568653863
0.00213472628050475
0.00219852631950222
0.00231047483271883
0.0024685934225015
0.00265841301244131
0.00286373805913212
0.00303914966164032
0.00319990305763067
0.00336682625136447
0.00350438494379105
0.00357222651033761
0.0074628855419113
0.00606740743185219
0.00490480712291299
0.00379745094941368
0.00290158481481115
0.00202652083994684
0.00126125361916233
0.000704538834534577
0.000244459597451967
-0.000154065055002456
-0.000428681498606416
-0.000590035292333399
0.0234120920559579
0.0218104117682714
0.019855458498948
0.0175269668286795
0.0153721383203005
0.0136115659018073
0.0119381205698451
0.0103711377046466
0.00898804666137825
0.00767975399901628
0.00643333468165642
0.00532138017672801
0.00436584553805102
0.00339741875122557
0.00241648306233148
0.00154227518419743
0.000809573396757744
0.000183050321557922
-0.00034583762854594
-0.000767535675494376
-0.00107299324704435
-0.00127334882346901
-0.00138967256341255
0.023645094247184
0.0224203118330126
0.0209513597846128
0.019150156003816
0.0172097815009542
0.0153738578994096
0.0136961906619606
0.0121476254202901
0.0107319644872536
0.00944356546476616
0.00826993010010807
0.00723755842169987
0.00626673802072463
0.00535608423992097
0.00455611428770053
0.00385944936356159
0.00324215671242292
0.00268926714014224
0.00219663239036201
0.00176738218674829
0.00139125744537923
0.00106390294161098
0.000788637396235653
0.000548382960331885
0.000306834623405845
8.19537306324928e-05
-0.000108498647337867
-0.000265878862787005
-0.000388281336434382
-0.000481904937483672
-0.000552705299402162
-0.00060167838419417
-0.000636290077228517
-0.000655848841211691
-0.0006659763395288
0.0140390396494535
0.0121563406665156
0.00983351219633124
0.0151294149213936
0.0147439851244788
0.0145459125685351
0.00837254802508639
0.0069546256036507
0.00569034404979287
0.0045983788832269
0.0037797181399585
0.00309795280619174
0.00258500147079892
0.00224808357631953
0.00207959596483975
0.00789974438358411
0.00628792703002642
0.00485512565309188
0.0035402560282657
0.00331810556290196
0.00322674629356115
0.00324220792295267
0.00337217383202418
0.00360542004159011
0.00395107784435687
0.00440751464796339
0.00497810643454271
0.00567351746278913
0.00650151521282823
0.00748224227110197
0.00862172684970616
0.00991456501317266
0.0113299440071923
0.0128543841536757
0.0146432646402581
0.0167430186439177
0.0189201880266361
0.0211349014085021
0.0232871057403607
0.0252383752659157
0.0269333228026101
0.0283679908927996
0.0294667726078149
0.030200325308376
0.0305830597608843
0.00264566980797309
0.00195506635494953
0.00144197519928096
0.000929532506587208
0.000692502216772907
0.000523268778730145
0.00627180577899219
0.00576792009601981
0.00538690425607195
0.00517541894207933
0.00516436336005001
0.00536102402508749
0.00576781453644794
0.0063937021833814
0.0072775892047738
0.00845861409454001
0.00990877596947468
0.0115913926115119
0.0136349284252279
0.0161101807928057
0.0188723556759285
0.0218887385041062
0.0250777570868211
0.0283240389089707
0.0315196505035375
0.0345774336717405
0.0374325018764851
0.0400366075858017
0.04232645027466
0.0442382023249415
0.0457451158474109
0.0468581534668752
0.0476165214027759
0.0480751820921228
0.0482955684994278
0.00605254001112683
0.00546248734447943
0.00500429877901488
0.00470579341504442
0.00457523706731255
0.00460602639471819
0.00477600520323411
0.00512742643788015
0.00569156392815884
0.00641890359250843
0.0072873085199148
0.00840727697484356
0.00990552899216993
0.0119646336426113
0.0143797771929719
0.0169924146173534
0.0198410478381097
0.0228580731590236
0.0259766812500063
0.0291992889751362
0.0321961328528471
0.0354004560934683
0.0375204427616327
0.0396337841862659
0.0420339757256675
0.0440117982984274
0.0456673217279699
0.0469970330430942
0.0478968643800109
0.0484965681533763
0.0488486113158411
0.0490166729595764
0.0237500010374016
0.0217790388170937
0.0196929189393868
0.0177419400003657
0.0157905163836015
0.0245717576610746
0.023065372012275
0.0208535371176234
0.0190244368175132
0.0171710469858159
0.0152985941594211
0.0137805564139081
0.0123478223210797
0.0108371295661903
0.00924652962259202
0.00792208838911906
0.00669334009308622
0.00555925943902616
0.00451491565614924
0.00356933786482403
0.00272483975315765
0.00196168080279867
0.00132483656271221
0.00057667237470217
-9.10685590707227e-05
-0.000611692884101484
-0.00105580413054459
-0.00142211635872592
-0.00168762486007655
-0.00185342905476545
-0.00194682710666173
0.0142595854599838
0.0118471749494484
0.00885642632365131
0.0147244620638132
0.01328721599686
0.0116789998305107
0.0100462678470691
0.00739754708404261
0.00639715487650266
0.00568328750854312
0.0077136506953856
0.00677144254777466
0.0058891863101422
0.00525609827597224
0.00451226720585856
0.00549966784732131
0.00527147772614723
0.00511887249639721
0.00514109109975597
0.00492180077464972
0.00428921373174217
0.00371407037129403
0.00548376046144898
0.00612395624463789
0.0071006428990778
0.00825900904768726
0.00979754558805273
0.0117591946565695
0.0140245833102285
0.0168645128050147
0.0201993368277549
0.0238839550114547
0.0277472319304613
0.0321592459482166
0.0050393218069468
0.00509120228725706
0.00533009442722356
0.00564473755454908
0.00624002674223299
0.0068659113912411
0.00783646003952661
0.00907187358757702
0.010388409945271
0.0119260032980082
0.0137480009042909
0.0158538832597846
0.0180201381559304
0.0203202870998388
0.0231414796751926
0.0258313467655673
0.0287320328727469
0.0312882918868259
0.0337448773328368
0.0359771094925643
0.0377937679620597
0.0393228192052212
0.0405120789411446
0.0412377478255659
0.0416019516290764
0.0337421757165431
0.0353206214509287
0.0367833879494667
0.0379025731510562
0.0389451561857169
0.0395943375286031
0.0399580551405534
0.0347164062883007
0.0372115481345535
0.039645750969953
0.0417635124269024
0.0436180027129399
0.0451550590391897
0.0462522801801024
0.0468438631431587
0.0468388126644303
0.0461084528739104
0.0443016342729091
0.0409029589259342
0.0359214233964712
0.0305417148022196
0.0259181162374328
0.0222471655122757
0.0197551824391724
0.0185212293693659
0.00377876937946005
0.00392137365840417
0.00416683962121361
0.00453031822300055
0.00498956233948448
0.00552093979815605
0.00612822669884661
0.00681654289325409
0.00759209738528385
0.00846174629930101
0.00943211501208448
0.0105088644831742
0.0116940022757371
0.0130491310456998
0.00315461905525552
0.00259577732635137
0.00204964124755233
0.00152613164259087
0.001081369929349
0.000664377467717186
0.000279674841177807
-6.13867677570082e-05
-0.000368356496224266
-0.000669373308764814
-0.000967935442618984
-0.00123651401874067
-0.00145484680105688
-0.00163020586011185
-0.00176097733127205
-0.00186269949527953
-0.00192729055876463
-0.00196318195785031
0.0143031866772683
0.0156597782592291
0.0170951480526874
0.0188640409554315
0.0206705249820477
0.0224263276521888
0.024722745097735
0.0276308769227926
0.0305328546317944
0.0331076105025594
0.0353433123767352
0.0373294856327445
0.0391523627084945
0.0407418421540636
0.0420008781465104
0.0428763909573885
0.043449897384466
0.0437669408057701
0.0135475278055791
0.0141143963646988
0.0147358615840459
0.0154049523223842
0.0161217712217375
0.0168799940385261
0.0176289223924284
0.0182900893764351
0.0188152139476308
0.0191786058672436
0.0193702637394262
0.00468295430379991
0.00499449019561604
0.00547814632435369
0.00608805583331282
0.0068188026891868
0.00771435958489245
0.00874965404160239
0.010050083595459
0.011551374328968
0.0132765470676096
0.015339215672751
0.00357984416333689
0.00258662953015589
0.00176258946466538
0.000929930480139829
0.000294809986015219
-0.000373981628972067
-0.000901379011530384
-0.00132938721897523
-0.00171286800247789
-0.00192578946928008
-0.00212687975609472
-0.00225156469360199
-0.00231359962722563
0.0158879309115292
0.0166168394277658
0.0174466768013989
0.0184507035375046
0.0193939652273146
0.0202934632198475
0.0209843733887615
0.0215316078376143
0.0218659498218821
0.0171829882172871
0.0192395574123342
0.0214846020336668
0.0238881023812318
0.0264112357514581
0.0289792543142957
0.031534224334049
0.034074080493701
0.0364993180690811
0.0387541545505873
0.0409010927856663
0.0427913704108504
0.0444049165425631
0.0457654037906006
0.0468676996973494
0.0477587528640607
0.048437807913848
0.0489007200339516
0.0491810509931255
0.0493537227351023
0.0494506742958558
0.0494927635236387
0.00935596661260225
0.00863643188728191
0.00796039325069088
0.00738388583018078
0.00690399378095088
0.00650287284003951
0.00615680762421647
0.00591097363316259
0.00578690034563747
0.00569363913986349
0.0056765935061123
0.00574305502815415
0.00589390206082981
0.0061492394740946
0.00648972792042476
0.00695131711232329
0.00934569686980367
0.00868603627072615
0.0081099420201757
0.00762711811781191
0.00722245910983437
0.00688940011001685
0.00662905383944961
0.00645826500189558
0.00640399690768787
0.00647382376272618
0.0066498613876291
0.00690090270091238
0.00722782108707357
0.00774431229492791
0.00757899296836995
0.00851061007231815
0.00961672389609685
0.0108323807236458
0.0123224680495732
0.0138896224045307
0.015566263242071
0.0176800117599773
0.0195736630327805
0.021470692404857
0.0232021716866036
0.0247989785764619
0.0261364273571255
0.0271672324835722
0.027881379076987
0.0282595432746367
0.00708890115141624
0.00734977154395922
0.00775524642510991
0.0082494454783469
0.0087945314148656
0.0094877832873203
0.0102315578031245
0.0109560703966121
0.0116429798558054
0.0123106623897527
0.0129631300677855
0.0135654080987288
0.0140492227893242
0.0143295946758295
0.00834560248038225
0.00903945128703477
0.00986168008135871
0.0108782454127394
0.0120625377350446
0.013435174473425
0.0149185744788696
0.0165690680804856
0.0184847830445939
0.020585912753226
0.0227197372506199
0.0248407951469338
0.0270146737471102
0.0293174161429798
0.00782533948356059
0.00807128414980793
0.00846070146602537
0.00908218324984608
0.010104935458352
0.0113876497136267
0.0127639975713578
0.014524611096046
0.0165884944503995
0.018870482344944
0.0213645077876341
0.0237685216544399
0.0264091380881323
0.0291067971690955
0.03179337335388
0.0342770901870055
0.0366265006090024
0.0389167580796877
0.0409581452040194
0.0427071030013951
0.0441432141471088
0.0452127262124667
0.0458413852971393
0.0459329953640749
0.0453532170974543
0.0437971421855576
0.0408007535942405
0.0361338603057995
0.0299555775867487
0.0233325788741069
0.0165886380335484
0.0313137582898461
0.0334272421940705
0.0356431991581013
0.0379207650548084
0.0401648430453895
0.0420967346413239
0.0435712654018841
0.044824564462494
0.0458418178725633
0.0464872372659801
0.046767558478417
0.0466244375566702
0.0459393688003433
0.0443786325402052
0.0418345919923763
0.0383569272769255
0.0335391118635948
0.0281131331723754
0.0231175305459996
0.0189943380611154
0.0155659949587909
0.0125832815012956
0.010110960803547
0.00814081324574864
0.0065176781965812
0.00508850976569311
0.0296313870966376
0.0298656742322277
0.0300264653830724
0.00418618767462177
0.00333646906981366
0.00257161115406007
0.00194261111713625
0.00144516828329805
0.00102366039222782
0.00420981943589472
0.00339583293064897
0.00294596019473387
0.00268168419406271
0.000800771513119526
0.000657554222191225
0.00057392926322765
0.000533349452920409
0.000848840073652085
0.00074638413889373
0.000700432383740571
0.0131833521244608
0.0104031577788793
0.00824921632842118
0.00642676684267265
0.00478795986505998
0.00334818103491578
0.0133752391082312
0.0108491025837361
0.00877718728540961
0.00708695709438133
0.00570067058630737
0.00464673417011902
0.0037195438447196
0.0030066308280461
0.00242362644643215
0.00195402927577491
0.0015862695845044
0.00128629940340089
0.00104977110995631
0.000855205499591169
0.000699202824543504
0.000576459787875772
0.000468923600221549
0.00267587034001597
0.0022038586014567
0.00180338696619284
0.00149234698385714
0.00122701974840356
0.00101527661284328
0.000845404482521371
0.000709434315430012
0.000600098163224248
0.000513832599843418
0.000443613675056207
0.000386405457268295
0.000340832135326544
0.000305641218899326
0.00027912638760229
0.000259601046378063
0.000245880625620616
0.000237190699236089
0.000232848680050936
0.00271738989228624
0.00227568727578269
0.00192768685859247
0.00169159927279513
0.00154616868500495
0.00147341148340893
0.000403733986690738
0.000347538356506513
0.000304319945679496
0.000274075434756243
0.000252154861356071
0.000238616500043251
0.00023185019019371
0.000406667136805551
0.00035824326223901
0.000327101329663791
0.000312360559724233
