0.05
0.0377935639288167
0.0356556236190664
0.0323429463661599
0.0362166459443801
0.0341534365202661
0.0322852235221111
0.0377210087689954
0.0357314332882396
0.0329025695762179
0.0314694619632798
0.0306226279571968
0.0300453450400218
0.0291897066974319
0.0277030866309592
0.0378794617004738
0.0345491729421724
0.0321383170915764
0.0320216483157124
0.0326366675426293
0.0335241320860886
0.0337644123033379
0.0338939596510665
0.0340017707884037
0.0340668414319383
0.0338526415639699
0.0329401964278548
0.0311258353391187
0.028406682137442
0.0250281060455334
0.0213524647117427
0.0174933658395406
0.0376138858119898
0.035991022975006
0.0339027754847293
0.032265562025921
0.0309589818471661
0.0299744021788386
0.0292034194711792
0.0284320762187993
0.0307139014246892
0.0293223320391358
0.0277242886364357
0.0259864010681805
0.023540513460995
0.0304533571360849
0.0288262134005494
0.0271826348283598
0.0220012896951424
0.0201933334768193
0.0183245900713685
0.0166573534572528
0.0150023169509768
0.0133952204538231
0.0120061909557261
0.0106888103414417
0.00940754687312608
0.00827241628020717
0.00720873776518469
0.0062297911405274
0.00530181073758072
0.00446464390336023
0.00371522625319343
0.0029974940839726
0.00233415942420126
0.00169047558764433
0.00104170768772433
0.000403554017382642
-0.000187125404590364
-0.000721881479903851
-0.00119148624839072
-0.00159168738617202
-0.002032514869005
-0.00250534958945597
-0.0029354381083748
-0.0033250054979024
-0.00365062323795468
-0.00392626695450781
-0.00414743165137221
-0.00431126350036835
-0.00441969170549506
-0.00447542980926004
0.0227796142229347
0.0220922798728771
0.0212983291583789
0.020426873791526
0.0196177288862501
0.0188968460882324
0.0182153522594712
0.0177189646356698
0.0173341778794
0.017051415040187
0.016903152606685
0.0262818316867695
0.0250894587767597
0.0234393331980429
0.0251243037325326
0.0222977619703901
0.019161751852411
0.0229394208699517
0.0223801081819006
0.0217520092727306
0.0224876349375274
0.0208008749762079
0.0186293824943673
0.0169965640974134
0.0155409601554121
0.0139762246611714
0.0124373501610734
0.0112374892668851
0.0102293256664711
0.00927096078376344
0.00846565895414629
0.00777618121217872
0.00723624977603169
0.00685683805361823
0.00661910392521218
0.00648745668910723
0.020580481696989
0.0186255041954755
0.0160855049125469
0.0135376704449615
0.0112897332194653
0.00903530249621054
0.0209477928375237
0.020175999624789
0.019360708178061
0.00798811331561399
0.00695734188782007
0.00605842528297799
0.00528337463761232
0.00459337412718206
0.00401620662955692
0.00355961822424092
0.0031852230397097
0.00287503384550228
0.0026368259800621
0.00248018802479749
0.00240712450330045
0.00241394991361892
0.00250077266160588
0.00267418765607894
0.00294331957602226
0.00331651545898163
0.00380565710047545
0.0044404035400694
0.00521218878537501
0.00621041275672705
0.00742340076210658
0.00889152833317956
0.0107718364679936
0.0124606545065049
0.0149467445581678
0.017514229071614
0.0202995219336399
0.0230463913461832
0.0254632719901855
0.0276180907879653
0.0293810292690206
0.0303988066063126
0.0311257632661536
0.00790801558690432
0.00688745336719584
0.00598351587575238
0.00503383287836989
0.00413512923705198
0.00331515347630542
0.00260432615814526
0.00191107402957852
0.0012802903783713
0.000686071690847503
0.000130614517286622
-0.000399740860038719
-0.000910694692857249
-0.00139161350506582
-0.00183670093672969
-0.00227115636864668
-0.00266801051487043
-0.00301134552083766
-0.00330796466162746
-0.0035624206217832
-0.00376734083153994
-0.00391101178952801
-0.00398707338143382
0.018142152749171
0.0169316925345075
0.0157939520771838
0.0147658563331132
0.0138459518381016
0.0130165542374013
0.0122662746120769
0.0116194037578561
0.0110862101548525
0.0106583674014115
0.0103343523891863
0.0101172292403567
0.010005029704923
0.0180803129577832
0.0167404505608573
0.0154110495615399
0.0141912249834749
0.0130419811602949
0.0119782439311665
0.0110406554560091
0.010168379873362
0.00921828592765508
0.00821091073881654
0.00721975780933417
0.00631753175467782
0.00550857591607563
0.00475339788341862
0.00408363674874569
0.00349575195636807
0.00300572606398904
0.00260200517508772
0.00222258270298118
0.00172150795737162
0.00112878083551626
0.000610423218397888
4.96237543545085e-05
-0.000442384869649076
-0.000916218228230663
-0.0013958321347203
-0.00186976818795387
-0.00231411390387328
-0.00270601843582487
-0.00303958729170406
-0.00333222591198621
-0.00359430227418544
-0.00380367761469602
-0.00398558727023334
-0.0041452071350416
-0.00425180620200769
-0.00430820262904362
0.017748604326537
0.0164210421137439
0.0151718904719798
0.0138911545799777
0.0127622631492662
0.0115395728139194
0.0104519344498658
0.00951597426337301
0.00852726923908996
0.00761537591905121
0.00697141691045704
0.00602634258752153
0.00541075495003221
0.00466251026696682
0.00389902306443043
0.00333037983751703
0.00296938206679391
0.00260584485668657
0.00229881521655906
0.00207357522331657
0.00191843684514011
0.00184400770537355
0.0179736116315125
0.0167722562837178
0.0155706154555698
0.014387811395798
0.0132859236886305
0.0122674177931689
0.0113179198108913
0.0103691652050297
0.00957424209138178
0.00877319955207709
0.00796997128649581
0.00719870679550797
0.0061303440972991
0.00508241345518223
0.00414413097433183
0.00329548585348722
0.00255587337536056
0.00189623622696074
0.00135688002495001
0.000812557685233598
0.000331237064877938
-6.13551403852218e-05
-0.000370264420428015
-0.000606220947770337
-0.000759544951568458
-0.000841124647171952
0.0317729215413621
0.0312051026522075
0.030503796285626
0.0315430763223766
0.0310212069584131
0.0306278169721965
0.0301690896090227
0.0297508486509161
0.0291955349183876
0.0301570558009703
0.0298516900900995
0.0294566443289554
0.0288380171631187
0.0279409766132745
0.0266021405378437
0.0247890088642627
0.0227309955728887
0.0207358105648667
0.0187381960693152
0.0169280470599375
0.0153254984116044
0.0138025070564446
0.0120133916995496
0.0100242965624046
0.00846299198257228
0.00676099682659044
0.00546811223369617
0.00421825645259826
0.0031494453875835
0.00207509546689073
0.00110665499314565
0.000265853244185978
-0.000512510459914518
-0.0012247729026302
-0.0018621295415387
-0.00243638479156203
-0.00290852074799995
-0.00331029078710834
-0.00369359912762008
-0.00398309945089336
-0.0041907123605224
-0.00432843417357841
-0.00440021810327932
0.0296893583068781
0.0303119822504957
0.0306969778880977
0.0305937438456795
0.029974168934592
0.0289064882920497
0.0275290522651336
0.0259759754671418
0.0245001696836624
0.023199009487266
0.0221694750929915
0.0214701305579824
0.0210994276939821
0.0263891246508276
0.0237843165853323
0.0205815278221712
0.019192158443186
0.017729768651268
0.0161782420235397
0.0192524055952447
0.0176411318668467
0.0156923261712691
0.0139036452345062
0.0122225521551646
0.0106104514008616
0.0091206818847142
0.0077531461717193
0.00647157386283823
0.00530925800693155
0.00423579759581696
0.00323548678026154
0.00232229826169351
0.00146653183825001
0.000685003063695173
-2.7740838269805e-05
-0.000665501943553114
-0.00124813196646485
-0.00175371300297526
-0.00218986374830224
-0.00257330951529089
-0.0029439176850356
-0.00327404524646832
-0.00354220364451996
-0.00374324149875339
-0.00386575562146583
-0.0039369078210195
0.0148220620157066
0.0132853697347141
0.0115979905070402
0.00992259158171228
0.00850105655938178
0.00717295693827135
0.00585189644231155
0.00471916092761069
0.00378570722285632
0.00280363838415696
0.00183088013830713
0.000926955058759827
0.000163744484681853
-0.000445841278414843
-0.00107649526996107
-0.00164411745134413
-0.00216031721908141
-0.00260495081851379
-0.0029762874587328
-0.00323874947240717
-0.00344633165450439
-0.00363588549464675
-0.00377777799521132
-0.00384406494224548
0.0149443528199762
0.0137305853694277
0.0126974209321921
0.0116983830362149
0.0108817273123691
0.0100777449752022
0.00937021592694116
0.00885306740828537
0.00842399342944685
0.00805112293057363
0.00779364466922847
0.00764214371859554
0.0304832068680263
0.0303129917676017
0.0299934929529068
0.0293519611751725
0.0283899726203404
0.0272495008036978
0.0258133886292437
0.0241587631487038
0.0224856634061768
0.0207604639217427
0.0190273911839586
0.0174382016551754
0.0160590076807944
0.0146620154654092
0.0132568256042451
0.0120172049504401
0.0109892973089032
0.0101190803734431
0.00939096410046593
0.00881469348035277
0.00839961173165438
0.0081284135451293
0.00797138129974898
0.0304028937022987
0.0301445933804552
0.0297477732214917
0.0290462656525925
0.0279389703471899
0.0264836291504994
0.0247678971304849
0.0228549529268632
0.0208570341299123
0.0188676271320658
0.016943199547368
0.0151802947078326
0.0134709250562413
0.0118239606279905
0.0103395008155106
0.00901251484831563
0.00780351586584969
0.00668696712929699
0.0056575549623798
0.004726138681787
0.00387565737133808
0.00310130597441666
0.0024165961030136
0.00178309519663915
0.00110377729635081
0.000430276392206478
-0.000181312125004019
-0.000728945613009808
-0.00119533326643478
-0.00158951081885892
-0.00192164278153469
-0.00217766645340246
-0.00237854708574458
-0.00250185701145389
-0.00256964462403552
0.0259410234388147
0.0235913532282343
0.0204746669713621
0.0286945986414814
0.029514282370688
0.0299494214724571
0.0188904233993765
0.0172747322121583
0.0157963185324508
0.0145062512950477
0.0135380096194791
0.0127338124574451
0.0121312041229876
0.0117369081683091
0.0115402465819386
0.0173103761396406
0.0145238690993057
0.0119295896201979
0.00942457589602219
0.00806953250180996
0.00694147705857304
0.0058501751754394
0.00484355957532981
0.00395425600150579
0.00312543755221963
0.00236493558621995
0.00166502657085264
0.00101439720259015
0.00040908569387887
-0.000161410333610094
-0.00069607093694278
-0.00119022369132979
-0.00163522878303753
-0.00203571291074759
-0.00243547937921982
-0.00284255336108531
-0.00321613705630698
-0.00355923603476038
-0.0038662259803578
-0.00412778690514892
-0.00434521635786264
-0.00452384071893959
-0.00465813519385776
-0.00474687941558695
-0.00479294537165309
0.00855633187405673
0.00789474580378963
0.00740804678634568
0.0069264496299046
0.00670489070554934
0.00654733191301369
0.0157086332941517
0.0138597654620369
0.0119790213364105
0.0101950781791128
0.00862279469917329
0.00727195781371134
0.00612291071132983
0.00514094857715274
0.00427993799774486
0.00352534927823208
0.00289018984848336
0.00236111488461304
0.00188393563198157
0.00144425597886175
0.00105695147405567
0.000707358380350029
0.000387866627577879
9.5215232098064e-05
-0.000172168615533467
-0.000414517674880767
-0.000631536307330753
-0.000823133227246109
-0.000987868520637615
-0.00112408677269484
-0.00123201557761545
-0.00131332282514149
-0.0013704454528173
-0.00140617455064619
-0.00142380542458379
0.0152036733736966
0.0133006575296996
0.0115121516535645
0.00990799925095429
0.00850112232601288
0.00736660617714995
0.00640790797489453
0.00549139722301286
0.00466536604630882
0.00399697767972724
0.00345661419725256
0.00297261468944033
0.00251358301783592
0.0020468684630662
0.001628232988736
0.0012741861545898
0.000965887873003427
0.00069691856508685
0.000459835388917843
0.000245468457612266
6.76426792817617e-05
-0.000102427494021805
-0.000204356694050056
-0.000296365855158068
-0.000386088101328487
-0.000445764515998404
-0.000484604777212871
-0.000505584286030624
-0.000511325512638304
-0.000508414184919708
-0.000502489569150943
-0.000497937004211955
0.0273591437120649
0.0258480931399651
0.0241357571739513
0.0223931307301321
0.0204974635607237
0.0282675457602211
0.0279675247574033
0.027514498693771
0.0270220060839921
0.026310126685082
0.0252982297606352
0.0242212051575742
0.0229837728686988
0.0214948762170193
0.0197699210292012
0.0182398560117724
0.0167656104026375
0.0153759918811566
0.0140832299856934
0.0129087976805422
0.0118606349051514
0.010916163901988
0.0101310233206857
0.0092125120718232
0.0083960473702351
0.00776154669843001
0.00722171254248535
0.00677738620262396
0.00645583192825964
0.00625523090734137
0.0061423047538606
0.0187999518862051
0.0159580843515681
0.0123015857443249
0.0195020675817007
0.0179441057541409
0.0160150100008335
0.0138902759972374
0.0104225166032321
0.00909104829203934
0.00810480088187927
0.0109599653884331
0.00974656283592887
0.00850038649739365
0.00751825776741003
0.00622970021116802
0.00774081417774257
0.00699723570091533
0.00600631646844759
0.0049904310037366
0.00705329229421739
0.00609777827561014
0.00513875416294738
0.00457237444197215
0.0041262361915684
0.00367177445110484
0.00328482262113713
0.00289847852439384
0.00252168832733586
0.00218136719357293
0.00184381532496897
0.0015313374205581
0.00126085360689564
0.00104380285197494
0.000868769457848764
0.00438444199928334
0.0037730257651229
0.00314066006305364
0.00268366513798925
0.002113801527055
0.00168577374145228
0.00118377981404224
0.000696893266858628
0.00028463489116688
-0.000112102351828902
-0.000506681833030575
-0.00089532636023805
-0.00124356534659648
-0.00157489912237352
-0.00194855250105927
-0.00228562089650448
-0.00263542892342392
-0.00293589851548694
-0.00321948101087808
-0.00347379819182482
-0.00367922832845428
-0.00385177343099927
-0.00398640547356117
-0.00406908676241224
-0.00411081679026
0.000202494807776771
-0.000383092498530667
-0.00086804303899087
-0.00121121536936777
-0.00151260687718857
-0.00169379062326996
-0.00179326586489392
0.00142688794013781
0.00205385113595623
0.00277660496511898
0.00354795959115621
0.00441668094786204
0.00541823671422266
0.00654759996394895
0.00782319326596692
0.00923018535450834
0.010746672628714
0.0124321842562895
0.0142449917432645
0.0160644436527901
0.0177219200431271
0.0191140364346117
0.0202664192916335
0.0210956675539633
0.0215249491985269
0.00474531091710835
0.00428576890588204
0.00374567799084148
0.00313571385569825
0.00251505230412797
0.00192402192379805
0.00136045543765123
0.00082281142159382
0.000309915900260615
-0.000179239405620036
-0.000645604179742388
-0.00109040581919643
-0.00151477389522543
-0.00194030203801302
0.00466147536850486
0.00416632848488737
0.00366571607238437
0.00316997519307347
0.00273498996547611
0.00231312160862294
0.00190904958025833
0.00153630262542944
0.00118748787305584
0.00083274527943641
0.000468772272075877
0.000130965013057005
-0.000151549055004989
-0.000384340617596889
-0.0005618264882495
-0.000702458893366168
-0.000792936964390884
-0.000843661807034833
-0.00212336088998192
-0.00228494713513649
-0.00243161728349558
-0.00258902141328423
-0.00273095799680581
-0.00285672418365773
-0.00301100600336979
-0.00319937527146739
-0.00338529937636783
-0.00355093449284411
-0.00369621785827564
-0.00382689561024416
-0.00394860416034661
-0.00405668339011043
-0.00414418670740644
-0.00420642300626823
-0.00424800214844616
-0.00427133473210056
-0.00221496983537307
-0.00246228442542422
-0.00268541008495939
-0.00288915958179582
-0.00307909074752842
-0.00325818700655328
-0.00341978324475225
-0.00355291144859968
-0.00365338002072278
-0.00372050480265616
-0.00375516478831755
0.00553294344483644
0.00478894165724475
0.00401044274527297
0.00330712914003946
0.00267201477468763
0.00207063404732221
0.00152593781897059
0.000987718941698283
0.00049839616765837
4.99247375256362e-05
-0.000384930774253295
0.00544168258700687
0.00456621778507412
0.00381224261879461
0.00302154235454988
0.0023969985292065
0.00171566262087166
0.00115920671195931
0.000693172223569942
0.000262619446081841
1.81684025293884e-05
-0.000217155546848437
-0.000365238596782261
-0.000439585420655275
-0.000887303979934752
-0.00132278317412179
-0.0017007949049747
-0.00207143006405593
-0.00236848013222943
-0.00262018897565288
-0.0027984267844126
-0.00293172731891131
-0.00301003997095516
-0.000369520639960677
-0.000329221253658901
-0.000268488242020395
-0.000190683278822032
-9.81386831710293e-05
6.42267258020915e-06
0.00012142054200409
0.000248529414378798
0.00038513487833799
0.000530256281146046
0.000691542967858321
0.000861687556638602
0.00104029639845975
0.00123149107829987
0.00143428159129687
0.0016535679446442
0.00188110892162352
0.00209667697638059
0.00227628222198819
0.0024248000601227
0.00253237871319728
0.00258806347036516
0.0129289692869849
0.0118248433800854
0.0106806541908291
0.00959293285744298
0.00856863085653848
0.00757760791691
0.00654169871611706
0.0055837010922676
0.00491731447501948
0.00409917698472804
0.00319473306693714
0.00243883886244394
0.00168965194815485
0.000928350115192728
0.000231330801000417
-0.000471649475191575
0.0129363810759343
0.0119447971872537
0.0109852336078737
0.0100834230655937
0.00921752809554482
0.00836868759147798
0.00751564913067374
0.00665529651910857
0.00583309013651001
0.00509344010953043
0.00446346221043969
0.00394159496601557
0.00347445580529645
0.00294200055667644
-0.000888766269162936
-0.00137102185410407
-0.0018259101103248
-0.00223232197382124
-0.00264304503451149
-0.00300473882840768
-0.0033362501504751
-0.00369620469324543
-0.00398018357690235
-0.00423771016908186
-0.00445510660855392
-0.00464402305907632
-0.00479566502841785
-0.00490932546916095
-0.00498673226604208
-0.00502733678332864
-0.000904907267811362
-0.00132525310061988
-0.00175559383972694
-0.00213904417903963
-0.00247054403557769
-0.0028108190441626
-0.00311186316278889
-0.00336139192316403
-0.00356833453312209
-0.00374787703666805
-0.00390687802432286
-0.00404193514394333
-0.00414366686893915
-0.00420024292483952
0.00258279973034924
0.0022865426596804
0.0020259884926454
0.00178410911212524
0.00157276000735391
0.0013901723799221
0.00124487308318887
0.00112912572445455
0.00104063431393068
0.00098866378208769
0.000977145633651936
0.00100411971971414
0.00107221118604192
0.00119241896990291
0.00277214806387974
0.00261605257344791
0.00249837301151425
0.002397911819554
0.00230499966835752
0.00224623740181496
0.00222911528759821
0.00225271981210894
0.00232380903773248
0.0024457758669672
0.00262647824280864
0.00284882103673669
0.00315331983471013
0.00354259116961675
0.00402934057693868
0.00459480644065165
0.00526784214728911
0.00610807708149498
0.00709416047586518
0.00824271411306715
0.00959572998601099
0.01119317073159
0.0130696190304117
0.0152314651969997
0.017691782271563
0.0205373607547867
0.0236960419642884
0.0269994561949721
0.030523262135504
0.0341288766128084
0.0379516560308894
0.00152141355599277
0.00193340337058543
0.0024449067029077
0.00307442571578444
0.00383534759989494
0.00466470261605952
0.00548527729993286
0.0064244638511775
0.00754960987530661
0.0087788112932982
0.0101779982885604
0.0117082894285764
0.0134752746658717
0.0156194785204659
0.0178761890644589
0.0201500878651682
0.0227709652793097
0.0255846291407629
0.0283590486346854
0.0309566306756115
0.0334500362895198
0.0359669931722247
0.0383699319225183
0.040520677010235
0.0424401135436009
0.044187022902276
0.000983109093766888
0.000831045371180532
0.000730349172663351
0.0450947719964343
0.0456699331755526
0.0455703883479057
0.0443172921794852
0.0411349615208184
0.0349028674826432
0.0454453993807591
0.0466236449859396
0.0472691565493661
0.0476431207542315
0.0291597000564138
0.0241047827353142
0.0207533686868462
0.0190417425700491
0.0319092866893538
0.0292528988752574
0.0278336806256282
0.0400477344340764
0.0419618541548389
0.0435128891351177
0.0447243882149497
0.0454573649536601
0.045395016735057
0.0398267455283455
0.0415263517293539
0.0430992889970968
0.0444757387751072
0.0455902720818608
0.046310346703956
0.0466663329886526
0.0464829660285708
0.0455973300121366
0.0436843926857657
0.0404348411630317
0.0356239058460282
0.0300328096058671
0.0243532385615258
0.0193423334536254
0.0152515674217251
0.0116181289963359
0.0437403760938459
0.0412009268877787
0.0372900309577169
0.0326502381637723
0.0274866154938852
0.0227367440920879
0.018669586416167
0.0153234130207134
0.0126001040744669
0.0104366167069297
0.00866478759595573
0.00721111896858441
0.00604350405683687
0.00513366414985978
0.00444181167827813
0.00392793926128431
0.00356415994013551
0.00333243905004975
0.00321622535933763
0.046057271467123
0.0460000286461232
0.0454548040949731
0.0446938331996726
0.0439950174711662
0.0435570035076858
0.00940197500794465
0.00748595405326992
0.0060104470990102
0.00497721632255464
0.00422806649182807
0.00376526775968068
0.0035339291124938
0.00951021989284922
0.00786651213406833
0.00680861832409023
0.00630781056554731
