0.05
0.0370944920802257
0.0344030398527586
0.0299664024898251
0.0353977081409517
0.0330662708602872
0.0306685720373104
0.03708996433987
0.0352459357690011
0.0327363735960885
0.0315955526582922
0.0310315739805222
0.030689241555004
0.0301653757298078
0.0290785342306749
0.0371788327239122
0.0307945873644254
0.0249861528721339
0.0241763996026977
0.0211341447333489
0.0182763925599622
0.017702666578676
0.0175147007227622
0.0175204309245376
0.0179318245526071
0.0194168928103842
0.0220324985046437
0.0251322624301852
0.0284482420830461
0.0317443224837013
0.0348457407373385
0.0378181087923605
0.0369307958269361
0.0351313083846501
0.0327280132532507
0.0307509416882638
0.029083339384358
0.0277556755157703
0.0266600530784893
0.0255237030690179
0.0280601540301971
0.0262746289017933
0.0241939746427748
0.0220866542707729
0.0194410022173045
0.0271443912271796
0.0246306830039284
0.0221004274520887
0.0180130439982229
0.0164550515725256
0.0149235142142475
0.0135988856716192
0.0123099822732424
0.0110749856927779
0.0100169525522863
0.00902045727054898
0.00805794650008808
0.00721155495406438
0.00642502672331151
0.00570802761423151
0.00503571476955141
0.00443646743624627
0.0039068723177743
0.00340679821575281
0.00295175311601575
0.00251724381209232
0.00208628964412282
0.0016691122020693
0.00128930163280389
0.00095169186317897
0.00066148133578646
0.000419994249474569
0.000160937292925443
-0.000109048782104856
-0.00034725303988391
-0.000555686305215003
-0.000723360039916644
-0.000859701900275774
-0.000964824042689923
-0.00103998066577245
-0.00108834626081737
-0.00111274878155963
0.0185602177634642
0.0178916451758727
0.0172035841038611
0.0165133019934604
0.0159118121095869
0.0153983051330586
0.014927451457463
0.0145910434434868
0.0143334436042308
0.0141457001898885
0.0140477292100035
0.0207558290517403
0.0190971620919673
0.0169554915272538
0.0190950764371189
0.0155134342754394
0.0119989276681939
0.0163776296872033
0.0157447637495769
0.0150473373964139
0.0155207803522679
0.0133793170290811
0.0109638985906702
0.00929563416950037
0.00787803363871402
0.00639881934652796
0.00496909206388555
0.00386339101769861
0.00293793085087264
0.00206000631373453
0.00132306327519301
0.000692460733781698
0.000198803446736965
-0.000148003846679756
-0.000365265504682153
-0.000485558341367263
0.0139668250225923
0.0125223527869751
0.0108987887946162
0.00948738565982001
0.00843538411104039
0.00760125214455461
0.014156751966988
0.0133272887502117
0.0124731183811726
0.00716592786584099
0.0069714140666235
0.00707310114155557
0.007476397837116
0.008231381154008
0.00934349574043052
0.0107631178400785
0.0125689110405719
0.0149068116811954
0.0178296920166814
0.0212368764501159
0.0248918014144661
0.0285670003405457
0.0321328267874587
0.0354264462570937
0.0382340115071462
0.0402958596585146
0.0413479283845397
0.0410630926760878
0.0390887200886178
0.0349708782494858
0.0293712528970295
0.0235328192807939
0.0180229442102816
0.0144607935339051
0.0106994594271932
0.00791603350714292
0.00565427986331273
0.00390605845661024
0.00263049093117292
0.00164471743072615
0.000919909734320734
0.000526218095700591
0.000257658353250543
0.00744998760141173
0.00758090940260971
0.00800554130355767
0.00886624045425082
0.0101543938598301
0.0118825834337886
0.0139717443880672
0.0166982376589277
0.0198699369707661
0.0234570688603659
0.0272222210562782
0.0310202886479972
0.0346977800211347
0.0380264862998166
0.0408533272469145
0.0432247873394224
0.0448972004885604
0.0458213105213487
0.0460877658231283
0.0457511295220267
0.0448968911149802
0.043822248201192
0.043029598214134
0.0110866622095019
0.00980575205218345
0.00865849807625409
0.0076538248635448
0.00677275274185822
0.00598848086520018
0.00528474112906548
0.00468091150077668
0.00418450780857189
0.00378671821290432
0.00348564299993813
0.00328393405560091
0.00317970445408346
0.0113521503182487
0.0102765006516073
0.00928266963779838
0.00842760215654629
0.00767101427199819
0.0070168405180478
0.00648504921888971
0.00603779444701571
0.0056097595811468
0.00522563528518599
0.00492535103716541
0.0047398914177742
0.00467250116880639
0.00472353401879181
0.00489414652754984
0.00518772667339701
0.00559823263037064
0.00611619505226209
0.00680195484238715
0.00799197278180944
0.00973418854114676
0.0115814821075716
0.0140039997471673
0.0165450107688134
0.0193763758107483
0.0226033342391347
0.0260801015908147
0.0295151469976942
0.0326264166786587
0.0353046917016058
0.0376592692902381
0.0397556368521716
0.041406227514147
0.0428080152000252
0.0440006086036054
0.0447718643337497
0.0451697517879349
0.0104527715651975
0.00909929706348055
0.00788618387845545
0.0066879963664095
0.0056619453149395
0.00457781848639422
0.00363405499218489
0.00283671047408503
0.00200938182053213
0.00125904167724669
0.000735731200754144
-2.21640831194007e-05
-0.000509487236034971
-0.00109460866858336
-0.00168340365086716
-0.00211645559477542
-0.00238888083945909
-0.00266103510791926
-0.00288913603042702
-0.00305543768649734
-0.00316944221934955
-0.0032239820800427
0.0107887015382912
0.0096611280414248
0.00860333441595514
0.00761633494387235
0.0067382989984259
0.00595905956687006
0.00525942931953341
0.00458629709772163
0.00404314323619417
0.00351733901959383
0.00301283909591837
0.00254711530776361
0.00192384779958476
0.00133153570561471
0.000817417514884072
0.000366872958814346
-1.37750195074779e-05
-0.000342931786006109
-0.00060389132651813
-0.000858221269921332
-0.00107422857968239
-0.00124360497255622
-0.00137256046358436
-0.00146837785616592
-0.00152934953586865
-0.00156133829149268
0.0298725495186086
0.0289232610251237
0.0276846769428771
0.0298611377412229
0.0292733334424274
0.0288076387068005
0.0269927351900241
0.0261222345042418
0.0249716632680231
0.0275678965769119
0.0280450357394073
0.0291043108763025
0.0300757521799964
0.0306413926092847
0.0307722244101947
0.0303037325324959
0.0292002352269943
0.0276653648476054
0.0257301302695333
0.0236869725544457
0.0216870484449991
0.0196672160779398
0.0172317977105478
0.0145248453539041
0.0124301291185067
0.0101922475614507
0.00852783090392771
0.00694936470688637
0.00562248715931771
0.00430931370076766
0.00314200131041571
0.00214039248211652
0.00122270732802554
0.000390996760363511
-0.000346451143541865
-0.00100491072362041
-0.00154159315634231
-0.00199454599237484
-0.00242301249350688
-0.00274407557935277
-0.00297287225803101
-0.00312393113645537
-0.00320242348807617
0.0235504801137954
0.022208237004629
0.0212417289052116
0.0207351817330356
0.0206264669683518
0.0208092083348719
0.0211996421459301
0.0217303950461571
0.0222946168606697
0.0228349340169588
0.0232908033448564
0.0236152872640736
0.0237925352468839
0.0211610746398073
0.0182597471537862
0.0153976018439752
0.0139759301850679
0.0126479665312971
0.0113851428966572
0.0151257647738871
0.0153194008917005
0.0160734164329958
0.0172562006596994
0.0188655889626965
0.0209178932522233
0.0232817902536286
0.0258499434159318
0.028585531443242
0.0313080337819569
0.0339856266608418
0.036571413142519
0.0389438323467946
0.0410933433462991
0.0428890564890239
0.0442665920809712
0.0451573003662386
0.0455364260595195
0.0453290333001191
0.0444614694134945
0.0427930944317886
0.0399698578275957
0.0362175151492488
0.0322419591183009
0.028781713074557
0.026527583981178
0.0251779963951221
0.01163211996079
0.0123172786181241
0.01353667074665
0.0152559296212108
0.0171720463665764
0.0194095658994635
0.022113864485357
0.0248171659928258
0.0272968072686603
0.0301331485761146
0.0331408145267492
0.0360752594922375
0.0386160951281714
0.040647420258361
0.0427022105167762
0.0444468409646974
0.0458806480134263
0.0469419850447084
0.0476650405483419
0.0480686093127219
0.048311396448388
0.0484645434346419
0.0485353713047693
0.0485555296805098
0.0093888838178549
0.00760117305230784
0.00619080630186311
0.00491200688209847
0.00392052442088016
0.00298860561940587
0.00220202809791484
0.00164635888457309
0.00119880910359791
0.000819441357994195
0.000561775397936617
0.000411883848889987
0.028842799724953
0.0289280143314361
0.0289420408945122
0.0287189997231406
0.0281587825240639
0.0273459028038846
0.0262034028061116
0.0247880866435737
0.0232841084345213
0.0216760295098353
0.0200143756110813
0.0184577781372087
0.0170859144221384
0.0156808372088837
0.0142572565561786
0.0129957820002441
0.011946997128854
0.0110577378765175
0.0103130276552929
0.00972334046314403
0.00929849541758576
0.00902088925002158
0.00886013890799275
0.0283371078183151
0.0277645476653566
0.0269822417416323
0.0258265848302089
0.0243042387201292
0.0225884486052419
0.0207944795839539
0.0189650951104756
0.0171677011057494
0.0154432801066771
0.0138067521432579
0.0123172788974785
0.0108714840529964
0.00947031663538007
0.0081968177325661
0.00704804166892672
0.00599185518006095
0.00500766988091903
0.00409228693436576
0.00325692971943826
0.00248779014490101
0.00178178051767053
0.00115243795427346
0.000565329638953523
-6.92849642531337e-05
-0.000702651608496693
-0.00128121103276067
-0.00180197133755785
-0.00224739394373329
-0.00262515736679333
-0.00294433504340918
-0.00319088265069849
-0.00338463092734291
-0.00350368550562681
-0.00356917606787711
0.0274161290946959
0.0251502437509149
0.0220974520327812
0.0302324060723774
0.0311784497157768
0.0316774393854956
0.020516858638486
0.018876527862152
0.0173592292084779
0.0160272016762887
0.0150248912171479
0.0141917355601984
0.0135675326248728
0.013159321889465
0.0129558164762314
0.0189833420753883
0.0162315358500798
0.0136824653501875
0.0112431680425311
0.00999745969995497
0.00897825016979509
0.00800964485373691
0.00713299695045594
0.00637346105060516
0.00567995908193029
0.00505778918718758
0.00449947061900001
0.00399540880723487
0.00354238915662141
0.00313275337882912
0.00276770933305993
0.00245074911540494
0.00218676729423514
0.00197082428857681
0.00177877183539078
0.00160866809584848
0.00147737184321563
0.00138095500833226
0.00131732084555432
0.00128222880133923
0.00126798516371097
0.00126741921866207
0.00127404926264909
0.00128192698942174
0.00128719035768787
0.0103392021986276
0.00965408863992716
0.00915211393852631
0.00865725328097342
0.0084300693582347
0.0082687564852034
0.0390755632415708
0.0402506111631055
0.0412032508101496
0.0416065365561166
0.0410724412688774
0.0392415199652403
0.0359076888660877
0.0313148875808352
0.026105570256916
0.0210801922617085
0.0168456413534362
0.0134564887994806
0.0105696013332824
0.00808595191827105
0.00605732893487111
0.00436594429198005
0.0029416835610346
0.00173933346865039
0.000722755800385212
-0.000137178408398407
-0.000865190228801431
-0.00148307036728883
-0.00200404252260501
-0.00243572478294123
-0.00278554365383319
-0.00305931240858771
-0.00326054592205781
-0.00339181585570312
-0.00345860428394433
0.0395295999567975
0.040799513854428
0.0417302430127348
0.0420976551089988
0.0416769592223009
0.0403796576023109
0.0381541437343693
0.0346051397059546
0.0300392458725542
0.0256019773051213
0.0217643400164005
0.0183029695666417
0.0151134828066668
0.0120128388744577
0.00936449669088377
0.00723165202586286
0.00546116983885489
0.00398335619047289
0.00272903200659312
0.00162758186653173
0.000728116361693468
-0.00013384312183169
-0.000664420796007889
-0.00116686249910232
-0.00171283328658293
-0.00215906866241958
-0.00254580402861329
-0.00288097990028886
-0.00313424792496611
-0.00332581447081692
-0.00345274705678393
-0.00351916087997552
0.0240476646890971
0.0220453462177821
0.019928611509215
0.0179561751137143
0.0159947226949671
0.0251311423084435
0.0242791454791811
0.0230475153864068
0.021988512614549
0.0208386320524634
0.0195778373607929
0.018475386669491
0.0173688922625528
0.0161477831584119
0.0148136895149704
0.0136699517881847
0.0125850051890115
0.0115658677663103
0.0106136250446154
0.00974055795037156
0.00895211424985021
0.00823223545530108
0.00762585583255077
0.00690704677123325
0.00626019210441209
0.00575236332617058
0.0053165990664047
0.00495531347156962
0.00469238000184072
0.00452772595095508
0.00443480195449007
0.0144729556877462
0.0120998639164275
0.00919016378919714
0.0149228667368925
0.0134910730456861
0.0118883700927893
0.0102451451278139
0.00781036911561387
0.00688107321943789
0.00623293857353357
0.00804680692921983
0.00714514662507416
0.00634659626999144
0.00581249490575905
0.00524687703035099
0.00617271348188545
0.00628507093034529
0.0066780874762851
0.00737037181045244
0.00550100408592112
0.00492464031904284
0.00443669253698854
0.00812712872629339
0.00938424325872961
0.0112055853061753
0.0133041344959483
0.0160272764103509
0.0193887828494866
0.0230679326165443
0.0273170489484143
0.0317627729557798
0.036048001541056
0.0399113031366293
0.0435883675270685
0.00766285341031608
0.0082190867769934
0.0091083000370629
0.00999126379329487
0.011433191951232
0.0128088153630773
0.0147939447535653
0.0171426530272047
0.0194660638420083
0.0219757485099424
0.0246955665748244
0.0275363649753048
0.0301679675996836
0.0327056307712797
0.0355592553660887
0.0380849391981376
0.0406179291116113
0.0426808504848713
0.0444916557255675
0.0459654106642751
0.0470270574617872
0.0478135476433096
0.0483526526876039
0.0486501640711999
0.0487899647144234
0.0454119342036442
0.0467583229969823
0.0476961615369067
0.048261602432568
0.0486841893757063
0.0489061735598356
0.0490168328499966
0.0446056061544639
0.0448780920478646
0.0441876480082352
0.0423177742631057
0.0389150874820016
0.0338767153820091
0.028099010608784
0.0225763887402255
0.0179107979955472
0.0141774201131727
0.0111052944221757
0.008634320330921
0.00672633639703901
0.00532751898464083
0.00433306598236335
0.00360762645281687
0.00313095266723604
0.00289720277542335
0.00470116423701939
0.00511434792221111
0.00572276136700852
0.0065483593151098
0.00753506977651246
0.00863242272725171
0.00985063127465782
0.011200867802883
0.0126935921819087
0.0143359651106466
0.0161283018343405
0.0180616099810397
0.0201139253787457
0.0223603106663083
0.00377114555158522
0.00311326659673161
0.00247639426435915
0.00187140588494003
0.00136199013394667
0.000888805621933244
0.000456687825578785
7.76219504351942e-05
-0.00026012601847222
-0.000588318588068116
-0.000911218708418446
-0.00119968005246935
-0.00143281556405032
-0.00161915703044652
-0.00175757169109775
-0.0018648976662267
-0.00193289311829695
-0.00197061882688856
0.0240780296010984
0.0258165981474607
0.027553363216076
0.0295697958974249
0.0315018791197112
0.03327419782445
0.0354734081370364
0.0381172080887767
0.0406117591429868
0.0426846508071702
0.044350488016403
0.0457021068866759
0.0468168077043168
0.0476772958927617
0.0482786672015438
0.0486531785149
0.0488780805141643
0.0489948406851458
0.0233610872335915
0.0243659377158374
0.0253651590343102
0.0263587822976978
0.0273549636827316
0.0283517917840442
0.0292927247704835
0.0300936720908995
0.0307121124441261
0.0311315425555521
0.0313500177803928
0.00586340162104552
0.00673158211842824
0.00790136343212835
0.00925172638737428
0.0107827945032433
0.0125887879901279
0.0146130246773582
0.0170739868447581
0.0197918934246591
0.0227324964705097
0.0259944138314281
0.00412975651206773
0.0029542981937289
0.00198931042539024
0.00102410959222649
0.000294437758550737
-0.000467562592549613
-0.00106427605315031
-0.00154606179159083
-0.00197602675245001
-0.00221421177589906
-0.0024387921286348
-0.00257787893685372
-0.0026470309674897
0.027177189776604
0.028396247084702
0.0296076182354936
0.0309395329599184
0.0321065100123253
0.0331633072601104
0.0339460813867984
0.0345501673686788
0.0349127000049237
0.0283821459429071
0.0308281849263363
0.0332844264616273
0.0357049574257064
0.0380351433715804
0.0401837924322886
0.0420726294524193
0.0436560362473758
0.0448267623520697
0.0455295745431258
0.0457232318758726
0.0452953123647496
0.0441296152493298
0.0420011276878025
0.0387581772067052
0.0344197229754991
0.0295685278999095
0.0251077341753354
0.0216813651289773
0.0190938584069171
0.0173634488701335
0.0165139713540192
0.00958384646238628
0.00887456842109255
0.00818210813828118
0.0075596410398364
0.00700391016880653
0.00649384826068322
0.00599004186217232
0.0055517967576988
0.00526368162828151
0.0049306653898412
0.00459263637750397
0.00433892054592872
0.00411858813712175
0.00393320595788969
0.00380488534552568
0.00372229692669803
0.00948501621897589
0.00873731774762174
0.00804777009116373
0.00742835293652959
0.00685992719362262
0.00632921604202201
0.00582531946156333
0.00535210366637039
0.0049402724273341
0.00461284132685047
0.00437548370875697
0.00421578610326124
0.00410833283985366
0.00403549102273906
0.00403599565840084
0.00449857307789406
0.00504487566852141
0.00564410791434276
0.00638045908661997
0.00716183466234561
0.00801092722604159
0.00910875953245131
0.010129111061914
0.0111954551181789
0.0122159905999069
0.0132046896171078
0.014073278784152
0.0147710775901348
0.0152705881201923
0.0155409393452213
0.00343302671842475
0.00319334063446805
0.00299197202761385
0.00285370276844065
0.00276945612646521
0.00272165665151989
0.00271561990864275
0.00273955028532515
0.00278176890379063
0.00283662276767039
0.00290047790437391
0.00296657496554884
0.00302374948531362
0.00305830998779031
0.00411138473266338
0.00424396126709312
0.00443492830990324
0.00470118024403075
0.00503902599626107
0.00545786587602986
0.0059379642267396
0.00650341642847567
0.00720216476244283
0.00802727670805718
0.00893952118629567
0.00993580538420339
0.0110698328079135
0.0124207405110906
0.00394364778115123
0.00391154600392671
0.00395120638470758
0.00407726120849338
0.00433910103093423
0.00471443366195797
0.00515902326743913
0.00577583584916846
0.00655593619761526
0.00749190513457789
0.00861595648303358
0.00982113920233367
0.0113112049269959
0.0130554540899879
0.0150653239385328
0.0172147987422835
0.0195532020534617
0.0221751946840301
0.0248729037177398
0.0275663907169142
0.0302204142992736
0.0327652937224141
0.0351016870609073
0.0370882441369103
0.0385878932326373
0.0394392220076701
0.0393143215523869
0.0378688886490089
0.034608617875779
0.0294618946898535
0.022826438214893
0.0142492141217048
0.0163853764588968
0.0188599315720039
0.02167260993206
0.02474738990714
0.0277023954587842
0.0302425053438416
0.0327358342962122
0.0352296037716401
0.0374488603850528
0.0394594001647391
0.0411480437645288
0.0425590469395716
0.0436573885552294
0.0442309490669175
0.0442587681755623
0.0435915773592924
0.0419071814707645
0.0390482031870576
0.0352277620414646
0.030759755120346
0.0258877898996889
0.021268223980972
0.0172984656542414
0.0138704585972279
0.0107480266046756
0.0119638643178597
0.0116438739349087
0.0114387511227569
0.00864471517673212
0.00656163175762395
0.00459384906578741
0.00290098533101732
0.00150520551459313
0.000280818362207518
0.00888023197803012
0.00709834261242471
0.00609435571867103
0.00549635813770778
-0.000396869983752961
-0.000848699669089771
-0.00111992700023629
-0.00125390794582408
-0.000222340366974542
-0.000523872106432426
-0.000660919343174075
0.0190411912984783
0.0155344168154587
0.0125623657409689
0.0098576465116169
0.00726048944025143
0.00485079020245261
0.0194380623311421
0.0164032615286686
0.0136625781889501
0.011237292664954
0.00909156907007788
0.00734041929096624
0.00568529227375318
0.00431741275900236
0.00311563296318201
0.0020745886425234
0.0011982831486103
0.000429875685116308
-0.000221188621905261
-0.000796470751043475
-0.00129120560047524
-0.00170647635603693
-0.00209190560433872
0.00355933044129228
0.00258395047512072
0.00169409860866494
0.000950862995561871
0.000268041786553435
-0.00031986662807893
-0.000828642276855117
-0.00126774242979247
-0.00164818435500888
-0.0019709581364544
-0.00225296236960526
-0.00249922843356478
-0.00270891527848699
-0.00288106024188039
-0.00301794248313624
-0.00312342365127339
-0.00320028141060205
-0.00325026800929031
-0.00327566540690722
0.00388932533333221
0.00318752897554216
0.00261422179400971
0.00221388987235904
0.00196219569267215
0.00183465629026741
-0.00235585892042284
-0.0026014257759921
-0.00280398473515014
-0.00295457876577658
-0.00306943046309686
-0.00314314120007126
-0.00318090459739229
-0.00230407603761503
-0.00247709752745854
-0.00259247976121131
-0.00264835426466081
