7.78378252372483e-05
7.78378252372483e-05
7.78378252372483e-05
7.78378252372483e-05
7.78378252372484e-05
7.78378252372484e-05
7.78378252372485e-05
7.78378252372483e-05
7.78378252372483e-05
7.78378252372484e-05
7.78378252372485e-05
7.78378252372486e-05
7.78378252372486e-05
7.78378252372487e-05
7.78378252372487e-05
7.78378252372483e-05
7.78378252372482e-05
7.78378252372481e-05
7.7837825237248e-05
7.78378252372481e-05
7.78378252372481e-05
7.78378252372481e-05
7.78378252372481e-05
7.78378252372481e-05
7.78378252372482e-05
7.78378252372483e-05
7.78378252372483e-05
7.78378252372484e-05
7.78378252372485e-05
7.78378252372486e-05
7.78378252372486e-05
7.78378252372487e-05
7.78378252372483e-05
7.78378252372482e-05
7.78378252372483e-05
7.78378252372482e-05
7.78378252372481e-05
7.78378252372481e-05
7.78378252372482e-05
7.78378252372481e-05
7.78378252372484e-05
7.78378252372486e-05
7.78378252372487e-05
7.78378252372488e-05
7.7837825237249e-05
7.78378252372484e-05
7.78378252372485e-05
7.78378252372485e-05
7.7837825237249e-05
7.78378252372491e-05
7.78378252372491e-05
7.78378252372492e-05
7.78378252372492e-05
7.78378252372493e-05
7.78378252372494e-05
7.78378252372494e-05
7.78378252372494e-05
7.78378252372495e-05
7.78378252372495e-05
7.78378252372495e-05
7.78378252372495e-05
7.78378252372496e-05
7.78378252372496e-05
7.78378252372496e-05
7.78378252372496e-05
7.78378252372496e-05
7.78378252372497e-05
7.78378252372497e-05
7.78378252372497e-05
7.78378252372497e-05
7.78378252372497e-05
7.78378252372496e-05
7.78378252372496e-05
7.78378252372496e-05
7.78378252372496e-05
7.78378252372497e-05
7.78378252372497e-05
7.78378252372497e-05
7.78378252372497e-05
7.78378252372497e-05
7.78378252372497e-05
7.78378252372497e-05
7.78378252372491e-05
7.78378252372492e-05
7.78378252372493e-05
7.78378252372494e-05
7.78378252372495e-05
7.78378252372495e-05
7.78378252372496e-05
7.78378252372495e-05
7.78378252372495e-05
7.78378252372495e-05
7.78378252372495e-05
7.78378252372486e-05
7.78378252372487e-05
7.78378252372489e-05
7.78378252372486e-05
7.78378252372486e-05
7.78378252372488e-05
7.7837825237249e-05
7.7837825237249e-05
7.78378252372491e-05
7.78378252372489e-05
7.7837825237249e-05
7.78378252372491e-05
7.78378252372491e-05
7.78378252372491e-05
7.78378252372491e-05
7.78378252372491e-05
7.78378252372491e-05
7.78378252372491e-05
7.78378252372492e-05
7.78378252372492e-05
7.78378252372493e-05
7.78378252372493e-05
7.78378252372494e-05
7.78378252372494e-05
7.78378252372494e-05
7.78378252372492e-05
7.78378252372493e-05
7.78378252372494e-05
7.78378252372496e-05
7.78378252372498e-05
7.783782523725e-05
7.78378252372492e-05
7.78378252372492e-05
7.78378252372493e-05
7.78378252372501e-05
7.78378252372503e-05
7.78378252372504e-05
7.78378252372505e-05
7.78378252372507e-05
7.78378252372508e-05
7.78378252372508e-05
7.78378252372508e-05
7.78378252372508e-05
7.78378252372508e-05
7.78378252372508e-05
7.78378252372508e-05
7.78378252372508e-05
7.78378252372507e-05
7.78378252372507e-05
7.78378252372507e-05
7.78378252372507e-05
7.78378252372507e-05
7.78378252372506e-05
7.78378252372506e-05
7.78378252372506e-05
7.78378252372506e-05
7.78378252372506e-05
7.78378252372507e-05
7.78378252372508e-05
7.78378252372508e-05
7.78378252372509e-05
7.7837825237251e-05
7.7837825237251e-05
7.78378252372511e-05
7.78378252372511e-05
7.78378252372511e-05
7.78378252372511e-05
7.78378252372511e-05
7.783782523725e-05
7.78378252372501e-05
7.78378252372501e-05
7.78378252372502e-05
7.78378252372502e-05
7.78378252372503e-05
7.78378252372504e-05
7.78378252372505e-05
7.78378252372506e-05
7.78378252372507e-05
7.78378252372507e-05
7.78378252372507e-05
7.78378252372508e-05
7.78378252372508e-05
7.78378252372508e-05
7.78378252372509e-05
7.78378252372509e-05
7.78378252372509e-05
7.78378252372509e-05
7.78378252372509e-05
7.78378252372509e-05
7.78378252372509e-05
7.7837825237251e-05
7.78378252372494e-05
7.78378252372494e-05
7.78378252372494e-05
7.78378252372494e-05
7.78378252372495e-05
7.78378252372495e-05
7.78378252372496e-05
7.78378252372496e-05
7.78378252372497e-05
7.78378252372498e-05
7.78378252372498e-05
7.78378252372498e-05
7.78378252372498e-05
7.78378252372494e-05
7.78378252372495e-05
7.78378252372496e-05
7.78378252372497e-05
7.78378252372498e-05
7.78378252372499e-05
7.783782523725e-05
7.783782523725e-05
7.783782523725e-05
7.783782523725e-05
7.783782523725e-05
7.783782523725e-05
7.78378252372499e-05
7.78378252372499e-05
7.783782523725e-05
7.783782523725e-05
7.783782523725e-05
7.783782523725e-05
7.783782523725e-05
7.783782523725e-05
7.783782523725e-05
7.783782523725e-05
7.78378252372501e-05
7.78378252372501e-05
7.78378252372502e-05
7.78378252372502e-05
7.78378252372502e-05
7.78378252372503e-05
7.78378252372504e-05
7.78378252372504e-05
7.78378252372504e-05
7.78378252372505e-05
7.78378252372505e-05
7.78378252372505e-05
7.78378252372505e-05
7.78378252372505e-05
7.78378252372505e-05
7.78378252372487e-05
7.78378252372487e-05
7.78378252372487e-05
7.78378252372486e-05
7.78378252372487e-05
7.78378252372487e-05
7.78378252372487e-05
7.78378252372487e-05
7.78378252372487e-05
7.78378252372488e-05
7.78378252372488e-05
7.78378252372489e-05
7.78378252372489e-05
7.7837825237249e-05
7.7837825237249e-05
7.7837825237249e-05
7.7837825237249e-05
7.7837825237249e-05
7.7837825237249e-05
7.7837825237249e-05
7.7837825237249e-05
7.7837825237249e-05
7.78378252372489e-05
7.78378252372489e-05
7.7837825237249e-05
7.78378252372491e-05
7.78378252372491e-05
7.7837825237249e-05
7.7837825237249e-05
7.78378252372489e-05
7.7837825237249e-05
7.7837825237249e-05
7.7837825237249e-05
7.7837825237249e-05
7.7837825237249e-05
7.7837825237249e-05
7.78378252372491e-05
7.78378252372491e-05
7.78378252372492e-05
7.78378252372492e-05
7.78378252372492e-05
7.78378252372492e-05
7.78378252372491e-05
7.78378252372491e-05
7.78378252372491e-05
7.78378252372491e-05
7.78378252372491e-05
7.78378252372491e-05
7.78378252372485e-05
7.78378252372486e-05
7.78378252372487e-05
7.78378252372486e-05
7.78378252372488e-05
7.78378252372488e-05
7.78378252372486e-05
7.78378252372487e-05
7.78378252372487e-05
7.78378252372487e-05
7.78378252372487e-05
7.78378252372488e-05
7.78378252372489e-05
7.7837825237249e-05
7.78378252372491e-05
7.78378252372492e-05
7.78378252372493e-05
7.78378252372493e-05
7.78378252372494e-05
7.78378252372495e-05
7.78378252372496e-05
7.78378252372497e-05
7.78378252372498e-05
7.78378252372499e-05
7.783782523725e-05
7.78378252372502e-05
7.78378252372503e-05
7.78378252372504e-05
7.78378252372505e-05
7.78378252372506e-05
7.78378252372506e-05
7.78378252372506e-05
7.78378252372507e-05
7.78378252372507e-05
7.78378252372508e-05
7.78378252372507e-05
7.78378252372507e-05
7.78378252372507e-05
7.78378252372507e-05
7.78378252372507e-05
7.78378252372507e-05
7.78378252372507e-05
7.78378252372508e-05
7.78378252372488e-05
7.78378252372488e-05
7.78378252372488e-05
7.78378252372489e-05
7.78378252372489e-05
7.7837825237249e-05
7.7837825237249e-05
7.78378252372491e-05
7.78378252372491e-05
7.78378252372491e-05
7.78378252372491e-05
7.78378252372491e-05
7.78378252372491e-05
7.78378252372488e-05
7.78378252372489e-05
7.78378252372491e-05
7.78378252372492e-05
7.78378252372492e-05
7.78378252372493e-05
7.7837825237249e-05
7.78378252372489e-05
7.78378252372488e-05
7.78378252372487e-05
7.78378252372486e-05
7.78378252372485e-05
7.78378252372485e-05
7.78378252372484e-05
7.78378252372483e-05
7.78378252372483e-05
7.78378252372483e-05
7.78378252372483e-05
7.78378252372483e-05
7.78378252372483e-05
7.78378252372483e-05
7.78378252372483e-05
7.78378252372483e-05
7.78378252372483e-05
7.78378252372483e-05
7.78378252372483e-05
7.78378252372484e-05
7.78378252372484e-05
7.78378252372485e-05
7.78378252372485e-05
7.78378252372485e-05
7.78378252372485e-05
7.78378252372485e-05
7.78378252372494e-05
7.78378252372494e-05
7.78378252372495e-05
7.78378252372496e-05
7.78378252372497e-05
7.78378252372499e-05
7.78378252372501e-05
7.78378252372502e-05
7.78378252372503e-05
7.78378252372503e-05
7.78378252372504e-05
7.78378252372504e-05
7.78378252372505e-05
7.78378252372506e-05
7.78378252372506e-05
7.78378252372507e-05
7.78378252372508e-05
7.78378252372509e-05
7.7837825237251e-05
7.7837825237251e-05
7.7837825237251e-05
7.78378252372511e-05
7.78378252372511e-05
7.7837825237251e-05
7.78378252372494e-05
7.78378252372495e-05
7.78378252372496e-05
7.78378252372496e-05
7.78378252372496e-05
7.78378252372497e-05
7.78378252372497e-05
7.78378252372497e-05
7.78378252372498e-05
7.78378252372498e-05
7.78378252372498e-05
7.78378252372499e-05
7.78378252372489e-05
7.78378252372489e-05
7.7837825237249e-05
7.78378252372491e-05
7.78378252372491e-05
7.78378252372491e-05
7.78378252372492e-05
7.78378252372492e-05
7.78378252372492e-05
7.78378252372493e-05
7.78378252372493e-05
7.78378252372493e-05
7.78378252372493e-05
7.78378252372494e-05
7.78378252372494e-05
7.78378252372495e-05
7.78378252372495e-05
7.78378252372496e-05
7.78378252372496e-05
7.78378252372496e-05
7.78378252372496e-05
7.78378252372496e-05
7.78378252372496e-05
7.78378252372489e-05
7.78378252372489e-05
7.7837825237249e-05
7.7837825237249e-05
7.78378252372491e-05
7.78378252372492e-05
7.78378252372492e-05
7.78378252372493e-05
7.78378252372493e-05
7.78378252372493e-05
7.78378252372493e-05
7.78378252372494e-05
7.78378252372494e-05
7.78378252372494e-05
7.78378252372494e-05
7.78378252372495e-05
7.78378252372495e-05
7.78378252372495e-05
7.78378252372495e-05
7.78378252372496e-05
7.78378252372496e-05
7.78378252372497e-05
7.78378252372497e-05
7.78378252372497e-05
7.78378252372498e-05
7.78378252372499e-05
7.78378252372499e-05
7.78378252372499e-05
7.78378252372499e-05
7.78378252372499e-05
7.783782523725e-05
7.783782523725e-05
7.783782523725e-05
7.783782523725e-05
7.783782523725e-05
7.78378252372488e-05
7.78378252372488e-05
7.78378252372487e-05
7.78378252372487e-05
7.78378252372487e-05
7.78378252372487e-05
7.78378252372487e-05
7.78378252372487e-05
7.78378252372487e-05
7.78378252372486e-05
7.78378252372486e-05
7.78378252372486e-05
7.78378252372485e-05
7.78378252372485e-05
7.78378252372485e-05
7.78378252372487e-05
7.78378252372487e-05
7.78378252372487e-05
7.78378252372486e-05
7.78378252372486e-05
7.78378252372486e-05
7.78378252372486e-05
7.78378252372486e-05
7.78378252372485e-05
7.78378252372485e-05
7.78378252372485e-05
7.78378252372485e-05
7.78378252372484e-05
7.78378252372484e-05
7.78378252372484e-05
7.78378252372484e-05
7.78378252372485e-05
7.78378252372485e-05
7.78378252372486e-05
7.78378252372487e-05
7.78378252372487e-05
7.78378252372487e-05
7.78378252372487e-05
7.78378252372487e-05
7.78378252372487e-05
7.78378252372486e-05
7.78378252372486e-05
7.78378252372486e-05
7.78378252372486e-05
7.78378252372486e-05
7.78378252372486e-05
7.78378252372485e-05
7.78378252372485e-05
7.78378252372484e-05
7.78378252372484e-05
7.78378252372484e-05
7.78378252372487e-05
7.78378252372487e-05
7.78378252372487e-05
7.78378252372487e-05
7.78378252372487e-05
7.78378252372487e-05
7.78378252372487e-05
7.78378252372488e-05
7.78378252372487e-05
7.78378252372488e-05
7.78378252372487e-05
7.78378252372487e-05
7.78378252372487e-05
7.78378252372487e-05
7.78378252372487e-05
7.78378252372487e-05
7.78378252372488e-05
7.78378252372489e-05
7.78378252372489e-05
7.78378252372489e-05
7.78378252372489e-05
7.78378252372489e-05
7.78378252372489e-05
7.78378252372489e-05
7.78378252372489e-05
7.78378252372489e-05
7.7837825237249e-05
7.7837825237249e-05
7.7837825237249e-05
7.78378252372487e-05
7.78378252372487e-05
7.78378252372487e-05
7.78378252372486e-05
7.78378252372487e-05
7.78378252372487e-05
7.78378252372487e-05
7.78378252372487e-05
7.78378252372488e-05
7.78378252372488e-05
7.78378252372488e-05
7.78378252372489e-05
7.78378252372488e-05
7.78378252372488e-05
7.78378252372488e-05
7.78378252372487e-05
7.78378252372487e-05
7.78378252372487e-05
7.78378252372487e-05
7.78378252372487e-05
7.78378252372487e-05
7.78378252372486e-05
7.78378252372486e-05
7.78378252372486e-05
7.78378252372487e-05
7.78378252372487e-05
7.78378252372487e-05
7.78378252372487e-05
7.78378252372487e-05
7.78378252372487e-05
7.78378252372488e-05
7.78378252372488e-05
7.78378252372481e-05
7.78378252372481e-05
7.78378252372481e-05
7.78378252372481e-05
7.78378252372481e-05
7.78378252372481e-05
7.78378252372481e-05
7.7837825237248e-05
7.7837825237248e-05
7.78378252372479e-05
7.78378252372479e-05
7.78378252372479e-05
7.78378252372478e-05
7.78378252372478e-05
7.78378252372478e-05
7.78378252372477e-05
7.78378252372477e-05
7.78378252372477e-05
7.78378252372477e-05
7.78378252372478e-05
7.78378252372478e-05
7.78378252372478e-05
7.78378252372478e-05
7.78378252372478e-05
7.78378252372479e-05
7.78378252372479e-05
7.7837825237248e-05
7.7837825237248e-05
7.78378252372481e-05
7.78378252372481e-05
7.78378252372481e-05
7.7837825237248e-05
7.7837825237248e-05
7.7837825237248e-05
7.78378252372482e-05
7.78378252372483e-05
7.78378252372485e-05
7.78378252372487e-05
7.78378252372478e-05
7.78378252372476e-05
7.78378252372475e-05
7.78378252372482e-05
7.78378252372484e-05
7.78378252372487e-05
7.78378252372489e-05
7.78378252372491e-05
7.78378252372476e-05
7.78378252372477e-05
7.78378252372478e-05
7.7837825237248e-05
7.78378252372474e-05
7.78378252372472e-05
7.78378252372471e-05
7.78378252372481e-05
7.78378252372483e-05
7.78378252372485e-05
7.78378252372486e-05
7.78378252372488e-05
7.78378252372489e-05
7.7837825237249e-05
7.78378252372491e-05
7.78378252372492e-05
7.78378252372493e-05
7.78378252372495e-05
7.78378252372496e-05
7.78378252372481e-05
7.78378252372482e-05
7.78378252372483e-05
7.78378252372484e-05
7.78378252372485e-05
7.78378252372485e-05
7.78378252372486e-05
7.78378252372486e-05
7.78378252372487e-05
7.78378252372487e-05
7.78378252372488e-05
7.78378252372488e-05
7.78378252372489e-05
7.7837825237249e-05
7.78378252372491e-05
7.78378252372492e-05
7.78378252372493e-05
7.78378252372493e-05
7.78378252372493e-05
7.78378252372494e-05
7.78378252372494e-05
7.78378252372494e-05
7.78378252372494e-05
7.78378252372494e-05
7.78378252372494e-05
7.78378252372496e-05
7.78378252372496e-05
7.78378252372497e-05
7.78378252372497e-05
7.78378252372497e-05
7.78378252372497e-05
7.78378252372497e-05
7.78378252372497e-05
7.78378252372498e-05
7.78378252372498e-05
7.78378252372498e-05
7.78378252372498e-05
7.78378252372498e-05
7.78378252372498e-05
7.78378252372499e-05
7.78378252372499e-05
7.78378252372499e-05
7.78378252372499e-05
7.78378252372499e-05
7.78378252372499e-05
7.78378252372499e-05
7.783782523725e-05
7.783782523725e-05
7.783782523725e-05
7.783782523725e-05
7.7837825237247e-05
7.7837825237247e-05
7.7837825237247e-05
7.7837825237247e-05
7.7837825237247e-05
7.7837825237247e-05
7.78378252372471e-05
7.78378252372471e-05
7.78378252372471e-05
7.78378252372471e-05
7.78378252372472e-05
7.78378252372472e-05
7.78378252372472e-05
7.78378252372472e-05
7.7837825237247e-05
7.78378252372469e-05
7.78378252372469e-05
7.78378252372468e-05
7.78378252372467e-05
7.78378252372466e-05
7.78378252372466e-05
7.78378252372465e-05
7.78378252372465e-05
7.78378252372464e-05
7.78378252372464e-05
7.78378252372463e-05
7.78378252372463e-05
7.78378252372464e-05
7.78378252372463e-05
7.78378252372464e-05
7.78378252372463e-05
7.78378252372463e-05
7.78378252372473e-05
7.78378252372473e-05
7.78378252372473e-05
7.78378252372473e-05
7.78378252372474e-05
7.78378252372474e-05
7.78378252372474e-05
7.78378252372475e-05
7.78378252372476e-05
7.78378252372477e-05
7.78378252372477e-05
7.78378252372478e-05
7.78378252372477e-05
7.78378252372477e-05
7.78378252372477e-05
7.78378252372477e-05
7.78378252372477e-05
7.78378252372477e-05
7.78378252372472e-05
7.78378252372472e-05
7.78378252372473e-05
7.78378252372473e-05
7.78378252372474e-05
7.78378252372474e-05
7.78378252372475e-05
7.78378252372475e-05
7.78378252372475e-05
7.78378252372476e-05
7.78378252372475e-05
7.78378252372494e-05
7.78378252372496e-05
7.78378252372498e-05
7.783782523725e-05
7.78378252372502e-05
7.78378252372504e-05
7.78378252372505e-05
7.78378252372506e-05
7.78378252372508e-05
7.78378252372509e-05
7.78378252372511e-05
7.78378252372492e-05
7.78378252372493e-05
7.78378252372494e-05
7.78378252372495e-05
7.78378252372495e-05
7.78378252372496e-05
7.78378252372496e-05
7.78378252372497e-05
7.78378252372498e-05
7.78378252372499e-05
7.78378252372499e-05
7.78378252372499e-05
7.78378252372499e-05
7.78378252372512e-05
7.78378252372512e-05
7.78378252372513e-05
7.78378252372514e-05
7.78378252372515e-05
7.78378252372515e-05
7.78378252372515e-05
7.78378252372515e-05
7.78378252372515e-05
7.78378252372511e-05
7.78378252372511e-05
7.78378252372511e-05
7.78378252372512e-05
7.78378252372512e-05
7.78378252372513e-05
7.78378252372513e-05
7.78378252372513e-05
7.78378252372514e-05
7.78378252372514e-05
7.78378252372514e-05
7.78378252372514e-05
7.78378252372514e-05
7.78378252372514e-05
7.78378252372515e-05
7.78378252372516e-05
7.78378252372518e-05
7.78378252372519e-05
7.7837825237252e-05
7.7837825237252e-05
7.7837825237252e-05
7.7837825237252e-05
7.78378252372488e-05
7.78378252372489e-05
7.7837825237249e-05
7.78378252372491e-05
7.78378252372492e-05
7.78378252372493e-05
7.78378252372494e-05
7.78378252372495e-05
7.78378252372496e-05
7.78378252372497e-05
7.78378252372498e-05
7.78378252372499e-05
7.78378252372499e-05
7.783782523725e-05
7.78378252372501e-05
7.78378252372502e-05
7.78378252372488e-05
7.78378252372489e-05
7.7837825237249e-05
7.78378252372492e-05
7.78378252372493e-05
7.78378252372495e-05
7.78378252372496e-05
7.78378252372497e-05
7.78378252372498e-05
7.78378252372499e-05
7.78378252372499e-05
7.78378252372499e-05
7.783782523725e-05
7.78378252372501e-05
7.78378252372503e-05
7.78378252372503e-05
7.78378252372504e-05
7.78378252372504e-05
7.78378252372505e-05
7.78378252372505e-05
7.78378252372505e-05
7.78378252372505e-05
7.78378252372505e-05
7.78378252372506e-05
7.78378252372506e-05
7.78378252372507e-05
7.78378252372507e-05
7.78378252372507e-05
7.78378252372507e-05
7.78378252372507e-05
7.78378252372502e-05
7.78378252372502e-05
7.78378252372502e-05
7.78378252372502e-05
7.78378252372502e-05
7.78378252372502e-05
7.78378252372502e-05
7.78378252372502e-05
7.78378252372502e-05
7.78378252372502e-05
7.78378252372502e-05
7.78378252372502e-05
7.78378252372502e-05
7.78378252372502e-05
7.78378252372502e-05
7.78378252372502e-05
7.78378252372502e-05
7.78378252372503e-05
7.78378252372504e-05
7.78378252372505e-05
7.78378252372506e-05
7.78378252372506e-05
7.78378252372507e-05
7.78378252372507e-05
7.78378252372507e-05
7.78378252372507e-05
7.78378252372507e-05
7.78378252372507e-05
7.78378252372501e-05
7.78378252372501e-05
7.78378252372502e-05
7.78378252372502e-05
7.78378252372503e-05
7.78378252372504e-05
7.78378252372504e-05
7.78378252372505e-05
7.78378252372506e-05
7.78378252372507e-05
7.78378252372508e-05
7.78378252372508e-05
7.78378252372508e-05
7.78378252372509e-05
7.7837825237251e-05
7.7837825237251e-05
7.78378252372511e-05
7.78378252372512e-05
7.78378252372513e-05
7.78378252372514e-05
7.78378252372514e-05
7.78378252372515e-05
7.78378252372516e-05
7.78378252372516e-05
7.78378252372517e-05
7.78378252372518e-05
7.78378252372518e-05
7.78378252372519e-05
7.7837825237252e-05
7.7837825237252e-05
7.78378252372521e-05
7.78378252372507e-05
7.78378252372507e-05
7.78378252372506e-05
7.78378252372506e-05
7.78378252372506e-05
7.78378252372507e-05
7.78378252372506e-05
7.78378252372506e-05
7.78378252372506e-05
7.78378252372506e-05
7.78378252372506e-05
7.78378252372505e-05
7.78378252372505e-05
7.78378252372504e-05
7.78378252372504e-05
7.78378252372503e-05
7.78378252372503e-05
7.78378252372503e-05
7.78378252372503e-05
7.78378252372503e-05
7.78378252372503e-05
7.78378252372502e-05
7.78378252372502e-05
7.78378252372501e-05
7.783782523725e-05
7.78378252372499e-05
7.78378252372507e-05
7.78378252372507e-05
7.78378252372506e-05
7.78378252372499e-05
7.78378252372499e-05
7.78378252372498e-05
7.78378252372498e-05
7.78378252372498e-05
7.78378252372497e-05
7.78378252372498e-05
7.78378252372498e-05
7.78378252372497e-05
7.78378252372497e-05
7.78378252372497e-05
7.78378252372497e-05
7.78378252372497e-05
7.78378252372497e-05
7.78378252372497e-05
7.78378252372497e-05
7.78378252372497e-05
7.78378252372522e-05
7.78378252372523e-05
7.78378252372524e-05
7.78378252372525e-05
7.78378252372527e-05
7.78378252372528e-05
7.78378252372521e-05
7.7837825237252e-05
7.7837825237252e-05
7.7837825237252e-05
7.7837825237252e-05
7.7837825237252e-05
7.78378252372519e-05
7.78378252372519e-05
7.78378252372518e-05
7.78378252372518e-05
7.78378252372517e-05
7.78378252372517e-05
7.78378252372517e-05
7.78378252372516e-05
7.78378252372516e-05
7.78378252372516e-05
7.78378252372516e-05
7.78378252372531e-05
7.78378252372533e-05
7.78378252372534e-05
7.78378252372536e-05
7.78378252372537e-05
7.78378252372539e-05
7.78378252372539e-05
7.7837825237254e-05
7.78378252372541e-05
7.78378252372542e-05
7.78378252372542e-05
7.78378252372543e-05
7.78378252372543e-05
7.78378252372543e-05
7.78378252372543e-05
7.78378252372544e-05
7.78378252372544e-05
7.78378252372544e-05
7.78378252372544e-05
7.78378252372528e-05
7.78378252372527e-05
7.78378252372526e-05
7.78378252372526e-05
7.78378252372525e-05
7.78378252372525e-05
7.78378252372515e-05
7.78378252372515e-05
7.78378252372515e-05
7.78378252372515e-05
7.78378252372515e-05
7.78378252372515e-05
7.78378252372515e-05
7.78378252372516e-05
7.78378252372516e-05
7.78378252372516e-05
7.78378252372516e-05
