0.05
0.0373529716796391
0.0347079180580697
0.0303817368634004
0.0357039766626267
0.033465115643068
0.0313154765993738
0.0373543849826462
0.0357275466173125
0.0338471449978929
0.0334382772878431
0.0337149284878407
0.0341671108475806
0.0349111287365708
0.0355543642261033
0.0374776419295015
0.0335094886763663
0.0302988846895065
0.0299092767686381
0.0286198749378602
0.0273248007887528
0.0269690249320795
0.0267256470531354
0.0263937534637403
0.0257211449650156
0.024225283493303
0.0221179007040134
0.0200099640551702
0.0180083426969937
0.0161375170553936
0.0143963840739139
0.0126899598171135
0.0372065020690641
0.0355090080807072
0.0333007042576726
0.0315597760714466
0.0301811576410983
0.0291737117309144
0.0284380954207585
0.0277833627711966
0.0286475517975694
0.0270880195093766
0.0252878618674489
0.0234267014795682
0.021005921816635
0.0276022123709802
0.0251289160055546
0.0226349629132364
0.0195397414852294
0.0179017059819667
0.0162650853657843
0.0148346839154565
0.0134325676372313
0.0120812732289475
0.0109179511036708
0.00981708382572096
0.00874797655129883
0.00780186831385362
0.00691617613139886
0.00610173396624498
0.00533019432997504
0.00463434275294634
0.00401124909988254
0.00341389589102094
0.00286072306480358
0.00232232288811864
0.00177749148371155
0.00123890051296144
0.000737419305626844
0.000280298218605837
-0.000124203538575464
-0.000471564729467344
-0.000857013059799272
-0.00127315258989587
-0.00165351291642802
-0.00199910853605977
-0.00228833521102343
-0.00253311644034447
-0.00272928389271531
-0.00287437309366163
-0.00297025948299101
-0.00301949963426004
0.0203251062082363
0.0197745572867274
0.019179740001707
0.018556782581855
0.017994934115651
0.0175026319260757
0.01704174043743
0.0167075759223591
0.0164490648738441
0.0162592486097723
0.0161597395281015
0.02131282238862
0.0196734807546888
0.0175474648975745
0.0196427959302139
0.0160455609170283
0.0124937854028669
0.016969785889671
0.0163363529102484
0.0156375726097917
0.0161358481893495
0.0140137474536824
0.0116071550007206
0.00993860997774174
0.00851696679194294
0.00703020534744023
0.00559026402689022
0.00447478717539749
0.00353984242125143
0.00265176566482713
0.00190542589215893
0.00126613878701176
0.000765266453457507
0.000413163643111939
0.000192481974202665
7.0257836406006e-05
0.0145233057114376
0.0130058903706633
0.0112726029093374
0.00973234071331279
0.00854505546300499
0.0075474701863656
0.0147490408606699
0.0139202554479386
0.0130656971949244
0.00702900499318376
0.00671845074896408
0.00667883570511141
0.00691332660991336
0.00745907741220733
0.00832546786817471
0.00947390989810199
0.0109720153960829
0.012956713355596
0.0155067395351298
0.0185877586957609
0.0220400536988173
0.0256742069598079
0.029360112907767
0.0329270949198167
0.0361682899669871
0.0388478800019991
0.0407381470815089
0.0415876815693916
0.041045951600626
0.0386276647924701
0.0341731605227794
0.0284036263456484
0.0222217099785804
0.0180461846419052
0.0135618155768214
0.010233269165646
0.00753137284747282
0.00544740296737252
0.00393018419723801
0.00276000808345776
0.00190112000307132
0.0014351400124281
0.00111756434543599
0.00729085585818523
0.00729032933807634
0.0075556621314118
0.00819032263173466
0.00919741691389648
0.0105935902040212
0.0123230795436289
0.0146364834940102
0.0174143262463827
0.0206828858817552
0.0242684301816994
0.0280413142115296
0.0318378573768907
0.0354162273035482
0.0386224388510967
0.0415443309863959
0.0439166502629984
0.0456427548008293
0.0468223632668774
0.0475604611485975
0.0479451485810737
0.0480890817977614
0.0481175794104369
0.0116930527643821
0.0104212043900869
0.00927967676309223
0.00827847852473699
0.00739943343924256
0.00661625236364409
0.00591296950259251
0.00530916764002829
0.00481254892883853
0.00441443759022412
0.00411303244729973
0.00391106120647681
0.00380668284823508
0.0119243440016083
0.0108219900788738
0.00979685121869376
0.00890858516713608
0.00811629753884276
0.00742455738628749
0.00685509847292357
0.00636792760906822
0.00589035202042613
0.0054465403595017
0.00507945803631065
0.00482380145952413
0.00468246888122126
0.00465119002919928
0.00473341539500465
0.00493084931832154
0.00523878595246123
0.00564693298185662
0.00620054950498824
0.00717355949285388
0.00860795495413365
0.0101374689440633
0.0121585887264085
0.01430735046273
0.0167505700981751
0.0196168122168466
0.0228176091456381
0.0260939850458742
0.029146735526939
0.031830417497581
0.0342323241250044
0.0364122319721079
0.0381670817190449
0.039694871894789
0.0410293848718297
0.0419121402475975
0.0423749612487111
0.0109291388613336
0.00955312765655075
0.0083148837258488
0.00708717338274164
0.00603193855070142
0.00491273516057138
0.0039346461853852
0.00310525432366561
0.00224137013600187
0.00145492513105126
0.00090486752535421
0.000105791516528386
-0.000409549274731528
-0.00103006790157611
-0.0016564879551688
-0.00211854750281675
-0.00240983083309598
-0.00270136191504187
-0.00294613501478353
-0.00312484861635311
-0.0032474961337457
-0.00330620952990602
0.0112640218887833
0.0101116190826407
0.00902433658670489
0.00800365629330638
0.00708967474695714
0.00627279495961741
0.00553372905455469
0.00481636880702322
0.00423180916324813
0.00365939557004981
0.00310260987267019
0.002581818764132
0.00187627151591218
0.00119765534357716
0.000601188136554906
7.14099680010204e-05
-0.000382387487123283
-0.000780395548709201
-0.00110055489963439
-0.00141785962775464
-0.00169274143241979
-0.00191258909586335
-0.00208281693033506
-0.00221113295130542
-0.00229369212800821
-0.00233733226025457
0.0305898815949814
0.0297517429336144
0.0286938364491238
0.0307315167556817
0.0304556514791843
0.0304354741944459
0.0281252821567947
0.0274199135526845
0.0264984591362037
0.0285788862330451
0.0291847554277037
0.0306176836837305
0.0322162263382739
0.033684120438692
0.0352174214447103
0.0368010043792971
0.0382467309853134
0.0393706349499274
0.0401807840675394
0.0405106408551973
0.0402435918358633
0.0391618261607064
0.0365889919666505
0.0321486589974321
0.027704097999858
0.0223293551982057
0.0182899033329643
0.0145951951473464
0.0116622193871096
0.00894690576272408
0.00669845071539305
0.00489360789270163
0.00333912204277137
0.00200832804551835
0.000886370222466394
-7.28164021752992e-05
-0.000827854565661886
-0.0014480434682508
-0.00202135994758526
-0.00244361073969911
-0.00274101349949386
-0.0029358572675409
-0.00303663369646375
0.0232757657987383
0.0194391275279047
0.0157704485173526
0.0126493739258907
0.0101633253769231
0.00811889206958013
0.00645130373243054
0.00507810947291209
0.00402426843411756
0.00321994772573967
0.00264171629764066
0.00227187784787812
0.00208251254654219
0.0250640629982634
0.0242396497161938
0.0237390929521484
0.023292975650023
0.0229683348128674
0.0227605332875823
0.024425513142881
0.0256741045326111
0.0275858858364559
0.0296797229357192
0.0319368131529625
0.0343296729212921
0.0366717665652261
0.0388379559236921
0.0407532411606255
0.0422321465419251
0.0431876225512058
0.0434856301366223
0.0429562096691251
0.0413627684796624
0.0385185193180746
0.0344816291713373
0.0298407066004681
0.025155908366429
0.0210920894150327
0.017774489355276
0.0150838235705409
0.0127011566333727
0.010741662142325
0.00925791782786364
0.00820750931128522
0.00759195267786032
0.00724393305392282
0.0240862631777731
0.0259747809412594
0.0284252085333478
0.031168078100591
0.0336814600757714
0.0361332523015444
0.0385892263067726
0.0405958472522764
0.0420734144070995
0.0433227005773896
0.0440433997767998
0.0439480918503733
0.0429094009201824
0.0410688688307292
0.0377917109228729
0.0334274245942443
0.0284811213353312
0.0238675836959261
0.0200342203859591
0.0174277958266999
0.0154589139951289
0.0137477647211081
0.0125200187091987
0.0119611717823046
0.0214615972727849
0.0204004383280043
0.019666910189196
0.0191122428216723
0.0187743055700491
0.018549304289472
0.0184435512625019
0.0184249566357954
0.0184537973233696
0.0185120919048298
0.0185679621600935
0.0186072779167289
0.0310370772959898
0.0319885091394425
0.033200757148828
0.0345535481444183
0.0355697814156596
0.0360902795457786
0.0361760260675587
0.035749962470811
0.0348561753005896
0.033481580795115
0.0316417728121474
0.0295571630574224
0.0274618857829307
0.0251215242892347
0.0226366893966783
0.0203971353948037
0.0185391653153159
0.0169827998678106
0.0157010887478419
0.0147038366995798
0.0139962459404703
0.0135391824897508
0.0132767122703826
0.0300646225879612
0.0296721312362124
0.0291422058301774
0.0282928187329698
0.027034730006931
0.0254539118090161
0.0236557052412132
0.0217080957166805
0.0197179829618808
0.0177651035866242
0.0158916532794897
0.014181288827285
0.0125232672104569
0.0109228367095844
0.0094760094134671
0.00817834074002964
0.00699209298066475
0.00589298661894696
0.00487646650145145
0.00395393851361831
0.00310912615942295
0.00233776107810925
0.00165377549987458
0.00101911853359575
0.000336656192635953
-0.000341540699937417
-0.000958674188849436
-0.00151227504257693
-0.00198444634804645
-0.0023839794468179
-0.00272093096388764
-0.00298084440997578
-0.00318487858498912
-0.00331016489853433
-0.00337905275263038
0.0347241977155245
0.0332564856133666
0.0308154283827025
0.0368343629081024
0.037795797626524
0.0382727757492231
0.0300428305649917
0.028633267520168
0.0268498383942731
0.0249494074903934
0.0233494553266681
0.0219255288555792
0.0208142647509216
0.020071026586847
0.0196963882377765
0.0271101584998352
0.0232591222056834
0.0193940681838802
0.0155856065391989
0.0135753959725144
0.0119281564241925
0.0103646546160739
0.00895190342060689
0.00772809930639672
0.00660798430342449
0.00559692013378585
0.00467984006376088
0.00383824389042541
0.00306421356007189
0.00234224975887958
0.00167214126119365
0.00105857069345478
0.000511196993615178
2.32395461485074e-05
-0.000459167817522319
-0.000945628422220876
-0.00138766983610112
-0.00178956535102451
-0.00214552773433996
-0.00244588252395384
-0.00269336704641603
-0.00289510327835256
-0.00304580024810669
-0.00314490970083821
-0.00319619869571887
0.0142267839590361
0.0132015537421852
0.0124556262874429
0.0117268965353334
0.0113944905184118
0.0111596970587379
0.0118802763872144
0.0110331111678362
0.0101397464022555
0.00924425832353889
0.00839572573439816
0.00760030609901756
0.00685379583886749
0.00614430065893339
0.00544783081913719
0.00476112888945607
0.00411188140535134
0.00350969759091202
0.00290994085395322
0.00230405967167913
0.0017260210798652
0.00116907325723977
0.000633018483818011
0.000121867801377858
-0.000360186645894698
-0.000809257619948565
-0.00122277824654409
-0.00160015863943086
-0.00193868008038516
-0.00223410997777281
-0.00248388550758481
-0.00268605466218354
-0.00283850090335103
-0.00293973869722074
-0.00299181236178352
0.0117215429501116
0.0109114114758888
0.0101286561666967
0.00939281790254591
0.00870516620944072
0.00810770168513021
0.00756003008485982
0.00698454882903152
0.00640453098209781
0.00587565126003773
0.0053935019549882
0.00490252909818206
0.00437039279464695
0.00375796539193549
0.00314345681418397
0.00256632033211261
0.00201045302792478
0.00147701130935408
0.000962962777110781
0.000455724071166853
-3.77074932174493e-06
-0.000488956375326555
-0.000810657854122462
-0.00113462424335861
-0.00151258576435358
-0.00184265837276186
-0.00214280147724169
-0.00241317382623211
-0.00262374507671497
-0.00278671433724893
-0.00289647525018463
-0.00295449545144996
0.0271761072546981
0.0265520036691235
0.0260724307982742
0.0257856901822766
0.0256564050964132
0.0274572229889684
0.0269463231079076
0.0263278078683079
0.0257881903031459
0.0251092158330718
0.0241986346020137
0.0232412967320766
0.0221362536498632
0.0207925722097083
0.0192134046812226
0.0177892116242474
0.0163947035944143
0.0150599683429099
0.0138002492432828
0.0126403054615559
0.011592148006039
0.010636685332703
0.00983414355538049
0.00888613213175698
0.00803622943162808
0.00737124757127604
0.00680232815921927
0.00633188048369958
0.0059902118348732
0.00577655613929882
0.00565609243745947
0.0272612414259736
0.0300348726055007
0.0335889795447118
0.0238843545871423
0.0215181541625779
0.0190033096204959
0.016686158100969
0.0356942234198831
0.0372074795835262
0.0383544201109926
0.034363586582771
0.0352178649647857
0.0363083195566788
0.0373361519694454
0.0388987811125014
0.0389193011931351
0.0402325902868289
0.0419961528306153
0.0435531593975299
0.0395409634399201
0.0406845097256571
0.0418788247978301
0.0440238832270669
0.0437823107945806
0.0423786076739195
0.0396949877975197
0.0352041648607694
0.0293926161947272
0.0238350107760601
0.0186653209595709
0.0143459129560918
0.0108585882232212
0.00801966973006543
0.00533242396250414
0.0441520932243369
0.0442204027051452
0.0434933682963809
0.042195747549309
0.0393110506715572
0.0360486380164393
0.0311498196022586
0.0259442452674666
0.0217285985264292
0.0180868031800445
0.0149534049906095
0.0123454862214938
0.0103895402828366
0.00882761300401083
0.00734237081012971
0.00618781618470232
0.00514445064012872
0.0043522353729555
0.00368045847325277
0.00313167785651795
0.00272024088716064
0.00239458722284186
0.00215208206937599
0.0020077193760249
0.00193618090169584
0.00437366745609642
0.00363287376790904
0.00308320967254065
0.0027247500451717
0.00243066346912136
0.00226202773725178
0.00217219700078053
0.00402314174904703
0.00294181666694198
0.00201875843700151
0.00127588903233376
0.000634611626938699
6.58229450822348e-05
-0.000429274175772336
-0.000863566741927645
-0.00123895689220277
-0.00156059662038547
-0.00184838264871998
-0.00210092343152655
-0.00231262758760707
-0.00247925277366631
-0.0026046700329763
-0.00270041895522538
-0.00276553173525479
-0.00279814989739902
0.0423473339535144
0.0428772948364216
0.0434352270567183
0.0439260897178036
0.0441957137413172
0.0441137219721129
0.0435642391197229
0.0423998475747965
0.0404459342124195
0.0375619782034211
0.0337825541883775
0.0293968620229786
0.0248133392258881
0.0201283385622357
0.0425073846320008
0.0431743806674195
0.0438592175279248
0.0445415726205976
0.0451377498877133
0.045707358140833
0.0462374854154967
0.046705404442428
0.0471185944249939
0.0475101978558211
0.0478794332280346
0.0481899556309055
0.0484229096980942
0.0485941367496288
0.0487107797911882
0.0487939493539204
0.0488431565808976
0.0488691165592375
0.0174831048589034
0.0152508614253864
0.0133430269748948
0.0114563922074768
0.00993508294742571
0.00874845638771762
0.00748010224761296
0.00614139913041088
0.00499573254083517
0.00410029968536308
0.00339915624305728
0.00282715882840527
0.00233838507623956
0.00193560377408357
0.00162862524292828
0.00141968476005951
0.00128426115799648
0.00120977467616824
0.0177043578612528
0.0156641197444157
0.0139581911907796
0.0125190703520297
0.0112790447940546
0.0101932687403688
0.0092752890060749
0.00855906900526265
0.00804149368037378
0.00770648764896743
0.00753693004715295
0.0400250807219261
0.0412795149858552
0.0424868110082593
0.0432554506575027
0.0434118043099521
0.04272575243322
0.0409132387185615
0.0373610299167519
0.0322057664482063
0.0261919733148538
0.0198611790258395
0.0397432853170046
0.0408288643665818
0.0418698468889368
0.0430530721602842
0.0440326677301698
0.0451254644860095
0.0460120155898354
0.0467338108326733
0.0473702663529105
0.0477144565140132
0.04803019252322
0.0482204214054436
0.0483131908501587
0.0167112145476901
0.0142354645440883
0.01228131874629
0.0105402550615296
0.00926119856196902
0.00825565741726894
0.00758381884468095
0.0071034799238723
0.0068304366984315
0.0165582220944103
0.0137104192527135
0.0112907125088302
0.00923849094526877
0.00749518959229894
0.00602660539610375
0.00479016830942931
0.00373007379847588
0.00283970469936183
0.00209471729672205
0.00144110484618429
0.000895197163747461
0.00043869860687768
4.85308539138043e-05
-0.00028454545741297
-0.000580167362336652
-0.000838146272059165
-0.00104800913645221
-0.00120265871891957
-0.00131883589755175
-0.00139717392318889
-0.00143598462888624
0.0159423958148826
0.0154276327269231
0.0152439957552794
0.0154244822142878
0.015948602105763
0.0168211091818881
0.0181601850528696
0.0198215111091629
0.0212274139331484
0.023243268130929
0.0258320706938369
0.0282548972761463
0.0308558044783253
0.0336550921028667
0.0363016809737963
0.0389942656414728
0.0156799003665805
0.0149384493416469
0.014514440247166
0.0144037997723789
0.0145942227173553
0.0151037380421252
0.0159885961483612
0.0173231331902609
0.0190816572180186
0.0211230308951049
0.0232361656872509
0.0252577910005091
0.0272766366685256
0.0298107184126466
0.0405671924140911
0.0423033158589126
0.0437697669168138
0.0448342863801968
0.0455514066459041
0.0457416963571814
0.0453774437507588
0.044067323973026
0.0419163667963844
0.0386838565330932
0.034808166757043
0.0306405802662274
0.0269220863380657
0.0240251781531554
0.0220393157692075
0.0210020067370107
0.0406448791879617
0.0422120363279417
0.043750892933814
0.0450264787450513
0.04602173694254
0.0469043982903155
0.0475385249509454
0.047938046089062
0.0481665759074721
0.0482760629075926
0.0482922717256665
0.0482359759232792
0.0481438424918769
0.0480716038966099
0.031664411303279
0.0333895535074899
0.0350810056474002
0.036820153213222
0.0384944400177907
0.0400802612892069
0.0414585985275343
0.042661519773654
0.043693383437066
0.0444327888456557
0.0447931169446446
0.0447563277923092
0.0442675209985296
0.043181001345011
0.0306960417136209
0.031759530042599
0.0328400148482605
0.0341288469799616
0.0358434854479017
0.0376104192442758
0.0391504686624725
0.0407240910006107
0.042154064961991
0.0433071244547088
0.0441124927592974
0.0444530205996908
0.0443015970015771
0.0434584578476903
0.0417029745538819
0.0390050297127942
0.0353560608533571
0.0308574848034333
0.0263048904636582
0.0221334718553877
0.0184647715006799
0.0153161487138008
0.0126519630281914
0.0104296561921375
0.00856821281676538
0.0069508506812657
0.00556219175741056
0.00438932838044836
0.00333381831003398
0.0023806162523608
0.00144411349960842
0.0408657932263204
0.0377072465883667
0.033689862084495
0.0290628243258785
0.0243140916736897
0.0202320821633501
0.0171195518604707
0.0144002041140937
0.0119728743007562
0.0100110098419166
0.00835039246012189
0.00699173513990012
0.00581300735479174
0.00473395665713075
0.00384779802244298
0.00312357601154551
0.00243309966954625
0.00180929556093398
0.00127605206219728
0.000829012802842903
0.000434638181804143
6.13727736602423e-05
-0.000280700606718093
-0.000583953702812994
-0.000862263454393224
-0.00113505412006306
0.0440445383554793
0.0444810914970115
0.0446763546612418
-0.00140264251602729
-0.00171297056776383
-0.0020519051262791
-0.00238342124973505
-0.00268906885836999
-0.00298173233037348
-0.00122250929913471
-0.00130699396630012
-0.00135506210287404
-0.00138390988297364
-0.00316805349150488
-0.00330369448299843
-0.00339038980195033
-0.00343491801567583
-0.0030939307366487
-0.0031648301048381
-0.00319806393617215
0.000950732998323181
0.000510901475878399
0.000131835863301581
-0.000227745913598093
-0.00059324768517547
-0.000954934965202626
0.000995214070035846
0.000609519801934728
0.000253590626088102
-8.09707538587551e-05
-0.000403803702514205
-0.000695621630533957
-0.00100541295458639
-0.0012961348882757
-0.00158724224136649
-0.00187564329801053
-0.00215265471360645
-0.00242882545915877
-0.00269328147566016
-0.00295549910585476
-0.00320629518889589
-0.00343722390286201
-0.00366910710063907
-0.00129205755335732
-0.00157798991545288
-0.00187055528365392
-0.00214432250653611
-0.00242577253942434
-0.00269653880216102
-0.00295691941118105
-0.00320505934452452
-0.00344083097851927
-0.00365841460477048
-0.00386363639763839
-0.00405584442326145
-0.00423007813686688
-0.00438103478384369
-0.0045065385102407
-0.00460675815319021
-0.00468179831442357
-0.00473155291813118
-0.00475713470143062
-0.000970585222692747
-0.00097941186568871
-0.00098486137823401
-0.000987727497596632
-0.000989125435002277
-0.000989708565481759
-0.00387075118877982
-0.00407600784685672
-0.00425866732493933
-0.00440298734305468
-0.00451846669499202
-0.00459517326937902
-0.00463532121029201
-0.00376885120391135
-0.00385460765081944
-0.00391406473207931
-0.00394354996822388
