0.05
0.0371636216530045
0.0345179467082268
0.0301659703331747
0.0355071910518936
0.033227822605267
0.0308175890581764
0.0371235260783752
0.0347865042302079
0.0309653912345759
0.0284183040486639
0.0263833178410739
0.0247979753564619
0.0225675060381679
0.0196780506674734
0.0372310047152073
0.0302007569058083
0.023683137598062
0.0227082115755156
0.0186815100841579
0.0146999340112894
0.013763492741626
0.0132737339225648
0.0127953287005394
0.0121059264718533
0.010946494180637
0.00960002320277399
0.00845179642036126
0.00749215786215684
0.00668333463128624
0.00599550236336087
0.00537856697598181
0.0370180039842511
0.0353218145116248
0.0331018192778486
0.0313349307251971
0.0299156806388246
0.0288572372060594
0.0280595092624534
0.0273172347412804
0.0279919833344768
0.0258430446938871
0.0232911889119325
0.0207375397715845
0.0176222867703919
0.0275083711830849
0.0251347587297786
0.0227310162613847
0.0161886876010103
0.0146690468810707
0.0132090901034513
0.0119696309120495
0.0107842674823116
0.00966912552620711
0.00873226723411991
0.00786877719035678
0.00705640138329875
0.00636435552517344
0.00574523707772822
0.0052066611079618
0.00473052020527876
0.00433653919380652
0.00401935871403627
0.00375528872849849
0.00355440692040482
0.00340638527433368
0.00330870986587244
0.00326803893902521
0.00328826762457165
0.00336835790470751
0.00350393335462153
0.00368187383511275
0.00395329715464832
0.00433069498393453
0.00475357930573347
0.00521295499894003
0.00566258299619904
0.00609797357304365
0.00648867142688505
0.00680440935961908
0.0070268076298922
0.00714565843090427
0.016363225163753
0.0154433152772578
0.0145260636484115
0.0136325573371524
0.0128727702905398
0.0122362322559782
0.0116614090416791
0.011255150277244
0.01094640917984
0.0107226316747953
0.0106062537980342
0.0214296996751225
0.0198060435748707
0.0176910902951451
0.0198798481087164
0.0164073930074086
0.0129386849571701
0.0171127067389932
0.0164778540118237
0.0157769113980251
0.0162990097439156
0.0141932495171922
0.0117941996058928
0.0101257516272116
0.0087013281711734
0.00720935526076273
0.00576255796719791
0.00464074241652724
0.0036998411926982
0.00280558381095941
0.00205368519650236
0.00140938592178733
0.000904433446399647
0.000549382612231457
0.00032681831905597
0.000203538917031838
0.0146538999921753
0.0131072791493153
0.0113241898500234
0.00972135375837699
0.00846641827227042
0.00738669157142567
0.0148847204540147
0.0140515243064029
0.0131915790802619
0.00693887937807315
0.00669895408106024
0.00672268029036228
0.00701465837020345
0.00761643979170129
0.00853706910901076
0.00973776778794257
0.0112899253510888
0.0133323227610029
0.0159385744457747
0.0190627832527501
0.0225358939319349
0.0261735993814872
0.0298665957411417
0.033474950209365
0.0368256314238714
0.0397168686331878
0.0419634571732335
0.0433909448628775
0.0437157707183222
0.0425943198570458
0.0394902585755362
0.0341807819369405
0.0271990712999576
0.0221032473850307
0.0164953372359443
0.0123598401075627
0.00905221776101198
0.00654228982185951
0.00474182126614392
0.00337120297310053
0.00237640132570405
0.00184062547065164
0.00147761840779368
0.00697695922652806
0.00680854500353957
0.00689099045336632
0.00728625242744702
0.00801031827959355
0.00907905261973748
0.0104485237979088
0.0123243960408924
0.0146329179974464
0.0174375364133862
0.0206469482572664
0.0241909751807847
0.0279311026247627
0.0316134557845837
0.035062970992271
0.038390809308787
0.0413178798284319
0.0436849359265679
0.0455381023852401
0.0469339575632961
0.0478968211327541
0.0484740720281474
0.0487443477744146
0.0118057596516199
0.0105180401972227
0.0093598950686229
0.00834258315204761
0.00744836598767139
0.00665095255264676
0.00593437148645808
0.0053187973961658
0.00481226958700943
0.00440607581754656
0.00409847319684741
0.0038923123998748
0.00378575733467628
0.0120433329862955
0.0109307830123898
0.00989318375700605
0.00899151652605361
0.00818476457779017
0.00747780020048358
0.00689308090399165
0.00638973904408767
0.00589209510893626
0.00542414565964496
0.0050302143024814
0.00474674799692213
0.00457685158212287
0.00451489207572164
0.0045656433133811
0.00473069251980992
0.00500625173598275
0.00538193497965808
0.00589862656019055
0.00681361017613516
0.00816816064831533
0.0096165093722664
0.0115346781084313
0.01357946917819
0.0159140676115754
0.0186719192484128
0.0217838382424486
0.0250086000636367
0.0280470825563306
0.0307409196818088
0.0331669494482941
0.0353801653759518
0.0371704824104389
0.0387368095890514
0.040111739809641
0.0410249067617635
0.041505022845907
0.0114122644380981
0.0100569865075018
0.00882745531125692
0.00759902067344061
0.00653550586549764
0.00539930689336403
0.00439911661712291
0.00354521572410676
0.00264960103775075
0.00182876765990169
0.00125175429525412
0.000409008195180189
-0.000137322362750627
-0.000798367186533982
-0.00146934434686654
-0.00196667785936554
-0.00228128994681688
-0.00259712629290092
-0.00286307036735649
-0.00305769288947027
-0.00319149336943034
-0.00325561343347618
0.0117185068701289
0.0105611111803516
0.00945632166566956
0.00840682739532163
0.00745540610411755
0.00659425578750459
0.00580485102357782
0.00502753514324144
0.00438437475511169
0.0037438156208202
0.00310869657460541
0.00250419361037859
0.0016725033496879
0.000861031424371549
0.000137664783412186
-0.000514071839006379
-0.00108017192421948
-0.00158352430092373
-0.00199391703755608
-0.00240679410640426
-0.00277059434367779
-0.00306632758939607
-0.00329838573809323
-0.00347524392242253
-0.00358997616835594
-0.00365095561581998
0.0301107484079222
0.0292477118230486
0.0280811613362198
0.0296874814058219
0.0286158783954617
0.027439279533576
0.0275179507963844
0.0267965819942844
0.0258251911705724
0.027276109517465
0.0259421251891843
0.0240403128249285
0.0222014401973499
0.0205964786286513
0.0189604032731832
0.0172804916521816
0.0156993689042815
0.0143377723113029
0.0130742753794259
0.0119831696388171
0.0110488733184094
0.0101840322917157
0.00918969046578506
0.00810473897119446
0.0072713926465516
0.0063891492541205
0.00574502800390869
0.00515244307856088
0.00467789234537017
0.0042419159395137
0.00389735571153599
0.00364921339731258
0.00347657565544303
0.00338271007675272
0.00336706721310365
0.00342458416983325
0.00353573571354651
0.00368614982255505
0.00388825127258833
0.00408408597547517
0.00425037940236227
0.00437389687868533
0.00444287408746254
0.0250046620443304
0.0238766353206061
0.0225296784402921
0.0210808270099972
0.0196729636150183
0.0183187426754098
0.0170700755703371
0.0159373709245329
0.0150010693172294
0.0142449381548562
0.0136780077848063
0.0133046819510945
0.0131100516263528
0.0220959435495
0.0189146092583047
0.0153688898778149
0.0138978634150852
0.0124199829233555
0.0109052385505062
0.0140282547453135
0.0126229169453162
0.0110937446301747
0.00981133353336681
0.00870793744463143
0.00774642195821323
0.0069496420398267
0.00630761694027772
0.00579804845312395
0.00542837133746059
0.00518186820298791
0.00505307060328657
0.00504130267457635
0.0051457068802439
0.00536503416819199
0.0056972815975541
0.00613140178936478
0.00667222909938771
0.00728748480296652
0.00796591890886475
0.00871003729133265
0.00958107250713873
0.0104875270110669
0.0113253712799479
0.0120207672717726
0.012474228727617
0.0127499281401905
0.00994216357030847
0.00894775940026972
0.0079477526312443
0.00704098188876522
0.00634316114837305
0.00576090383682086
0.00526148532308092
0.00490846635497607
0.00467959221533153
0.00451175992560439
0.00443649982404952
0.00446996198191174
0.0045979610536351
0.00478347306234893
0.00507412669920019
0.00544359487168243
0.00589240150337224
0.006387195758073
0.00689528649155838
0.00731604253351969
0.00769374207689171
0.00807983398638573
0.00839483234653407
0.00854943297748163
0.00944411199798078
0.008054209552681
0.00689637910126987
0.00579288123666729
0.00489910951125463
0.00402478221919553
0.0032587747664887
0.00270050964084835
0.00223831939589123
0.00183731067261429
0.00156066776234522
0.00139799177157608
0.0266714188348889
0.0255835381725675
0.0241052231842716
0.0221657835471754
0.0202207274422695
0.0185378412965806
0.0168723125891817
0.0152701997526999
0.0138335736171996
0.0124621003522615
0.0111483966355657
0.00997279024478536
0.0089607085363048
0.00793365192344418
0.00689225237510178
0.00596319054372185
0.00518363290517282
0.00451623969671818
0.00395215165206912
0.00350185916468441
0.00317536872456532
0.00296106115653436
0.00283657123186628
0.026729929972503
0.025789204233925
0.024537709581541
0.0228531874317031
0.0208916032507467
0.0189268199093565
0.0170598114895383
0.0152888519268325
0.013637141407946
0.0121092141651779
0.0106961425739448
0.00943386751958997
0.00822652272397306
0.00707111408952524
0.00603236624649942
0.00510410562402787
0.00425764543083872
0.0034746051347919
0.00275093179741638
0.00209406238851959
0.00149187364123142
0.000940940384891484
0.000451022207986541
-5.2251035743222e-06
-0.000497844124535442
-0.000989216509155353
-0.00143785556071765
-0.00184138410984368
-0.00218614356195164
-0.00247808678704853
-0.00272430366594341
-0.00291413900411456
-0.00306305965978382
-0.00315444897516418
-0.00320467533716317
0.0181299834817926
0.0162483579639002
0.0138986200738184
0.0194172273104842
0.0192059366806833
0.0190948026917181
0.0125608107767989
0.0112626923984172
0.0101071373724696
0.0091112407782221
0.00836610111042617
0.00774662725631224
0.00728119416172028
0.0069757966260496
0.00682316620941095
0.0117796077942521
0.00998533595657344
0.00836399446840489
0.00684657227836501
0.00639612862336769
0.00608991083801497
0.00587078394444256
0.00575600145619766
0.00574588774715431
0.00583768035870244
0.0060346304372156
0.00634087267966013
0.00676592273605585
0.00731882714798815
0.00801763750775931
0.00887139791992169
0.00988012497329442
0.0110220160054284
0.012286033152087
0.0138034105508379
0.0156195824758413
0.0175363999838797
0.0195187500971717
0.0214748245163598
0.0232721498094836
0.0248508815154988
0.0261995203103021
0.0272399684101527
0.0279382738261619
0.0283038479537583
0.00598521057675385
0.00531942436451727
0.00482401862309505
0.00432832861993272
0.00409876235675749
0.00393469250525234
0.00517239428536321
0.0050289505974586
0.00496464366860385
0.00500042556551634
0.00514979127942499
0.00542193797631024
0.0058264204773518
0.0063798324120571
0.0071236719087766
0.00810041081512268
0.00930153818440075
0.0107135956619029
0.0124651372066518
0.0146493902897317
0.0171758509609497
0.0200436556999518
0.0231904252132601
0.0264940487450188
0.0298179647412851
0.0330422794087773
0.036078890837686
0.0388675563550931
0.0413369122527713
0.043414924151199
0.0450679208026441
0.0463017979527911
0.0471522541451652
0.0476722745834519
0.0479241979412221
0.00500166418573005
0.00473667718032809
0.0045413546612277
0.00443259766969731
0.00441931863123844
0.00449800503794199
0.00466259346988445
0.00495239648486286
0.0053916142523448
0.00594657123040669
0.00660617249843181
0.00745960396075419
0.00861165871772386
0.0102177323039281
0.0121441996230045
0.0142994923911172
0.016757695584473
0.0195001170872676
0.0224845482389156
0.0257121757777244
0.0288208236151574
0.0322364082022424
0.0345417538973696
0.0368822869225955
0.0396107107368088
0.0419338374986288
0.0439414987652197
0.045611425131031
0.0467844516319891
0.0475959838390913
0.0480886091818501
0.0483296408268335
0.0266714778590616
0.0259655701187623
0.0253731543224971
0.0249595403234264
0.0246874446442218
0.0268183143144634
0.0257770816051743
0.0242902533142527
0.0230061507111393
0.0215985307578395
0.0200434443149712
0.0186806415522156
0.0173147258348561
0.0158118425235197
0.0141760970935253
0.0127789253140915
0.0114575225060727
0.0102191767257773
0.00906430901265992
0.00800723544499063
0.00705415707437344
0.00618543022352183
0.00545494809978028
0.00459063081763674
0.00381430042105048
0.0032058735495134
0.00268461201171392
0.00225307254854826
0.00193938938125072
0.00174312278125627
0.00163242309694035
0.0259288202117011
0.0281340191584136
0.03104114055248
0.0231100041165223
0.0210337325114339
0.0188578822814346
0.0168968853521853
0.0328892887611311
0.0342545990821585
0.0353201377212597
0.0315399132655898
0.0322159718502738
0.0331838812217955
0.0341611223141212
0.035728761826024
0.0359690437944528
0.0376181578416179
0.0400131323122402
0.0424571991042896
0.0363997828854599
0.0375133769939307
0.0387512074020935
0.0435420777793678
0.0443290512012136
0.0444787492738898
0.0436818038229336
0.0414665278926642
0.037264980349958
0.0316973478621823
0.0253347472763594
0.0195047751767339
0.0146691619620928
0.0107241477344659
0.00701091430301804
0.0436258713941052
0.0445284892566663
0.0450287231726179
0.0449588343156854
0.0441214109569085
0.0426405455218616
0.0395828460573197
0.0350040491347089
0.0302352624251889
0.025451384243038
0.0209990475339294
0.017173845404636
0.0142907904637889
0.012006445981348
0.00986588007705257
0.00823043952770351
0.00678084546587362
0.00570192648686763
0.00480477285259628
0.0040856917565907
0.00355551570708252
0.00314188504096808
0.00283756235028784
0.00265791469332204
0.00256934114120541
0.00561527258237664
0.00453968167095333
0.00374454258485947
0.00322793556738614
0.00280571490822765
0.00256434162186411
0.00243603847884155
0.0052915972674267
0.00390310656468414
0.00274778716583537
0.00184230870623379
0.00108105427486586
0.000423551570431936
-0.000134158519312469
-0.000611595428899581
-0.00101517904368793
-0.00135420675114927
-0.00165223506826617
-0.0019096772832445
-0.00212260926976597
-0.0022884033483418
-0.00241217526670939
-0.00250607738163072
-0.00256964208375997
-0.00260139606611544
0.0393637735125599
0.0401314776515677
0.0410546380311879
0.042060300692078
0.0429700425095676
0.04363612442408
0.0439749440793121
0.0438870211875652
0.0432430847251721
0.0418676310515094
0.0395456950950058
0.0361249539569393
0.0317342665900143
0.02657474682092
0.0393283470041911
0.0399900025918406
0.0407135745930568
0.0414766996781064
0.0421807228356845
0.0428918110575669
0.0435949744522097
0.0442568149689361
0.0448803580154559
0.0455107099884718
0.0461457678041754
0.0467180586548056
0.0471791414851529
0.0475437180093929
0.0478105442097229
0.0480141836869667
0.048141453317682
0.0482113653430099
0.0234648710068719
0.0206336799065019
0.018125250811906
0.0155949273509334
0.0135365490909667
0.0119283079251432
0.0102132502200613
0.0084129950456021
0.00688414316408906
0.00569971949853404
0.00478070582166794
0.00403777518460719
0.00340877354849599
0.00289513249473292
0.00250686655834746
0.00224431119065638
0.00207494229183715
0.00198208911172006
0.0237141529979848
0.0211202363219532
0.0188502457697509
0.0168805349223384
0.0151529700058754
0.0136232949815993
0.0123210447789161
0.0113006185749339
0.0105611766240746
0.0100817399431177
0.00983884231044621
0.0370973845441952
0.0387243375178343
0.0404777598943038
0.0419274891100824
0.0429119000092322
0.0432859766393994
0.0427937354450282
0.0409687607770626
0.0373522815834497
0.0318402641406952
0.0249253520076757
0.0364333318693832
0.0374364751645203
0.038469707110411
0.039718869963858
0.040812098317572
0.0421012944448758
0.0432087923372093
0.0441602243617486
0.0450464836554052
0.0455466705049409
0.0460231414195871
0.0463191367930988
0.0464663075376314
0.0212475778704406
0.0181543430761614
0.0156318681006962
0.0133407240659045
0.0116383740722137
0.0102900651112379
0.00938484005395965
0.00873543001861847
0.00836541239968652
0.021085584259833
0.0175975145872819
0.0145645783067351
0.0119682071734109
0.00975676604292563
0.00789567362673515
0.0063341573358586
0.00500256539857172
0.00389207172097447
0.00297066608988651
0.00216997120734221
0.00150814543126092
0.000960705715153142
0.000498119615448373
0.000107768212275367
-0.000234883922928358
-0.000530930330104062
-0.000769617338820649
-0.00094423094941282
-0.00107465164284063
-0.00116221310800152
-0.00120547726515009
0.0161998886330857
0.0157310349920447
0.0155886393917744
0.0158032601143781
0.016355378529839
0.0172511769638922
0.0186101621949868
0.0202848793756155
0.0216964831859877
0.0237145083285201
0.0262987642705904
0.0287122215602264
0.0312991158567748
0.0340793534035148
0.0367031826901214
0.0393655261481696
0.0161579862949147
0.0157009316122455
0.0155642031752369
0.015740289653026
0.0162269173415105
0.0170515780727099
0.0182810673735549
0.0199903964543837
0.0221228644215336
0.0244954752276493
0.0268671678378716
0.0290720857252163
0.0312215851713686
0.0338578922020535
0.0409112171617407
0.0426016759783308
0.0440093931648978
0.0450060054474074
0.0456357133976366
0.0457255558265029
0.0452357216883375
0.0437236760506809
0.0413411287618821
0.0378597693963444
0.0338097412515658
0.029575253949678
0.0258785270548503
0.0230395384550482
0.0211099501303998
0.0201066073937568
0.0409946578608119
0.0425302895871307
0.0440250747307264
0.0452504326342355
0.0461931580260316
0.0470120533458433
0.0475798060613953
0.0479143224413967
0.0480781114171703
0.0481186118137001
0.048058102169046
0.0479193238323598
0.0477503355854497
0.047628389355981
0.0356437709549014
0.0372506583335398
0.0387665622528168
0.0402489637706872
0.0415785949853288
0.042712719254171
0.0435460168100887
0.044074317193355
0.0442221380300874
0.043827763999034
0.0427836415904101
0.0410004444362168
0.0383026350830997
0.0345618770209214
0.034865905701327
0.0360112533544565
0.0371151097474784
0.0383633820837093
0.0399348900186505
0.0414455930418667
0.0426371803531409
0.0436816536541299
0.044398899009793
0.0446506552924517
0.0443050013044681
0.0433023180398833
0.0413135345845839
0.0381539445739178
0.0339062665778492
0.0293459518918842
0.024869307946049
0.0206232634415964
0.0170194840359199
0.0140237600107079
0.0115095622919217
0.0093909441933957
0.00760385740436235
0.00610550428348772
0.00483799625111764
0.00372217774248299
0.00274936034903076
0.00191438181454001
0.00115082740654519
0.000450881647774153
-0.000245629886713956
0.0312082205118567
0.0274712012294647
0.0235981126815055
0.019817581440881
0.016331114260898
0.0134823642651601
0.0113445329774318
0.00947803958201172
0.00779908825782679
0.00642537746039095
0.00524585604202054
0.00426583931694219
0.00340152142141231
0.00259623144577565
0.00192367062805048
0.00136539998263415
0.000824736793107338
0.000328344537444734
-0.000102542054351972
-0.000468743930878077
-0.000795719345566573
-0.00110860141043719
-0.0013981335780618
-0.00165685963719708
-0.00189579160971586
-0.00213108012238027
0.0335846975322244
0.0325597741528377
0.03172824433127
-0.0023621023647857
-0.00263064469820022
-0.00292430857924161
-0.00321170995457079
-0.00347673632855917
-0.00373050034671735
-0.00220740560412431
-0.0022820751815187
-0.00232491837075082
-0.00235078665003187
-0.00389182677277719
-0.00400921770212853
-0.0040842203400431
-0.00412273336277233
-0.00382796955582979
-0.00388956944023688
-0.00391844584684418
-0.000619582565998615
-0.000958507988963098
-0.00125449873323547
-0.00153805336694691
-0.00182829510356539
-0.0021165561128782
-0.000578894068792883
-0.000869646052163626
-0.00114125962915309
-0.00139880932841837
-0.00164863679761187
-0.00187488636378195
-0.00211490182904872
-0.00233947343605112
-0.00256334144961075
-0.00278391066429853
-0.00299451437717056
-0.00320322316460197
-0.00340193097835905
-0.00359790853162032
-0.00378445380392653
-0.00395552258831962
-0.00412670307944282
-0.00238354476666582
-0.002609526821576
-0.00283993960247577
-0.00305452921083629
-0.00327390578849629
-0.00348362503547224
-0.0036839807999573
-0.00387367039238213
-0.00405276551031751
-0.00421706980526848
-0.00437119990496109
-0.00451484186711281
-0.00464447997125214
-0.00475638064516607
-0.00484913114311838
-0.0049230181670446
-0.00497824053935337
-0.00501480786161581
-0.00503359430785139
-0.00213088839283531
-0.00213946889116731
-0.00214516893362549
-0.0021484328808618
-0.00215017045659016
-0.00215095200164414
-0.00427244502089493
-0.00442016121834737
-0.00455116414731832
-0.00465439991065107
-0.00473684267055475
-0.00479153008558431
-0.00482012948714715
-0.00420308661814177
-0.00426881846717914
-0.00431442969124696
-0.00433706099627831
