0.05
0.0380058514466698
0.0360447612082854
0.0331106352534776
0.0364477151855668
0.0344574253142212
0.0328262753428478
0.0379279859772602
0.0361889565839056
0.0340973098431222
0.0335636849947731
0.0337925091886959
0.0342639850429531
0.0351404459302437
0.0361743116511193
0.0380777951103987
0.0350005743783342
0.0328786048987756
0.0328045794412828
0.0335617059137698
0.0345377763109928
0.0347538244362092
0.0348183457382852
0.0347747667518928
0.0344389338325858
0.0332157208345566
0.0308610954298595
0.0278220160626427
0.0244159102546925
0.0209497754566666
0.017627862679421
0.0143842125493658
0.0378392831553127
0.0363576774693226
0.0345328089820277
0.0332066082584316
0.032275515477772
0.0317072116745038
0.0314098985539587
0.0312846809129967
0.0325659775031668
0.0326654341701322
0.0331487967880572
0.0336825990216714
0.0340727948116123
0.0311803393149903
0.0295357047634274
0.0278818783292754
0.0324386178479965
0.0302303972887896
0.0276588572710608
0.0251743178159431
0.0225945712819699
0.0200512979232055
0.017870941229635
0.0158452015974002
0.013930050313035
0.0122849969469096
0.0107893547781433
0.0094514163524557
0.00821581945846019
0.00712654953048439
0.0061704657185397
0.00527080462409961
0.00445231048383246
0.00366867838166129
0.00288762049579096
0.00212631342399102
0.00142693765066476
0.000797888194293911
0.00024869031224956
-0.000216975654061403
-0.000727590980172757
-0.00127312314556458
-0.00176773820348448
-0.00221451470733674
-0.00258708527640355
-0.00290187511896932
-0.0031540614660833
-0.00334065478935493
-0.00346404461335125
-0.00352744105169768
0.0359250868444047
0.0370817189840997
0.0380492430177116
0.0387972362233466
0.0392718344667274
0.0395462996181134
0.0396882662540149
0.0397259300668868
0.039716688185755
0.0396876842305702
0.0396648226578229
0.0270538893583332
0.0259476146457614
0.0243992341820261
0.0256196487158034
0.0225099026016086
0.0190859682253336
0.0239282476255802
0.0233993166674492
0.0228033523115267
0.0234840543782198
0.0218089147896573
0.0196015278828105
0.0179186101014823
0.0164083406958626
0.0147800860041226
0.0131784381486725
0.011931463139451
0.0108857685436413
0.00989393792222334
0.00906235646033582
0.00835178448571282
0.00779625224674861
0.00740637536250733
0.00716230662155759
0.00702723251678079
0.0216642790844278
0.0197190533752291
0.0171819051382939
0.0146581073109014
0.0124687414993702
0.0103205429141076
0.0220386311400818
0.021300573508769
0.0205170591037684
0.00931510577094151
0.00836876144821618
0.00759032097406541
0.00697032701786214
0.00647921322813333
0.00613908984873768
0.00594733199060894
0.00588168317477824
0.00595058334379075
0.00618009125871209
0.00659158392998972
0.00719672714839248
0.00801383596444986
0.00909286017386723
0.0104962113925543
0.0122837331223059
0.0144911767333044
0.0171378771598008
0.0202635379349726
0.0236341543118069
0.0273629009976409
0.0310775717747775
0.0346473884848832
0.0381363854036452
0.040484100242729
0.0429464048201569
0.0445002720721634
0.0452411974447057
0.0450248219034177
0.0438717791932068
0.0417514216888864
0.0389273312681619
0.0367874961901061
0.0349537923524944
0.00929705432540731
0.00841802606899155
0.00768905190681934
0.0069838712895018
0.00637933828824265
0.00589501900598299
0.00554351888715783
0.00528123710062546
0.00513310314061302
0.00509610946710987
0.00517684003613618
0.00538537211121936
0.00573823483343513
0.00623968706178148
0.00688441623649961
0.00772007807739159
0.0087029908854109
0.0097606496171899
0.0108621299992534
0.011972518592084
0.0129958635598176
0.0137905699836429
0.0142396781374163
0.0193433539533216
0.0181562927638557
0.0170262672479769
0.0159963029607482
0.0150695686510519
0.0142311254367137
0.0134711730970639
0.0128153804351148
0.0122747309553891
0.0118409897913873
0.0115126254104702
0.0112926685013747
0.0111790356935232
0.0192685320819839
0.017946368347614
0.0166266331619945
0.0154140875654082
0.0142744086543841
0.0132252341078034
0.0123079217095674
0.0114632221401107
0.0105541077949052
0.00960241417068455
0.0086782262085856
0.00784871655934735
0.00711595116316811
0.00644223627054561
0.00585377229035401
0.00534535885770795
0.00492874849595364
0.00459143889287459
0.00427941564373822
0.00387253484139751
0.00339479524694514
0.00297860729019247
0.00252976926448125
0.00213809113343118
0.00176459677483076
0.00139329799416824
0.00103744416858176
0.000718850233280581
0.000454501133229833
0.000245160264314892
7.5894000606967e-05
-6.19641329236256e-05
-0.000160977936904921
-0.000237679209913559
-0.000297523507836606
-0.000333821147633349
-0.000351763586036887
0.0175521953064603
0.0161280440626845
0.0147997915903911
0.0134475966814406
0.0122622493632076
0.0109841586794958
0.00985125416745652
0.00887891025021463
0.00785406745373443
0.00691054343609904
0.00624502042646724
0.00526939237912096
0.0046345148149453
0.00386347449623219
0.00307741946564967
0.00249239921207395
0.00212119290540628
0.00174753647082052
0.0014320868643865
0.00120074372414546
0.00104143983029144
0.000965023185393136
0.0178015061626424
0.0165183090442061
0.0152475121899188
0.0140069951734906
0.0128591874816417
0.0118039865162954
0.0108245829793792
0.00984961645100941
0.00903527711396426
0.00821698347744831
0.00739862338661786
0.0066144385017291
0.00552992046048984
0.00446753990831964
0.00351742760483411
0.00265900838650261
0.00191159675582378
0.00124558003350949
0.000701429250335615
0.000152699167798538
-0.000332130116678419
-0.000727307535955826
-0.00103808447631119
-0.00127536787122045
-0.00142950730950422
-0.00151150476890302
0.0323623375905084
0.0318834867884033
0.031341386469135
0.0323689721828758
0.0322625148242021
0.0324881708366949
0.0310210096833402
0.0306280663481454
0.030113869584625
0.031579314636793
0.0326251243687611
0.0344050301198028
0.0360332057338171
0.0372307354603718
0.0381430702799596
0.0386528190739429
0.0385775550694533
0.0378685989281926
0.0364327884037993
0.0343811780332113
0.0318662321703329
0.0288831030314391
0.0249472950963157
0.0204699609865241
0.0170800272046225
0.0136122866760968
0.0111602602471075
0.00894457342866466
0.00716370731260085
0.00547383157812831
0.00402862038311616
0.00282843493380772
0.00175902458323731
0.000812622443029107
-1.02590627440548e-05
-0.000733669130896203
-0.00131669114300555
-0.00180497341010043
-0.00226433023908496
-0.00260745381968137
-0.0028515960711185
-0.00301267694015242
-0.00309635561808384
0.0306158101039644
0.031370214096166
0.0321451282317385
0.0328610121075489
0.0335182363823761
0.0341658624240451
0.0348055702264757
0.0354379799567586
0.0360066462191816
0.0365005618697588
0.0368930387576695
0.0371624795088321
0.0373066838891906
0.0275362707829823
0.0250569115344844
0.0218783003301156
0.0204712202471704
0.0189671406251957
0.0173545787354598
0.0205283806612564
0.0188318784109351
0.0167487664377154
0.0148292713536814
0.0130289946265719
0.0113122547720815
0.00973755196050703
0.00830377155115932
0.00697112559319054
0.00577174556430601
0.00467147734753138
0.00365190241846904
0.00272508331895343
0.00185907936976787
0.0010694884222651
0.000349744594145412
-0.000294542213256003
-0.000883732876409444
-0.00139570359074159
-0.00183800063847306
-0.00222733512962599
-0.00260396967019905
-0.00293962004841304
-0.00321228564009698
-0.00341666696239161
-0.00354119201392296
-0.00361349574681445
0.0159331998083831
0.0143076577346909
0.0125171878290234
0.0107406337882554
0.00923703500040123
0.00783659626853584
0.00644809283045734
0.00526067513535685
0.00428374035148737
0.00325677520634249
0.00223941904038466
0.00129289540906989
0.000492061164503488
-0.000149099570628713
-0.000814190271660594
-0.00141455056326383
-0.00196206579797223
-0.00243486194190586
-0.00283053058983902
-0.00311059760609038
-0.00333233669952065
-0.00353498990038981
-0.00368678285409388
-0.00375772116553937
0.0160610674437234
0.01477041653554
0.0136611793665608
0.0125814663743955
0.0116951859035494
0.0108203344630195
0.0100492634043481
0.00948533103352503
0.00901739458355445
0.00861083019084904
0.00833015904547042
0.00816505207213897
0.0330382578111323
0.0340082373078469
0.0353559068763167
0.0370398981920725
0.0385911433983457
0.0397969109729977
0.0408294483929207
0.0416193381479557
0.0420919592394712
0.0422501641193065
0.0420129150761205
0.0413204256812303
0.0401886181474466
0.0383752761058493
0.0357998862921369
0.0328585365563513
0.0299561626076803
0.0272189672622581
0.024784786213338
0.0228023370215299
0.021361043333947
0.0204188485239796
0.0198745607308288
0.0325316765921116
0.0327653515673887
0.0331334560011263
0.0335497794881636
0.0337835185797949
0.0336122321378523
0.0329259406356492
0.0316605036752133
0.0298471702630372
0.0276096119824905
0.0251161727540859
0.022633791130565
0.0201222557164274
0.0176694572327035
0.0154724869743088
0.0135407051969734
0.0118171218230359
0.0102609199103715
0.00885860962882279
0.00761753121633942
0.00650764564460104
0.00551655531051261
0.00465609047557109
0.00387407383141385
0.00304930584155357
0.00224243552373718
0.0015182447397396
0.000876410931479457
0.000334541072157118
-0.00012013405956496
-0.000500951041595154
-0.000793123019568205
-0.00102151969034844
-0.00116137052168044
-0.00123812822065387
0.0360642174565933
0.0355734565815219
0.0343998049016223
0.0368885349813813
0.0373900043675731
0.0376275866427976
0.0349431474312281
0.0346551370102514
0.0336099684707692
0.0320207536090281
0.0303936434453542
0.0287479356240353
0.0273469855858613
0.0263573822032753
0.0258433353731417
0.0310798534116445
0.0270900132243611
0.0226937466093305
0.0181611288409812
0.0157403739530503
0.0137456572699145
0.0118529946396192
0.0101496699844089
0.00868307425730223
0.0073504346478094
0.00615720778795025
0.00508407168269839
0.00410783928952338
0.00321783038481013
0.00239481211201321
0.00163721615448439
0.000948972700011623
0.000339428995072957
-0.000200496889596639
-0.000731414796670606
-0.00126453392499484
-0.00174754632743153
-0.0021859391037124
-0.00257400713591608
-0.00290157978623488
-0.00317176678411295
-0.00339230575538261
-0.00355727491780728
-0.00366589485076891
-0.00372214968014441
0.0165244345392886
0.0152693177138211
0.014347856432878
0.0134418490706701
0.0130274567605936
0.0127342735027397
0.0129495747706794
0.0115576377142889
0.0102267504869987
0.00904474479189101
0.00808508789629684
0.00734884768866248
0.00681935323346628
0.00647538952207581
0.00630222295401776
0.00630590244794443
0.00648605038755004
0.00682672698480125
0.00735745477637335
0.00812276562003015
0.0091129043548073
0.0103612407796944
0.0118979654695404
0.0137361604780505
0.0158654684122068
0.0182416108915869
0.0207883933186865
0.0234144623715624
0.0260024743854205
0.028423411700694
0.030573427710959
0.0323724324013455
0.0337575938934866
0.0346884734625411
0.0351702157204493
0.0125152830623766
0.0110325580505121
0.00969920833493306
0.00856197082613558
0.00762504425974883
0.0069270494216842
0.00639472274881656
0.00595814340709659
0.00565603327826505
0.0055088824899162
0.00548892891540287
0.0055909919777645
0.00584119445847537
0.00628815497257258
0.00690549823615485
0.00767013580863111
0.00862425070324245
0.00979215819703471
0.011203490801945
0.0129295989089829
0.014835895645349
0.0172582805156616
0.0191106738171702
0.0211962522226622
0.0239385615134339
0.0265816620245441
0.0291323653155857
0.031519916981909
0.0334225596870005
0.0349141697299958
0.0359250362124701
0.0364607840975211
0.0313792204994259
0.0317804071203473
0.0324121700447403
0.0331415815058244
0.0339531958300124
0.0312475886071292
0.0315847314498226
0.0323348440214938
0.0329870518021695
0.0335310351044446
0.0337887950031611
0.0336240118380847
0.0330359673710965
0.0319338623835103
0.0302098889787995
0.0283080248295282
0.0261900631238505
0.0240005881114848
0.0218529066793892
0.019854270487568
0.018063290723646
0.0164635299243171
0.015154725537347
0.0136541036207318
0.0123488623879262
0.0113540400833356
0.010521922378334
0.00984713363089201
0.00936447159279677
0.0090657502372222
0.00889847836045319
0.0345297085946226
0.0352573405663581
0.035655097800493
0.0344759235622283
0.03528013825568
0.0363512809495478
0.0376844922049839
0.0347475592536768
0.0337184906923221
0.0326390841334353
0.0369407971989418
0.0371503699156397
0.0363696521898601
0.0349718284234211
0.0320732080902926
0.0320831805606517
0.0296634408245252
0.0254990506463918
0.0207777940127624
0.0310081979469965
0.0289567798626136
0.026474661952694
0.0183042449400876
0.0157187656317188
0.0132239595641029
0.0112497946272424
0.00943540872727251
0.00781732432707006
0.00647059529742678
0.00521852600054534
0.00409620024441397
0.00310187987682615
0.00221552434432334
0.00130627078073406
0.0184152169639491
0.016134252985681
0.0139273269441226
0.0124412053320285
0.0107237564693009
0.00952924579897268
0.00823258754286814
0.00707759033428788
0.00617519588354557
0.00537021813172395
0.00462885739151181
0.00395483037905847
0.00339797514220002
0.00290805149290159
0.00239544813122208
0.00196224490870326
0.00153896922385028
0.00119432001591872
0.00088357108742972
0.000615554141322019
0.000405540016832415
0.000233254193327677
0.000101241285982342
2.11339930639591e-05
-1.90144802603564e-05
0.001062908261948
0.000862726599679617
0.000705591121055896
0.000598564016584224
0.000507422512442617
0.000453765873689373
0.000424692007097396
0.000743079293643988
0.000230547195466273
-0.000248837367616906
-0.000666926746747533
-0.00105401340931406
-0.00141953694165495
-0.00175574072532987
-0.00206507666433245
-0.00234356439250578
-0.00259044533027512
-0.00281785775942157
-0.00302245634777883
-0.00319754584743377
-0.00333759877613029
-0.00344429751994306
-0.00352650258314959
-0.00358277604730267
-0.00361107913335163
0.0252152972467772
0.0236279556626932
0.0217056065668375
0.0195461465606956
0.0174129718002748
0.0154717963305927
0.0137171364341175
0.012134667174841
0.0107064985058041
0.009414044083646
0.00823951489265595
0.00716592424246608
0.00617832047938733
0.00521721195159327
0.0253141950526526
0.024006630184219
0.0226314092631488
0.0212524907563236
0.0200510955104766
0.0189104372484197
0.0178550455876261
0.0169237431375248
0.0160931268655039
0.0152874392115053
0.0144972333598953
0.0137937288869012
0.0132267949277074
0.0127745576418877
0.0124389927712972
0.0121788959449215
0.0120141114622517
0.0119226690159931
0.00461850382412156
0.00409293830429379
0.00362136514283952
0.00312580018122674
0.00269486050815703
0.00233080964921112
0.0019083796166786
0.00142415605922564
0.000976669862477139
0.00060218456073498
0.000291213639831642
2.42920631462101e-05
-0.000214420978420422
-0.000419231483637539
-0.000580604277359522
-0.000693164717993663
-0.000767370184535424
-0.000808649387002547
0.00476742006409497
0.00438591336006737
0.00406017721438593
0.00377744587873548
0.00352578792217694
0.00329795492238574
0.00309924115275636
0.00293993271297701
0.00282221076610583
0.00274473379202984
0.0027051006240546
0.029392802989291
0.0260131672439403
0.0222473903748761
0.0188983577137671
0.0160398625651654
0.0135225270519551
0.0114047677129411
0.00945113840292057
0.00777328890122781
0.00629599788355999
0.00489485195135527
0.0304960604727725
0.0281653169568524
0.025873246874936
0.0233258508782436
0.021312470565646
0.0191832852382923
0.0175349541920806
0.0162319535635755
0.0150985582135625
0.0144832982130378
0.0139132963215021
0.0135650636676705
0.0133933620273159
0.00432152699001186
0.00387304487399917
0.00351422031714896
0.00318711935174066
0.00294037459727274
0.00274128083631574
0.00260530421135065
0.00250632135562411
0.00244928002490787
0.0040720000947828
0.00333436881364396
0.00266982836859228
0.00206617061044791
0.0015140123261103
0.00101209816259628
0.000556274765890704
0.000135194304516501
-0.000244818139049653
-0.00058484898233191
-0.00090258848958164
-0.00118381379078736
-0.00143164726038054
-0.00165399583361025
-0.00185236224871073
-0.00203528555798334
-0.0022001009495631
-0.0023378072543861
-0.00244139868777804
-0.00252044786755908
-0.00257436345060638
-0.00260125986402746
0.0384356827065145
0.0394265691522462
0.0405429873595623
0.0416300258360947
0.0426028044242611
0.0434056873891484
0.0439718752378361
0.0440818524563499
0.0438013309815101
0.042906856649316
0.0409141827594632
0.0381487121819758
0.0343112030350988
0.0295122915981967
0.0247670352036162
0.0200132470661198
0.0382746588739923
0.0390213464847629
0.039856408550826
0.0407169354093741
0.0415716916491542
0.042374505702151
0.0430503643965329
0.0434457454748418
0.0433199842687606
0.0424644028024172
0.0408077831982274
0.0384592377787663
0.0354027862756179
0.0308311524174318
0.0172341622168203
0.0143512480129069
0.0119502710853793
0.0100604099863941
0.00838205236366105
0.00707829010425538
0.00601347074045891
0.00498649545298247
0.0042578504026402
0.00365396117558028
0.00318202397402213
0.00279791431496817
0.00250569308292784
0.0022954974709428
0.00215654527718013
0.00208501655265643
0.0172909003826466
0.0149119392418934
0.0127353404631188
0.0110037919790115
0.00965691294894606
0.00841316875970863
0.0074202785525326
0.00666866805023898
0.00609220607581031
0.00562520704994005
0.00523614809826858
0.00492272963092863
0.00469636164336929
0.00457388346520126
0.027647104979386
0.024687670243422
0.021939676315713
0.0193324634426752
0.0170322910565114
0.0150125906698072
0.013337927951406
0.0118832107918005
0.010553678796804
0.0093900125145134
0.0084192559647433
0.00759852087839146
0.00686114447607325
0.00615687938489963
0.0287802316153489
0.0263596931931961
0.0241455063727493
0.0218623563901887
0.019241473879658
0.0168903567788299
0.0150795625899516
0.0134025319809184
0.01194850184399
0.010732417086271
0.00970066988894091
0.00889598727094371
0.0081573137290272
0.00750875796223304
0.00693470034651331
0.00644520430168048
0.00600271206060025
0.00557520509123894
0.00517963034097202
0.0048077320800709
0.0044473393769888
0.00409205640472403
0.00373880611697006
0.00338911378319802
0.00304103902181848
0.00268207925278359
0.0023182505738219
0.00196049124937992
0.00159133193679311
0.00121532295022316
0.000806540388387758
0.00569979407994953
0.00525158528352025
0.00480725015832183
0.00436515020140922
0.00393073177858887
0.00354285770448935
0.00322272920161082
0.00291391347099698
0.00260352500034238
0.00231820134853469
0.00204245469720149
0.00178418661175875
0.00152660252148133
0.00125401816804208
0.000997717140032549
0.000760909577262628
0.000506028135015989
0.000245569543103093
-4.59747907862242e-06
-0.000237352696472034
-0.000462693209333616
-0.000695301378806502
-0.000926370197299346
-0.00114633877439906
-0.00136115160710829
-0.00158350721652962
0.00592147587861702
0.0057587507480756
0.00565494699118186
-0.00184850993395553
-0.00217240928928168
-0.00254040430323678
-0.00291108188361231
-0.00326046713937868
-0.00360019874100961
-0.00161162093280931
-0.00163879194810312
-0.00165421698716861
-0.00166344749318505
-0.00382213470364852
-0.00398574118264193
-0.0040911749929822
-0.00414559057578556
-0.00372805133920516
-0.00380950194125718
-0.00384785055922696
0.000544729187406781
0.000278865856239304
2.4576321072058e-05
-0.000237062840514003
-0.000521095055546987
-0.00081640988203506
0.000623403182447971
0.000438532184259372
0.00024125817884588
3.03139264291792e-05
-0.000197704523266093
-0.000424491686614047
-0.000686243382457647
-0.000950444910762958
-0.00123179139344324
-0.00152572369251041
-0.00182095162761749
-0.00212659856969315
-0.00242864739160547
-0.00273605422493604
-0.00303636103210066
-0.00331741286725229
-0.00360313742472838
-0.00110242619226266
-0.00135275014655494
-0.00161664809975081
-0.00187093087061741
-0.00213998834839395
-0.00240630470267278
-0.00266940186420452
-0.00292650359621339
-0.00317646331713925
-0.00341189065944073
-0.0036379461725211
-0.00385299117205478
-0.00405050613883115
-0.00422345718244426
-0.00436843405053167
-0.00448492693523914
-0.00457255256832243
-0.00463083656460911
-0.00466086175362666
-0.000827745157711705
-0.000839320976981824
-0.000851371546542509
-0.000861358030301572
-0.000868379630533167
-0.000872183011751039
-0.0038600766267015
-0.00412409057372302
-0.00436064200024808
-0.00454841122986925
-0.00469913000046729
-0.00479944476173369
-0.00485200933899528
-0.00372020933564035
-0.00382165502331189
-0.00389234618500969
-0.00392750482043586
