0.05
0.037570962043975
0.0361524505698448
0.0343322587296639
0.0356930581679902
0.033310633552608
0.0309588124261633
0.0373982721633644
0.0349920557882679
0.0312044758347586
0.0291217403213543
0.0280098438355272
0.027544668604897
0.0274411740236594
0.0280484510874879
0.0375259634598632
0.0310764074167706
0.0252262852503336
0.0244026946967184
0.021256591264264
0.01826750591143
0.0176470503149285
0.0174181327621064
0.0173576909479791
0.0176223287931308
0.0187739954759235
0.0209404322020013
0.0236579246135431
0.0267230237671493
0.0298779206451711
0.0327932631363852
0.0352743543103734
0.0373194690920613
0.0356955808882936
0.0336243203584387
0.0320336013979649
0.0308138389644933
0.0299541001037497
0.0293524006695349
0.0288383717976726
0.0323818651218734
0.031200952755094
0.0304928861216035
0.0303536367178313
0.0307379235468235
0.0340999864726513
0.0342557572252159
0.0347178396752352
0.0321326018345863
0.0338525692571855
0.0356779489690876
0.0373070476267684
0.0388672689921
0.0402325322252822
0.0411726802935993
0.0417137387889995
0.041713758930349
0.0410398526281201
0.0395640798429664
0.0372329681806372
0.0340277999750304
0.0303917655050046
0.0267566074747503
0.0231731446328022
0.019961578907242
0.0170448709997388
0.0143399986884758
0.0119058168648974
0.0098459258905936
0.00814243381035282
0.00677819122339076
0.00571448158559378
0.00464010030359901
0.00357692563611508
0.00267421472998385
0.00190479590130605
0.00129432410452647
0.000799597949207467
0.00041653460344201
0.000140408570016914
-3.88416769646895e-05
-0.000129891836078263
0.029779088159126
0.0292109790861646
0.0287655269371012
0.0284558528015619
0.0282932590375564
0.028231493183444
0.028237296546944
0.0282761232827814
0.0283257547070382
0.0283731578237644
0.0284016805485224
0.0349822931922572
0.0355029621206414
0.0363561412280991
0.0358817688005329
0.0378774187790767
0.0401540887046049
0.0366360752896977
0.0369555494206861
0.0373194678942989
0.0368429567570781
0.0378776177321167
0.039370499501883
0.0405996897801078
0.0417619912667942
0.0430534044734607
0.0443200016275715
0.0452619621355116
0.0459899695362027
0.0465969694083185
0.0470178879965953
0.0472944852674447
0.0474446675247926
0.0475076545308402
0.0475253927941934
0.0475265385346006
0.0376692483249427
0.0382311216565663
0.0385377424384435
0.0376684783688022
0.0349796679859072
0.0298201145185778
0.0378649876855814
0.0383950794907169
0.0389607259213873
0.0266942831595483
0.0228515337603385
0.0192448160153995
0.0161239709877699
0.013405997405004
0.0111824906387582
0.00943385219079503
0.00797112267917989
0.00668380740161786
0.00555646460670424
0.00458928284664483
0.00376978194388068
0.00306626487366051
0.0024392330947321
0.00186622334525538
0.00133518294494443
0.000839724301433617
0.000370863613399897
-8.80317590504249e-05
-0.00052285183675251
-0.000970227864433698
-0.00140780682679544
-0.00183978850370968
-0.00229293023232275
-0.00263504624229796
-0.00306382574706015
-0.00344278232248938
-0.00380460328435237
-0.0041275997378498
-0.00439301646779975
-0.00461927826224105
-0.0047994919593276
-0.00490245423699554
-0.00497551777683756
0.0265389946395074
0.0228949541108032
0.0194867412298715
0.0159936289760376
0.0128915378698275
0.0102770129833492
0.00819126169496354
0.0063254203977934
0.00477313972038724
0.00343794637482353
0.00229984330152595
0.00130944380121022
0.0004397292306494
-0.00030870324410018
-0.000946301385989424
-0.00152278381524542
-0.00201472363082727
-0.00241726706904236
-0.00275012561188308
-0.00302610007230003
-0.00324273581319339
-0.00339193560051278
-0.00347007042886789
0.0397699990023902
0.0406313385014243
0.0414983634866769
0.042330393785643
0.0431116988901843
0.0438421215765814
0.0445195269669726
0.0451117786838862
0.0456022336819006
0.0459950684126939
0.0462909480833855
0.0464879492711356
0.046589233594195
0.0399159357809613
0.0409232890948079
0.0418876533271421
0.042682106041604
0.0432726537406046
0.0435771410949015
0.043511777229776
0.0429927296593275
0.0417210078654759
0.0393731002511716
0.035890158658518
0.0316676512836197
0.0272486839425735
0.022916031147962
0.0191477499252456
0.0160277204970855
0.0136398117512298
0.0118679803791153
0.0103847071503683
0.00864677456050415
0.00680122736522437
0.0053421035775962
0.0039216833656546
0.00279769145092732
0.00181328115596186
0.000906113172202134
8.95128416622746e-05
-0.000611454317492548
-0.00118347239747649
-0.00164000339354795
-0.00201984911388171
-0.00234492697111043
-0.00259508995525297
-0.00280589215826705
-0.00298637595238373
-0.00310490260642829
-0.00316696211499098
0.0411034378738436
0.0419262837149601
0.0426095227340854
0.0431741919550998
0.0435001605114907
0.0435880093945506
0.0433201679132502
0.0426991326696818
0.0414752205109527
0.0396674251068687
0.0379480622779035
0.0346828926472911
0.032126423853328
0.0286305113017481
0.0248247457494495
0.0219765094698311
0.0202019936294541
0.0184615766398091
0.0170386862574414
0.0160259230007798
0.0153453722990399
0.0150238811763908
0.0410383490877543
0.0418852727561858
0.0426692345405658
0.0433502345898565
0.0438621235394221
0.0441798053784312
0.044281299734498
0.0441123821068955
0.0436638757523935
0.0427902329706022
0.0413261025459614
0.0392999917214751
0.0356388727033709
0.03132568030913
0.0270959257924666
0.0232164791624473
0.0199541311055527
0.0172121394535313
0.0151154257648651
0.0131526380390921
0.0115513870604057
0.0103357782148511
0.00943080180341067
0.00876887352175749
0.0083519250894201
0.00813446811983004
0.0305368503509415
0.0301301826582766
0.0297227390985413
0.0294897870171484
0.0282178133594721
0.0270609828456882
0.0297323137736653
0.0297857081781032
0.0299017638752549
0.0287041959266446
0.0275943968997653
0.0266987217451667
0.0263881396029223
0.0265465819999589
0.02711515024877
0.0281105393216842
0.029429578816476
0.0308832445664555
0.0325183767293877
0.0341596524608358
0.0357339767925165
0.0372868527789155
0.0390265718564378
0.0405841744842486
0.0411568512097063
0.0405363357826532
0.0385361041770564
0.034786006249052
0.0301473226016648
0.0246698455613548
0.0196916590821951
0.0156511128413693
0.012246538995178
0.00943608122888364
0.0071650298073199
0.00530831410775185
0.0039079439796579
0.00280174767098867
0.0018178891055968
0.00111732491918605
0.000636557436301442
0.000327474370590224
0.000169535664106575
0.0275060065526124
0.0247728653011512
0.0222697761466628
0.0202834063279268
0.0188696041635243
0.0178843976743135
0.0172510113418237
0.0168847799687318
0.0167248382974348
0.0166901093618164
0.0167202519966309
0.0167669888547026
0.0168003196498315
0.0325851670284057
0.0351350105607205
0.038034514933458
0.0392495827242419
0.0403981266754246
0.0414773510849818
0.0389594298256524
0.0396953030992805
0.0400931466973505
0.0398093811558322
0.0386621704759118
0.0364221617409305
0.0331689145303342
0.0292677248074165
0.0251318302384194
0.0213118012813473
0.0179325622178084
0.0150076580956218
0.0125553003821689
0.0104476685137682
0.0086759211769093
0.0071787416159275
0.00592731765689768
0.00485117253040825
0.00396625125344866
0.00323914023766383
0.00262729956134747
0.00205802074897535
0.00156607500991586
0.00117611021814206
0.00088918350931292
0.000716464757420803
0.000616976741821969
0.0415269383321598
0.0410117866482073
0.0395711854949286
0.0369499164320985
0.0336099510946458
0.0296165763382355
0.0251351830650421
0.0212514668602962
0.0181900984103709
0.0151869039800638
0.0124667830880263
0.0101677303340537
0.00838761807555394
0.00706352356220136
0.00578061514197883
0.00469465668242968
0.00375950526757167
0.00299100756666321
0.00237371165723834
0.00194985762973361
0.00162213828947329
0.00132877879260803
0.00111245804313492
0.00101226464532241
0.042859800031991
0.0439712758245789
0.0447337808526255
0.0452989548159068
0.0456182991960193
0.0457796225965427
0.0457624277158004
0.0456234018081397
0.0453919524047835
0.0450860148811968
0.0448165394069075
0.0446307821625525
0.0263161195138458
0.0257167126508639
0.0253075187428632
0.0251480785569837
0.0253056732585657
0.0256922360392207
0.026323804407838
0.02718324231916
0.0281768699196701
0.0293355646898419
0.030653900238738
0.0320238191306345
0.0333619677411959
0.0348719999856162
0.0365345458634894
0.0381138446654026
0.0395003902108621
0.0407250635061207
0.041780904360674
0.0426324914748046
0.0432520427400571
0.0436586257743707
0.0438945012173486
0.0267217115042157
0.0266531807573713
0.0268988117616957
0.0275399401949498
0.0285663482644397
0.0298361224126925
0.031258920677767
0.0328093360206295
0.0344317453285367
0.0360697771656355
0.0376678677790584
0.0391075101005544
0.0404148917291717
0.0414840249603374
0.0421417352684621
0.0423129189261526
0.0419269967721552
0.0408759558197894
0.0390577375242686
0.0365015054078366
0.0333432497114377
0.0298820648324176
0.02653058435778
0.0233613420650297
0.0200538583382718
0.0169429481926616
0.0142981513675647
0.012089334702168
0.0103285006016199
0.00892559231028441
0.0078030472228776
0.00697357801183503
0.00634465087660369
0.00596758240620859
0.00576344649659064
0.0293897396193798
0.0312025120840605
0.0335986396038227
0.0269134855323219
0.0259756346353452
0.0254781943648044
0.0344834196299099
0.0354451038284942
0.0364480096856366
0.037457376489176
0.0383104760971867
0.0390890392543505
0.0397158776229736
0.0401466178190551
0.0403676740827164
0.0363122421974543
0.0384472188196003
0.0398920792413377
0.040397288184369
0.0382671544235765
0.0354340194198291
0.0316446715290453
0.0274060768511844
0.0233780713608677
0.0196398701396346
0.0163750142532303
0.0135773286462385
0.0111790156553019
0.00912861774320781
0.00735378423382307
0.00582511291242138
0.00452587911940863
0.00344908473680074
0.0025546134549708
0.00172746544624926
0.000942861644777538
0.000267602201464564
-0.000317694283852018
-0.000815112605965903
-0.00122074034124741
-0.00154597520786804
-0.00180541568978056
-0.00199606772962266
-0.00212003415725638
-0.00218373947929231
0.0420947132944939
0.0429963726803002
0.0434206713310898
0.0435965451767187
0.0436047292146128
0.0435692868745386
0.036357482168247
0.0366341022458293
0.03578681225058
0.0336034327789819
0.0302632224047613
0.0262973758093153
0.0223174693598434
0.0186783400089895
0.015432921781149
0.0126052906528991
0.0102580514196669
0.00833334950450803
0.00662691375433709
0.00508619611297233
0.00376207653719596
0.00260149085101006
0.00157628963208297
0.000671326005227494
-0.000125487006221964
-0.000824254210292097
-0.00143470177101058
-0.00196698337759722
-0.00242616371793985
-0.00281392455862139
-0.00313300315710194
-0.00338573581406533
-0.00357318982320399
-0.00369623886724709
-0.00375908291919345
0.036078679250413
0.0359618381787505
0.0348828070468254
0.0327813876598965
0.0298375164303812
0.0267055420438261
0.0236152110859663
0.0203903310248389
0.0173617648943085
0.0148782376120835
0.012863736737535
0.0110565300384291
0.00933791020456463
0.00758314805261605
0.00600053368557331
0.00465313600098946
0.00347039216108903
0.00242861616670812
0.00149929275768677
0.000644701349364033
-8.24636180645355e-05
-0.000806653974715365
-0.00126563046957625
-0.00171086281596064
-0.0022082550765177
-0.00262534517719666
-0.00299359176755791
-0.0033175125221983
-0.00356511248554289
-0.00375402746487223
-0.00387997598630208
-0.00394612903676108
0.0283047052603056
0.0276767442030347
0.0269969656304349
0.026238886203686
0.0252626679709518
0.0286734998034159
0.0285862386761677
0.0287172156728331
0.0290044057701079
0.0294837292688513
0.0301782578904219
0.0309266104154558
0.0318110429485772
0.0329195763040309
0.0342809383427875
0.0355820467836641
0.0369339516439483
0.0383021387913622
0.0396571354299936
0.0409522186577922
0.0421504420049073
0.0432521960428069
0.044170308898674
0.0452278834124191
0.0461319531211494
0.0467970739800525
0.0473277762414206
0.0477347201942225
0.0480100701758716
0.0481730647600183
0.0482614152197438
0.0238270017829651
0.021151884177749
0.0174873383091015
0.0250850521176244
0.0243643781011929
0.0230422296056696
0.021176724108546
0.0154960904077962
0.014054601077619
0.0129695371979941
0.0162082249593114
0.0149534535157716
0.0135962461488574
0.01249181658393
0.0110077975669123
0.0124589792895548
0.0113420501078935
0.00979810898086333
0.00817365395973486
0.0118625323157418
0.0108384502240181
0.00979779600546212
0.0073470201586569
0.0064274281592754
0.00546448747403953
0.00463364522337719
0.00380260163560623
0.00299765743146377
0.00227653285742572
0.00156054103930713
0.000880006213372956
0.000246471363476828
-0.000341557352139185
-0.000965253419109903
0.00732089120279705
0.00645163003350079
0.00554593603390378
0.00488903727293593
0.00406903313044953
0.00345487630484149
0.00273914616169688
0.00205348041955128
0.00148289560078783
0.000945310476409784
0.000424526075557349
-7.21669896002118e-05
-0.000501046175762579
-0.000893591140428107
-0.00131923446958256
-0.00168966935669012
-0.00206122874209453
-0.00237074356286698
-0.00265532378451913
-0.00290498982477656
-0.00310333270091353
-0.00326785779339111
-0.00339504224808224
-0.00347267863116757
-0.00351172534135778
-0.00113211618442236
-0.00127854153584659
-0.00140020450503318
-0.00148673162469559
-0.00156315635377335
-0.00160931598050222
-0.00163474373216557
-0.00136460369610921
-0.00174156771267202
-0.0021088008117751
-0.00244316163447773
-0.00276679172771621
-0.00308703845059191
-0.00339613860805951
-0.00369453429729955
-0.00397594321903741
-0.00423644607280362
-0.00448627413468472
-0.00471955261265296
-0.00492579728030388
-0.00509522430380088
-0.00522697969321136
-0.00533011211484529
-0.00540154428648405
-0.00543773128117658
0.00928939774346445
0.00868462645436794
0.00796325773009942
0.00713924723417406
0.00629358308912093
0.00548295896919791
0.00470618941394758
0.00396255629116276
0.00325150697437654
0.00257241524531567
0.00192448018259791
0.00130632437674701
0.000716596714791759
0.000125478490216151
0.00935979443281285
0.0089055926131691
0.00844714801177342
0.00799434790813281
0.00759838000248381
0.00721592129201666
0.00685140585864289
0.00651698658851682
0.00620573334573117
0.00589077672495532
0.00556909546906204
0.00527174930590954
0.00502394971965808
0.00482038237679645
0.00466556757656515
0.00454314703945602
0.00446449672497344
0.00442044414898058
-0.000270457474822013
-0.000631347000599726
-0.000964781090168394
-0.00132519483707868
-0.00164768778158109
-0.00192723860209758
-0.0022592670343352
-0.00264788956413477
-0.00301340703484707
-0.00332375950082292
-0.00358451001763307
-0.00381049509769036
-0.00401428376756309
-0.00419037933280244
-0.0043299235623567
-0.00442766232485751
-0.0044922799059628
-0.00452829311745089
-0.000141243952802918
-0.000374776898352727
-0.000579962592590269
-0.000762718391728842
-0.00092919130873272
-0.00108296077282349
-0.00121931108544469
-0.00133006548141494
-0.00141273344969575
-0.00146752891746374
-0.00149568293283016
0.0100008541382388
0.00889673192822757
0.00771500331105724
0.00662630920506778
0.00562684360149283
0.00466612941130721
0.0037830315221399
0.00289616190138284
0.0020740746165583
0.00130286117927984
0.00053368599968805
0.010281510188099
0.00947195356663385
0.00877508525655921
0.00804622987574673
0.00747285535032147
0.00685037574511291
0.00634465213707517
0.00592312594302862
0.00553546655763906
0.00531608001698214
0.00510545319426586
0.00497318259537994
0.00490685701776587
0.000230576334111399
-2.24135303790804e-05
-0.000235638882069181
-0.000439359605962546
-0.000599207857961104
-0.000732391160188575
-0.000825545766287785
-0.000894581646549653
-0.000934878225313894
4.73660396196765e-05
-0.000409691221495205
-0.000839663882379227
-0.00124623352959921
-0.00163243678968642
-0.00199630945150896
-0.0023382450356964
-0.00266472214368059
-0.00296890992193204
-0.00324947756352016
-0.00351944960162765
-0.00376519258370086
-0.00398757067791616
-0.00419224585586351
-0.00437930977136759
-0.00455558920126138
-0.00471741576953294
-0.00485482310786437
-0.00495952146634238
-0.00504021377562761
-0.00509565905265351
-0.00512344448606288
0.0202106978937883
0.0189260052151403
0.0174690416600541
0.0160065104498488
0.0145881832577545
0.0131979341453201
0.0117414415183998
0.010402334140774
0.00947916108188237
0.00835756774386616
0.00713541286665653
0.00612973364498022
0.00514801005058069
0.00416623691551742
0.00328146295957037
0.00240239022881738
0.0202389072069354
0.0190977006678388
0.0178743370721983
0.0166443722296731
0.0154100037736482
0.0141648489105913
0.0128907936527365
0.0115918075369591
0.0103425421990873
0.00921373775156232
0.00824801938680539
0.00744376776065383
0.00671916716811944
0.00588586699186079
0.00183241216704382
0.00118570192113099
0.000588845916080683
6.80964733874174e-05
-0.000444727349087732
-0.000884289544365994
-0.00127673655434734
-0.00169107080762136
-0.00200949572468369
-0.00229178614705478
-0.00252543226781949
-0.00272506822131031
-0.00288309517857406
-0.00300026924177716
-0.003079442448416
-0.00312076524484249
0.00191316236797712
0.00145215811550447
0.00099298944881479
0.000594314653116164
0.000257570380051182
-8.03578191019714e-05
-0.000372950452197864
-0.000610975903969795
-0.000805263802664949
-0.000971522330214141
-0.00111698325850539
-0.0012392569024389
-0.00133060457345908
-0.00138113370055822
0.00532920229060709
0.00485958989623216
0.00443446760485183
0.00402427508774365
0.00364625519036793
0.00329466228099863
0.00298454502516548
0.00269825941189397
0.0024205364824722
0.00216369610669803
0.00193957167359224
0.00174384708687089
0.00156455553931734
0.00139261101568839
0.00560391831515879
0.00533028595033715
0.00510618761614566
0.0048888495530559
0.0046460869114633
0.00443086731578127
0.0042677732693529
0.00412206140504851
0.00400467577046943
0.00391923871768509
0.00386331666849638
0.00383696895429599
0.00383299662152615
0.0038518717457956
0.00389143976240237
0.00394553440464346
0.00401226363085623
0.00409298679874503
0.0041805090254925
0.00427178485521698
0.0043659333052141
0.00446174329263897
0.00455817863374378
0.00465437005608675
0.00475227569500607
0.00485936414282197
0.00498122320645774
0.00512396346410348
0.00530764076300147
0.00554810845792057
0.00588704503565977
0.00130085185717963
0.00121667657429702
0.00114056602560521
0.00107370601787141
0.00101826409718046
0.000978836257794337
0.000954531850838266
0.000939056292623208
0.000932073683056051
0.000933604662411101
0.000942574150086365
0.000957870447374077
0.000980091554322072
0.00101139665305607
0.00104829638700217
0.0010897046487452
0.00114380039181107
0.00121212453893566
0.00129410688288193
0.00138931610874397
0.00150391755165299
0.0016516306390955
0.00183580459623805
0.0020543350831788
0.00231724390683638
0.00264943969462531
0.00131223638691811
0.00125428673833522
0.00121611181127391
0.00352563024182684
0.0047269349740733
0.0062427617951297
0.00793883369614297
0.00972223982871298
0.011639775313564
0.00219001180951635
0.00169932342353241
0.00140256918458228
0.00121696208408148
0.0133001253431894
0.0146802073976182
0.01564974670031
0.0161771914084678
0.0121279815089947
0.012473717529314
0.0126473379289105
0.00628682227146303
0.00682088212931368
0.00746179630979707
0.00826081489759902
0.00929585158626402
0.0105555093239709
0.00596618647596246
0.00617680388133019
0.00653872874482349
0.00706793625572468
0.00779000879143714
0.00865109913757495
0.00981050495854651
0.0111545681034496
0.0127727758959121
0.0146654540495413
0.0167679226731987
0.019144186390443
0.0216706997716586
0.0243951084054557
0.0271717933386049
0.0298398311831237
0.032585232493718
0.0125867260791659
0.0145174121198984
0.0167067145010193
0.0189495718298124
0.0214384162737382
0.0239840003736982
0.026544950698771
0.0290646351291003
0.0315124884851037
0.0338062343060252
0.0359915164115497
0.0380478811124934
0.0399075498451568
0.0415010546213294
0.0428002085106176
0.0438113017984097
0.0445476065185521
0.045023787896318
0.0452643164253911
0.00993253924418869
0.00952557579792008
0.00923421926892066
0.0090568458207105
0.00895793978220562
0.00891203900865683
0.0348724611958619
0.0372144157426495
0.0392949631755676
0.0409216499058299
0.0422007918921162
0.0430334632453798
0.0434621814194763
0.0339203663091026
0.0351323599156968
0.0360083032613086
0.0364533974653438
