9.3879566192685e-05
9.3879566192685e-05
9.3879566192685e-05
9.38795661926851e-05
9.38795661926851e-05
9.38795661926852e-05
9.38795661926853e-05
9.3879566192685e-05
9.38795661926851e-05
9.38795661926852e-05
9.38795661926854e-05
9.38795661926855e-05
9.38795661926855e-05
9.38795661926856e-05
9.38795661926856e-05
9.3879566192685e-05
9.38795661926849e-05
9.38795661926847e-05
9.38795661926847e-05
9.38795661926848e-05
9.38795661926848e-05
9.38795661926848e-05
9.38795661926848e-05
9.38795661926848e-05
9.38795661926849e-05
9.3879566192685e-05
9.38795661926851e-05
9.38795661926852e-05
9.38795661926853e-05
9.38795661926854e-05
9.38795661926854e-05
9.38795661926855e-05
9.38795661926849e-05
9.3879566192685e-05
9.3879566192685e-05
9.3879566192685e-05
9.38795661926849e-05
9.38795661926849e-05
9.38795661926848e-05
9.38795661926848e-05
9.38795661926853e-05
9.38795661926854e-05
9.38795661926856e-05
9.38795661926857e-05
9.3879566192686e-05
9.38795661926852e-05
9.38795661926852e-05
9.38795661926854e-05
9.3879566192686e-05
9.38795661926861e-05
9.38795661926862e-05
9.38795661926862e-05
9.38795661926863e-05
9.38795661926864e-05
9.38795661926865e-05
9.38795661926866e-05
9.38795661926866e-05
9.38795661926866e-05
9.38795661926866e-05
9.38795661926866e-05
9.38795661926866e-05
9.38795661926867e-05
9.38795661926867e-05
9.38795661926867e-05
9.38795661926868e-05
9.38795661926868e-05
9.38795661926869e-05
9.38795661926869e-05
9.38795661926869e-05
9.38795661926869e-05
9.38795661926869e-05
9.38795661926868e-05
9.38795661926868e-05
9.38795661926868e-05
9.38795661926867e-05
9.38795661926868e-05
9.38795661926868e-05
9.38795661926868e-05
9.38795661926868e-05
9.38795661926868e-05
9.38795661926868e-05
9.38795661926868e-05
9.38795661926861e-05
9.38795661926862e-05
9.38795661926863e-05
9.38795661926864e-05
9.38795661926865e-05
9.38795661926866e-05
9.38795661926866e-05
9.38795661926866e-05
9.38795661926866e-05
9.38795661926865e-05
9.38795661926865e-05
9.38795661926855e-05
9.38795661926856e-05
9.38795661926858e-05
9.38795661926855e-05
9.38795661926856e-05
9.38795661926857e-05
9.38795661926859e-05
9.3879566192686e-05
9.38795661926861e-05
9.38795661926858e-05
9.3879566192686e-05
9.38795661926861e-05
9.38795661926861e-05
9.38795661926861e-05
9.38795661926861e-05
9.38795661926862e-05
9.38795661926862e-05
9.38795661926862e-05
9.38795661926862e-05
9.38795661926863e-05
9.38795661926863e-05
9.38795661926864e-05
9.38795661926864e-05
9.38795661926865e-05
9.38795661926865e-05
9.38795661926862e-05
9.38795661926863e-05
9.38795661926866e-05
9.38795661926868e-05
9.38795661926871e-05
9.38795661926873e-05
9.38795661926862e-05
9.38795661926863e-05
9.38795661926863e-05
9.38795661926875e-05
9.38795661926877e-05
9.38795661926879e-05
9.38795661926881e-05
9.38795661926882e-05
9.38795661926884e-05
9.38795661926884e-05
9.38795661926885e-05
9.38795661926885e-05
9.38795661926885e-05
9.38795661926885e-05
9.38795661926885e-05
9.38795661926884e-05
9.38795661926884e-05
9.38795661926884e-05
9.38795661926883e-05
9.38795661926883e-05
9.38795661926883e-05
9.38795661926883e-05
9.38795661926883e-05
9.38795661926882e-05
9.38795661926882e-05
9.38795661926883e-05
9.38795661926883e-05
9.38795661926884e-05
9.38795661926885e-05
9.38795661926887e-05
9.38795661926887e-05
9.38795661926888e-05
9.38795661926889e-05
9.38795661926889e-05
9.3879566192689e-05
9.3879566192689e-05
9.3879566192689e-05
9.38795661926874e-05
9.38795661926874e-05
9.38795661926875e-05
9.38795661926876e-05
9.38795661926877e-05
9.38795661926877e-05
9.38795661926878e-05
9.3879566192688e-05
9.38795661926881e-05
9.38795661926882e-05
9.38795661926883e-05
9.38795661926883e-05
9.38795661926884e-05
9.38795661926884e-05
9.38795661926885e-05
9.38795661926885e-05
9.38795661926886e-05
9.38795661926886e-05
9.38795661926886e-05
9.38795661926887e-05
9.38795661926887e-05
9.38795661926887e-05
9.38795661926887e-05
9.38795661926864e-05
9.38795661926864e-05
9.38795661926865e-05
9.38795661926865e-05
9.38795661926865e-05
9.38795661926866e-05
9.38795661926867e-05
9.38795661926867e-05
9.38795661926868e-05
9.38795661926869e-05
9.38795661926869e-05
9.38795661926869e-05
9.38795661926869e-05
9.38795661926865e-05
9.38795661926867e-05
9.38795661926868e-05
9.3879566192687e-05
9.38795661926871e-05
9.38795661926872e-05
9.38795661926872e-05
9.38795661926873e-05
9.38795661926873e-05
9.38795661926873e-05
9.38795661926873e-05
9.38795661926873e-05
9.38795661926873e-05
9.38795661926873e-05
9.38795661926873e-05
9.38795661926873e-05
9.38795661926873e-05
9.38795661926873e-05
9.38795661926873e-05
9.38795661926874e-05
9.38795661926874e-05
9.38795661926875e-05
9.38795661926875e-05
9.38795661926876e-05
9.38795661926877e-05
9.38795661926877e-05
9.38795661926878e-05
9.38795661926879e-05
9.3879566192688e-05
9.3879566192688e-05
9.3879566192688e-05
9.3879566192688e-05
9.3879566192688e-05
9.3879566192688e-05
9.3879566192688e-05
9.3879566192688e-05
9.3879566192688e-05
9.38795661926857e-05
9.38795661926857e-05
9.38795661926857e-05
9.38795661926856e-05
9.38795661926856e-05
9.38795661926856e-05
9.38795661926856e-05
9.38795661926856e-05
9.38795661926857e-05
9.38795661926858e-05
9.38795661926858e-05
9.38795661926859e-05
9.3879566192686e-05
9.3879566192686e-05
9.38795661926861e-05
9.38795661926861e-05
9.3879566192686e-05
9.3879566192686e-05
9.38795661926861e-05
9.3879566192686e-05
9.3879566192686e-05
9.3879566192686e-05
9.38795661926858e-05
9.38795661926859e-05
9.3879566192686e-05
9.38795661926861e-05
9.38795661926861e-05
9.3879566192686e-05
9.3879566192686e-05
9.3879566192686e-05
9.3879566192686e-05
9.3879566192686e-05
9.3879566192686e-05
9.3879566192686e-05
9.3879566192686e-05
9.3879566192686e-05
9.38795661926861e-05
9.38795661926862e-05
9.38795661926862e-05
9.38795661926863e-05
9.38795661926863e-05
9.38795661926863e-05
9.38795661926863e-05
9.38795661926863e-05
9.38795661926862e-05
9.38795661926862e-05
9.38795661926862e-05
9.38795661926862e-05
9.38795661926854e-05
9.38795661926854e-05
9.38795661926855e-05
9.38795661926855e-05
9.38795661926856e-05
9.38795661926858e-05
9.38795661926855e-05
9.38795661926856e-05
9.38795661926856e-05
9.38795661926856e-05
9.38795661926856e-05
9.38795661926857e-05
9.38795661926859e-05
9.38795661926859e-05
9.3879566192686e-05
9.38795661926862e-05
9.38795661926863e-05
9.38795661926864e-05
9.38795661926865e-05
9.38795661926866e-05
9.38795661926868e-05
9.38795661926869e-05
9.3879566192687e-05
9.38795661926872e-05
9.38795661926873e-05
9.38795661926875e-05
9.38795661926877e-05
9.38795661926878e-05
9.3879566192688e-05
9.3879566192688e-05
9.38795661926881e-05
9.38795661926882e-05
9.38795661926882e-05
9.38795661926883e-05
9.38795661926883e-05
9.38795661926883e-05
9.38795661926883e-05
9.38795661926882e-05
9.38795661926883e-05
9.38795661926883e-05
9.38795661926883e-05
9.38795661926884e-05
9.38795661926884e-05
9.38795661926856e-05
9.38795661926857e-05
9.38795661926857e-05
9.38795661926858e-05
9.38795661926858e-05
9.38795661926859e-05
9.38795661926859e-05
9.3879566192686e-05
9.3879566192686e-05
9.38795661926861e-05
9.3879566192686e-05
9.3879566192686e-05
9.3879566192686e-05
9.38795661926857e-05
9.38795661926859e-05
9.3879566192686e-05
9.38795661926861e-05
9.38795661926862e-05
9.38795661926863e-05
9.38795661926859e-05
9.38795661926858e-05
9.38795661926857e-05
9.38795661926856e-05
9.38795661926855e-05
9.38795661926854e-05
9.38795661926853e-05
9.38795661926852e-05
9.38795661926852e-05
9.38795661926851e-05
9.38795661926851e-05
9.38795661926852e-05
9.38795661926852e-05
9.38795661926852e-05
9.38795661926852e-05
9.38795661926851e-05
9.38795661926851e-05
9.38795661926851e-05
9.38795661926851e-05
9.38795661926851e-05
9.38795661926852e-05
9.38795661926853e-05
9.38795661926853e-05
9.38795661926854e-05
9.38795661926854e-05
9.38795661926854e-05
9.38795661926854e-05
9.38795661926864e-05
9.38795661926865e-05
9.38795661926866e-05
9.38795661926867e-05
9.38795661926869e-05
9.38795661926871e-05
9.38795661926873e-05
9.38795661926875e-05
9.38795661926876e-05
9.38795661926876e-05
9.38795661926878e-05
9.38795661926878e-05
9.38795661926879e-05
9.3879566192688e-05
9.38795661926881e-05
9.38795661926882e-05
9.38795661926884e-05
9.38795661926885e-05
9.38795661926886e-05
9.38795661926887e-05
9.38795661926887e-05
9.38795661926887e-05
9.38795661926887e-05
9.38795661926887e-05
9.38795661926864e-05
9.38795661926865e-05
9.38795661926866e-05
9.38795661926866e-05
9.38795661926866e-05
9.38795661926867e-05
9.38795661926867e-05
9.38795661926868e-05
9.38795661926868e-05
9.38795661926868e-05
9.38795661926869e-05
9.38795661926869e-05
9.38795661926858e-05
9.38795661926859e-05
9.3879566192686e-05
9.3879566192686e-05
9.38795661926861e-05
9.38795661926861e-05
9.38795661926862e-05
9.38795661926863e-05
9.38795661926863e-05
9.38795661926863e-05
9.38795661926863e-05
9.38795661926864e-05
9.38795661926864e-05
9.38795661926865e-05
9.38795661926866e-05
9.38795661926866e-05
9.38795661926867e-05
9.38795661926868e-05
9.38795661926868e-05
9.38795661926868e-05
9.38795661926868e-05
9.38795661926869e-05
9.38795661926868e-05
9.38795661926858e-05
9.38795661926859e-05
9.38795661926859e-05
9.3879566192686e-05
9.38795661926861e-05
9.38795661926862e-05
9.38795661926862e-05
9.38795661926863e-05
9.38795661926863e-05
9.38795661926864e-05
9.38795661926864e-05
9.38795661926864e-05
9.38795661926865e-05
9.38795661926865e-05
9.38795661926865e-05
9.38795661926866e-05
9.38795661926866e-05
9.38795661926867e-05
9.38795661926867e-05
9.38795661926867e-05
9.38795661926868e-05
9.38795661926869e-05
9.38795661926869e-05
9.3879566192687e-05
9.3879566192687e-05
9.38795661926871e-05
9.38795661926871e-05
9.38795661926872e-05
9.38795661926872e-05
9.38795661926872e-05
9.38795661926873e-05
9.38795661926872e-05
9.38795661926872e-05
9.38795661926872e-05
9.38795661926872e-05
9.38795661926856e-05
9.38795661926856e-05
9.38795661926856e-05
9.38795661926856e-05
9.38795661926856e-05
9.38795661926856e-05
9.38795661926855e-05
9.38795661926855e-05
9.38795661926855e-05
9.38795661926855e-05
9.38795661926854e-05
9.38795661926854e-05
9.38795661926853e-05
9.38795661926853e-05
9.38795661926852e-05
9.38795661926856e-05
9.38795661926855e-05
9.38795661926855e-05
9.38795661926854e-05
9.38795661926855e-05
9.38795661926855e-05
9.38795661926855e-05
9.38795661926855e-05
9.38795661926854e-05
9.38795661926854e-05
9.38795661926854e-05
9.38795661926854e-05
9.38795661926853e-05
9.38795661926853e-05
9.38795661926853e-05
9.38795661926853e-05
9.38795661926853e-05
9.38795661926854e-05
9.38795661926855e-05
9.38795661926856e-05
9.38795661926856e-05
9.38795661926856e-05
9.38795661926856e-05
9.38795661926856e-05
9.38795661926855e-05
9.38795661926855e-05
9.38795661926855e-05
9.38795661926854e-05
9.38795661926854e-05
9.38795661926854e-05
9.38795661926854e-05
9.38795661926853e-05
9.38795661926852e-05
9.38795661926852e-05
9.38795661926852e-05
9.38795661926852e-05
9.38795661926854e-05
9.38795661926855e-05
9.38795661926855e-05
9.38795661926855e-05
9.38795661926856e-05
9.38795661926856e-05
9.38795661926856e-05
9.38795661926856e-05
9.38795661926856e-05
9.38795661926856e-05
9.38795661926856e-05
9.38795661926856e-05
9.38795661926856e-05
9.38795661926856e-05
9.38795661926856e-05
9.38795661926857e-05
9.38795661926858e-05
9.38795661926858e-05
9.38795661926859e-05
9.38795661926859e-05
9.38795661926859e-05
9.38795661926859e-05
9.38795661926859e-05
9.38795661926858e-05
9.38795661926858e-05
9.38795661926859e-05
9.38795661926859e-05
9.38795661926859e-05
9.38795661926859e-05
9.38795661926855e-05
9.38795661926855e-05
9.38795661926855e-05
9.38795661926855e-05
9.38795661926855e-05
9.38795661926855e-05
9.38795661926855e-05
9.38795661926856e-05
9.38795661926856e-05
9.38795661926856e-05
9.38795661926856e-05
9.38795661926857e-05
9.38795661926857e-05
9.38795661926857e-05
9.38795661926856e-05
9.38795661926856e-05
9.38795661926856e-05
9.38795661926855e-05
9.38795661926855e-05
9.38795661926855e-05
9.38795661926856e-05
9.38795661926855e-05
9.38795661926855e-05
9.38795661926855e-05
9.38795661926855e-05
9.38795661926856e-05
9.38795661926856e-05
9.38795661926856e-05
9.38795661926856e-05
9.38795661926856e-05
9.38795661926857e-05
9.38795661926857e-05
9.38795661926848e-05
9.38795661926848e-05
9.38795661926847e-05
9.38795661926848e-05
9.38795661926847e-05
9.38795661926848e-05
9.38795661926848e-05
9.38795661926847e-05
9.38795661926846e-05
9.38795661926846e-05
9.38795661926845e-05
9.38795661926845e-05
9.38795661926845e-05
9.38795661926844e-05
9.38795661926843e-05
9.38795661926843e-05
9.38795661926842e-05
9.38795661926842e-05
9.38795661926842e-05
9.38795661926843e-05
9.38795661926843e-05
9.38795661926844e-05
9.38795661926844e-05
9.38795661926845e-05
9.38795661926845e-05
9.38795661926846e-05
9.38795661926846e-05
9.38795661926847e-05
9.38795661926847e-05
9.38795661926847e-05
9.38795661926847e-05
9.38795661926847e-05
9.38795661926846e-05
9.38795661926846e-05
9.38795661926849e-05
9.3879566192685e-05
9.38795661926853e-05
9.38795661926856e-05
9.38795661926844e-05
9.38795661926842e-05
9.38795661926841e-05
9.38795661926849e-05
9.38795661926852e-05
9.38795661926855e-05
9.38795661926857e-05
9.38795661926861e-05
9.38795661926841e-05
9.38795661926842e-05
9.38795661926844e-05
9.38795661926846e-05
9.38795661926838e-05
9.38795661926836e-05
9.38795661926834e-05
9.38795661926848e-05
9.3879566192685e-05
9.38795661926852e-05
9.38795661926854e-05
9.38795661926856e-05
9.38795661926858e-05
9.38795661926859e-05
9.38795661926861e-05
9.38795661926862e-05
9.38795661926864e-05
9.38795661926866e-05
9.38795661926868e-05
9.38795661926847e-05
9.38795661926848e-05
9.3879566192685e-05
9.38795661926851e-05
9.38795661926852e-05
9.38795661926852e-05
9.38795661926853e-05
9.38795661926854e-05
9.38795661926855e-05
9.38795661926856e-05
9.38795661926856e-05
9.38795661926857e-05
9.38795661926858e-05
9.3879566192686e-05
9.38795661926861e-05
9.38795661926861e-05
9.38795661926863e-05
9.38795661926863e-05
9.38795661926864e-05
9.38795661926864e-05
9.38795661926865e-05
9.38795661926865e-05
9.38795661926865e-05
9.38795661926865e-05
9.38795661926865e-05
9.38795661926868e-05
9.38795661926868e-05
9.38795661926868e-05
9.38795661926869e-05
9.38795661926869e-05
9.38795661926869e-05
9.38795661926869e-05
9.38795661926869e-05
9.3879566192687e-05
9.38795661926871e-05
9.38795661926871e-05
9.3879566192687e-05
9.38795661926871e-05
9.38795661926871e-05
9.38795661926871e-05
9.38795661926872e-05
9.38795661926872e-05
9.38795661926872e-05
9.38795661926872e-05
9.38795661926873e-05
9.38795661926873e-05
9.38795661926873e-05
9.38795661926873e-05
9.38795661926873e-05
9.38795661926873e-05
9.38795661926833e-05
9.38795661926833e-05
9.38795661926833e-05
9.38795661926833e-05
9.38795661926834e-05
9.38795661926834e-05
9.38795661926834e-05
9.38795661926835e-05
9.38795661926835e-05
9.38795661926835e-05
9.38795661926836e-05
9.38795661926836e-05
9.38795661926836e-05
9.38795661926836e-05
9.38795661926834e-05
9.38795661926833e-05
9.38795661926832e-05
9.38795661926831e-05
9.38795661926829e-05
9.38795661926829e-05
9.38795661926828e-05
9.38795661926828e-05
9.38795661926827e-05
9.38795661926826e-05
9.38795661926826e-05
9.38795661926825e-05
9.38795661926825e-05
9.38795661926825e-05
9.38795661926826e-05
9.38795661926826e-05
9.38795661926826e-05
9.38795661926826e-05
9.38795661926836e-05
9.38795661926836e-05
9.38795661926836e-05
9.38795661926837e-05
9.38795661926837e-05
9.38795661926838e-05
9.38795661926839e-05
9.3879566192684e-05
9.3879566192684e-05
9.38795661926842e-05
9.38795661926843e-05
9.38795661926843e-05
9.38795661926843e-05
9.38795661926842e-05
9.38795661926842e-05
9.38795661926842e-05
9.38795661926842e-05
9.38795661926842e-05
9.38795661926836e-05
9.38795661926836e-05
9.38795661926836e-05
9.38795661926837e-05
9.38795661926838e-05
9.38795661926838e-05
9.38795661926839e-05
9.38795661926839e-05
9.38795661926839e-05
9.3879566192684e-05
9.38795661926839e-05
9.38795661926864e-05
9.38795661926867e-05
9.3879566192687e-05
9.38795661926873e-05
9.38795661926876e-05
9.38795661926878e-05
9.3879566192688e-05
9.38795661926882e-05
9.38795661926884e-05
9.38795661926886e-05
9.38795661926887e-05
9.38795661926862e-05
9.38795661926864e-05
9.38795661926864e-05
9.38795661926865e-05
9.38795661926866e-05
9.38795661926866e-05
9.38795661926868e-05
9.38795661926869e-05
9.3879566192687e-05
9.3879566192687e-05
9.38795661926871e-05
9.38795661926871e-05
9.38795661926871e-05
9.38795661926889e-05
9.3879566192689e-05
9.38795661926891e-05
9.38795661926892e-05
9.38795661926893e-05
9.38795661926893e-05
9.38795661926894e-05
9.38795661926894e-05
9.38795661926894e-05
9.38795661926888e-05
9.38795661926889e-05
9.38795661926889e-05
9.3879566192689e-05
9.38795661926891e-05
9.38795661926891e-05
9.38795661926892e-05
9.38795661926893e-05
9.38795661926893e-05
9.38795661926893e-05
9.38795661926893e-05
9.38795661926893e-05
9.38795661926893e-05
9.38795661926894e-05
9.38795661926895e-05
9.38795661926897e-05
9.38795661926899e-05
9.387956619269e-05
9.38795661926901e-05
9.38795661926902e-05
9.38795661926902e-05
9.38795661926902e-05
9.38795661926857e-05
9.38795661926859e-05
9.3879566192686e-05
9.38795661926861e-05
9.38795661926863e-05
9.38795661926864e-05
9.38795661926866e-05
9.38795661926867e-05
9.38795661926869e-05
9.38795661926869e-05
9.3879566192687e-05
9.38795661926871e-05
9.38795661926872e-05
9.38795661926873e-05
9.38795661926874e-05
9.38795661926876e-05
9.38795661926857e-05
9.38795661926859e-05
9.38795661926861e-05
9.38795661926863e-05
9.38795661926864e-05
9.38795661926866e-05
9.38795661926868e-05
9.38795661926869e-05
9.3879566192687e-05
9.38795661926871e-05
9.38795661926872e-05
9.38795661926873e-05
9.38795661926874e-05
9.38795661926875e-05
9.38795661926877e-05
9.38795661926878e-05
9.38795661926878e-05
9.38795661926879e-05
9.38795661926879e-05
9.38795661926879e-05
9.38795661926879e-05
9.3879566192688e-05
9.3879566192688e-05
9.38795661926881e-05
9.38795661926881e-05
9.38795661926882e-05
9.38795661926882e-05
9.38795661926882e-05
9.38795661926883e-05
9.38795661926882e-05
9.38795661926876e-05
9.38795661926876e-05
9.38795661926876e-05
9.38795661926876e-05
9.38795661926876e-05
9.38795661926876e-05
9.38795661926876e-05
9.38795661926877e-05
9.38795661926877e-05
9.38795661926877e-05
9.38795661926877e-05
9.38795661926876e-05
9.38795661926876e-05
9.38795661926876e-05
9.38795661926876e-05
9.38795661926877e-05
9.38795661926877e-05
9.38795661926879e-05
9.3879566192688e-05
9.38795661926881e-05
9.38795661926882e-05
9.38795661926883e-05
9.38795661926883e-05
9.38795661926883e-05
9.38795661926884e-05
9.38795661926884e-05
9.38795661926884e-05
9.38795661926883e-05
9.38795661926876e-05
9.38795661926876e-05
9.38795661926877e-05
9.38795661926877e-05
9.38795661926878e-05
9.38795661926879e-05
9.38795661926881e-05
9.38795661926882e-05
9.38795661926884e-05
9.38795661926885e-05
9.38795661926885e-05
9.38795661926886e-05
9.38795661926886e-05
9.38795661926887e-05
9.38795661926888e-05
9.3879566192689e-05
9.38795661926891e-05
9.38795661926892e-05
9.38795661926893e-05
9.38795661926895e-05
9.38795661926896e-05
9.38795661926897e-05
9.38795661926897e-05
9.38795661926898e-05
9.38795661926899e-05
9.387956619269e-05
9.38795661926901e-05
9.38795661926902e-05
9.38795661926903e-05
9.38795661926904e-05
9.38795661926905e-05
9.38795661926883e-05
9.38795661926882e-05
9.38795661926882e-05
9.38795661926883e-05
9.38795661926883e-05
9.38795661926883e-05
9.38795661926883e-05
9.38795661926882e-05
9.38795661926882e-05
9.38795661926883e-05
9.38795661926883e-05
9.38795661926882e-05
9.38795661926882e-05
9.38795661926881e-05
9.3879566192688e-05
9.38795661926879e-05
9.38795661926879e-05
9.38795661926879e-05
9.38795661926879e-05
9.38795661926879e-05
9.38795661926879e-05
9.38795661926878e-05
9.38795661926878e-05
9.38795661926876e-05
9.38795661926875e-05
9.38795661926874e-05
9.38795661926883e-05
9.38795661926883e-05
9.38795661926882e-05
9.38795661926874e-05
9.38795661926873e-05
9.38795661926873e-05
9.38795661926873e-05
9.38795661926872e-05
9.38795661926872e-05
9.38795661926873e-05
9.38795661926872e-05
9.38795661926871e-05
9.38795661926871e-05
9.38795661926871e-05
9.38795661926871e-05
9.3879566192687e-05
9.38795661926871e-05
9.38795661926872e-05
9.38795661926871e-05
9.38795661926871e-05
9.38795661926906e-05
9.38795661926908e-05
9.38795661926909e-05
9.38795661926911e-05
9.38795661926913e-05
9.38795661926915e-05
9.38795661926904e-05
9.38795661926904e-05
9.38795661926904e-05
9.38795661926904e-05
9.38795661926904e-05
9.38795661926903e-05
9.38795661926903e-05
9.38795661926902e-05
9.38795661926901e-05
9.387956619269e-05
9.387956619269e-05
9.387956619269e-05
9.38795661926899e-05
9.38795661926899e-05
9.38795661926898e-05
9.38795661926898e-05
9.38795661926898e-05
9.38795661926918e-05
9.38795661926921e-05
9.38795661926923e-05
9.38795661926925e-05
9.38795661926927e-05
9.38795661926929e-05
9.3879566192693e-05
9.38795661926931e-05
9.38795661926932e-05
9.38795661926933e-05
9.38795661926934e-05
9.38795661926935e-05
9.38795661926935e-05
9.38795661926935e-05
9.38795661926936e-05
9.38795661926936e-05
9.38795661926937e-05
9.38795661926937e-05
9.38795661926937e-05
9.38795661926914e-05
9.38795661926913e-05
9.38795661926912e-05
9.38795661926911e-05
9.38795661926911e-05
9.3879566192691e-05
9.38795661926898e-05
9.38795661926897e-05
9.38795661926897e-05
9.38795661926897e-05
9.38795661926897e-05
9.38795661926897e-05
9.38795661926897e-05
9.38795661926898e-05
9.38795661926898e-05
9.38795661926898e-05
9.38795661926898e-05
