0.05
0.0365434216449682
0.0335157999830932
0.0284698473011214
0.0346290591205442
0.0319146725134506
0.0287210284508927
0.0365076332538065
0.033615577503547
0.0283902077993884
0.0246348415187514
0.0216828194456171
0.0195641055657041
0.0169333525991051
0.0140745753199388
0.0366588996783173
0.0300984089781354
0.0241292521500236
0.0233104788752806
0.0203054571537076
0.0175071505598478
0.0169500267223975
0.0167710597992352
0.0167843267118659
0.0172011523781663
0.0186786316519835
0.021257340643012
0.0242963765969999
0.0275669457344646
0.0309010493150718
0.0341714967065092
0.0374512212219969
0.0364213159826858
0.034655135052988
0.0323117697385147
0.0304090339189163
0.028837011702396
0.0276191751037638
0.0266487721466674
0.0256781839960718
0.0251772964659921
0.0220728607626285
0.0187134208081835
0.0157511955699592
0.0125889567434498
0.025772255062365
0.0235110731227014
0.0213945227748802
0.0119868422160561
0.0115861705726632
0.0114484888730054
0.0115646043804677
0.0119381952152482
0.0126010392689087
0.0134682744469921
0.0146017225116461
0.016059378264359
0.0177007061399035
0.0195838394320055
0.0216418085397195
0.0238940764693676
0.026173426229719
0.0284007915376118
0.0306851585049466
0.0329041181595022
0.0351183768539745
0.0373551305899253
0.0394916025143249
0.0413345957787029
0.0427992945116969
0.0438176110859285
0.044379769633562
0.0445576126292705
0.0441007781568074
0.0428661476224998
0.0406914980758709
0.0377530666588996
0.0342886969312454
0.0308647620550172
0.0280190747212405
0.0260254845931464
0.024974637519194
0.0105745458169582
0.00918955351661372
0.00786998106077588
0.00663348123335871
0.00561315024675327
0.00477713544692863
0.00403537015144317
0.00351758478286276
0.00312748166242968
0.00284652275804395
0.0027009823543355
0.0200540567873386
0.0185385338851998
0.0167349341384563
0.0198244540208153
0.0185576032578995
0.0178749673269884
0.0163178067279364
0.0158763748860451
0.0154056757082247
0.015333793821688
0.0135852498075477
0.0120171970537685
0.0112299294541234
0.0107905827703213
0.0105764440094459
0.0106245333875946
0.0108521104839758
0.0111902680491411
0.0116549214904248
0.0121642823308381
0.0126950187773161
0.013176111557787
0.0135517760756524
0.0138048463512832
0.0139516630446643
0.0160593248272246
0.0178556553398505
0.0208942714062721
0.0246986803580041
0.0286042605509192
0.0328704435169977
0.0145900921999318
0.0138613485386429
0.0131417742738778
0.0350110611743635
0.0372963731118271
0.039355781874987
0.0410106555696172
0.0420910846348055
0.0422436009593343
0.0412413148905546
0.0388224946805105
0.034659138009795
0.0291666340418333
0.0235823926910739
0.0188021413126728
0.0149686676209402
0.011888395422466
0.0093976712186108
0.0073766459503077
0.00573272082187522
0.00437510596690009
0.00321137627252189
0.00223692989663007
0.00134307772716401
0.000555287297565338
-0.000154951880708679
-0.000842129083039793
-0.00132998854687478
-0.00190929207896752
-0.0023974439353173
-0.00284601169242356
-0.00323432380906241
-0.00354614463206777
-0.0038073674383315
-0.00401270079697096
-0.00412909107084184
-0.00421119635137095
0.0350293347755515
0.0371140203977661
0.038957638560885
0.040632050144148
0.0415592023565183
0.0412422337810764
0.0393256719276081
0.0352446057143768
0.0296640206845805
0.0237566971632824
0.0185601881523707
0.0142505107127748
0.01075127750993
0.00799175918131923
0.00583578614055773
0.00404517428479521
0.00263527324386756
0.00156080684587465
0.000725217501104808
6.80943305868271e-05
-0.000425518924397907
-0.000754273728263322
-0.000922757060670934
0.0114275414278257
0.00999523877038591
0.00883662842230195
0.00792046151541549
0.00719448063839874
0.00661057346430559
0.00613771345425005
0.00577110826329302
0.00549717956928266
0.00529587580475969
0.00515447228160495
0.00506511946932001
0.00502070455824277
0.0129205726314334
0.0129936244165437
0.0133671950868372
0.0140109652881651
0.0149299268292323
0.0161083800784401
0.0174761731616965
0.0190867003549274
0.0212260436374812
0.0238751610987389
0.0267959717782352
0.0296852666531994
0.032423292719601
0.0350534814038357
0.0373864989707446
0.0393654564508887
0.0408730720857421
0.0419030913740014
0.0425724503094411
0.0429178273210297
0.0424766768726427
0.0410032771118154
0.0377199569225488
0.0332312236913663
0.0279666708102081
0.0224892779714108
0.0175162634093524
0.0134480933517154
0.0103431268412361
0.00802725562596799
0.0062196089268532
0.00476479825521739
0.00370670339803169
0.00285931290351069
0.0021652863503038
0.00172383922192959
0.0014973730027685
0.0179209055990704
0.0182572753720053
0.0188167350213301
0.0196375782400085
0.0205802339667008
0.0218514110822377
0.0232160644232277
0.0245832849650223
0.026238198721219
0.0279506654201266
0.0292557149725989
0.0313157232264835
0.0327440109450887
0.0345739296821651
0.0365391433874975
0.0380586899841021
0.0390444157194455
0.0400526558611547
0.0409137017489708
0.0415492332418932
0.0419882368351109
0.0421990500489673
0.01764141019409
0.0176705136087942
0.0179448188318742
0.0184570824584208
0.0191669300277373
0.0200418209167469
0.0210659525647881
0.0223119225211834
0.0235466975883132
0.0249938343207234
0.0266588802306389
0.0284261336185537
0.0310528067819732
0.033752434487578
0.0362435236319328
0.038534433812571
0.040535122724153
0.0422971864520683
0.0436996859777374
0.0450541094183012
0.0461731988592775
0.0470126470241238
0.0476192615766221
0.0480460297474947
0.0483048483399084
0.0484359961480312
0.0279978394914475
0.0271337537572668
0.0260024750063016
0.026647888753906
0.0245268670639928
0.0221717182352433
0.0256206620490257
0.0251511167008473
0.0245418617315152
0.024442874516036
0.0219723051966799
0.0188595732585188
0.0163222909854345
0.0144743301019478
0.0128959726938777
0.0115402739453952
0.0104897728382742
0.00977998501162557
0.00932661765937625
0.00915340199484428
0.00925291837697894
0.00965569915046673
0.0105520797917801
0.0120678418358487
0.0137550716844648
0.0162870622197389
0.018830481755086
0.021896698545386
0.025007043468549
0.0285558685275998
0.0320360112990243
0.0351917768377051
0.0381384151212041
0.0407448140991442
0.0428676851299761
0.0444578802060491
0.0453966231959803
0.0458066366986385
0.045700275930708
0.0451339427304893
0.0443425647076625
0.0435698390885341
0.0430659358716021
0.0225521098409591
0.0201308957409575
0.017666895380291
0.015390862286383
0.0134181024162425
0.0116604848944678
0.0101157073320318
0.00875286041843722
0.00764184580841008
0.00674973776074251
0.00608179807784631
0.00564176414872156
0.00541216635105753
0.0235237880145813
0.0229427185452598
0.0226054221365436
0.0222772088046382
0.0220576517394332
0.0219504976721067
0.0231883993207865
0.0242702534240678
0.0259700649650828
0.0278896103202817
0.0300258850986488
0.0323647230838545
0.0347301273029901
0.0369981567306532
0.0390963201074294
0.0408273771209099
0.042097568582409
0.0427696109447282
0.0426704377810262
0.0415934497899128
0.0393331722492107
0.0358345694548183
0.0315094877445721
0.0268827667482436
0.0227053627314295
0.0192075628159611
0.0163257228136037
0.0137475612771798
0.0116130958725733
0.00998894900217628
0.00883490392418524
0.00815696057885336
0.00777303009941188
0.0232658348445336
0.025145453645436
0.0275996144159576
0.0303635061847709
0.0329063212791837
0.0353904318636768
0.0378737747152269
0.0398856422761914
0.0413387111097453
0.0425104829713715
0.0430597405434706
0.0426556963650305
0.0411815663985602
0.0388762666497178
0.0351187012203493
0.0305640109019794
0.0257879387723141
0.021544152798021
0.0180971068183974
0.0157691265920697
0.0140115558744523
0.0124806312771547
0.0113786990453142
0.0108759478023115
0.0208174256521645
0.0199338289044571
0.0193722049443307
0.0190091078464536
0.0188510386248985
0.0188280719141483
0.0189242459176015
0.0190701917851209
0.0192492585669324
0.019448903524692
0.0196076042585451
0.0197096243537221
0.0206204884967351
0.0187681156067933
0.0166307151993982
0.0142023251671753
0.0120423811176128
0.0103333323131549
0.00875422637667254
0.00731394598171039
0.0060723735336947
0.00492360899652914
0.00385327103780304
0.0029197657134858
0.00213537017077026
0.00135789024673771
0.000586565943634972
-8.75414494570864e-05
-0.000642548706325357
-0.00110951846111956
-0.00149798912908778
-0.00180382154828297
-0.00202313061903279
-0.00216593712235066
-0.00224842131093429
0.0209509041213446
0.0196160388331368
0.0181628224833945
0.0165543361088404
0.0150093674903683
0.0137293709773622
0.0127371401812645
0.012006197934005
0.0115342607773263
0.0113141918525935
0.0113401720918811
0.01159717856914
0.012103194022098
0.0128882663847401
0.013909840843861
0.0151360550699666
0.0165660166310539
0.0182010170076863
0.0200178004005195
0.0219484889211497
0.0239692822333499
0.0260340178643534
0.0280490297019304
0.0300832736674158
0.0324265544511439
0.0348641885554798
0.0371536836933369
0.0392478665306724
0.0410458199904758
0.0425582752138923
0.0438123465476608
0.0447560359810292
0.0454761121642764
0.0459073192314632
0.0461400586355507
0.0130530685317288
0.0119499894286778
0.0107153391822229
0.0132988739112619
0.0127022714429294
0.0123990032962291
0.00888994685336712
0.00716723726730317
0.00566960210919467
0.00440421237289617
0.00347177071476975
0.00270600156993966
0.00213621908671572
0.00176496234757621
0.00158020926830003
0.0109397894128922
0.0114939115282141
0.0123983738663025
0.0137007864821545
0.0164527982282237
0.0191907277528871
0.0222730211917953
0.0254882396168608
0.0285780872643554
0.0315995758646353
0.0344086261387768
0.0369297104256643
0.0391038166926631
0.0408400169598152
0.0420561697088655
0.0426267059758315
0.0424166673015642
0.0413166769867267
0.0392802739972299
0.0360648709401873
0.0317080230067904
0.0271246319248488
0.0227878623166018
0.0190320595378058
0.016015032758443
0.0136601286082544
0.0118348288623014
0.0105272318156276
0.00969331913279431
0.00927011830832341
0.0124193710016194
0.0114922371248287
0.0108453159969597
0.0102431487955539
0.0099773008068711
0.0097944940031754
0.0389028869941788
0.0403855074153933
0.0417820124535255
0.0427871659421076
0.0430459610982017
0.0422350806912136
0.0400161426326244
0.0361679427423552
0.030906055305209
0.0251874651995306
0.0201266726525338
0.016044661221159
0.0126027473185969
0.00969711461558751
0.00737848353094527
0.00549393254801208
0.00394908526429272
0.00268032655391983
0.00163655751037573
0.000776689535007567
6.66808029879644e-05
-0.000522194005348157
-0.00100849555159481
-0.0014041816324419
-0.00171992569177634
-0.00196394134543243
-0.00214157140561771
-0.00225664844634778
-0.00231495015758185
0.0394042346871631
0.0409731945429589
0.042306322895757
0.0432023484861743
0.0434765030086528
0.0430010597441134
0.0417008607725904
0.0391197907522158
0.0350855312609094
0.0305035500303276
0.0261466169985828
0.0220136287263439
0.0181413062250292
0.0143958597494352
0.0112470905053398
0.00876326701627827
0.00674994184468321
0.00511163636671111
0.00375650116488319
0.00259708127081338
0.00167365665360026
0.00081064404201062
0.000290001688932843
-0.000194548427818207
-0.00071022990020517
-0.0011233242028025
-0.00147599252507888
-0.00177790224049528
-0.0020038233694603
-0.00217343908259734
-0.00228523216091767
-0.00234353001305851
0.0248676498875724
0.023814244374744
0.0226704728696351
0.0215120501735461
0.0202219150820789
0.0248266368844858
0.0227803088765174
0.0198409229125285
0.0175294681903022
0.0153552016730587
0.0133594007689847
0.0119101858507444
0.0106955253724412
0.0095605090845889
0.00852334055117065
0.00779698745598945
0.00724742496984867
0.00685413813338163
0.00659745467670359
0.00646200510875235
0.006428330008119
0.00647883268679085
0.00658742375810758
0.00679445116764726
0.0070482545897204
0.00729346729422828
0.00753871823130142
0.0077679878995391
0.00795017293956556
0.00807098452387324
0.00814175818228701
0.0188670130693788
0.0165294726015929
0.0134619148649106
0.0196920837374158
0.0187338596494247
0.017416924738505
0.0158381043828063
0.011834471843171
0.0106670433355029
0.00979210987627343
0.0123840013469614
0.0113678740461012
0.010289004388082
0.00941602589041375
0.00824268155576691
0.00944731756681359
0.00869852052552943
0.00766186607664197
0.00656356040250472
0.00885608768225677
0.00798768716185814
0.0071002924760585
0.00609029706138381
0.0055565205206298
0.00498705665856001
0.00448425188870698
0.00396842946391303
0.00345576647587719
0.0029873733930958
0.00251859004491573
0.0020786156169948
0.00168629684960636
0.00135075576477998
0.00103947350408241
0.0059010404367143
0.00521189304004247
0.00447844590725681
0.00393570056679893
0.0032439068519618
0.00271439173866012
0.00208334679699113
0.001462947096622
0.000933213358474309
0.000421387171216016
-8.76935117563528e-05
-0.000587139463620669
-0.00103122661257839
-0.00144950765810125
-0.00191578154354314
-0.00233159132353101
-0.00275828307564549
-0.00312111701953973
-0.00346076230257417
-0.00376345545145957
-0.00400697316884324
-0.00421101043871163
-0.00436999493760061
-0.00446755994396206
-0.00451678381354085
0.000424977771320861
-0.000120074403447193
-0.000575647564669496
-0.000900528951921594
-0.00118783680847985
-0.00136142782141835
-0.00145705289855605
0.00140922823056944
0.00183340463562687
0.00232652305060393
0.00285318204123503
0.00344467968506355
0.00412394825053283
0.00488723822539853
0.00574767587286077
0.00669696379672469
0.00772310165193676
0.00887073897690743
0.0101184273686825
0.0113908928412622
0.0125736818421794
0.013588814301212
0.0144471183902476
0.0150763893001848
0.0154063563931826
0.00668563814419053
0.0061887209287277
0.00559153925042735
0.0049044049403095
0.00419426079479159
0.00350878451105674
0.0028474659196455
0.00221022794326323
0.00159714928133698
0.00100824064878798
0.000443338773678963
-9.82640908316443e-05
-0.000617310232821655
-0.00113976080710156
0.00670198469736971
0.00628304930750193
0.00585474607145119
0.00542651125547055
0.00504752829657313
0.00467700115130209
0.00431927691014528
0.00398682359798798
0.00367369887921378
0.00335352933662091
0.00302354829982373
0.00271614939535999
0.00245828460686488
0.0022452745272104
0.00208254868194071
0.00195341198573265
0.00187024274943016
0.00182358352154876
-0.00146150267606609
-0.00175547046386385
-0.00202832755326578
-0.00232553813139263
-0.0025947869639761
-0.00283182560795204
-0.00311833539953312
-0.00346029030294552
-0.00378854438007342
-0.00407284973292899
-0.00431607701797868
-0.00453032292675767
-0.00472641797969416
-0.00489814670252269
-0.00503576014298575
-0.00513295568791421
-0.00519759254533696
-0.00523375879639131
-0.00140024376260521
-0.00163175905337209
-0.00183812250779002
-0.00202447304790888
-0.00219643011339067
-0.00235713863877959
-0.00250107592451778
-0.00261895695782237
-0.00270751415520012
-0.00276648837241149
-0.00279687833054149
0.0075121017083409
0.00670706451219934
0.00583995651717754
0.00503564631526454
0.00429280308274185
0.00357527752584764
0.00291352094526995
0.00224785073094909
0.00163104516285922
0.00105372873357862
0.00048009762175667
0.00759559216032582
0.00686204887108441
0.00622014236962793
0.00553736403728155
0.00499171111885929
0.00439015625296889
0.00389440751591467
0.00347626428236179
0.00308759416868659
0.00286604211231114
0.00265208592779552
0.00251713832616171
0.0024492941102207
5.58056153475062e-05
-0.000312446538371738
-0.000632556960726479
-0.000946928502621145
-0.00119930214523628
-0.00141348385538677
-0.0015653393781856
-0.0016790234348359
-0.00174586206608643
0.000285770318132785
0.000111548538989608
-4.76274148573062e-05
-0.000196883295441439
-0.000340551459096389
-0.000480467737738105
-0.000618498013310789
-0.000758329988876498
-0.000897275618557194
-0.00103382273051305
-0.00117329199338403
-0.00130710445979785
-0.00143352108619604
-0.00155379731322798
-0.00166616850193011
-0.00177319739781674
-0.00187152665629197
-0.00195440630124579
-0.00201681238930647
-0.00206428696564546
-0.0020965233420102
-0.00211254818541275
0.015044477092892
0.0140655105169499
0.0129948067655433
0.0119328310308911
0.0108993637693362
0.00987350407774996
0.00877858266914014
0.00774996684384878
0.00702770498517085
0.00613501008142933
0.00514330130159366
0.00431304096815263
0.00349064151697126
0.00265719183342797
0.00189757568894576
0.00113593787410494
0.0151306922937463
0.0143334374099337
0.0135111736821075
0.012697422508547
0.0118820200097989
0.0110533011485324
0.0101940177388789
0.00930324497361606
0.00843181181482543
0.00763284756259518
0.00694219729487191
0.00636355208222833
0.00584087758090352
0.00524007829992358
0.000636273084134837
6.34226873553775e-05
-0.000470180297028325
-0.000939505092481964
-0.00140510670122247
-0.00180683611522985
-0.00216756343721015
-0.00255055384674016
-0.0028463292511978
-0.00310960399566626
-0.00332825971455304
-0.00351562864868477
-0.00366429663378913
-0.00377473173727132
-0.00384944985691353
-0.00388848000711316
0.000711086476832354
0.000306401573244752
-0.000100484619344192
-0.000456684303409394
-0.000759645967803229
-0.00106563336931597
-0.00133212411327701
-0.00154997931712103
-0.00172852405420376
-0.0018818355741027
-0.00201636842972427
-0.00212974129102872
-0.0022146057943916
-0.00226160827199621
0.0048091036991981
0.00444719355387606
0.00412198673964693
0.00381154464106929
0.00352965161034528
0.00327250326551286
0.00305116645763956
0.00285293079054665
0.00266807479363928
0.00250589452076754
0.00237369445315762
0.00226786923815151
0.00218163436223795
0.00211185647756687
0.00507059664480537
0.00491547690496453
0.00480007222970523
0.00470429873712262
0.0046203541688992
0.00457381496304252
0.00457001220464678
0.0046097160965556
0.00469684197306386
0.00483100844208352
0.00501566696888481
0.00522894915564206
0.00550389263624304
0.00583317852225299
0.00621733453641672
0.0066325814467433
0.00709192046987785
0.0076227099039527
0.00819714996115267
0.00881441383539332
0.00948651064099794
0.0102228637152051
0.0110322289988353
0.0119181013655423
0.0128985291617732
0.0140363300004875
0.0153543323745058
0.0168491580959357
0.0186298569579039
0.0207076265229687
0.0232504781242732
0.00213322253473668
0.00217684463052482
0.00224584714271694
0.00234377824660277
0.0024731199075022
0.0026216751244647
0.00277274803672653
0.00294807342648943
0.00315937143005777
0.00339052099680261
0.00365384896648519
0.0039430449475601
0.0042807412021823
0.00470017246673866
0.00515949602618996
0.00564964049573808
0.00626166490381734
0.00699682016372938
0.00782988605459828
0.00873895046808336
0.0097634658922449
0.0109926224734182
0.0124085645967448
0.0139533351741951
0.0156541818842567
0.0176047193458041
0.00202076182303083
0.00195495249650012
0.00191153884637831
0.0204147724034329
0.0240758602772081
0.0283812063034797
0.0327479684309338
0.0368028438180369
0.0406100613293862
0.017514423126267
0.0175562631059366
0.0176388838212906
0.0177169344002093
0.0429787547498824
0.0446138799131804
0.0456040939410002
0.0460916108099599
0.0420086506972032
0.0428630838460948
0.0432569548193393
0.0255939085671242
0.0282573028965739
0.0310047344272208
0.0339455233567121
0.0371481011551808
0.040341979679544
0.0239791882294559
0.0250594247004482
0.0265108295402814
0.0282881122040868
0.0303495401735038
0.03244146926634
0.0348145694995643
0.0370799778818184
0.0392782370265522
0.0412695285030809
0.0428875911402993
0.0440867681185651
0.0447033967091386
0.0446059203316107
0.0435393777671194
0.0412515681328868
0.0372270670656888
0.0422015998376962
0.0435732200185677
0.0446897347037853
0.0453804029765398
0.0456255683866003
0.0452622757910809
0.0441238171182848
0.0419782235384169
0.0386253609295785
0.034306634832041
0.0294493391497354
0.0246583159725549
0.0204371212102591
0.017011737369876
0.0143652904029742
0.0123891382356368
0.0109887306658994
0.0100971084392534
0.00965024692427538
0.0415237632069004
0.0424495148087526
0.043262472616871
0.0438636190612557
0.0442562394136039
0.0444597085299114
0.0328546365961515
0.0274517410779378
0.0224635325572313
0.0186717405505414
0.0158124220374953
0.0140116840155342
0.0131028168922271
0.0343051588526849
0.0305891164509842
0.0275169376560095
0.0258838650664816
