0.05
0.0372352438426153
0.0354919515454126
0.0329728074408926
0.0352039247008183
0.0325182198931557
0.0294304937185319
0.0370728960832367
0.0342525947545559
0.0293072299009352
0.0259951190470735
0.0236226252708256
0.0220830618151916
0.0204276058295018
0.0190827709050344
0.0372378767956583
0.0315390451929368
0.0265602094862462
0.0259508087200432
0.0240742020806031
0.0224538837337974
0.0221820792502769
0.0221555548053962
0.0223181024457401
0.0229398888399884
0.0247076536754445
0.027488723273664
0.0304841281001474
0.0334808369076751
0.0363695545197971
0.0390580602109368
0.041569519525142
0.0369879022511704
0.0352357027293909
0.0329230451372325
0.0310535457617083
0.0295138662479286
0.0283238056993789
0.0273782611337268
0.0264372539837044
0.0318971383017347
0.0315147738141989
0.0316110254209076
0.0320889978616982
0.0329893404805837
0.0316533078589611
0.030627006724362
0.02965535579754
0.0344532923952516
0.0360890448418204
0.037644948761155
0.0388474914951568
0.0397588763366364
0.0402073831575488
0.040051263657332
0.0392148634933799
0.037500527590134
0.035045606148665
0.0318998936610655
0.028409486098226
0.02479471179197
0.021484236620837
0.0186076175932384
0.016004028921056
0.0137682786534447
0.011766266567264
0.00990480031168762
0.0082104043287298
0.00675392251711219
0.00552740685242522
0.00452522504634368
0.00372748779710731
0.00290433907664083
0.00207254818685494
0.0013529682283554
0.000729023725407533
0.000226389217984551
-0.000186320490680643
-0.000509402033420451
-0.000744293115426656
-0.000897715301894224
-0.000975945443955294
0.0322649085688756
0.0317904792218829
0.0313798178641946
0.0310530880219888
0.0308399448907053
0.0307116545063817
0.0306387378168031
0.0306119766156148
0.0306061999087868
0.0306103636473599
0.0306153753854242
0.0293523256776669
0.028916384374707
0.0282298226310507
0.0279152418207897
0.0253556809531833
0.0222744343286463
0.0279687668205662
0.0276638430423628
0.0273074631779965
0.0279590306708034
0.0270591721692085
0.0253844514583126
0.0237857485204805
0.0221536571066623
0.0202419832318428
0.0182666521262767
0.016697035379295
0.0153735064592095
0.0141207532712598
0.0130773321585359
0.0121930698402844
0.011507357834701
0.0110294371063626
0.0107318092158366
0.0105676754021898
0.0264276099839331
0.024460727996173
0.0215410096082248
0.0184059526576196
0.0155888567697643
0.0127789579624838
0.0268394540339055
0.0263557129728265
0.0258098862706451
0.0114961094657403
0.0102653801378908
0.00922164260558281
0.00834843137538359
0.00759721253291579
0.00699405750570204
0.00654041450379618
0.00619305342975761
0.00593546002669646
0.00577814456270926
0.00573224547349147
0.00580084538803633
0.00598476959987178
0.00629661882013896
0.00675983156549022
0.00740361792434564
0.00825754236427215
0.00936044303050678
0.0107893824393934
0.0125288921708432
0.0147676116684853
0.0174291231065568
0.0204971254188057
0.0241050044979416
0.0270005323586624
0.0307542936777216
0.034105293985904
0.037286164033052
0.0400664990685814
0.0422667519838643
0.0440444696466909
0.0453681831415837
0.0460809662390691
0.0465604636397844
0.0113846537416828
0.0101514301104515
0.00908536435811317
0.0079920607074206
0.00697928232217165
0.00607320762727656
0.00530189203967391
0.00456320424560282
0.00390411896351905
0.00329679650030403
0.00274381326040205
0.00223248009118413
0.00175909232466563
0.00133479636887422
0.000964308241179962
0.000627126336218358
0.000343860787256727
0.00012080709988199
-5.30881258528432e-05
-0.000186521611581983
-0.000282191649513256
-0.000342401525719569
-0.000371784048642771
0.0250814786740326
0.0241243473791842
0.0230457466011528
0.0219439363723649
0.0208719842869828
0.0198481272127195
0.0188844044814268
0.0180314735656587
0.0173169330376605
0.0167380169294366
0.0162971891511264
0.0160009420988867
0.0158476481796967
0.0246616576599085
0.0232590714325565
0.0217149427317621
0.0201979827399955
0.0187089560727133
0.0173007977337877
0.0160501667712496
0.0148885624254892
0.0136329545600805
0.0123160116372355
0.0110349283917353
0.00988109683256749
0.00885533775345985
0.00790314563015724
0.00706059465077178
0.00632021188177267
0.00569999700345877
0.00518460669714652
0.00469504328508532
0.00404139155600387
0.00326111710775683
0.00257399638167594
0.00182697078752769
0.0011706470267627
0.000539798307641953
-9.5376800452703e-05
-0.00071758256994352
-0.00129435662973609
-0.00179684779126176
-0.00221962581138132
-0.00258674128505522
-0.00291251755660056
-0.00317079225129332
-0.00339379159953296
-0.00358849784847079
-0.00371808598922796
-0.00378649900123892
0.0208204691432158
0.0193875338167443
0.0180007892438193
0.016554649996743
0.0152690740111921
0.0138721116933761
0.0126306408580905
0.0115658883253571
0.0104466634032607
0.00942028467540833
0.00869884517172217
0.00764540342217785
0.006962557255667
0.00613623653149889
0.00529704634826602
0.00467445148804518
0.00428023238366974
0.00388409631350017
0.00355018389978843
0.0033055894633014
0.00313730487294772
0.00305662062343179
0.0210646983268188
0.0197775234429003
0.0184465905455088
0.0171085671365721
0.0158471127984846
0.0146749652123958
0.0135813984454418
0.0124912826799934
0.0115821736519097
0.0106718535141577
0.00976620564065682
0.00890306876191018
0.00771544323325543
0.00655769384603181
0.00552698985621532
0.00459960821987983
0.00379497289917849
0.00308004926997492
0.00249732790148779
0.001910990933688
0.00139397535320606
0.00097323128779262
0.000642718092893741
0.000390572726319565
0.000226870918486554
0.000139817017773525
0.0285037527356388
0.027358610466985
0.0258052504128613
0.0279638825212075
0.0266105491550125
0.0252769136863819
0.0251539230707875
0.0243271369608657
0.0232237021763297
0.0242063939456773
0.0216330140134543
0.0184119507758672
0.0158479874467058
0.0140562887564707
0.0126218657740172
0.0115134124476838
0.0108037313462164
0.010497244697669
0.0105441470334563
0.0109431509629301
0.011694751155168
0.0129036298096445
0.0149992184566782
0.0181178912513527
0.0212136584303409
0.0252881325238184
0.0287538328136357
0.0322648117114075
0.0352177703425235
0.0379265536116896
0.0398440591952573
0.0407454206762208
0.0405027719956129
0.0388188960418645
0.0355989954090592
0.0311342942637015
0.0266391723509022
0.0225532013195345
0.0186692814878105
0.0158445632410613
0.0138993145583658
0.0126508909971269
0.0120144896776961
0.0216741658830676
0.0197955905767804
0.0178784233897108
0.0160963649773048
0.0145441325544288
0.0131583795967436
0.0119410508678034
0.0108693970689887
0.00999827542977857
0.0093008066337123
0.00877990071703686
0.00843737564112078
0.00825887146425714
0.0195593571029655
0.016569983760646
0.0133418249182589
0.01199883595394
0.0106647163090998
0.00930956116600019
0.0121885377779634
0.0110443574046643
0.0098701511600579
0.00895873409918718
0.00825878171708521
0.00775148573434436
0.00745193846547914
0.00735378645170166
0.00745569555732468
0.00775435415796688
0.00825285736600867
0.00896446611414432
0.00988170024055626
0.0110385687235646
0.0124145713827006
0.014002606477636
0.0157510283046413
0.0176655933716123
0.019611082404708
0.0215366895365751
0.0234384735535279
0.0254548760572618
0.0273729421605461
0.0290043338982563
0.0302650220431527
0.0310464018837882
0.0315049418570746
0.00855729751839627
0.00782518992791695
0.00714430446072019
0.00659296917572988
0.00623665825446873
0.00601920813908273
0.00594293228939168
0.00601764568928203
0.00620084934264976
0.00654258799559768
0.00707439018500907
0.00779591339705631
0.00863022193063933
0.00948761921153194
0.0106028743912019
0.0118558862671109
0.0132528052629874
0.0146960687611176
0.0161023821748436
0.017219036393122
0.0181860740571482
0.0191412209798541
0.0198986056240815
0.0202638520180802
0.00792182297485605
0.00661104383665725
0.00552441222698958
0.00449246606297593
0.00365879478581148
0.00284490161506007
0.00213300243785613
0.00161479865923612
0.00118619613413074
0.000814617361026071
0.000558403401415653
0.000407789900729918
0.0237303325133334
0.0219773386457136
0.0200732377766141
0.0180731006738627
0.0164869490555131
0.0154183163124509
0.014636787529564
0.0141462429101681
0.0139316691622281
0.0139417344675156
0.0141735109051727
0.0145971969458165
0.0151578275345324
0.0159330973347221
0.0169224291540619
0.0179810406255636
0.0190063964678226
0.0199906555043081
0.0209029203254118
0.0216854068754852
0.0222830350289445
0.0226892430050665
0.0229308262570395
0.0253860137382989
0.025844207256832
0.0266986179477061
0.0280394090508116
0.0297334843033303
0.0315108639930786
0.0332466675934604
0.03491313122339
0.0364508174397178
0.0378017311106735
0.0389012362848736
0.0396431457038873
0.039983561992261
0.0397568658668608
0.0388406591010697
0.0372125864852242
0.0348898682318831
0.0319777881683301
0.0287202916455804
0.0254595120527014
0.0223812339454067
0.0196111469310893
0.0172567644604324
0.0151999721502564
0.0131344835228512
0.0112064331672853
0.00955340650518661
0.00815038002492205
0.00701069542204842
0.00608561596711845
0.00533242598897244
0.00476753407878149
0.00433386160023903
0.00407156992883369
0.00392874971804733
0.019412897198443
0.0200812214343525
0.0211992739040221
0.0178131133439684
0.0168110677883977
0.0162944328732878
0.0196742736042535
0.0183579643752395
0.0173638352107612
0.0166695196477723
0.0162600701288672
0.0160006199942643
0.0158575423301505
0.0157893023547552
0.0157632312445279
0.0247756319513308
0.0282797435420275
0.0317404105260766
0.035127726882076
0.0371468325840141
0.0386803159867244
0.0398555348564683
0.0404118806585989
0.040166800806303
0.0389480576340943
0.0366248755750105
0.0332732587460142
0.0292331731602287
0.0250227980311297
0.0210046818993916
0.0174150430280162
0.0143516061334012
0.0118431112507126
0.00980017096120333
0.00795503925656656
0.00624815364185445
0.00481542346767441
0.00360338503873001
0.00259681915844544
0.00179289196404099
0.00115977484785428
0.000662372640145328
0.000301274538629799
6.85351460397541e-05
-5.04069620723564e-05
0.036057186794879
0.0367719940208814
0.0373234098825867
0.0379071583325398
0.0381884136079766
0.0383960044574803
0.042646794155959
0.0434411732600072
0.0437483420837731
0.0432387274275749
0.0415467902479384
0.0383548834024439
0.0337486568225383
0.0284425599606597
0.0232073378359196
0.0186084628931525
0.0149512556281342
0.0121362368541577
0.00981326157509621
0.00787159717977841
0.00632627165421024
0.00506684937670893
0.00402702881695478
0.00316368243871893
0.00244357142377833
0.00184093352763484
0.00133493996097767
0.00090812985587651
0.000549857531679291
0.00025389984711999
1.45494718603808e-05
-0.000172532741960689
-0.00030994761115929
-0.00039955191295116
-0.000445132735582986
0.0428422604150822
0.0435833574975383
0.0438233596664097
0.043344662948814
0.0419166603816599
0.0395592680220101
0.0363073250456259
0.0318982651272691
0.0270037410368507
0.0227367805663082
0.0192947829112139
0.0163391875973813
0.0137152179492962
0.011236435004486
0.00916752531837124
0.00753410140978338
0.00620191680486149
0.00510655806397524
0.00418806493360771
0.00338915705005719
0.00274117101139979
0.00212317917660917
0.00174364375526144
0.00138461131989957
0.000994532634074063
0.000675399892648563
0.000398440569298297
0.000158026683398551
-2.39224309127611e-05
-0.000161737723912057
-0.000253155846631917
-0.00030102335517644
0.0248854096118338
0.0227945322308884
0.0205908822772034
0.018540959355665
0.0165055588710166
0.0266057357954189
0.0273871533900796
0.028795238207927
0.0300618400476604
0.031387854712473
0.032737638484891
0.0338451738869954
0.0349211470400198
0.0361047463529255
0.0374261973688446
0.0386071873838706
0.0397792131607195
0.0409251417567148
0.0420274499215738
0.0430524488773428
0.0439747970695355
0.0447978650826988
0.0454621402358609
0.0461998806256436
0.0468045666116075
0.047229925142009
0.0475530212492027
0.0477872776365523
0.0479368374589729
0.0480210125370181
0.0480648299232745
0.0149358548537884
0.0124957045773914
0.00951427986219518
0.0153872639022894
0.013893911344348
0.0122188071132558
0.0104943970426313
0.00812146471811157
0.00718937792766893
0.00654465667808647
0.00831655453262039
0.00738257504794752
0.006567999611406
0.00603480230285882
0.00549035699362172
0.00651024223669938
0.00670724647301987
0.00724472040532897
0.00812046150097513
0.00581083997542493
0.00524545765845027
0.00478186923826719
0.00895647589173812
0.0103370189463839
0.0123234806470974
0.0145904360856671
0.0174942267070228
0.0210122565169059
0.0247747639131723
0.0290169541164472
0.0333568405736555
0.0374499533639383
0.0410310444477437
0.0442626745691938
0.00855257485321511
0.00928225348608574
0.0103886274152805
0.0114547867885931
0.0131574373060806
0.0147475513579961
0.0169947028371211
0.0195841766890116
0.0220749449902294
0.024693909601636
0.0274596540018134
0.030281353348912
0.0328442505977645
0.0352747499073568
0.0379630035726128
0.0402983099935813
0.0425844956377838
0.0443895817176116
0.0459169326239741
0.0471076766982964
0.0479274731027889
0.0485074381370529
0.0488874174890411
0.0490896594295702
0.0491824359294579
0.0460143056003867
0.0472073163885021
0.0479608388178095
0.0483697472211604
0.0486379059017887
0.0487602994826993
0.0488137882224418
0.0448145740803725
0.0444757628723823
0.0429308242878889
0.0399868228549319
0.0354681067195096
0.0298156821464014
0.0241786785374499
0.0192179089187167
0.0151805753388347
0.0119932895396733
0.00938053246052899
0.00727865816176052
0.00565265848092336
0.00445770327338165
0.00360618408011293
0.00298370687274553
0.00257398760275343
0.00237284666520811
0.00508656321554952
0.00555983919762847
0.00625517395448087
0.00719834337736699
0.00832616964708183
0.00958142185877114
0.0109752697061982
0.0125185684583323
0.01421939142513
0.0160797021587198
0.0180915767291007
0.0202357275078189
0.0224798319050648
0.0249001308313031
0.00410709391893517
0.00344728970597193
0.00281515852650572
0.00222097996701549
0.00172617448295098
0.0012721664362713
0.000863488604913153
0.00051074698384961
0.000201712532181155
-9.36107828474451e-05
-0.000379478975392127
-0.000630897116418961
-0.000831130663417215
-0.000989001671899119
-0.00110485066116143
-0.00119374631869794
-0.00124963747555777
-0.00128048482722664
0.0266464186361149
0.0283829749139361
0.0300951929556299
0.03205909381349
0.033917613688977
0.03560197807415
0.0376656677335615
0.0401084871198797
0.0423671002296524
0.0441967654758107
0.0456249245857081
0.0467470179438711
0.0476396442054346
0.0483018033635923
0.0487461182192157
0.0490129219440617
0.049168482747767
0.0492474916949917
0.0260293630634444
0.0271351106398001
0.0282130290772146
0.0292681166903024
0.0303127416232763
0.0313478437127766
0.0323176875867038
0.0331387155250178
0.0337701418710761
0.0341972232266921
0.0344193244382341
0.00618381083631095
0.00716246517599478
0.00848612029056721
0.0100209188813233
0.0117668427358959
0.0138277702180828
0.0161294003743545
0.0189013049207021
0.0219129506513479
0.0251049246712891
0.0285717648412569
0.00434501491954935
0.003154342910335
0.00218797690407555
0.00123289329141416
0.000519216466390705
-0.000217115920099992
-0.00078679937944556
-0.00124178148527297
-0.00164354294062763
-0.00186439146102555
-0.00207124412379224
-0.0021986871269995
-0.00226184597048335
0.0299644985032446
0.0313381800176065
0.0326652302911599
0.0340935054793681
0.0353250133299839
0.0364266756515637
0.0372353647867687
0.0378551923179054
0.0382253038008301
0.0309367336943058
0.0333156603737007
0.0356619279154785
0.0379263249611612
0.0400473309856136
0.0419297170876356
0.0434942327878373
0.0446900030554951
0.0454178727776522
0.0456173832671811
0.0451877342207783
0.0439806715891971
0.0418302412012502
0.0385545325918388
0.0343166381618207
0.0294867263634069
0.0247473512312064
0.0207575413065585
0.0178368923892646
0.0156855533839391
0.0142647451801334
0.0135711607822062
0.00978639355141231
0.00901918316572652
0.00826192462488973
0.00757277726830496
0.006949003171355
0.00636748475447815
0.005782052059393
0.00526079414171414
0.00490983253870934
0.00449289851582194
0.00405159227016147
0.00370099848281752
0.00337293180850052
0.00306338071562839
0.00280547508391296
0.00257415211571403
0.00970409117244126
0.00892140506264845
0.00819401186006272
0.00753477602448353
0.00692347312858037
0.00634540074641946
0.00578736458879093
0.00525110052733097
0.00476857879101785
0.00436579748364244
0.00405241932803402
0.00381887401353567
0.0036346252789037
0.00345903378420212
0.00274642739344489
0.00301207170169513
0.00333379783597948
0.0036916374027298
0.00413485761233903
0.00460715423492645
0.00512143672021324
0.00578716073287665
0.00640655438788063
0.00705487579872143
0.00767697912691074
0.00828202192373655
0.00881624985909027
0.00924779412940279
0.00955829131784383
0.00972698782970661
0.00221453053390786
0.0018872420187338
0.00157585562787968
0.00132078457123969
0.00111955860815845
0.000934177457735544
0.00078999938552481
0.000686285880333864
0.000612448036987468
0.000558271510565726
0.000518546698600103
0.000491180614934763
0.000474519238627273
0.000466725017203666
0.00342340282057786
0.00344131754319282
0.00350692873006935
0.00362715599733378
0.00380214003893463
0.00403770507934002
0.00432297596017296
0.00467269343069545
0.00511936681589407
0.00566253075414531
0.00627930472878716
0.00697011389236337
0.00777703319332372
0.00876621822645252
0.00335914696648776
0.00330424078794699
0.00330812802067231
0.00337704714505105
0.00354439704216322
0.00380009300314817
0.00411430027504765
0.00456060505155011
0.0051343336775133
0.00583139570935895
0.00667757872788766
0.00759401806497379
0.00873936831691883
0.0100988942366396
0.0116952068277329
0.0134461398498652
0.0154132492794963
0.0177100427997079
0.0201886120654387
0.0227908676000229
0.025487998032923
0.0282109205438094
0.0308589406534444
0.0332902891427386
0.0353793027461799
0.0370116110101693
0.0378878187747876
0.037672551558181
0.0359160224527518
0.0321550202631768
0.0262973975067377
0.010268679925081
0.0120578408506404
0.0141829061542624
0.0166791203029168
0.0195229657404662
0.0223830454978091
0.0249462638720101
0.0275592277742343
0.0302738875529831
0.032790117624092
0.0351846939850991
0.0373364676560778
0.0393287931624519
0.0411886781219863
0.0426265115366359
0.0436068953616484
0.0441882234958395
0.0441299374175305
0.0432504905607231
0.0414591390762456
0.0386041222055045
0.0344699726153186
0.0295588669278849
0.0247147053311022
0.0202264976371758
0.0160096194210325
0.00826353032503502
0.00790461717801084
0.00767056393441783
0.0131413592572176
0.0102824759170902
0.00757812373862789
0.00525320282734083
0.00333912088824098
0.00166276748825554
0.0134535311587574
0.0109868806263123
0.0095905455845514
0.00875674846114369
0.000738820778864615
0.000124498853929395
-0.000243450560712446
-0.000424937968279712
0.000972075956821145
0.000558543559241639
0.000370703082631454
0.0225751793556329
0.0188000297153491
0.0154696360545266
0.0123818842472129
0.00938629571717692
0.00658943930902913
0.023106827075019
0.0199285309167878
0.0169012723725727
0.0141498134441313
0.0116796018971363
0.0096450020675052
0.00770753194789517
0.00609563491971464
0.00467089918222888
0.00342987762431254
0.00238022110514093
0.00145609736473661
0.000670626399907073
-2.50037415859659e-05
-0.000624077247335246
-0.00112721368646336
-0.00159414166796798
0.00508595905745602
0.00394494596743435
0.00289961656542298
0.00202348913217301
0.00121636937908905
0.000520114129643327
-8.30275731004643e-05
-0.000603636243531399
-0.00105439304158211
-0.00143630073720649
-0.00176932631004498
-0.00205945003773669
-0.00230580916161032
-0.00250749249579328
-0.00266743237817891
-0.00279038687624569
-0.00287979840692808
-0.00293786291247933
-0.00296733633758483
0.0054687834652906
0.004644786044712
0.00396716604607338
0.00349139653800554
0.00319108654677545
0.00303852905566732
-0.0019106523718436
-0.00220415524266221
-0.00244540264685201
-0.00262415014357239
-0.00276005427424133
-0.00284706408006632
-0.00289156880944103
-0.00185434015829592
-0.00206680207765265
-0.00220859497458266
-0.00227728563621486
