0.05
0.0378131120313143
0.0364972676916981
0.0348721253553204
0.0358173022984858
0.0332747284754192
0.0306071022323998
0.0376254628748692
0.0351436288093836
0.0311604884951686
0.0288873665393483
0.0275897328109155
0.0269704807871826
0.0266506079117851
0.0270013957721278
0.0378363134597742
0.0355129465495082
0.0341904133065753
0.0342640831466269
0.0357515462258863
0.0374869459228334
0.0379102246285759
0.0381190800665294
0.0382787849628319
0.0383672631533252
0.0380945164450723
0.0369925248701564
0.0348422362183196
0.0316052750973924
0.0275641174292542
0.0231991177693462
0.0186951867717228
0.0375558303781829
0.0359498359619536
0.0338993260374816
0.032309074200009
0.0310589422547841
0.030135212247383
0.0294308755235346
0.0287473723812523
0.0328310165044859
0.0315130436495715
0.030609670300621
0.0302556038553305
0.0303645190054672
0.0348351403888044
0.0351557753027693
0.0357565715939149
0.0317480712790472
0.0334492052262009
0.0352401182918666
0.0368161557928374
0.038290911093874
0.0395252327942765
0.0402949723670713
0.0406032818751825
0.0402841675199531
0.0392342121918067
0.0373434446985118
0.0346582709119249
0.0312734282836675
0.0276951521648025
0.0242872279378335
0.0210266024325702
0.018144707859997
0.0155343656512861
0.0131041289031825
0.0109013812127238
0.00902144127895447
0.0074525295286024
0.00618401587597854
0.00518560523896332
0.00416764505011283
0.00315125776446209
0.00228155610959875
0.00153511786765382
0.00093931754937941
0.000454027074384266
7.66987632503984e-05
-0.000196169346288994
-0.000373710309727582
-0.000464020180320736
0.0291502371023687
0.0283865433408377
0.0277393642916484
0.0272270774782393
0.0268875087529872
0.0266740933593132
0.0265402063825714
0.0264788135064954
0.0264514460651897
0.0264425800550043
0.0264416882818007
0.0362918278314761
0.0371033430411338
0.0382699839817814
0.0364952579776695
0.0376468917354659
0.0386016028830548
0.0385947694968251
0.0389547674737679
0.0393540197152453
0.0390885774013427
0.040406991412977
0.0419038158886069
0.0428398799753485
0.0434808060030641
0.0438884159840155
0.043864793239021
0.0433818784125806
0.042481806115466
0.0409934447401962
0.0390738408854767
0.0368067157342128
0.0345694514556123
0.0327367585369382
0.031474099471568
0.0307350913857956
0.0392975085979801
0.0387954265913663
0.0372560001555621
0.0340395326868414
0.0293979046077255
0.0234353386565466
0.0399990320752868
0.0405994030773869
0.0412137293098984
0.0205127558966302
0.0175669989534863
0.0150497823115349
0.0129573624438065
0.0111645299843035
0.00970857169550601
0.00857091380282113
0.00762852947324774
0.00681281924129388
0.00611798017880608
0.00554712720024686
0.00509312108067049
0.004736339611474
0.0044550145244052
0.00423893159839505
0.00408408896033718
0.00398889301099276
0.00395193090873024
0.00397517096801984
0.00406098669097902
0.00422521190141659
0.00447413471395609
0.00482225133996682
0.00531952436910109
0.00580476410447163
0.00657288834379827
0.00743401941531526
0.00845308454368651
0.00956095396817132
0.0106380006203621
0.0116956944211773
0.0126422411071133
0.0132241844694197
0.0136615727718164
0.0202686719532359
0.0173606708914169
0.0148670695517062
0.012387030818861
0.0101762081886844
0.00827611133532235
0.00671862462663571
0.00527924058702754
0.00403637578686135
0.00292352417360238
0.00193405514864082
0.001035005640628
0.000210456023484571
-0.000529633201424651
-0.00118526629687033
-0.00180011059409518
-0.00234245087003297
-0.00279884605705715
-0.0031850675940912
-0.00351147238647065
-0.00377166833409537
-0.00395292467644915
-0.00404853747497325
0.0423915738734226
0.0434446198711685
0.0443508652669309
0.0451055779686596
0.0457276090042029
0.0462411985065293
0.0466623479582893
0.0469880658293327
0.0472273894713593
0.0473983015309962
0.0475140744121594
0.0475845632496559
0.0476185891883901
0.041798308036312
0.0422248515700086
0.0423983578461055
0.0422300520625288
0.0416470408540804
0.0405724448687757
0.0390113224052044
0.0368843546675624
0.0338090152158206
0.0299096356019251
0.0257484886060722
0.021931168399354
0.0186413282563635
0.0157580352025474
0.0133768811333615
0.0114375464406331
0.00994468411184797
0.00881240175252089
0.00783221256150405
0.00663536925227402
0.00531038068904451
0.00421858321193069
0.00310727013223537
0.00218865663473907
0.00135155470955877
0.000549968547396029
-0.000198844544862059
-0.000863934193081058
-0.00142290273158974
-0.0018799413152328
-0.00226788011685041
-0.00260568760373815
-0.00286947162566971
-0.00309449173587561
-0.00328909932091047
-0.00341779251211144
-0.00348546671268365
0.0387118417531451
0.0384023165642692
0.0376931971818935
0.0364755965529997
0.0349303693078682
0.0327208179276566
0.0303167513831572
0.0279768038670297
0.0253191419446554
0.0228112101516879
0.0210571310655693
0.0185508037341681
0.0169862876330196
0.01517208112372
0.0134252279032118
0.0121913640762921
0.0114368862840916
0.0107010956547175
0.0100977848542196
0.00966536038932153
0.0093725958555569
0.00923355898727408
0.0388740103194187
0.0387984629851844
0.0383351844357627
0.0374359395305137
0.0361310334228832
0.0344779609657391
0.0325423396686272
0.0302612654189875
0.0281484583950075
0.0259048450917018
0.0236386232315943
0.0215230089945458
0.0187264854732091
0.0161482844201439
0.0139940170053257
0.0121768361826861
0.0106898977783843
0.00943485652374429
0.00845553757014513
0.0075103484146615
0.00670919411611953
0.00607787328795702
0.00559337017721563
0.00523013931095197
0.00499715657195852
0.00487420090471258
0.0300250102466243
0.0293908749715621
0.0286389315243378
0.029052723659456
0.0276693293092405
0.026367652584711
0.0284377726761619
0.02821267365327
0.0279449427077338
0.0275397950164828
0.0262285935215526
0.0250243082394134
0.0244363999158254
0.0243834672974972
0.0247696343384859
0.0256127198654862
0.0268239309249969
0.028219796435821
0.0298416070148625
0.0315173488508846
0.0331766217375885
0.0348814422004866
0.0369020860556472
0.0388992131188074
0.0399361771764589
0.0399911524978839
0.0386639376212873
0.0356660035604816
0.031559981419798
0.0263240341847442
0.0213101973010344
0.0171234471370906
0.0135387109838547
0.0105484772465944
0.00811316443783493
0.00610928849599695
0.00459004780918565
0.00338491370899353
0.002309060300604
0.00154073997773985
0.00101237753568299
0.000672215090983872
0.000498244761825477
0.0250048748153692
0.0215035043468303
0.0181921587795064
0.0154504737948938
0.0133601422284605
0.0117370144557513
0.0105013616474769
0.00956123232925517
0.00889793318034787
0.00843244095801345
0.00812293739894712
0.00793730416979422
0.00784643066073116
0.0292317405825598
0.0304875603079649
0.0317705649646972
0.0322969779413546
0.0326480645801815
0.0327946920037152
0.0318405498447681
0.0312804678296402
0.0298524772602043
0.0278339364872152
0.0253475894521709
0.0225599061157904
0.0197973000459762
0.0172233257702238
0.0148488552266215
0.0127604048528717
0.0108993991646436
0.00922752219780358
0.00775367613152902
0.00641685403380736
0.00523212694322101
0.00418073740057169
0.00326267553109889
0.00244223005020493
0.00174440432512763
0.0011535172092883
0.000642883480478982
0.000156807011411616
-0.000270844388339213
-0.000614707878142211
-0.000870464728532784
-0.00102550512376966
-0.00111522748860761
0.0315883592070131
0.0295306685306693
0.026628114425422
0.0233286913411772
0.0203933054798494
0.0176546219492767
0.0150122261876646
0.0128438940709009
0.0111313454152817
0.00940353945199927
0.00776406744900047
0.00630096303866042
0.00510763157496437
0.00418032595145071
0.00324446204434877
0.00242130141324524
0.00168786286965027
0.00106720908055454
0.000556492751181305
0.000199519233952577
-8.03345829226765e-05
-0.000333892247061946
-0.000522565669556054
-0.000610404256840082
0.0336539178525138
0.0339639198595542
0.0337539658411692
0.0330758587317441
0.0321414229279013
0.0308584369075263
0.0294265641363781
0.0282034218561999
0.0270704854569399
0.0260087276980729
0.0252441007394277
0.0247828058380298
0.0253890246671762
0.0244779211016043
0.0236883147695765
0.0230880511691346
0.0228586728011854
0.0229509591998724
0.0233271429708053
0.0239736177585097
0.0248037229990458
0.0258320269924414
0.02705153539025
0.0283578275288538
0.0296634199716258
0.0311643326345406
0.0328430102551583
0.034461846874009
0.0359049365950975
0.0371998657961197
0.0383348202718605
0.0392652007126296
0.0399518316959555
0.0404074809187928
0.0406740159517602
0.0260643054295177
0.0260487333185815
0.0263703389555875
0.0271190752846931
0.0282742574518971
0.0296717603911832
0.0312079140187982
0.0328492538434149
0.0345299814726153
0.0361849136764533
0.0377500133338139
0.039101876238646
0.0402513071643275
0.0410723799919309
0.0413910576272093
0.0411280685290079
0.0402031947091798
0.0385200930687244
0.0360547648821145
0.0329923681838668
0.0295907810191267
0.0261712421889719
0.0230618856544014
0.0202425497317424
0.0173679611618945
0.0146845515754047
0.0124013008671505
0.0104849115952867
0.00894716008183296
0.00771373674971636
0.00672053551258969
0.00598264582650522
0.00542061984410291
0.00508258815017044
0.0048992028112052
0.0282499147895468
0.0299712408200224
0.0322840528100028
0.0258031738639364
0.0248206602301452
0.024302143330089
0.0329502675766674
0.0337273443015355
0.0345877954699801
0.0354919811205988
0.0362783578545283
0.0370108427487009
0.0376096414729229
0.0380255203818902
0.0382403255445538
0.0351520957621454
0.0375141979495467
0.0392827867711654
0.0402389970067331
0.0383560145759906
0.0357932576719853
0.0322762620616518
0.0282265123975059
0.0242775944690546
0.0205392494307832
0.0172275770658739
0.0143614315960673
0.011886244170578
0.00975750948955856
0.00790531429403353
0.00630237878993367
0.00493370195873691
0.00379407702420632
0.00284301420433784
0.00195943975692664
0.00111749505891015
0.000389730493513573
-0.000243690157413695
-0.000784103953647451
-0.00122633404849317
-0.00158198771141781
-0.00186642145236071
-0.00207587026027903
-0.00221226216396506
-0.00228241902844058
0.0422006560446028
0.0433898554619071
0.0440856751934793
0.0445998211981708
0.0447869400931353
0.0448930905590979
0.016607391231123
0.0145228665421586
0.0124713733971536
0.0105752833684895
0.00893322409012559
0.00753308387535736
0.00633795750207335
0.00530140314520795
0.00436837931042913
0.00351928917985401
0.00277035365771428
0.00211359593607519
0.0014882471012185
0.000878613876263474
0.000311659663770904
-0.000225738044140068
-0.00073839252168293
-0.00122578836598662
-0.001686127461349
-0.00211691599014702
-0.00251612402228197
-0.00288306765279204
-0.00321463445780187
-0.00350598009652674
-0.00375379161040177
-0.00395538459034375
-0.00410800205766452
-0.00420964584235927
-0.00426202270893381
0.0161137554814262
0.0140359913810989
0.0121390140090201
0.0104793211544067
0.00904994884372449
0.00790805583780254
0.00694394894064101
0.0060148366739697
0.00516056585833988
0.00444681379498517
0.00384509538169702
0.00327615458548
0.00269982271054981
0.00207148313196465
0.00146629513573101
0.000915065767989922
0.000395784177507774
-9.56001098334607e-05
-0.000565864432218476
-0.00102936489158171
-0.00145073316435272
-0.00189888604562911
-0.00219867533213712
-0.00250333788470391
-0.00286327175687818
-0.00318193071952766
-0.00347485678331298
-0.00374119179897905
-0.0039502051914932
-0.0041129370654327
-0.00422301672276749
-0.00428136773751281
0.0274222664589729
0.0255658560970812
0.0235041363868766
0.0214726374982373
0.0193433106842681
0.0291182355092053
0.0303499763143315
0.0323496582994469
0.0340243578116497
0.035669052778393
0.0372422665407623
0.0384513098713721
0.0395453443613887
0.0406634529763632
0.0418075944736962
0.0427288785160542
0.0435449680660026
0.0442463554882197
0.0448233844352625
0.0452585307224538
0.0455426195095121
0.0456738834534901
0.0456515561205206
0.0454279770654681
0.0450000060308993
0.0444602110959588
0.0438028715512798
0.0430811731092664
0.0424326225713297
0.0419656148763087
0.0416767920306244
0.0175614783092502
0.0146684551360362
0.0110179796483602
0.018194381596161
0.0165253706730993
0.0145541145898826
0.0124544870155097
0.00917239529140966
0.00788323696126637
0.00694277328978691
0.00968337599986949
0.00853020390355259
0.00739415318732612
0.0065319626640685
0.00544418290080215
0.00669546863971551
0.00627987576275104
0.00581754160246405
0.00544940717627999
0.00589971748761676
0.00497880366219123
0.0040796104922131
0.00569964748538225
0.00614820355391182
0.00680873497008152
0.00756580690582329
0.00854146535417243
0.00975498699565611
0.0111388930086911
0.0128817409692899
0.0149875858101657
0.0174402869231011
0.0201914994936035
0.0235695756708666
0.00497772367704047
0.00457703372323559
0.00425231551221999
0.00408553058141672
0.00397331829976936
0.00397189812573617
0.00407851962883512
0.00431537302256777
0.00463907729275382
0.00507630593272025
0.00565343367972861
0.00638655591914461
0.00721346740460874
0.00817581768252657
0.00947504599560651
0.0108461711970418
0.0124964859304178
0.0141264386217492
0.015869879880367
0.0176190839381674
0.0191658461478323
0.0205600849078729
0.0217072913542889
0.0224353749258698
0.0228095939966788
0.0241390960794833
0.0248832200439327
0.0257015538428737
0.0263963872288353
0.0270948580838851
0.0275519253259863
0.0278160085680041
0.0263458010553295
0.0292207503489931
0.032201832890027
0.0349905884979894
0.0376726028280117
0.0402115463394296
0.0424431986093172
0.0442793901389431
0.0456152183394324
0.0464049541514955
0.0466293995470548
0.0461541635499514
0.0448146937230238
0.0425847150807921
0.0397542091145333
0.0366669241467803
0.0340379296011999
0.0325572897511045
0.00386652696319732
0.00364469168897293
0.0034127655959102
0.00317924068047983
0.00296704810697908
0.00278781996415766
0.00263806640158085
0.00251570911150613
0.00242000730104009
0.0023514457623054
0.00231154026281443
0.00230253156290621
0.002327072814392
0.00239096534984868
0.00348415190722767
0.00287164646139504
0.0022568201919971
0.00165194632196715
0.00112448806945796
0.000616132432158738
0.000132467686352349
-0.000310674581823965
-0.000722718026386703
-0.0011393651621695
-0.00156467267212673
-0.00195762721802711
-0.00228497324970148
-0.00255378875099651
-0.00275815693294159
-0.0029197147183756
-0.00302348668326762
-0.00308160126994047
0.00292548689621774
0.00350790131681718
0.00413399993244217
0.00492770055784263
0.00577809084757458
0.00665620591800179
0.00788566603519282
0.00957433854349
0.011428522846143
0.0132493672798703
0.0149905303514878
0.0166801723097236
0.0183639723486798
0.0199485749461382
0.0212901908312596
0.0222732483727983
0.0229423147824268
0.0233220776081149
0.00206820342993054
0.00179435283399617
0.00156324740776434
0.00136706942519946
0.00119784741573799
0.00105036494153615
0.000926857662449845
0.00083170658404011
0.000763875832661593
0.000720503142749999
0.000698741875352621
0.00521204092804229
0.00502342110200589
0.00488891520600266
0.00482618693429648
0.00482309111808112
0.00487604201900818
0.00498447057504916
0.00516952445502306
0.00543515469071052
0.00579715428654111
0.0062987217887984
0.00446445075135117
0.00338692358456516
0.0024665887724857
0.00150895480845822
0.00075786845663724
-5.59011212306257e-05
-0.000716194366259592
-0.00126610122197631
-0.00177149005350127
-0.0020573748937139
-0.00233173956882321
-0.00250398431528105
-0.00259033792217158
0.00557733702264776
0.00503750848827575
0.0046331534994791
0.00429696212702664
0.00407057002825439
0.00390981118683516
0.00381297290635428
0.00375038056816
0.00371785044361184
0.00754442428865783
0.00894264866990746
0.0105151210330755
0.0122877317913663
0.0142825433087761
0.0164839538522088
0.0188663725068795
0.0214350798121207
0.0240777906165121
0.0267076692824309
0.0293877396314457
0.0319322980901575
0.0343068046491951
0.036541807882313
0.0386113588102004
0.0405630371850052
0.0423299708334598
0.0437876648417554
0.0448563095746067
0.0456461918081872
0.0461680561404666
0.0464223721397605
0.0115183473369749
0.0104712272598317
0.00940890132386689
0.00841689928355978
0.00749656944356119
0.00661721861266702
0.00570800368748559
0.00487450727109601
0.0042979281341194
0.00359297196654002
0.00281620549573391
0.00216803364741706
0.00152579406369977
0.000872657208946221
0.000273641939562769
-0.000331937697290076
0.0115329299303908
0.0106019113498221
0.00972250210013784
0.00891374060048339
0.00815274581775087
0.00742134939856816
0.00670107380634483
0.00599011506037713
0.00532609206360713
0.00474275034594993
0.0042575364574589
0.00386471128712728
0.00352102544711373
0.00313952402351701
-0.000637272710075637
-0.0009899981989093
-0.00132403348034911
-0.00162478998259206
-0.00193194113634846
-0.0022056981599076
-0.00245958312922246
-0.00273858298844925
-0.00296091831352617
-0.00316404637189228
-0.00333641135695188
-0.00348669373942846
-0.0036075518900653
-0.00369822349432553
-0.00375999917867739
-0.00379240870588447
-0.000751025412826501
-0.00116147931903183
-0.00158521023934144
-0.0019655491134831
-0.00229637866531548
-0.002637849906763
-0.00294141393811712
-0.00319399052344015
-0.00340407460250865
-0.00358676102052869
-0.00374884231322832
-0.00388671220564454
-0.00399066964477371
-0.0040485198894678
0.00287686506665973
0.00267068512244824
0.00250034071027267
0.00235534494586008
0.00224431512300083
0.00216758235446875
0.00212912823988887
0.00212723632277512
0.0021684365936218
0.00226016804546206
0.00240071112654246
0.00258956215343661
0.00284005124456758
0.00317858105834975
0.00303506573867538
0.00295424557478042
0.00291095202798212
0.00289870523122348
0.00292551513279434
0.00299666827373992
0.00310332668741427
0.00327095112038514
0.00349970239526343
0.00378908179400137
0.00415118431192635
0.00455303468856256
0.00506652281090462
0.0056907946036858
0.00644436812550078
0.00729934841727529
0.00830131749387104
0.00953905268057688
0.0109805233855726
0.012647457426127
0.0145918059962596
0.0168497336155235
0.0194292227987456
0.0222747887791326
0.0253201628301203
0.0285653043268048
0.0318007983921173
0.0347333209365652
0.0372557260490104
0.0389816005920975
0.0395423941217346
0.0038326324331662
0.00463092036149766
0.00560389058852729
0.0067853724974994
0.00819905690771148
0.00972678017380981
0.0112249832678684
0.0129200875741968
0.0149140745171558
0.0170303990577263
0.0193413453356866
0.0217291996523737
0.0242935876500998
0.0271419860821612
0.0298689579138215
0.0323726648807169
0.0349939639859145
0.0375259637450635
0.0397434349390628
0.0415432472606105
0.0429699894184886
0.0440328165759393
0.0445739539571454
0.0444888504207366
0.0436805442014256
0.0419035659238147
0.00286303571995216
0.00263396271600241
0.00248239848592152
0.0387944554266374
0.033474109891845
0.0266434060154158
0.0200271697840347
0.0144198120537148
0.00950547243292138
0.041143465462034
0.0388231112512904
0.0367168828506459
0.0350676358886254
0.00681830956511433
0.00504413284759981
0.00398696569481364
0.00346719993522289
0.00747640528555479
0.00626686133899309
0.00571891709000396
0.0383001599309137
0.0351487471294184
0.0306978798951012
0.0254496017588419
0.0198262259881832
0.0144799639634133
0.0396848210534747
0.0382221041977103
0.0352509230027438
0.0311350265888515
0.0264828297489592
0.0222707333070454
0.0181643976201387
0.0147966687775304
0.0118978833759629
0.00944304770827329
0.00741773096049678
0.00567120320474885
0.004211057041797
0.00293469549311397
0.00184659622837585
0.000939681653673654
0.000102890155000471
0.0116849954259298
0.00960076124419821
0.00772381255464416
0.00617476800514753
0.00476705931036751
0.00356704217597011
0.00253798508831791
0.00165750158997247
0.000901065624581473
0.000264640552135617
-0.000286727825638333
-0.000764082188198118
-0.00116702132723448
-0.00149507015830987
-0.00175393883749669
-0.00195210405524825
-0.00209571384635652
-0.0021887378427838
-0.00223588014864795
0.0122868779825953
0.0106949091934202
0.00940208603998335
0.00850358253435175
0.0079404414196519
0.00765559932173018
-0.000452577184791967
-0.000963593902381051
-0.0013806768059974
-0.00168784377544169
-0.00192019752092657
-0.0020683803215288
-0.00214398312572777
-0.000371890747488484
-0.000759272861055839
-0.00101779150570951
-0.00114305074151607
