0.05
0.0374643905832799
0.0359626589158456
0.0339561734944192
0.0353998087073622
0.0327166776015199
0.0297132146569512
0.0372786937035937
0.0345130854965803
0.0297633789665123
0.0266958928133957
0.0245981870507691
0.0233075141433159
0.0220352045395802
0.0212225020004204
0.0374434201355344
0.0317843132124446
0.0266709740954498
0.0258676269898246
0.0223051143431713
0.0186597183472457
0.0177602030050772
0.0172520457308161
0.0166996886264256
0.0157979700141855
0.0141052861088134
0.0119910959881628
0.0100878353435306
0.00843890185317154
0.00702455993080665
0.00582318943039758
0.00476727058179271
0.0372303136961925
0.0356475454373678
0.0336426990009984
0.0321242903658688
0.030990769620166
0.0302302578245474
0.0297490749825224
0.0294116253476917
0.0317835491608529
0.0302421862876021
0.0290188231039793
0.0283264172648355
0.0280302679179877
0.0335968214993628
0.0335710285328463
0.0337538592797084
0.0294826514906051
0.0312987664056722
0.0332549801710538
0.0350333117084686
0.0367819741893897
0.0383818553655619
0.0395779727648347
0.0404191285592069
0.0407791987683151
0.0404986411564432
0.0394733403729623
0.0376262084588452
0.0348931951468243
0.0316082648255042
0.0281654013168386
0.0246387060578852
0.0213848125443717
0.0183691727672652
0.0155341626982211
0.0129591387145549
0.0107654111371535
0.00894152046737451
0.00747421498779877
0.00632581414511703
0.00516206530816593
0.00400735083581622
0.00302499230321286
0.00218647836117518
0.0015205233054689
0.000980480998453841
0.000562161558964976
0.000260554221497859
6.47405526533812e-05
-3.47278988994929e-05
0.0263768455504655
0.0252924933662904
0.0243247452378522
0.0234979424773957
0.0228879831858715
0.0224452161340005
0.0221014943883192
0.0218901142918978
0.0217477350421713
0.0216549067619665
0.0216101427729624
0.034363544767671
0.0351983062171522
0.0363056029996245
0.0330729197541048
0.0320511549637926
0.030383364291719
0.0365717591593851
0.0368558940757224
0.0371589913095044
0.0371738519549538
0.0382445307995819
0.0389549308895299
0.0388544766498465
0.0381609349001578
0.0366456025995306
0.0342388079798619
0.0316908375427668
0.0291169494222869
0.0263690844199402
0.0239201992149842
0.0217808775326535
0.0201092540664032
0.0189482069226303
0.0182300302402828
0.0178364019538114
0.0367488606421552
0.035272122249402
0.0322695503058349
0.0279804311056906
0.0234213155462198
0.018562380128159
0.0376724784908859
0.0381179609620478
0.0385375261710151
0.016346218267439
0.0142384793150138
0.0124778761683868
0.011022973870236
0.00977551488819103
0.00876122867799837
0.00797080532733409
0.0073223187438341
0.00677269893346996
0.00632318337281552
0.00598021460418403
0.00574141626995622
0.00559612052072934
0.00553601957972392
0.0055629177344921
0.00568419198574512
0.00590911205321253
0.00625091278712776
0.00673909366696441
0.00737588110438165
0.00824674050107533
0.00935516395598822
0.010747336419118
0.0125824807898996
0.014259152485928
0.0167486593448032
0.0193162764992538
0.0220775646374228
0.0247670900884799
0.0271060936758912
0.0291730288038437
0.0308547665589564
0.031823833218268
0.0325156002780055
0.0161210348654628
0.0139851880163304
0.0121769989398615
0.0103662653939985
0.00872346112573481
0.00727829958381306
0.00606285544262821
0.00490819279598861
0.00388210140183584
0.00293663231709361
0.00207210993203286
0.00126529568027553
0.000506528033239664
-0.000190075111669935
-0.000819198698497591
-0.00141889080781656
-0.00195481574799983
-0.00241008195123453
-0.00279781458621512
-0.00312684373630381
-0.00338976128057371
-0.00357313744525345
-0.00366991948990866
0.0396874435543712
0.0404381707107669
0.0407966668915645
0.040803651383223
0.0405114234600869
0.039956583366665
0.0391653986980069
0.0382190660638194
0.0372247576865874
0.03626872324128
0.0354422748751656
0.0348358613745614
0.0345049225923865
0.038351999366123
0.0377097334535179
0.0365530844076854
0.0349418536957863
0.0328886318527818
0.0305310260976485
0.0281373876197573
0.0257262720523785
0.023021730135837
0.0201883490851133
0.0175044488833877
0.0151855637902009
0.0132202579419046
0.0114813575629555
0.0100105884319321
0.00877324167955671
0.00778187507136687
0.00699465298649725
0.00627933000067137
0.0053631237495123
0.00430701515985669
0.0034059537152947
0.00245745972053134
0.00164961737460201
0.000894594960203125
0.0001547295501233
-0.000551261390749667
-0.00119019084604891
-0.00173564485056254
-0.00218723931868661
-0.00257443589706315
-0.00291449206887881
-0.00318191429857695
-0.00341136884936276
-0.00361074903807518
-0.0037430237861839
-0.00381271989137316
0.0293391211594021
0.0279973323424879
0.0264635490541376
0.0246664949588721
0.0229422851373899
0.0209747097015966
0.0191844570048302
0.0176419030639884
0.0160320172864805
0.0145788840376638
0.0135737264594733
0.0121338630390815
0.0112189648320645
0.0101326242757669
0.0090520199018626
0.0082642341235661
0.00777128260959702
0.00728078585185135
0.00687098590828223
0.00657285334681679
0.00636875824197122
0.00627119151706118
0.0296008480179405
0.0284800942310383
0.0270724218067588
0.0254482941588545
0.023765061813785
0.0221048629734516
0.0205032463721767
0.0188833437669638
0.0175344926587972
0.0162008096064383
0.0149036556339222
0.0136985460872941
0.0120818630728977
0.010544741551268
0.00920868407575483
0.00803293391228369
0.00703199703674999
0.00615678811010942
0.00545281522995236
0.00475321869115341
0.00414345029423845
0.00365183737094515
0.00326823437573807
0.00297704431030196
0.00278864539173046
0.00268867512558841
0.0289319142287507
0.0280016797112995
0.0267820603339811
0.0280883353919737
0.0265792182646291
0.0250828511507986
0.0262759907990886
0.0256413197955198
0.0248007468660937
0.0256079954222272
0.0239575114455091
0.0221323383493488
0.0209072019187986
0.0202974323444081
0.0201279095143444
0.0204265634785555
0.0211722510770448
0.0222357207398302
0.0236475771945313
0.0252678116682729
0.0270363454194858
0.0290499327782132
0.0317305783994872
0.0348529275427866
0.0371837859001045
0.0392786648720445
0.0401450041725586
0.0399009919873356
0.0383056448311756
0.0348597985091183
0.0300814419399666
0.0251371957879515
0.0204362840477542
0.0163469897572085
0.0129738856045252
0.0101934774119519
0.00808956832633667
0.00642534750066139
0.00494438661852787
0.00388988315774303
0.00316641716952887
0.00270145517821912
0.00246392661893831
0.0223876393897024
0.0193391526284366
0.0162591847234082
0.0134891455325303
0.0111600173020871
0.00914302480221475
0.00741509081137749
0.00592510265784822
0.0047338443067144
0.00379245576581315
0.00309640455876261
0.00264195705200407
0.00240618259182544
0.0229334545458969
0.0213188523136985
0.0193763771433867
0.0186067328964265
0.0177773814013773
0.0168740205968133
0.0183932203178358
0.0171594467639554
0.0156152666348871
0.0141474569315691
0.0127202228342594
0.0113069216969076
0.00996229089858368
0.00869523895984617
0.00747905924993341
0.00635187860716723
0.00529037604898842
0.00428352496916053
0.00334962198639187
0.00246185256677677
0.00164073066301484
0.000883508135462334
0.000199450837527176
-0.000430600762092661
-0.000981184873846262
-0.00145907897252716
-0.00188145868934378
-0.00229150992105072
-0.0026580189875396
-0.00295652053357675
-0.00318074897716895
-0.00331756785326457
-0.0033970932816641
0.0158005440062965
0.014514288844785
0.0130369457868048
0.0115157393260859
0.0101870014912341
0.00891444812048481
0.00761887435709121
0.00648505538688738
0.00553521456857952
0.00452085602445095
0.00350129810331813
0.00254112413757956
0.00172132273920681
0.00106086964118221
0.000372416452721493
-0.000251425043777877
-0.000822024294299967
-0.00131586947905128
-0.00172988878020025
-0.00202333231220605
-0.00225591191668775
-0.00246868171482143
-0.00262816823744693
-0.00270273062206821
0.0163679339907341
0.0158218817785101
0.0153168186382914
0.0147913727049847
0.0143348122371909
0.0138611596954152
0.0134248464991709
0.0130943869601511
0.0128120361161865
0.0125608716272753
0.0123848353079304
0.0122802204051121
0.0237108528105641
0.0222302251750363
0.0206957327851991
0.0191663898532295
0.0180414370318812
0.0173721128610202
0.0169950797913197
0.0169105818802901
0.0170795852257718
0.0174762825687066
0.0180989101432692
0.0188892009206102
0.0197759962044958
0.0208871410767949
0.0222136398527169
0.023561406232355
0.0248135663981285
0.0259750718904076
0.0270213079602356
0.027898291337592
0.0285567087182992
0.0289990134719665
0.0292599828416204
0.0248651345464318
0.0249335819989219
0.0253379816840779
0.0261691071322127
0.0273930446168336
0.0288374431009009
0.0304027733644971
0.0320644493188902
0.0337673053741533
0.0354579483053498
0.0370841041974188
0.0385292783446473
0.0398198938217296
0.0408447207180874
0.0414275722910304
0.0414906434102126
0.0409603809867905
0.0397335234997024
0.0377353660526857
0.0350502276849724
0.0318607426038283
0.028474378607016
0.0252675326461803
0.0222763259393433
0.0191740005921992
0.0162572998213614
0.0137710090663839
0.0116860374449803
0.0100164592309927
0.0086805038842955
0.00760728656685682
0.00681160171860518
0.00620661103651498
0.00584318569281763
0.00564618373063283
0.0219377494753676
0.023082936572397
0.0247912394908285
0.0198690454890849
0.0187902808953686
0.0182309163209608
0.0238508539917149
0.0231126034031924
0.0226581179838724
0.0224590576743435
0.0224434838024587
0.0225296950007847
0.0226582637158369
0.022774173477343
0.0228419718725241
0.0286072914816975
0.0321899610831925
0.0355742460526005
0.0387166434513596
0.0398746392960348
0.040461103286682
0.0404292411164655
0.0395120100286852
0.037605249784077
0.0346039606550908
0.0307836189212543
0.0266254366001071
0.0225551362268338
0.0188520330186215
0.0155751019316884
0.012749103167683
0.0103692930951104
0.00842581555154161
0.00683942322461884
0.00539985237019648
0.00406006516392929
0.00292789583996603
0.00196335858000313
0.00115662561301353
0.000507943170946642
-6.02824536959615e-06
-0.000411985825551979
-0.000707993417771561
-0.000899398078523401
-0.000997418444859995
0.0401386173637116
0.0411852323197592
0.0419513029348808
0.0427151925166054
0.0430693263986165
0.0433230195233384
0.00444546179200288
0.00428195357498569
0.00431673161369363
0.00458203871760519
0.005085490772533
0.00583034355459347
0.00682109065275718
0.00807637609936626
0.00966082298113881
0.0116223756248991
0.013891727170737
0.0163853006400262
0.0192404724882157
0.0224617086289983
0.02577538531933
0.0291077873160224
0.0323735765225187
0.0354860173149012
0.0383704988061496
0.0409566581015622
0.0431846132934879
0.0450179556234307
0.0464356882260351
0.0474494240935363
0.0481142295718851
0.0485079698918616
0.0487124973054636
0.0488014809950485
0.0488315641915585
0.00412948955691453
0.00371663810579084
0.00345650079407962
0.00337167617303704
0.00346744221542776
0.00371718813226767
0.00410709226871125
0.00471045875633578
0.00555133118971238
0.00655238408178195
0.00768985967376902
0.00910507316615788
0.0109465287003973
0.013421566225948
0.0162602466928669
0.0192491807422118
0.0224026945243933
0.0256243918453067
0.028840784944968
0.0320621594498692
0.0349785506595452
0.0380156755742887
0.0399740561608352
0.0418741589642666
0.0439445796692935
0.0455608935491945
0.0468428336574114
0.047814304371123
0.0484335354448413
0.0488227370874723
0.0490394017740421
0.04913868435004
0.029541133176694
0.0299906262184063
0.0306476542811969
0.0313337651769724
0.0319747769312927
0.0288768534065281
0.0278877620793475
0.0267151126234949
0.0259771972524512
0.0255012742112121
0.025338716111026
0.0254872773877591
0.0258937546141726
0.0265838696465492
0.0275993536626241
0.0286974023482533
0.029941714060667
0.031290469450607
0.0327092698991423
0.0341463816151837
0.0355566215029346
0.0369374151791074
0.0381662061601343
0.0396869294818505
0.0410925659731469
0.0422084838089039
0.0431670304471166
0.0439567289281072
0.0445255143437372
0.0448781283715552
0.045075553960177
0.0309296853200156
0.0287023565780016
0.0251952426425288
0.0337814627311265
0.0360873124505765
0.0384616381276979
0.0405875357173059
0.0228788807948033
0.0210892018165845
0.0196788156585843
0.024279692949187
0.0229563970082297
0.0212211736303045
0.0196649716935863
0.0174536285869491
0.0189990689045036
0.0173671904275072
0.0150530890235696
0.0126218831092384
0.0181677051149886
0.0167159894407608
0.0152163134309467
0.0113790791559083
0.0100316006560009
0.00865702615099651
0.00750053815965661
0.00637099629948873
0.00530182414559232
0.00436349581203073
0.00344892184970589
0.00259399479150232
0.00180931192429055
0.00108936507008789
0.000332949883312789
0.0113780153139313
0.0101380754978424
0.00887682593229186
0.0079817812376424
0.00688844832664515
0.00608622982574721
0.0051694641236722
0.00430890176131679
0.00360560226120411
0.00295355079484458
0.0023315198541028
0.00174717328845591
0.00124990489190169
0.000800875466200785
0.000320078463092725
-9.38859040364674e-05
-0.000505020375927658
-0.000844472697008088
-0.00115414675292982
-0.0014239370791969
-0.00163703832178246
-0.00181297435577517
-0.00194846331640711
-0.00203095558731894
-0.00207238080178021
0.000151018446490537
-3.73607759358105e-06
-0.000128912405734596
-0.000216170970040144
-0.000291967912631258
-0.000337223354177484
-0.000361970110604793
-0.000166940262898609
-0.00063434722033034
-0.00108416238173508
-0.00148791446163823
-0.00187263914878551
-0.00224686313177563
-0.00260157394424954
-0.00293778123171275
-0.00324924491934489
-0.00353281588950442
-0.00380060648519221
-0.00404715508358315
-0.00426248488208197
-0.00443764203820917
-0.00457283807949835
-0.00467806143211796
-0.00475063767429036
-0.00478731043015151
0.0144889997933823
0.0136273263371362
0.0126088418353313
0.0114595962887735
0.010296376394795
0.00919776062654848
0.00816049066255874
0.00718143853358596
0.00625754046260445
0.00538568013868826
0.00456266822537503
0.0037847912770707
0.00304859339676086
0.00231551464157637
0.0145766800128151
0.0139140707072899
0.0132484179001298
0.0125957093399511
0.0120301041877093
0.0114896291811923
0.010980969570702
0.010520628245859
0.010097840262065
0.00967521558246126
0.00924830490126793
0.00885753058378512
0.00853461511167661
0.00827125687986533
0.00807216346534395
0.00791548216039367
0.00781515426028883
0.00775908338955662
0.00183547727266862
0.00140199335549853
0.00100450411405947
0.00057811447036452
0.000199700472880308
-0.000125773315172142
-0.000509503365381096
-0.00095552717082181
-0.00137242419864111
-0.00172447902736995
-0.0020188991582944
-0.00227304838525495
-0.00250141796815423
-0.00269812961116059
-0.00285360183474287
-0.00296228472956973
-0.00303404003173147
-0.00307399485352014
0.00197950810584384
0.00168743305932703
0.00143249557249599
0.00120678480920172
0.00100229539937663
0.000814305992423206
0.000648268468186193
0.000513825033489789
0.000413719499653874
0.000347481058890188
0.000313484324274588
0.0159138357725708
0.0142252389230647
0.0124433331524127
0.010838377916993
0.00940032498324808
0.00805053260734345
0.00683667033257455
0.00564175054515203
0.00455339248051689
0.00354711047567208
0.00255517119778058
0.0163666332304427
0.0151408849695694
0.0140886991283532
0.0129998185369975
0.0121559362209412
0.0112556011261521
0.0105373473066592
0.00994829956867178
0.00941475241889163
0.00911598785690007
0.0088316486605853
0.0086542567841047
0.00856565655203352
0.00217245280405904
0.0018596283601344
0.00160042416436876
0.00135660012447178
0.00116780438441274
0.00101221059292159
0.000904269183814096
0.00082476973817329
0.000778572525422422
0.00192919454559786
0.00134749209574826
0.000806459603003667
0.000300830637162333
-0.000173644522849482
-0.000615032230254543
-0.00102438040275292
-0.00140991343398157
-0.001764122991451
-0.00208629253235008
-0.00239198257048784
-0.00266642221668643
-0.00291147942006936
-0.00313410155707495
-0.00333504651609827
-0.00352228830378823
-0.00369251290366421
-0.00383584039786502
-0.00394432271950426
-0.00402749889091055
-0.0040844306588623
-0.00411289352896723
0.041244998625679
0.0416073465219879
0.0415019772772637
0.0408007672859205
0.0394186657815956
0.0372430322988615
0.033997186332355
0.0302487348271607
0.0274095473561277
0.0238356916612182
0.0200118156320004
0.0170423056848712
0.0143390622800773
0.0118351537769643
0.00973590057177357
0.00777519377853077
0.0414779625009191
0.0420726876438999
0.0422920381006962
0.0420836677063545
0.0413688281106576
0.0400017795864703
0.0377572007685826
0.0344527375727565
0.0303813860075293
0.0262301181531077
0.0225777450586792
0.0195915606463702
0.0169935004311639
0.0141303008646564
0.00661349054249979
0.00539170304523679
0.00433816075766883
0.0034711878422155
0.00266115074879943
0.00199777285832089
0.00142767390326663
0.000847145534773793
0.000414164320077037
3.94137548472378e-05
-0.000264735204239402
-0.000520471961441598
-0.000720338402182392
-0.000867122736543959
-0.000965630246804593
-0.00101682576467725
0.00669275784641012
0.00574281620218087
0.00485494161872773
0.00412612436725473
0.0035390584011302
0.00297528951024381
0.00250616863410815
0.00213689896154329
0.00184349018541572
0.00159801903921122
0.00138737560961847
0.00121316384099525
0.00108463545698385
0.00101410826200318
0.0124758814758568
0.0111749924220922
0.0100714045433393
0.00906983903960505
0.00819759812864434
0.00742617728167662
0.00677406269059695
0.00619268759687272
0.00564459914725857
0.00514825680053178
0.00472010762478959
0.0043469423860182
0.00400249834499112
0.0036659464002017
0.0130025505121097
0.0119728472738375
0.0111778317553045
0.010448164465301
0.00966685122237986
0.00899020405681233
0.00847732303527708
0.00800503181085069
0.00759490121063996
0.00724955150085784
0.00695310400129294
0.00671795598413599
0.00649685988573007
0.00629578611205509
0.0061089449933366
0.00593949277424252
0.00577479371520347
0.0056017255346309
0.00542620343319932
0.00524528594583691
0.00505372603415986
0.00484865812735467
0.00462926013439297
0.00439838429536987
0.00415759184401091
0.00390141075393211
0.00363836006085643
0.00338172129524891
0.00312472332542297
0.00287701761085811
0.00262923563221885
0.00343899565707797
0.00321231732391125
0.00298403252890994
0.00275381840334192
0.00252490456874508
0.00231828699012468
0.00214598418092977
0.00197790777507822
0.00180662098119164
0.00164644979474449
0.00148845729756958
0.00133684362138049
0.00118126450979655
0.00101106914301299
0.000845351332186874
0.000686767934608472
0.000509543597617281
0.000320750647813597
0.00013151542659332
-5.19145788932536e-05
-0.000236554728197795
-0.00043465678123676
-0.000639167233621345
-0.000841122953762896
-0.00104530113611719
-0.00126383308686371
0.00355842862793082
0.00348237050449248
0.0034329689244009
-0.00155392843454763
-0.00192053621698246
-0.00234920039717591
-0.00279113353537986
-0.0032149197233592
-0.00363170623149836
-0.00126548235374339
-0.00126864025611318
-0.00127116406425095
-0.00127303904062187
-0.00391180794053092
-0.00411979111728687
-0.00425427651273204
-0.00432378879094605
-0.00378390096859667
-0.00388079479722891
-0.00392633409554931
0.00237875835100761
0.00216740406243123
0.00200945691891311
0.00189474002580884
0.00182841747694091
0.00182568536175608
0.00263838685190185
0.00267218556212702
0.00273153253194914
0.00281702924509026
0.00293099023629796
0.00306377064575627
0.00323903783302516
0.00343944690314665
0.0036797112977248
0.0039631427777725
0.00428594486276279
0.00466714597071309
0.0050997621774395
0.00560795657012144
0.00618289867057226
0.00680268171215613
0.00752188182932658
0.00240081459806091
0.00295787306559891
0.00360228062750931
0.00428261229273212
0.00507255135341343
0.00593555757146876
0.00688030493194408
0.00790739821427371
0.0090216642034401
0.0101931775672939
0.0114470984827218
0.0127740451969831
0.0141218673010102
0.0154125679627935
0.0165783618746036
0.0175718637856162
0.0183524828559272
0.0188873731163365
0.0191678529973754
0.0012886667671014
0.000873292580001357
0.000516834105526415
0.000258073084417589
9.08896384042737e-05
4.72144791081475e-06
0.00857239448538541
0.00978739873512647
0.0110017591219236
0.0120615569054574
0.0129815738794583
0.0136302149893714
0.0139826192477184
0.00750221426074985
0.00752134277105094
0.00755678154959252
0.00758179595099997
