0.05
0.0370353106346451
0.0339709358217551
0.0288026865566812
0.0351822813116455
0.0325453203742537
0.029428869394732
0.0370158988834809
0.0343325857176958
0.0296070885467242
0.0262073750982815
0.023444732186246
0.0213704536303326
0.0186441995271949
0.0154416036803077
0.037191149705275
0.0326002338030127
0.0287649784250851
0.0283135714616628
0.0269582486356013
0.0256949732831545
0.0253601007221122
0.0251269087966746
0.0247934873355204
0.0240823297292623
0.022437901121146
0.0200707311483185
0.0176956105358527
0.0154916990808939
0.0135356029182542
0.0118585230087586
0.0103972991240064
0.0369659721490461
0.0354219841344426
0.0334543283138103
0.0319433143813524
0.0307852250045663
0.0299718038437762
0.0294095723465109
0.0289441857951539
0.0260316059805118
0.0232908294210792
0.0201636788170805
0.0172319537252465
0.0138854228967679
0.0256828399763521
0.0229207067838966
0.0201781823688365
0.012645684074576
0.0114205871024068
0.0103241372258087
0.00946155140266858
0.00870884331280077
0.00808326552246378
0.00763886245227286
0.00731739965116968
0.00712153162533832
0.00707053913609783
0.00715673749452092
0.0073830130419134
0.00776495795898624
0.00828924860299046
0.00894474209855907
0.00978772343233354
0.0108076491722292
0.0120639471482943
0.0136238064823885
0.0154663347854025
0.0174727226955611
0.0195751079663197
0.0216785859541976
0.0236749022171145
0.0260751624388495
0.0288235611692497
0.0314331160067667
0.0338670155688926
0.0359408480551003
0.0377167114601528
0.0391486518087539
0.0402092331274568
0.0409091932038517
0.0412679354697736
0.0122999123978004
0.0111843004309869
0.010101954983905
0.00907112853087633
0.00820908837654255
0.00749533805796721
0.00685648183197629
0.00640762975891911
0.00606786436360966
0.00582228598019243
0.00569478477545341
0.0186902179410366
0.0168976114529182
0.0146294104785756
0.0171181006553291
0.0136258061020798
0.0103145254897687
0.0140415610850209
0.0134018904422123
0.0127010389884153
0.0130242222058392
0.0107076233960741
0.00817277721926254
0.00646973589160397
0.00505586617505357
0.00361305613661062
0.00224945365749124
0.00121575429427983
0.00036533705875344
-0.000428177392121093
-0.00108421323110944
-0.00163818206411027
-0.00206706359404574
-0.00236576261744712
-0.00255171078251668
-0.00265423406852686
0.0119610960796844
0.0111905114296089
0.0105659488428473
0.0103356395201954
0.0105390992724475
0.0112364656189497
0.0117522636643942
0.0108757832236102
0.00998000669144187
0.0118585827196358
0.0130638630668436
0.0147843895646124
0.0169997494927258
0.0197935755715392
0.0229620341378699
0.026199650669468
0.0295194409081553
0.0329399088765182
0.0362726178786097
0.0392247294862455
0.0415099237306389
0.0429227235790686
0.0432579830823311
0.0421518087402643
0.0390943531125841
0.0339451944375637
0.0277040140959943
0.0216286579037839
0.016629998474621
0.0124068037413077
0.00908654839486589
0.00645669963925746
0.00425183084922626
0.00287791326178352
0.00145154595235095
0.000403141086331097
-0.000446742184379461
-0.00110370837016178
-0.00158379492778394
-0.00195567605614981
-0.00222984110597411
-0.0023790689702099
-0.00248105548987596
0.0118237198073983
0.0129155596117142
0.0145091781476277
0.0169723093133526
0.0200846146935377
0.0236298643333576
0.0272099936239338
0.0310450682748871
0.0346600912550224
0.0379775582988658
0.0407652204360033
0.0428715753735575
0.0440817422762287
0.0441305775810303
0.0427474037065841
0.0393391855611122
0.0339207140235389
0.0279134529268471
0.0224769093719177
0.0180256723483102
0.0146997111261567
0.0125236053646745
0.0114254737916038
0.00837071040340052
0.00690900169370001
0.00561872891691552
0.0045030093867416
0.00353535827593098
0.00268253398450773
0.00192417196274158
0.00127870673728938
0.000751725177081132
0.00033184316915213
1.54932939988325e-05
-0.000195740316028371
-0.000304660690810715
0.00899625723024391
0.00811404319632481
0.00736340080326407
0.00678429605524892
0.00634378488736711
0.00604251262255765
0.00588466490614493
0.00585375749089412
0.00596463953904586
0.00625144684292869
0.00671995429275038
0.00735472419276928
0.00815535432614609
0.0091653174307022
0.0103433682279823
0.0116909809755818
0.01315960249942
0.0147221417940049
0.016552209107871
0.0194310888338571
0.0232566941244443
0.0268295675178424
0.0307985383349861
0.0342236108978147
0.0373623132996616
0.0402636516471973
0.0427107272733621
0.0444527551677609
0.0453699927198308
0.0455134194903282
0.0449306869078987
0.0435124542543992
0.0413880828214522
0.0385026134713765
0.0350416158606461
0.0322845531735758
0.0306910930926406
0.00890328449052537
0.00771329856505969
0.00668408293421582
0.00570484979617246
0.00489866805667743
0.00408343695441362
0.00340797322673549
0.002866081615242
0.00233635952496471
0.00188643030936268
0.00158958865098103
0.00118705011336931
0.000946369395527405
0.000678832810797616
0.00043510559578307
0.000273485632232048
0.000180102476165335
9.42470572251771e-05
2.83691306769626e-05
-1.5990812793428e-05
-4.44602768698022e-05
-5.75157238757764e-05
0.00918675550447155
0.00817751627006847
0.00727177851542877
0.00646955744141881
0.00579946469321901
0.00524838567989873
0.00479832003936958
0.00441733438181371
0.00415959135010542
0.00396938042094805
0.00385906732358387
0.00382562044580623
0.00387193537785544
0.00400920357927002
0.00422141315296445
0.00450286469082494
0.00483039770104518
0.00519922148083217
0.00556561214624172
0.0060104787882995
0.00648115848002872
0.00692682518824357
0.00731818615199253
0.00764327201302081
0.00786744265422597
0.00799133579242552
0.0285502456246835
0.0274498119313938
0.0259404435474063
0.027728212314766
0.0259847687647121
0.0240133834544957
0.0252480891217981
0.0243644781730937
0.0231814265864442
0.0246854616099361
0.0226410765405666
0.0199703147990352
0.0176927052651486
0.0159434541154915
0.0143523404301795
0.0128716341555684
0.0115919669293409
0.0105754079510932
0.00971281324023039
0.00904736062989074
0.00856345800907792
0.00821990284104485
0.00796730862196254
0.00786563299927223
0.00795722158707601
0.00830451615580034
0.00881671944643068
0.00960346956292922
0.0105934242022529
0.011995178533959
0.0137313063805152
0.0157119933383055
0.0180292584967858
0.0206188072150305
0.0233427150958193
0.0261275892915824
0.0286395117201854
0.030926400874976
0.0332309755753641
0.0350401161669144
0.0363690079633676
0.0372631177644497
0.0377327387852757
0.0215055584267789
0.0194687346775385
0.0174063530555479
0.0155118421338457
0.0138808946521208
0.0124395574614973
0.0111839741784733
0.0100861508858418
0.0091984562418175
0.00849054861848511
0.00796339197867868
0.00761744678013377
0.00743737920513785
0.0192431957119928
0.0160695729940748
0.0127142752781105
0.011305018000005
0.00993393480578394
0.00857165683944451
0.0116282257394325
0.0106636524712128
0.00980968708203222
0.00929622084958653
0.00908441309023496
0.00917583314447971
0.00957166653711961
0.0102647205618149
0.011277603857733
0.0125803703584456
0.0141886203975086
0.0161147479785448
0.0182969977914745
0.0207541757514617
0.0233661437643574
0.0260546131938179
0.0286967394163451
0.0312938090002637
0.0336847768768148
0.0358531775793823
0.0378384877499081
0.0398099767231411
0.0415822422607609
0.0430125767769285
0.0440665710880294
0.0446965606485032
0.0450564708540479
0.00818804783244378
0.00798350390175667
0.00801616869111971
0.00832976339702667
0.00886244774476671
0.00964819233424112
0.0107909203125248
0.0121396071941879
0.0135705157154716
0.015456948312862
0.0177864821309102
0.0204256027682608
0.0230371084162369
0.0253783933660546
0.028041637814902
0.0306392537424098
0.0331623669481058
0.0354540691252519
0.0374464992846159
0.0388914653413331
0.0400536466193665
0.0411267046447504
0.041933039992182
0.0423095266714619
0.00689546821441784
0.00534884196521376
0.00409604996982014
0.00293312573452627
0.00201346034523571
0.00113380503493334
0.000379622746335836
-0.000159903717531472
-0.00059916637671675
-0.000974843415563056
-0.00123149783151079
-0.00138139618661457
0.0227266278949053
0.0211018184120627
0.0191367302954893
0.0168160641095528
0.0146848817354173
0.0129541466292095
0.0113171514167832
0.00979055568016218
0.00844753047871195
0.00718070054516625
0.00597697014731705
0.00490583236262012
0.00398758913669304
0.00305907544782452
0.00212045335898678
0.00128541879257512
0.00058657949286048
-1.02516343597553e-05
-0.00051355034267691
-0.000914501624444282
-0.00120473942390321
-0.00139502232436637
-0.00150546145952261
0.0229088397836179
0.0216027131227953
0.0200648767408134
0.0182210357978625
0.0162851472913777
0.0145024699483773
0.0129186591941836
0.0115005197833437
0.0102474495598479
0.00915064292753168
0.00819646805063806
0.00740184307503388
0.00670366455392403
0.00610536705675245
0.00564011793812356
0.00529707428810279
0.00505890278210126
0.0049177813766921
0.00487238989856658
0.00492037681151098
0.00505812318978604
0.00528250720327606
0.00558351456427931
0.00597592972156936
0.00653438734402317
0.00722345946513063
0.00798483473453034
0.00880115743769275
0.00961765795540845
0.0104112505043121
0.0111656839819261
0.0118071660558094
0.012351632060579
0.01270431282993
0.0129050559802488
0.0140078430924366
0.0123334616894656
0.0103020732885653
0.0148666028365637
0.0144189105139957
0.0141895110092796
0.00886065347830766
0.00748300857973133
0.00626902220906556
0.00522950932680786
0.00445458424261163
0.00381175103341718
0.0033293759256207
0.00301307335917088
0.00285504300619519
0.00882869483622155
0.00769177428428447
0.00678922709940947
0.00609255317269462
0.00681021644786719
0.00764244132006378
0.00871894342035819
0.010028093827313
0.0115206948314723
0.0132824065451549
0.0152959697577476
0.0175529030759726
0.0200417841985445
0.022707255651851
0.0255087789979697
0.0283506237387922
0.0311236610032856
0.0337085078746786
0.0360754227039394
0.0384386246739397
0.0407951487463395
0.0428587582482567
0.0446163059074862
0.0460300845482333
0.0470837959088181
0.0478356992820907
0.0483601948192625
0.0486965116939155
0.0488908959677257
0.0489827877396271
0.00489095580003871
0.00397094486519193
0.00329214258364512
0.00261893709978324
0.00230886730869038
0.00208820414149242
0.00986487849994644
0.00957967606947513
0.00961348158537197
0.0100296654546419
0.0108511917547475
0.012087943049333
0.0137417070824044
0.0158207221687291
0.0183788838106524
0.021391069130884
0.0246142606792677
0.0278240562614509
0.0311154411911232
0.0344117340384293
0.0374022732472498
0.0400012026733127
0.0420711838045201
0.0434454622421624
0.0439512490359004
0.0433847113767481
0.0414718841029821
0.0379606978750483
0.0330916982914984
0.027818510898879
0.0230721570182821
0.0192895722724102
0.0165541043035817
0.01481035696397
0.013938818840144
0.00963202566213205
0.00920535729947658
0.00904141909038995
0.00917631378786054
0.00962241180980691
0.0103167053539208
0.0112495915698533
0.0125825887467541
0.0143360521270502
0.0163180866361493
0.0184492055531093
0.0209259487142178
0.0238804996702898
0.0274569599838064
0.031070233328155
0.0343654638726386
0.0373432544889849
0.0399083815559261
0.0419799755578343
0.0434759402536266
0.0441654890887765
0.0439111696256836
0.0429070337822621
0.0409006477188645
0.0367431223355691
0.0315311257479679
0.026150678502031
0.0212652981760673
0.0176340244925278
0.0149819206991255
0.0132830646042003
0.0124154435015004
0.0289821705411577
0.0292708032695498
0.0297733982759899
0.0303989469429732
0.0311521030741103
0.0281818860116608
0.0264149927524336
0.0238209025437378
0.0216563518525117
0.0194477623225628
0.0172140561299449
0.0154109594584626
0.013720488792775
0.0119506780697833
0.0101017731806758
0.00857501711818349
0.00717010736055686
0.00588397530687387
0.00470933466612916
0.00365466584875812
0.00272064410248956
0.00188377810214985
0.00119118066629295
0.000384205309214891
-0.000330451411574184
-0.000884004286867569
-0.00135353394159094
-0.00173888746469522
-0.00201709006894802
-0.00219034466809557
-0.00228775833488203
0.0327366988870673
0.0352946806089814
0.0382803836517086
0.0305771707680774
0.0298594693870996
0.0292334027001878
0.0289220500404945
0.0391244641078759
0.0394687319024058
0.0394879715794705
0.040093405444113
0.0412172656151645
0.0418523658148072
0.0419119594290164
0.0412698954740149
0.0391946845713022
0.0372649278874813
0.0332197860019045
0.0277126333908928
0.0392035161418488
0.0383310444146374
0.0368154258861234
0.0245509921886776
0.0209486320371619
0.0173816264913695
0.0145794081125524
0.0120565850300824
0.00986553866453489
0.00808869601966408
0.00647578420377184
0.00506051137978095
0.00382884414804804
0.00274664673417951
0.00164958564343314
0.0247128821408441
0.0215806439961484
0.0184494873498032
0.0163376717625076
0.013924059542435
0.0122768510608855
0.0105273110245435
0.00900637669303295
0.007843453996665
0.00682519845664265
0.00590302095464725
0.00507729245000605
0.00440419558744969
0.00381878131830425
0.003212389545527
0.00270397997168071
0.00221061815427538
0.0018112143462978
0.00145283426018938
0.00114501191067282
0.000904598840505379
0.000707892543730687
0.000557480458819668
0.000466334923777553
0.00042069161966619
0.00131685984972178
0.00104308257486996
0.000827948603745521
0.000681234617179545
0.000556131817357693
0.00048240300493841
0.000442423240515212
0.0010161735191849
0.000449028162025165
-7.31860239023377e-05
-0.000522083566514658
-0.000932160619820749
-0.00131442920825467
-0.00166172019263171
-0.00197755218223225
-0.00225881791626704
-0.00250570746179272
-0.00273106057734933
-0.00293210306084141
-0.00310286801109102
-0.00323861567533726
-0.003341531659266
-0.00342052013614808
-0.00347443772196799
-0.00350150821668508
0.0357040505623794
0.0339849975421064
0.0315588754759484
0.028515915299015
0.0252926166861011
0.022252264348021
0.0194787294545907
0.0169995304063201
0.0148051273889561
0.0128671335432856
0.0111505524207933
0.00961942336644881
0.00824119656041638
0.00692368865745154
0.0361201398706708
0.0350259762216024
0.0336069009768196
0.0319417322320545
0.0303001430231809
0.0285761671867152
0.026842867675598
0.0252153198938415
0.0237025229640457
0.0221984245566656
0.0207049727550417
0.0193711819429574
0.0182991572512496
0.0174488351782666
0.0168221004677183
0.0163394756312151
0.0160352597183791
0.0158670509355262
0.00613447477931434
0.00545725933671277
0.00486014016452674
0.00424289862320143
0.00371476655310491
0.00327491224973334
0.00277093833153559
0.00219960470899736
0.00167638640801349
0.00124169084252698
0.000882786112308183
0.000576148177782771
0.000302995513542113
6.94187490461256e-05
-0.000114129813544552
-0.000241913283202124
-0.000326044543634067
-0.000372805021067856
0.00629766316007523
0.00577577503069014
0.00533694208692587
0.00496115641618393
0.00463060463271109
0.00433434288040399
0.00407803169574156
0.00387383747266589
0.00372365883263498
0.00362514708480674
0.00357485524843033
0.0395406353971251
0.0366488708165367
0.0324490845148128
0.0278863312674141
0.0235496349977584
0.0195699159852199
0.0162217225371491
0.013195231195115
0.0106697775400411
0.00850924508563313
0.00651027264173185
0.0412516625961628
0.0403997764731715
0.0389437106135383
0.0365884608839741
0.0341138563237642
0.0308313871844725
0.0278463587978688
0.0252470478554295
0.0228483105221254
0.0215145023178198
0.0202637161817653
0.0194963230648466
0.0191176452191888
0.00564583447746211
0.00498425544937333
0.00446404120131806
0.00399704598339008
0.00364914210332026
0.00337118067100259
0.00318268332735791
0.00304618083749202
0.00296780355147661
0.00540662585772387
0.00444424484128166
0.00359844001354819
0.0028468732894508
0.00217274116921983
0.0015704307198283
0.0010316457021189
0.0005405662967022
0.000102618733197882
-0.000285198377891857
-0.000644232895727554
-0.000959382809197457
-0.00123507347950097
-0.00148074768470375
-0.00169858041072912
-0.00189837982327173
-0.0020775864631871
-0.00222674170951585
-0.00233860736308915
-0.00242377202721567
-0.00248175877341558
-0.00251065575592831
0.0290350039871602
0.0295192890868509
0.0303745044966581
0.0315123254051819
0.0328589900397026
0.0343853124915205
0.0361605791190229
0.0378812741916152
0.0390579264586637
0.0404097375938457
0.041642872271027
0.0422936602163809
0.0424133434534795
0.0417348469361151
0.0400705533478089
0.037089431475943
0.0288721220250435
0.0291581614395716
0.0297652549275291
0.0306464927021059
0.0317846689679094
0.0331748242979155
0.0348256511691173
0.0367006120159092
0.0386009839733126
0.0402741127336877
0.0415274298659566
0.0423106776355577
0.0426892978087711
0.0425849845776843
0.0344590616049623
0.030242470794076
0.0257293882782453
0.0216996087015913
0.017895506835034
0.0148700672977655
0.012382403999854
0.00998531968921353
0.00829393961343559
0.00690231687865856
0.00582364943705913
0.00495314859942397
0.00429626505791292
0.00382708825930198
0.0035186574460741
0.00336047947618559
0.0346327498141494
0.0312976339334042
0.027299078903247
0.0235838780999556
0.0204481878454011
0.0174144538655532
0.0149338604687615
0.0130343350371909
0.0115690460397654
0.0103783424763771
0.00938471880612034
0.00858363951631474
0.008004901595568
0.00769176629661611
0.041599829158734
0.0399496347079125
0.0376010140027825
0.0344648737395723
0.0308818279644311
0.0271361079570174
0.023695080339666
0.0205393200166954
0.017582630556983
0.0149807529114334
0.0128230798485336
0.0110199515789206
0.00942396870966765
0.0079258436075283
0.0427734391260694
0.0422953852847002
0.0411809167787612
0.0391713102157203
0.0357416047402637
0.031634963790801
0.0278031886021052
0.0238123453685949
0.0201560957562494
0.0170513990526994
0.0144400604952977
0.0124491813826335
0.0106799553902143
0.00919134106831103
0.00793982616814039
0.00693275120753979
0.00607776371502144
0.00530693601860853
0.00464416705663099
0.0040652000822347
0.0035430529471904
0.00306258683953181
0.0026145761221834
0.00219590821772343
0.00179948005939872
0.00140777946208332
0.00102466814146694
0.000658376169011374
0.000288559462833719
-8.18876989301493e-05
-0.000479637992325339
0.00703917057030589
0.00620000525906293
0.00539944760365628
0.00463518240464672
0.00391680199825571
0.00330391895354375
0.00281934291719505
0.00237106148273032
0.00193983658065241
0.00156027202695269
0.00120834290048016
0.000891444398520583
0.000587070619064214
0.000276405782280563
-6.75412499916869e-06
-0.00026164085230997
-0.000529509319311386
-0.000797172653419712
-0.00104927734798873
-0.00128006317130868
-0.00150050357340487
-0.00172538653452272
-0.0019464919496532
-0.00215517389764319
-0.0023575169322542
-0.00256571406054862
0.00734395672456051
0.00694139153313858
0.00668440746062013
-0.00280881595325313
-0.00310457776421753
-0.00343952062705255
-0.0037761580235129
-0.00409297472205977
-0.00440073441606982
-0.0025967747960061
-0.00262688828493386
-0.00264403219461636
-0.0026543162078735
-0.00460168296086834
-0.00474974065267246
-0.00484512473701321
-0.00489434525961411
-0.00451650001938584
-0.00459019720219292
-0.00462488187262715
-0.000730201055208243
-0.000981792957196214
-0.00122064841335392
-0.00146519188359119
-0.00172969288744256
-0.00200388289586404
-0.00065820619039346
-0.000834930684225182
-0.00102028211484684
-0.00121543378186747
-0.00142340408436005
-0.00162762086676811
-0.00186051278423387
-0.00209293520550715
-0.00233791744205881
-0.00259148005770923
-0.00284410013616487
-0.00310384285460547
-0.00335910665859874
-0.00361780268419316
-0.00386978577408079
-0.00410520975282589
-0.00434435267882998
-0.00228057640297431
-0.00252124971886434
-0.00277289680363485
-0.00301296984342825
-0.00326418750389984
-0.00350990949424702
-0.00374982735296865
-0.00398168238225286
-0.00420481555061671
-0.00441311669016526
-0.00461161762421886
-0.0047992582757987
-0.00497073256894126
-0.00512030808802031
-0.005245343364231
-0.00534561504190622
-0.00542093527942758
-0.005470988189787
-0.00549675898015265
-0.00200191357015721
-0.00200153387486633
-0.00200209657669309
-0.00200303825579201
-0.00200389613364773
-0.00200441999554966
-0.00456057635544137
-0.00478294172009049
-0.00498240550280715
-0.00514093490394831
-0.0052683377795228
-0.00535321660678557
-0.00539772166665029
-0.00444101707633748
-0.00452468331407426
-0.00458295787013833
-0.00461193521844948
