0.05
0.0373182406972039
0.0352765538855479
0.0321505758977152
0.0354054746764639
0.032861709146273
0.0301067624951008
0.037223451801542
0.0350244799459316
0.0317155907114527
0.030059279355853
0.0293266154892513
0.0291451159914271
0.0293879649789477
0.0303115567152764
0.0374084520471421
0.0347813744519662
0.0331188065267671
0.0331341580703233
0.0343665539692348
0.0358856025489725
0.0362943909039237
0.0365395243395991
0.0368121319551532
0.0372380786987067
0.0379113640747143
0.0384082599736213
0.0381770515062916
0.0369251660248687
0.0344581742790975
0.030823051946395
0.0262014167268424
0.0370829534414519
0.0352558288707632
0.0328254969102786
0.0308488550880177
0.0292174120046536
0.0279617099837977
0.0269775121282919
0.0260215085250214
0.0319220263993908
0.0323599839759243
0.0332585192817092
0.0342209651915418
0.035158324288635
0.0298949035633016
0.0279232060876774
0.0259245947715393
0.0335551192734144
0.0313531464022877
0.028745746667917
0.0261913862190032
0.0235124051788166
0.0208554772915323
0.0185735152365685
0.0164552341882411
0.0144579943182405
0.0127487307496279
0.0112008706327197
0.00982168680931671
0.00855279541139162
0.00743800816146762
0.00646248405966221
0.00554711730567257
0.00471655627352249
0.00392333404446625
0.00313450965756372
0.00236725246961488
0.00166384232233383
0.00103247008575814
0.000482434787479583
1.70559417255199e-05
-0.00049216971979014
-0.00103514067320849
-0.00152659454521515
-0.0019698516892302
-0.00233902248503485
-0.0026506195412994
-0.00290004384751896
-0.00308447989102038
-0.00320639049128165
-0.00326901029431764
0.0374912265874048
0.039009558867701
0.0403538273760217
0.0414971510691063
0.0423433934487047
0.0429651077857745
0.0434582668102026
0.0437699176564762
0.0439860119562805
0.0441311142201013
0.0442027298786262
0.024895967731832
0.0235641735269582
0.0217646912892445
0.0233234045090321
0.019952313894577
0.0164344724227621
0.0212464847116669
0.0206713348390823
0.0200301207412526
0.0206383860770424
0.0187891472277198
0.0165484205109985
0.0149300783693357
0.0135195634041719
0.0120235179675936
0.0105622053567773
0.00942505857718677
0.00846940180506711
0.00755982936094734
0.00679419679186902
0.00613750341073227
0.00562241020744925
0.00525997874222503
0.00503266675492905
0.00490671067288851
0.0188643218639135
0.0170654145729188
0.0148336229894799
0.012677879120392
0.010840429965904
0.00906436991769807
0.0192199058015219
0.0184517929674406
0.0176488818788585
0.00819875947148124
0.00740621945509595
0.00678270427966221
0.00632223720161708
0.00600716051723978
0.00585681672422155
0.00586417024772983
0.00602180531683941
0.00635825306206809
0.00691287983083151
0.00771515937521448
0.00878178881853984
0.0101413762089016
0.0118664235600182
0.0140317477210606
0.0166793706727089
0.0197734996396299
0.0232163017703604
0.0269224685675
0.0305394679823669
0.0341628731852719
0.0374158801843361
0.0401536631395043
0.0422847751687478
0.0431886397705445
0.0431874888382656
0.0416402663332033
0.0381583369832947
0.0330580567150774
0.0278295698745557
0.0231026869853638
0.0194119418052347
0.017378270246563
0.0159872504686638
0.00827455647412957
0.00763248978656688
0.00714333491607772
0.00673096994152591
0.00645095865304428
0.00631947810619294
0.00633764280835468
0.00651765724000991
0.00687108946722779
0.00742574979243394
0.0081994679447976
0.00923322903415901
0.0105707553611251
0.0122041666041907
0.0140987259970086
0.016352185475556
0.0187867071568662
0.021186535981902
0.0234713425261535
0.0255757546925679
0.0273561346708954
0.0286432822660404
0.0293360365117812
0.0164310298482488
0.0152607907094153
0.0141847568488787
0.01322612893619
0.0123760748750364
0.0116139899337083
0.010927015778683
0.0103359171728038
0.00984919935636726
0.00945883040353829
0.00916323989022064
0.00896516491003246
0.00886280465636681
0.0164498374289434
0.0152340358886843
0.0140563393862815
0.0129966457987077
0.0120151268906655
0.0111215487218054
0.010347769249016
0.00964207695654611
0.0088905819265274
0.00811328692160996
0.00736919080558108
0.00671380666579191
0.0061490759414802
0.00564612505178812
0.00522427179213901
0.00487905911061251
0.00461729613220266
0.00442704612000135
0.00427377133806412
0.00410432689855204
0.00393763300134133
0.00382030500700769
0.0037286927874431
0.00368504432958183
0.00368370884378833
0.00373491492419112
0.00385401640882792
0.00404707718809386
0.00430133770577761
0.0045946208431763
0.00492227873658909
0.00528347269846754
0.00562787289463812
0.00597485451189388
0.00631845772003082
0.0065677185445402
0.00670652940317205
0.0148848524732852
0.013483229764205
0.012195976280398
0.0108978274051946
0.00976562390356702
0.00854797061865405
0.00746936370969693
0.00654325757472836
0.00556621883567782
0.00466561196780381
0.00402974025892407
0.00309663162732636
0.00248889066803139
0.00175027666363404
0.000996800472485719
0.000435803629533026
7.97724603489021e-05
-0.000278649130841784
-0.000581254703761268
-0.000803181773388218
-0.000956000858708207
-0.00102930606951889
0.0151540441157445
0.0139112857179839
0.0127039950989987
0.0115403707672043
0.0104721632465626
0.00949447208669029
0.00858894092993199
0.00768806775965167
0.00693520400801878
0.00617768062412558
0.00541856652097591
0.00468960932797244
0.00367943082407099
0.0026879373476147
0.00179957076265362
0.000995562121404306
0.000294506181383315
-0.000330957654411965
-0.000842473510516792
-0.0013587465684194
-0.00181525048607297
-0.00218755576592539
-0.00248046066575689
-0.00270416115626434
-0.00284950455378268
-0.0029268317148634
0.0290936638115027
0.0278461523454765
0.026166112975229
0.0293204022514493
0.0288097487032208
0.0285421009521026
0.0253858101203625
0.0243984782795047
0.0230862288105494
0.0249352492369028
0.023274726283332
0.0215134203758816
0.0203935295324512
0.0198972784859165
0.0198568318797726
0.0202961865022234
0.0211769613912488
0.0223535160365551
0.0238602355011842
0.0255442697832592
0.027339263187742
0.0293328289627467
0.0319126290928886
0.0347973964996152
0.036780577598886
0.0382167698577628
0.038262448142499
0.0368626726067835
0.0340722954113116
0.0296538093324098
0.0247429068342152
0.0202875826161663
0.0163006291207731
0.0128899374024701
0.0100646449172457
0.00770821933702071
0.00590171306866385
0.00445532431437597
0.00315291619873472
0.00221614857153844
0.00156854536207692
0.0011500645227853
0.000935540461783825
0.0207247993752349
0.01794558931195
0.015237176934736
0.0128350758654569
0.0108196625437475
0.00906930289992365
0.00756223832006758
0.00625508791357203
0.00520396760202023
0.0043690148505331
0.00374899566745471
0.00334288744253648
0.00313175391426443
0.0191866092475775
0.0161684496155886
0.0131072716633254
0.0117424106180747
0.010446478663438
0.00919041805334191
0.0123953880099644
0.0119779477231749
0.0119004867239061
0.0122302429928127
0.0129618655735143
0.0141304759448867
0.0156970207216337
0.0176240976153449
0.0199188513082195
0.0224428870284241
0.0251538126252723
0.0279920672290457
0.0308177887621122
0.0336377255562505
0.0363229778135968
0.0388215236434298
0.0410454479545601
0.0430070748353603
0.0445929011689708
0.0458147318624887
0.046726196771686
0.0474267481738088
0.0478840486253423
0.0481192152371986
0.048200473081842
0.0482051500443836
0.0481882850186351
0.00915232982852288
0.0094258316983206
0.010091138517325
0.0111583363853406
0.0124500579464757
0.0140666436040832
0.0161661831822593
0.0184270020193388
0.0206431352608975
0.0233399852447813
0.0263771483735094
0.029504891451958
0.0323512212048235
0.0347442632241482
0.037319055515674
0.0396967644818642
0.0418736378941347
0.0437169397888522
0.0451936672335412
0.0461795775194208
0.0469108711668157
0.0475307916946421
0.0479622537232206
0.0481539173872644
0.00741561798539323
0.00580799621831111
0.00452692122802924
0.00335533800643749
0.00244083912364832
0.00157655091701159
0.000843834269948342
0.000324596349225922
-9.46117537668912e-05
-0.000450581329264021
-0.00069260188361662
-0.000833480455920904
0.0284668447648287
0.0286677536050431
0.029156869300148
0.0299649790426187
0.0309160288492763
0.0318697099057514
0.0329628456890651
0.0341785441292714
0.0354183525346772
0.0367411105488972
0.0381389904214856
0.039497190669461
0.0407412908030704
0.0420568061048405
0.043411641618138
0.0446083292489959
0.0455811618522131
0.0463749634080359
0.0470065657570429
0.0474784012770611
0.0477997833725563
0.0480003163829588
0.0481124334386148
0.0285959873143439
0.0289108631206266
0.0294654205090293
0.0302285871659773
0.030980800314335
0.0314502039562081
0.0314883433821749
0.0310024895309345
0.029954765911628
0.028388869858732
0.0264124547305014
0.0242608473710622
0.0219336656228412
0.0195443802532064
0.0173291413435906
0.0153365459681905
0.0135313996464449
0.0118840226910411
0.0103878332630476
0.00905574048105203
0.00785887313730214
0.00678608053565917
0.0058517747995595
0.00500034213957684
0.00410032226140541
0.00321840040077801
0.00242585772498809
0.0017227722647194
0.00112877602344997
0.000630116706780704
0.00021231669056714
-0.000108301503656183
-0.00035897170234206
-0.000512473488045776
-0.000596727353783324
0.0316078945742063
0.0332831432004794
0.0353900196796486
0.0294195496240913
0.0286635419932566
0.0282568340426069
0.0370804729720824
0.0387082749411761
0.0401901289331596
0.0415087837181816
0.0425211813749638
0.0433774366429801
0.0440265773338993
0.0444537645794218
0.0446672864696756
0.0366282918048647
0.0370384445584107
0.0363304084837198
0.0342105285998198
0.0311453392001807
0.0278751496642716
0.0242632489960221
0.0207649439172286
0.0176952777257453
0.0149347516673203
0.0125263174322438
0.010431737997927
0.00859634220899818
0.0069879505290237
0.00555986298770801
0.00429833749144164
0.00319899369236428
0.00226507426981258
0.00147050866135219
0.000718601213957653
-1.02583805188186e-05
-0.000650148699185249
-0.0012149945064655
-0.00170304783874157
-0.00210681985595082
-0.0024345202850674
-0.00269858006981768
-0.00289417661291199
-0.00302208441713786
-0.00308805017750967
0.0343918499134481
0.0339627914934456
0.033286135690755
0.0322462937742536
0.0316624892116779
0.0311901133454893
0.023877005722322
0.021240462428225
0.0184700092377096
0.0158452457006915
0.013567962945404
0.011645818537313
0.0100311997579146
0.00865703994558224
0.0074457706885523
0.00636856840567996
0.00544164770592114
0.004649486828606
0.00391563303596661
0.00322157243418695
0.00259664694957262
0.00202368859848582
0.00149528593479124
0.00100953146269687
0.000565454159309677
0.000162476625093408
-0.000200523065175385
-0.000525763155472322
-0.000813096547385539
-0.0010607485590327
-0.0012680503491855
-0.00143453935112151
-0.00155935149767473
-0.00164190329908519
-0.00168426126350535
0.0232328568075207
0.0206031640873403
0.0180787006407097
0.015821505134033
0.0138697517909944
0.0123191595530409
0.011022460348872
0.00978805383982359
0.00866943482211432
0.00774889927099132
0.00698460281926687
0.00627399557254498
0.00556753670668037
0.00481213716242068
0.00409926401922954
0.00346437588343171
0.00288116100724036
0.00234413287571072
0.0018445685131079
0.00136652096702315
0.000944626185133655
0.000509480221619198
0.000225985530669623
-5.54688548105392e-05
-0.000378573379450772
-0.000656599899099731
-0.000906769805481748
-0.00113025367572147
-0.00130318724868555
-0.00143637880729814
-0.00152577665761425
-0.00157293147085896
0.0246044111453995
0.0227837980041204
0.020958249948251
0.0193511338286249
0.0178513355262615
0.0260536679878728
0.0265513829476678
0.0275889843664427
0.0285795060982713
0.0296228490598619
0.0305940184973708
0.0312003857579725
0.0315210560409004
0.0315398554413602
0.0311278982749825
0.0303481781903862
0.0292087729635145
0.0277891720485872
0.0261820993834602
0.0245074950140008
0.0228700778720219
0.0213062205918007
0.0199636907304219
0.0183674649750493
0.0169460266479163
0.0158482132886502
0.0149228849923779
0.0141692308007937
0.0136289944178787
0.0132943330759184
0.0131068615392743
0.0172661872515059
0.0165449888678905
0.0158727659313433
0.0165270973382395
0.0148317216656013
0.0130107131419671
0.0112253976065743
0.0159905602004271
0.0161952898563265
0.0164522265020009
0.015059255542678
0.0146500101860717
0.0145668726812983
0.0147637273712685
0.0153998268303262
0.0169832518446318
0.0186795884762238
0.0215157837899642
0.0249665031488973
0.0166464456017411
0.0170690187627972
0.0177452327711414
0.0269514241302939
0.0295142267634414
0.0324640374553537
0.03511491122988
0.0377216603843455
0.0399761271745729
0.0414681065992478
0.0420396279510532
0.0410991283703475
0.037955888703764
0.0321859445147865
0.0237922668455476
0.0269101649789883
0.0291572893810066
0.031742587856996
0.0337414720072411
0.0363466362901634
0.038320248102975
0.0405754336381926
0.0425725980302942
0.0439935872831453
0.0450171710169886
0.0455824816386951
0.0455383950904205
0.0447614440782571
0.0430818511696715
0.0397861596774405
0.0354740846471494
0.0299654650659774
0.0249877545263069
0.0204815147544512
0.0167777460808877
0.0140557329370846
0.0119603003588243
0.0104434743117706
0.00955996596231097
0.00912816688184812
0.0201613247459962
0.0169516601356838
0.0143807619135254
0.012630960581478
0.0111516533969464
0.0102877155945542
0.00982246235969588
0.0195332819013959
0.0157739821400401
0.0125274185933177
0.00995713198307321
0.00780623809130153
0.00597673900402943
0.00446172947504345
0.00320402426165707
0.00217784345376427
0.00134772633220991
0.000646111157623705
6.37633340048852e-05
-0.000399879531188725
-0.000748970440764882
-0.00100252739991172
-0.00119068041972559
-0.0013159145149998
-0.00137781904884966
0.0185623761049403
0.0197362608466613
0.0213615848905634
0.0234484275363682
0.0257964679673844
0.0282211960543543
0.0306829651169579
0.0331410952671647
0.0355548169105776
0.0378819102204935
0.0400762023353876
0.0420885183978465
0.0438702554405754
0.04546404216324
0.0177024910259234
0.0178026561366306
0.0180354931901798
0.0183912209418609
0.0188125254356451
0.019331657165904
0.0199447649535656
0.0206210300171875
0.0213521146373632
0.0221851442435475
0.0231208506826622
0.0240541972556956
0.024880521219601
0.0255929348892236
0.0261554451869146
0.0266131966964785
0.0269129396899164
0.0270829082817886
0.0460736731953026
0.046360148129023
0.0463599934632271
0.0459699783193747
0.0450736268875922
0.0436383506189432
0.0409143235651256
0.0362571442279924
0.0307075017762969
0.0255838435793127
0.0213221795168345
0.0178181718048292
0.014874003381493
0.0125151020395127
0.0107707773253252
0.00961363018142806
0.00887801415865075
0.00847886255900922
0.0463451872387813
0.0469771520052922
0.0474067309445979
0.0476710826927779
0.0477956896070139
0.047794766057022
0.0476854449387926
0.0475060111408985
0.0473063756153401
0.0471365245204527
0.0470355911515604
0.0169550656880563
0.0190696747047757
0.0218015087965419
0.0247574579500934
0.0278213011809617
0.0310334303395822
0.0341429405606443
0.0373112812272705
0.0401322886042693
0.042475635632995
0.0442918419544667
0.0150126788897328
0.0148903151332902
0.0150280311076777
0.0154326674474327
0.0159508744123409
0.0167384036024398
0.0175626678131342
0.0183879922330058
0.0192695482219523
0.019818177273922
0.0203850982845168
0.0207603810332804
0.0209544299924105
0.0454713744178707
0.045960787466311
0.0459362102013029
0.0453779023121881
0.0443849518036005
0.0429863710127314
0.0415832812310748
0.0402423315861562
0.0393110007704969
0.0444178344392825
0.0437669531290146
0.0421464187388856
0.0393301225634879
0.0352786174451581
0.0304599193535136
0.0255778550672174
0.0210634146471269
0.0172277317246753
0.0140792145569393
0.0114055936152545
0.00925617121673932
0.00752885161597676
0.0061117147965797
0.00495039322364414
0.00395873588053315
0.00312302147933858
0.00246407991395964
0.00199075060558795
0.0016423289021746
0.00141097800768962
0.00129744957110128
0.0105824009220096
0.00996218406709862
0.00943467558944795
0.00904666457060261
0.00879380324506488
0.00866705777808375
0.00867773261270799
0.00884038096809433
0.00905490727199967
0.00944998594556069
0.0100852487524326
0.0108073341274608
0.0117258825532393
0.0129004337911771
0.0142192051555281
0.015802871722849
0.0103855030496541
0.00961053912590482
0.00894707731992542
0.00840359201001147
0.00796173050777625
0.00761480880976065
0.0073669190353649
0.00724086537750239
0.00726614379120188
0.00744497451731671
0.007747427346395
0.0081306448550417
0.00860020870726221
0.00931069543223189
0.0172209639597021
0.019208859364732
0.0214132024840835
0.0236528008922313
0.0261645277122904
0.0285619784565328
0.030895179298315
0.0335598615238156
0.0357400022987659
0.0377649955297071
0.0394969074503511
0.0410064400113525
0.0422107137320506
0.0431026130645167
0.0437018633235652
0.0440127850785263
0.0166647916262781
0.0177480665131048
0.0191088781327093
0.0205421164260817
0.0219566541867004
0.0235852874600658
0.0251740826436551
0.0265951555611755
0.0278447537949826
0.0289801301684631
0.0300235133484213
0.0309355422256633
0.0316365195563186
0.032030970464313
0.0101761185580315
0.0111306992730374
0.0122249073927041
0.0135403538115971
0.0150330834544808
0.0167182249957442
0.0184898565719334
0.0204044847193397
0.0225565134923147
0.0248361542492724
0.0270733940466118
0.029228989634014
0.0313772631264539
0.0335965510718288
0.00934968634757746
0.00957077533206124
0.0099558433135281
0.0105916657839819
0.0116522367995123
0.012988316244767
0.0144200496950848
0.0162418360776621
0.0183588563673871
0.0206726894245163
0.0231679749899841
0.0255409980280992
0.0281129555297612
0.030702916801357
0.0332389347711771
0.0355311562352077
0.037629370352842
0.0395688940920877
0.041145135376992
0.0422810957517931
0.0428970617352372
0.042853113616416
0.0419495304669175
0.0399597217674116
0.0367190832759968
0.0322172069610888
0.027073212146572
0.0220955184674817
0.0173941311830783
0.0131353269433551
0.00902379085470198
0.0354040439980274
0.0372609041101423
0.0391286532336933
0.0409331855657709
0.0425431105371925
0.0437133240032598
0.0443687765821192
0.0446069717037013
0.0442857568216213
0.0432783874650168
0.0414016321431839
0.038618748254743
0.0348253666661268
0.0300713367413744
0.0254796492222496
0.0214817897748273
0.0176275732125009
0.0142284138759938
0.0114505917641792
0.00924699229095549
0.00741846776325331
0.00580229307478359
0.00442806972768612
0.00329974641290408
0.00234012338296549
0.00146717355974286
0.0339911646240788
0.0342724950879189
0.0344593769406468
0.00083940260356218
0.000198505904010002
-0.000428011381431967
-0.000986372972753641
-0.00146295978372043
-0.00189362619165409
0.000988514395543738
0.000536784451597408
0.00028388434126045
0.000133900453712137
-0.00214530095624175
-0.0023192741553494
-0.00242659193691062
-0.0024805425632443
-0.00206586778254069
-0.00217096945771228
-0.00221926303294136
0.00694765838963464
0.0052212281116874
0.00384552908624165
0.00264270972139496
0.00152019018979625
0.000496431377047838
0.00707198294009851
0.00551000513930241
0.00419023026644808
0.00307091735889766
0.00210814508099023
0.00133543960850201
0.000611085475733889
1.19283697338115e-05
-0.000519346579163931
-0.000987645239619262
-0.00139160553719315
-0.00175678751248583
-0.0020772513625065
-0.00237146597177513
-0.00263475587563985
-0.00286433344583106
-0.00308496675880904
-0.000114516489909471
-0.000582872517657866
-0.00101932591120629
-0.00139389767149617
-0.00174933966849031
-0.0020669462214265
-0.00235295770719393
-0.00261019259925596
-0.00284253014071639
-0.00304780262535289
-0.00323427703801217
-0.00340332082979347
-0.00355235359763221
-0.00367855241167626
-0.0037815765905915
-0.00386269118969611
-0.00392278925980335
-0.00396234549243844
-0.00398259301910623
0.000158153776833638
-7.86283298078566e-05
-0.00026506248031073
-0.000391447376980291
-0.000469248275271843
-0.000508152008969693
-0.00325446071084486
-0.00341993555702072
-0.00356238033972504
-0.00367211185555424
-0.00375824737088785
-0.00381470605996833
-0.00384401787905911
-0.00319462854748891
-0.00328616696769909
-0.00334832830850466
-0.00337877776120875
