0.05
0.0377146569658823
0.0354243212849868
0.0317945043429055
0.0361065159369868
0.0339656435628759
0.0318995822755946
0.0376490536885663
0.035505975892724
0.032242301600161
0.0303139676865692
0.0289198327702472
0.0278549629364511
0.0262881347948563
0.0239899250495608
0.0378257631424896
0.0349936837501523
0.0330864185318745
0.0330432951824484
0.0339340448502199
0.0350451916973932
0.0352918556276548
0.0353703444599549
0.0353363718926529
0.0350049530924159
0.0337692053643453
0.0313725556971998
0.0282547828482131
0.0247285777864606
0.0211087806669247
0.017612115338227
0.0141711212712388
0.0375462177132418
0.0359048183551413
0.0337773280230353
0.032090409744998
0.0307226277802292
0.0296714807704073
0.0288283210647162
0.0279647676175383
0.029923153178042
0.028171526119439
0.0260840825130793
0.0238751135223865
0.0209633096998087
0.0296884833440341
0.0278386987028547
0.0259555071807631
0.0194356691790918
0.0177224203096533
0.0160049597554798
0.0144992908314112
0.0130188101548465
0.0115872177817031
0.0103506612400464
0.00917669550833018
0.00803283146270219
0.00701735505799756
0.00606393623013839
0.00518487416728206
0.00435015274141226
0.00359585879823689
0.00291946425520283
0.00227037880104752
0.0016690313502939
0.00108381583221863
0.000492005165461588
-9.23658667365826e-05
-0.00063568109125173
-0.00113014129380709
-0.00156701956466132
-0.00194176318101893
-0.00235733347924467
-0.00280601991499021
-0.00321654803593413
-0.00359037159498702
-0.00390425072703299
-0.00417095474698577
-0.00438559146997752
-0.00454495071170844
-0.00465058898592455
-0.00470494712483918
0.0198627903589957
0.018991672134833
0.0180722867262338
0.0171345878582834
0.0163102333719788
0.0156036676129463
0.0149549090608857
0.0144914751223549
0.0141368495108456
0.0138786023495756
0.0137439269635779
0.0249073924995746
0.023543068098907
0.021693117110886
0.0236639486768913
0.0206313918849945
0.0173902170633937
0.0211521313806671
0.0205511853619983
0.0198807024648031
0.0205785910892569
0.0187350608306196
0.0164887031884454
0.0148600733028521
0.0134372092420301
0.0119254753872684
0.0104469460093744
0.00929542290814811
0.0083271301740948
0.00740512943313338
0.00662879128850537
0.00596277027431811
0.00544028365613316
0.00507261462772968
0.00484200375022776
0.00471421509682928
0.0186734372201947
0.0167851987266709
0.0144092026349396
0.0120680816569192
0.0100213115946136
0.00798108711040627
0.0190293704593849
0.0182213469619365
0.0173759306273684
0.00702901050219405
0.00610183530081967
0.00530478089077227
0.00463076024314198
0.00404685128398856
0.00357742090609445
0.00322684012462744
0.00296380385562273
0.00277836929268059
0.00268178782137281
0.00268477342893722
0.00279012093688989
0.00299833024581929
0.00332007801861679
0.00377331379895187
0.00437816038340785
0.00515225665094347
0.00611979269754535
0.00733659561348879
0.00878185305277841
0.0106115691637832
0.0127796729191224
0.0153154942947602
0.0184010320528231
0.020989308341351
0.0245039342037391
0.0277881332367481
0.0310317287567234
0.033987150447418
0.0364416286520981
0.0385395044872097
0.0402004911900664
0.0411387673648583
0.0417971492076021
0.00697475607292266
0.00607535908106356
0.0052916068765394
0.00448444600594411
0.00373743461304075
0.00307313308060234
0.00251332043681079
0.00198400639112188
0.00151801130948046
0.00109323577241465
0.000708533312957014
0.000351939889983339
1.78663621461469e-05
-0.000288175914863605
-0.000563718950930551
-0.000824433317443401
-0.00105378326211822
-0.00124354774257223
-0.00139924766779605
-0.00152520669262819
-0.00162049408293386
-0.00168353974704776
-0.00171551849379754
0.0160907298629242
0.014853412593048
0.0137147289202997
0.0126998350268333
0.0117995795481526
0.0109921982659652
0.0102640914883983
0.00963731599825464
0.0091209857765105
0.00870669025211542
0.00839286683889608
0.00818251380367771
0.00807378817683217
0.0161122555968409
0.0148256580921976
0.0135731778697389
0.0124391242791707
0.0113806879241138
0.010408003445636
0.00955594808654448
0.00876800247009856
0.00791517166415118
0.00701699936055346
0.0061398934635742
0.00534878585005055
0.00464738342011997
0.004001243531779
0.00343698228566024
0.00295088346527072
0.00255518458050227
0.00223830603403118
0.00194941990201638
0.0015789272760214
0.00115081066213361
0.000783170289504618
0.000391372969754687
5.11886675642295e-05
-0.000274340773525433
-0.000602438598305202
-0.000925440511268209
-0.00122670766931946
-0.0014902207247014
-0.00171185734215396
-0.0019033245555755
-0.00207146483918295
-0.00220272377619407
-0.00231394950967724
-0.0024091638746383
-0.00247155155744522
-0.00250414098546679
0.0159538361231974
0.0146330508796076
0.0134063693459844
0.0121590288488797
0.0110646514491748
0.0098822189079181
0.0088310883548105
0.0079261773820468
0.00696929355687571
0.00608553745708096
0.00546071962830733
0.00454256636457299
0.00394378991089516
0.00321519332457755
0.00247093606560663
0.00191613792002027
0.00156373736846197
0.00120870423849757
0.000908745401216647
0.000688632076666898
0.00053699532360864
0.000464238011350311
0.0161859122145424
0.014995744147145
0.013823682830026
0.0126820370135701
0.0116254833283893
0.0106525065184506
0.00974706138252876
0.00884275533176054
0.00808468232182142
0.00731987924456952
0.00655166048971367
0.00581269400653126
0.0047873549428619
0.00378002948935595
0.00287677179944652
0.0020587159411103
0.00134496804262053
0.000707815152716977
0.000186458773098326
-0.00034005042459396
-0.000805899010367504
-0.00118604676544721
-0.00148525990475109
-0.00171386326129941
-0.00186243276580205
-0.00194149051769436
0.0313127841769109
0.0306301050278322
0.0297443845922207
0.0310176798269744
0.0302916626265498
0.0295986558358006
0.029319414839805
0.028779680179858
0.0280551054413267
0.0291972782290143
0.0284078947479536
0.0272549247687612
0.0259570818600472
0.0245964498018213
0.0229716663236182
0.0210865883820337
0.0191557720095772
0.0173981754043436
0.015702350548533
0.0141937071830995
0.0128666150598976
0.0116033134707448
0.0101093862616646
0.00843406889862939
0.00710708370261281
0.00564689113788233
0.00452772604585336
0.00343671513656431
0.00249588385055487
0.00154175391892477
0.000673322233600601
-8.80929513846089e-05
-0.000800021003456138
-0.00145811489124502
-0.0020528168050242
-0.00259359818920364
-0.00304175843111181
-0.0034256271613292
-0.00379398056349002
-0.0040734454484382
-0.00427449826031685
-0.00440815770605022
-0.00447791755297488
0.0277928258580553
0.0273216516962636
0.0265127660265139
0.0253450627659813
0.0239576481463624
0.0224350473501607
0.0209059685749264
0.019441973826909
0.018192941910389
0.0171662528865153
0.0163891804339916
0.0158750923444325
0.0156065042228676
0.0249992050960601
0.0222216603690668
0.018906937702499
0.0174962742195735
0.0160328941630941
0.0144958915983472
0.0175573016812839
0.0159856955211302
0.014128243765948
0.0124451889093533
0.0108739877790727
0.009371763432434
0.00798452708760927
0.00671044439236704
0.00551495311670432
0.00442879730473113
0.00342349707485801
0.00248426765089784
0.00162425103669884
0.000815534160304386
7.4123278323333e-05
-0.000604860168089427
-0.00121507076160457
-0.00177503474262948
-0.00226316837304709
-0.00268621908167026
-0.00305983744741043
-0.00342245850578312
-0.00374660008162582
-0.00401066296902222
-0.00420908547817563
-0.00433019280725488
-0.0044006017182928
0.0132073842415862
0.0117647211443446
0.0101906054941753
0.00863192457702392
0.00731029112562104
0.00607509605397589
0.00484513626644767
0.00378878474914251
0.00291661130011826
0.00199690112916614
0.00108317763466044
0.000231035173821542
-0.000491261455235188
-0.00107032236767581
-0.00167171567038022
-0.00221522578094051
-0.00271150463317064
-0.00314061592826614
-0.00350020898010048
-0.00375505180696304
-0.00395704737449001
-0.00414186449990009
-0.00428042546786605
-0.00434521525442797
0.0132428086543761
0.0120232392601536
0.0109914129600343
0.00999691660304907
0.00918500336499209
0.00838582780553295
0.0076821213199251
0.0071672910701708
0.006739693917184
0.00636772980929871
0.00611068631232367
0.00595935923653096
0.0291686002425839
0.0285573210777387
0.0276492142682497
0.0263004357279161
0.0247503929617141
0.0232430601203783
0.0216059998616725
0.0199187120110196
0.0183373667892401
0.0167867759328907
0.0152787794803116
0.0139203187824372
0.0127495714450863
0.0115639813855027
0.0103664077104404
0.00930287251214947
0.00841446582558372
0.00765696828049243
0.00701900209874772
0.00651123859366456
0.00614390212135265
0.00590315780974765
0.00576346015367819
0.029214932318651
0.0287075562515433
0.0279690699455528
0.0268346201575823
0.0253027928886369
0.023546266313707
0.0216865433132236
0.0197740460280888
0.0178865196350223
0.0160735183170333
0.0143550692256006
0.0127952681871599
0.0112864678459546
0.00982996955949448
0.00851139411035365
0.0073263276235426
0.00624049030931118
0.00523194563176213
0.00429684739643192
0.00344612188292276
0.0026652175450741
0.00195059463948146
0.00131554654585672
0.000725021375542478
8.8709800506911e-05
-0.00054470403754407
-0.00112199889098746
-0.00164064054689982
-0.00208361010665696
-0.00245890523623543
-0.00277577305564035
-0.00302042752399678
-0.00321263530282874
-0.00333072538569843
-0.00339568039851622
0.0222768636886942
0.0200946766603225
0.0172874179599965
0.024329958121673
0.0246060693632172
0.0247509433657162
0.0158263996053859
0.0143768216371475
0.0130699319632124
0.0119364707805002
0.0110864358086894
0.010379375414339
0.00984829511402348
0.00950001291850564
0.00932602736871018
0.0145427143787148
0.0121496085767393
0.00992253244385333
0.00776683814765057
0.00663485514234333
0.00569399902876706
0.00478586529527321
0.00395068646303702
0.00321523912683074
0.00253199414401672
0.00190679098737645
0.00133248930303956
0.000798989876838815
0.000302249056623741
-0.000167081200290266
-0.000608786962911046
-0.00101944518774401
-0.00139199181889075
-0.00173002626206607
-0.00207032540191311
-0.00241968897362173
-0.00274267310417764
-0.00304112896497808
-0.00330943182142646
-0.00353874587248617
-0.00372970890986659
-0.0038867232613006
-0.0040048045471414
-0.00408283745363853
-0.00412334143786756
0.00698189993027967
0.0063782467988572
0.00593095186946756
0.00548527604208641
0.00527940931162102
0.00513256778448612
0.0126164571104794
0.0110695707560522
0.0095408553249638
0.00812244719997614
0.00689694592074301
0.00586567045366298
0.00500918503678625
0.0042985572934449
0.00369915978102298
0.00320106517836714
0.00281126697936864
0.00251671982155814
0.00228466372647911
0.00211024354074037
0.00199929688549339
0.0019448337881542
0.00194427933697126
0.00199660726567969
0.0021008905508711
0.00225559411465964
0.00245818337306399
0.00270530310427226
0.00298947043857951
0.00329659257571461
0.00360790250686241
0.00390041365370045
0.00414815379219189
0.0043268728650682
0.00442362126587062
0.0121911134665807
0.0105935440505217
0.0091240823844491
0.00782968853822202
0.00671348599296085
0.00582845955339945
0.00509405284481998
0.00440773671021762
0.00380811472807773
0.00334236067508915
0.00298502270636731
0.00268760866305539
0.00243368367598801
0.00220965855846816
0.00204551253458841
0.001946229671888
0.00190514227603157
0.001920773545912
0.00199249565204006
0.00212619798872039
0.00231234400148733
0.00259174771925131
0.0028348320754349
0.00313967903086547
0.00359802653746604
0.00410907572632647
0.00466592759643266
0.00525094992329621
0.0057694506717807
0.00621453457006635
0.00653822736376981
0.00671802695047821
0.02681349466472
0.0251885521554471
0.0233635481133782
0.0215357248968968
0.0195824210179375
0.0276877389369123
0.0270581749052619
0.02608072242247
0.0251504482443775
0.024023998048084
0.0226645820950033
0.0213910232538027
0.0200550124083203
0.0185435569262449
0.0168708746262135
0.0154325136689496
0.0140720565431507
0.0128022443400034
0.0116255725890101
0.0105566535863625
0.00960042591842632
0.00873557302383881
0.00801351558715218
0.00716488855416864
0.00640712508277004
0.00581598264990288
0.00531140181204554
0.00489493696928097
0.00459289724876318
0.00440419722160901
0.00429786859528991
0.0178840539419621
0.0150739394145921
0.0114794473705049
0.0185449654881201
0.0169749881886762
0.0150703401886798
0.0130009605427826
0.0096421619784432
0.008343646447266
0.00738416100064521
0.0101546325258867
0.00896597603956096
0.00775278262364689
0.00680128358182215
0.00555849826481889
0.00705597118015172
0.00640131163832794
0.00554400702134955
0.004681066398145
0.00634773448099701
0.00540953366439542
0.00447107310810669
0.0043895929782563
0.00410130629364498
0.00382902785985155
0.0036131878979028
0.00341147373689963
0.00322702028203573
0.00307163193022033
0.00293243650071875
0.00282765351077955
0.00277581516712487
0.00279416456719913
0.00291533861067485
0.00412388754745153
0.00357142051329064
0.00301170087543279
0.00261594968560191
0.00213450310784799
0.00178277024171573
0.00138241495902613
0.00100769807501561
0.000701467805205677
0.000416625424279945
0.000142884345756494
-0.000117491191262125
-0.000342932386250309
-0.000550650459347908
-0.000777907641460196
-0.00097732838320155
-0.00117835641801423
-0.00134548988239328
-0.0014975603372377
-0.00162827102535263
-0.00172923373776331
-0.00181029807391813
-0.00187089073902707
-0.00190691253076585
-0.00192472023955654
0.00214035250020218
0.00148444863950709
0.000960866302168138
0.000601411110221145
0.000294189792899457
0.000113159398254856
1.50848689420879e-05
0.00389737448811925
0.00500027128717496
0.00628155499069974
0.00766388416267691
0.00923600522785928
0.0110590479064835
0.013110424841201
0.0153949947257847
0.0178409991046492
0.0203576703834398
0.022986034499317
0.0256073085638145
0.0280354275758823
0.0300899687685323
0.031714531339419
0.0329971507507755
0.0338885811030018
0.0343404672671994
0.00411684990816714
0.0037071949047162
0.00322993795233329
0.00269490204393055
0.00215381211363841
0.00164129692479201
0.00115488691445779
0.000692841512856599
0.000253926620609368
-0.000162766810880832
-0.00055793903512799
-0.000932409595564673
-0.00128685721546473
-0.00163889068110333
0.00397344202424554
0.00345698624173101
0.00293461424501722
0.00241709469427385
0.00196278429214299
0.00152194902026527
0.0010994747615442
0.000709532864878799
0.00034444109313491
-2.70150855975752e-05
-0.000408271154738755
-0.000762217534632295
-0.00105829149991227
-0.00130229490567082
-0.00148835013202465
-0.00163578458872041
-0.00173064384670063
-0.00178382665519716
-0.00168681846095496
-0.00171454461953479
-0.001728676092188
-0.0017322244344603
-0.00172523592663572
-0.00171180153960601
-0.00168868387615991
-0.00165512817146645
-0.00161893047429166
-0.00158454060362547
-0.001552232317803
-0.00152070083841548
-0.0014883803529855
-0.00145653415939695
-0.00142811508858297
-0.0014063046586193
-0.00139092390911512
-0.00138196748301395
-0.00194580215124166
-0.00222331401955741
-0.00247444084258894
-0.00270423893427441
-0.00291873958879363
-0.00312115588016411
-0.00330385205320867
-0.00345437128226285
-0.00356795535403688
-0.00364383372952254
-0.00368300969928495
0.00495067823997687
0.00430969474036871
0.00364676852922547
0.0030542584936839
0.00252427012112555
0.00202714976553068
0.00158173180601891
0.00114796779039089
0.000762063501391289
0.000419422144970779
0.000102162280984693
0.00473887202831035
0.00382774771733637
0.00304256511192027
0.00221860516765494
0.0015674230091934
0.000856673058720694
0.000275972474356065
-0.000210487015960518
-0.000659980762153957
-0.000915202703051509
-0.00116090312537921
-0.00131551738243874
-0.00139314335898899
-0.000492126456833541
-0.00100327179023503
-0.00144388583690139
-0.00187296698588951
-0.002214734028987
-0.00250278563648733
-0.00270590730336285
-0.00285732500914832
-0.00294606849898163
0.000322467364495656
0.000579533490039996
0.000872098976107799
0.00120145843271795
0.00157067851489016
0.00197936089472908
0.0024295746107402
0.00293406544637873
0.00348673231255554
0.00408556373920962
0.00476322470640947
0.00548901057294486
0.00625996570712939
0.00709285086991404
0.00798265568107919
0.0089506918669336
0.0099606713599502
0.0109221754839121
0.0117263555409778
0.0123931823586688
0.012877077810466
0.0131277988506654
0.0120755867016573
0.0110229111602804
0.00993984427049424
0.00891601927056729
0.00795613490287398
0.00703066263726471
0.00606598932057896
0.00517565108981895
0.00455694619218338
0.00379772824022748
0.00295835986185569
0.00225630732941525
0.00155961422116162
0.000850399045502827
0.000199650273304712
-0.00045826417388145
0.0120741286763172
0.0111202639207963
0.0102047103911896
0.0093503912206418
0.00853553139321427
0.00774196928320494
0.00695002416544147
0.0061574940894312
0.00540678501905397
0.00473807695424041
0.00417450100245283
0.00371267003148105
0.00330389177330496
0.00284416414671697
-0.000810301711826082
-0.00121762797033179
-0.00160328002738377
-0.00194995471648716
-0.0023031279288723
-0.00261701213476232
-0.00290734898636151
-0.00322564147086596
-0.00347888376310696
-0.0037100685903809
-0.00390622071117511
-0.00407730918115499
-0.00421499441974629
-0.00431836968584826
-0.00438884963460984
-0.00442584457352582
-0.000896828851435254
-0.0013255150727637
-0.00176731909385474
-0.00216330443552317
-0.00250733411290963
-0.00286205324345977
-0.00317710425679907
-0.0034390474784453
-0.00365679883161003
-0.00384606720868693
-0.00401392717248354
-0.00415667268904781
-0.00426428590643307
-0.00432416417117462
0.00254120199695937
0.00229881491225271
0.00209344438030283
0.00191204746858041
0.0017645052766651
0.00165042391734562
0.00157541787453537
0.00153578681978612
0.00153547112830219
0.00158297484755143
0.00167863525924
0.00182165929529774
0.00202256262362598
0.00230395354187589
0.00269743352382243
0.00257041708346637
0.00248409939501926
0.00242394605572207
0.0023895515825318
0.00239841546242469
0.00244996499393971
0.00255864106726429
0.00272869416885895
0.00296219433719993
0.0032709070615535
0.00362665289210362
0.00409372550023473
0.00467334109018658
0.00538325052231873
0.00619623800230577
0.00715401566481442
0.00833985133993525
0.00972074530354285
0.0113153117698273
0.0131722868563502
0.0153279754428175
0.0177967625133701
0.0205393792115531
0.0235146113312429
0.0267621534457656
0.0301447253783085
0.0334666544972172
0.0367939078414724
0.0399582388300286
0.0429944090155913
0.00288182424757264
0.00359077216149401
0.00445787517091345
0.00551289145687728
0.0067759500855688
0.00814001562449951
0.00947635652571802
0.0109875580959614
0.0127671017318498
0.0146636060853895
0.0167510080683459
0.0189343456078623
0.0213173434887855
0.0240177567238923
0.0266603103551761
0.0291434446043604
0.0318172030199838
0.0345046790813813
0.0370006234957626
0.0392086171026089
0.0412019260287822
0.0430642635706275
0.0446644861480131
0.0459052438285821
0.0468048874730833
0.0473735128326489
0.00200723569377408
0.00179182839130633
0.00164931189973742
0.0468708771631761
0.0453407149742813
0.0419336321546597
0.0359100155476848
0.0280646207894419
0.0198413954895765
0.0482686656648015
0.0489179590254567
0.0492043827142059
0.0493422203854775
0.0151779615474162
0.0120480245670537
0.0101809929031378
0.00926518220376965
0.0163005056387191
0.0141280026922392
0.0131333014359629
0.0441114825471725
0.0445864897463076
0.044253995773019
0.0428181882985938
0.039384659595637
0.0332438105190489
0.0446193233998382
0.0457419641624576
0.0464371438433892
0.0466561259428011
0.0462889944391228
0.0452260733580013
0.0429611998950105
0.0393628439477505
0.0343462362900062
0.0286907889701852
0.0234354077231554
0.0188110868032782
0.0150589823099003
0.0119425384394187
0.00943730425569629
0.00746539109865314
0.00573761702559654
0.0288323731141221
0.0247533647037492
0.0207456574730132
0.017382377175593
0.0143767716721216
0.0118988442529787
0.00985726572139179
0.00818287339034997
0.0068046174689698
0.00569241117305004
0.0047670300253597
0.00399671811612192
0.00337025210320664
0.00287718824548305
0.00249937613992951
0.00221716317758483
0.0020165729657573
0.00188845722934868
0.00182410241940178
0.0301016057385164
0.0268814916232312
0.0237588596723802
0.0213967204135411
0.0198591123227951
0.0190685357533592
0.00468352484598956
0.00377199095622323
0.00306811771421032
0.00257334725488641
0.00221315233958654
0.00198984994155527
0.00187795149338848
0.00474372742810419
0.00397107927580204
0.00347418405444732
0.00323893642924021
