0.05
0.0380020724121522
0.0357308991796634
0.03216570765542
0.0364967747162711
0.0345303140868008
0.0328948776930106
0.0379547775580233
0.0361917406151645
0.0339971880952298
0.033274184565228
0.033208430792268
0.033336212457702
0.0335451605815269
0.0333837767806344
0.0381005649759586
0.0347754627472791
0.0323330269364549
0.0321433589487695
0.0320772385122062
0.0320895726449643
0.0320212578236155
0.0318857766862462
0.0315754681068518
0.0307415398935579
0.0285868227970469
0.0253273798853876
0.0219790237083062
0.0188218814437671
0.0159472876938486
0.0133660791305897
0.0109400826660899
0.0378836618783077
0.0364780163556829
0.0347725606266413
0.0335575455522058
0.0327267469111254
0.0322375048059319
0.0319977985551593
0.0319161683957381
0.0308298127873381
0.0298000080906047
0.0286718610001972
0.027412058471247
0.0255259682388653
0.0299339106528007
0.0279738148757347
0.0259781648809203
0.0239225557487862
0.022003482047054
0.0199995566425661
0.0182067492441357
0.016430739299654
0.0147159367007516
0.013244860816405
0.0118607335172219
0.0105256131125105
0.00935186617582669
0.00825944698255773
0.00725982887225899
0.00631664683480172
0.00546860162267213
0.00471094398256044
0.00398585782089096
0.00331533336987916
0.00266347056431221
0.00200452228307326
0.00135382197397098
0.000748643692540377
0.000197650823496936
-0.000289358377839281
-0.000707181152579033
-0.00117050653456411
-0.00167059628019859
-0.00212788514898058
-0.00254393509139536
-0.00289291324661861
-0.00318912249848468
-0.00342725687708015
-0.00360390259868537
-0.00372091750080674
-0.00378110156037051
0.025324902427738
0.0250212683221715
0.0245770201902468
0.0240034585222936
0.0234071133900399
0.0228319037631279
0.0222538688761917
0.0218145372219348
0.0214638360772367
0.0212005700399363
0.0210607053153413
0.0249277428909171
0.0235627083094861
0.0217154571618387
0.0234154946593052
0.0200705267395486
0.0165629502056012
0.0211837791790727
0.0205937098349843
0.0199359481393257
0.0205570798339426
0.018657443879222
0.0163610335405706
0.0147065707126612
0.013267165033703
0.0117425614702662
0.0102548473520097
0.0090978861490812
0.00812598060117448
0.00720124323747841
0.00642304495337645
0.00575570977094145
0.0052323541804856
0.0048641548160372
0.00463324605979595
0.00450530468346891
0.0187520782768365
0.0169322109719831
0.0146820545719124
0.0125170910628618
0.0106802980766757
0.00891506868448774
0.0191029410619004
0.0183136160328655
0.0174889862264791
0.00806978425981232
0.00730997900140252
0.00672921470023191
0.00632170424254878
0.00607375032390926
0.00600395568070708
0.00610311387971974
0.00637078667471246
0.00684683388538734
0.00757958628704055
0.00860417148554546
0.00993919310971495
0.011614964157674
0.0137074745673157
0.0162790466101145
0.0193295394282162
0.0227524750205785
0.0263863147444035
0.0301188915257244
0.0336097831052505
0.0369565036794989
0.0397826837427459
0.041918080491728
0.0431847775898655
0.0432275309898949
0.0417792528158318
0.0384726261479273
0.0331965156446725
0.0272761232919002
0.0222421768568486
0.0181482658228212
0.0151109275322725
0.0134675471860523
0.0123533942210854
0.00812705192387944
0.00749701200440346
0.00703071444007478
0.00665897048754283
0.00643659263813849
0.00638039411561465
0.00648877743750022
0.00678780095876576
0.00728556372444217
0.00801740176945706
0.00900232091784887
0.0102871912936273
0.0119181418254424
0.0138740446145626
0.0160984979265509
0.0186841334112346
0.0214042386734424
0.0240153404273079
0.0264436803176873
0.0286379395824886
0.0304681953371338
0.0317791956823992
0.032481166640213
0.0162272157619119
0.0150177963581298
0.0139080952498839
0.0129211469516951
0.0120471178700255
0.0112643141411519
0.0105591947475276
0.00995282095952251
0.00945372289381044
0.00905353534789803
0.00875056781932229
0.00854757468569333
0.00844268040782273
0.0162712378560994
0.0150401576074435
0.0138510731455021
0.0127841919115099
0.0117989017828737
0.0109047450552117
0.0101333037047739
0.00943278516657902
0.00869060643246137
0.00792744028110656
0.00720185487443005
0.00656837784622331
0.00602879722552155
0.00555546133402184
0.00516639061569871
0.00485717221221821
0.00463345244524901
0.00448299237578273
0.00437620637331189
0.00428080839600616
0.00421609251037258
0.00420150554040138
0.00423896313067119
0.00432754711137095
0.00447428563307628
0.00470135751879382
0.00502711291827538
0.00545224292366174
0.00595058283970158
0.00648802365057356
0.00706377013327098
0.00768041992445634
0.00825687879296197
0.00882981401326292
0.00939196140118355
0.0097975892757213
0.0100228042020162
0.0150168220172893
0.0136152823054514
0.0123263893899148
0.0110254776511477
0.00989031052339816
0.00866914981769149
0.00758736288410598
0.00665858567007344
0.00567887881064526
0.00477600637333927
0.00413865856697112
0.00320359271413464
0.00259471748469127
0.0018548872912122
0.00110035376729036
0.000538686651849895
0.000182280906291775
-0.00017647485482403
-0.000479329537486972
-0.000701420393332067
-0.000854342670881721
-0.00092769466550195
0.0152819386249444
0.0140355261676841
0.0128226568590286
0.0116523463840363
0.0105772633176022
0.00959293451537149
0.00868116528435407
0.00777417947396741
0.00701642270172582
0.00625431129725464
0.00549105865198091
0.00475857617234281
0.00374410179007433
0.00274896211110937
0.00185783711324133
0.0010517801511403
0.000349290454025685
-0.000277174665810155
-0.000789312858922399
-0.00130602169490803
-0.00176274671275103
-0.00213512148596694
-0.00242801687413658
-0.00265167279947382
-0.00279697013768439
-0.00287426701109192
0.032439328930964
0.0319604896739998
0.0314032532300859
0.0323739581112818
0.0321473777590561
0.0321573443452284
0.0311147579091447
0.0307595217967225
0.0302924911964853
0.031352957969362
0.0316981594382486
0.0322983530602864
0.0326280994122809
0.0325020323726134
0.0318302720833772
0.0304861560778239
0.0285828413882405
0.0264538644427559
0.0241102051208727
0.0218615674095037
0.0198121033004802
0.0178495253157482
0.0155630957964472
0.013064523654412
0.0111425780029803
0.00909050220747015
0.00755894573959676
0.00609872493174614
0.00486322559485525
0.00363154003502976
0.00252810271429948
0.00157419813473506
0.000693914437232153
-0.000109582861810736
-0.00082702947668609
-0.00147216564605199
-0.00200162221541325
-0.00245144212710257
-0.00287991638876323
-0.00320308800532105
-0.0034346065248838
-0.00358806937734804
-0.00366801826346036
0.0322159458853496
0.0347918551391911
0.0373088046636831
0.0394221612664752
0.0410769027039447
0.0424233138210414
0.0435173257721466
0.0444182534171103
0.0451102307958348
0.0456382758615103
0.0460173073701816
0.0462591972835239
0.0463828167052497
0.0268622476256752
0.0237135290419773
0.0199496079675179
0.0183707794899788
0.0167450694506036
0.015049713580734
0.0184038251651595
0.0166515488085247
0.0146356288671509
0.0128601111398217
0.0112508650281282
0.00975867867908296
0.00842247281009755
0.00723220504492077
0.0061490731207863
0.00519436147968842
0.00433655321847411
0.00355844019379861
0.00286660016155589
0.00223514755815315
0.0016738206954585
0.00117608129834067
0.000743767294257335
0.000361413060071406
4.15309440681852e-05
-0.000222913833150616
-0.000444262946831594
-0.000647073754892416
-0.000818459530171985
-0.00095064157191855
-0.00104516932451293
-0.00110079476508967
-0.00113227818894843
0.0136995570477217
0.0122208363183758
0.0106415868938802
0.00910972448897046
0.00783501090316326
0.00666414638792444
0.00551772020567444
0.00454749579639711
0.00375552121630824
0.00292858165678953
0.00211444774659347
0.0013611801944858
0.000726997293821199
0.000221561773315215
-0.00030010261005549
-0.000768044011311461
-0.00119152731006426
-0.00155387832698502
-0.00185403877907688
-0.00206443365948693
-0.0022294687804763
-0.00237886870067214
-0.00248988170614216
-0.00254151269699109
0.0136243344712711
0.0122548205713052
0.0111082366179939
0.0100129264926687
0.00912521995526468
0.0082569601348354
0.00749672008524592
0.00694303672587923
0.006484937212139
0.00608769636302357
0.00581375242252072
0.00565270263110229
0.0325379869290912
0.0331331646623428
0.0338353713000424
0.0344936606934443
0.0347741346749836
0.0346114091385199
0.0339742206896731
0.0328307604780431
0.0313254951132827
0.0294636104108926
0.0273233476464226
0.0251685060430544
0.0231886038804706
0.0211207869944516
0.0190216957465542
0.0171801268442466
0.0156732666633787
0.0144182650000733
0.0133858442813942
0.0125814025327119
0.0120092953346968
0.0116389426906141
0.0114258953047658
0.0319863523494093
0.0318195132919081
0.0315434877305775
0.0309783218253243
0.0299716607641551
0.0285355819552999
0.0267496653677966
0.0246891439838341
0.0224939854927056
0.0202885599068824
0.0181524105286011
0.0162024524893664
0.0143233357380064
0.0125266974537741
0.0109202928929547
0.0094950822381936
0.00820545423474896
0.00702178925680881
0.00593653660415751
0.00495936445498684
0.00407084638849954
0.00326477023610868
0.00255421721934989
0.00189862684534363
0.00119728315257438
0.000503153851137664
-0.000126287848039077
-0.00068927018180574
-0.0011683023144175
-0.00157288624493851
-0.0019136016697573
-0.00217613547596721
-0.00238206120156868
-0.00250844286827522
-0.00257791041093094
0.0318799647209252
0.0296364398252832
0.0263842334541752
0.034948035407239
0.036182999223165
0.0368161173368433
0.024787935840044
0.0229306502392038
0.0210854623246757
0.0193958974182287
0.0180973358386212
0.0170065712768895
0.0161857775721752
0.0156483493437136
0.0153804188166312
0.0227009468004352
0.0192857823054057
0.0160628572459152
0.0129674397558318
0.0113603960734358
0.010046914014224
0.00879958593751084
0.00767012977737373
0.00668909459934611
0.00578874126088792
0.00497404437813635
0.00423359767488313
0.0035531110541609
0.00292674206538642
0.00234243327539942
0.00180045064504687
0.00130498654001105
0.000864176421164834
0.000472746327843209
8.77362208799157e-05
-0.000298049979787315
-0.000645858002923726
-0.00095905233469927
-0.00123331590112818
-0.00146186920938862
-0.00164782404020577
-0.00179756845259975
-0.0019082349389387
-0.00198041785464202
-0.00201756925693549
0.0118507782830448
0.0110114583365652
0.0104011624276796
0.00980435640209934
0.00953176653562687
0.00933897675404169
0.00991560374056521
0.00897880601866811
0.00814802338554028
0.0074852633488143
0.00703796576021024
0.00680859252815201
0.00679044340729862
0.00697995280871325
0.00739492652095151
0.00806547253506632
0.00898339470190764
0.0101292465560601
0.0116051698439326
0.0134970115240512
0.0157368790620922
0.0183386152324938
0.0212645133926803
0.0244140969462053
0.0276564311672262
0.0308629511602644
0.0339342848946573
0.036805223721261
0.039403255778883
0.0416496722825132
0.043494247149054
0.0449187313888745
0.0459333166402966
0.0465710733817151
0.0468859902834001
0.00955169507546902
0.00848984473434548
0.00757720034633742
0.00684872084644049
0.00630886388455348
0.00597277243615692
0.00579188546562719
0.00575291278074627
0.0058922779753508
0.00619603300420476
0.00664018824815407
0.00728246382434164
0.00820789031445123
0.0095478995869984
0.0111953596361825
0.0130744512637985
0.0152576379461567
0.0177429367380378
0.0205091422113566
0.0235737389516304
0.0265933581588602
0.0299795814688925
0.0323004797688039
0.0346886758180733
0.0375265038264363
0.040008818550783
0.042218476060248
0.0441212359590193
0.0455088470267035
0.0465046104584277
0.0471284797037389
0.0474407032469499
0.0322094398434487
0.0328300303310824
0.0336087912281517
0.034348181988361
0.0349829294362983
0.0316619734524745
0.0312935456270448
0.0308220949503237
0.0303175631004939
0.0295505482623554
0.0283983718996789
0.0271212749836769
0.0256162478992744
0.0237799093933083
0.0216392420489477
0.0197429101742641
0.0179265656164961
0.0162290507893387
0.0146650904440118
0.0132582727322832
0.0120144761085108
0.0109035726757745
0.00998726527938172
0.00892302146823285
0.00798286959767123
0.00725576469807162
0.00663953957003474
0.0061339585927521
0.00576895865964564
0.00554161935761822
0.00541377615161185
0.034097393901858
0.0320417753005657
0.0285835881506111
0.0365320344618031
0.0384194738279814
0.0403342747753574
0.0420730737717811
0.0260929041219436
0.0241105806542352
0.0225164038359422
0.0278213441705492
0.0264303934330298
0.0244592115206969
0.0226332726700381
0.0200015897908758
0.0217250888003082
0.0197723235159543
0.0170028190739159
0.0141290753043618
0.0207857361810643
0.01910429454076
0.0173666576882708
0.0126469054331651
0.0110813246560487
0.00952224474558388
0.00823814121379947
0.00700727607667539
0.00586164349876917
0.00487011786776956
0.00391492280372927
0.00303082383671265
0.00222595919992404
0.00149247181971793
0.000726459536114043
0.0127102966036954
0.0113312065033987
0.00996312196706259
0.00901273197380303
0.00787526308054466
0.00705572929438537
0.006134580151288
0.00528366458743547
0.00459729784232303
0.00396773849501603
0.00337276378359227
0.00281846670377438
0.00235014819356591
0.00192981087508102
0.00148205383421658
0.00109807738950575
0.000718015468870049
0.000405091577013162
0.000120268385272242
-0.000127401249125514
-0.000322742569696099
-0.000483831294745242
-0.000607776151997882
-0.000683195700904323
-0.000721056280821821
0.000546525557203726
0.000396468231647736
0.000277280607664347
0.0001953817934204
0.000125122905516984
8.3547769020038e-05
6.09461480282321e-05
0.000219461731161332
-0.000250417281722704
-0.000697383400570434
-0.00109305476736365
-0.00146426887076155
-0.00181912646308044
-0.00214922928272174
-0.00245610258053886
-0.00273496006525732
-0.00298422047054161
-0.00321554136953102
-0.00342506181793827
-0.00360541404211733
-0.00375036647817527
-0.00386120598605657
-0.00394684570555076
-0.00400559463240811
-0.00403518121696698
0.0165278908077691
0.015545962383043
0.0144015984446311
0.0131296654080697
0.0118618623161731
0.0106829569663672
0.00958655867427013
0.0085662683827507
0.00761586216324441
0.00672931244034486
0.00590083605115037
0.00512446436800194
0.00439481412706923
0.00367217828616216
0.0166302251580946
0.0158772737235706
0.0151310199674062
0.0144095357010362
0.0137934545926277
0.0132139117284292
0.0126778597461458
0.0122014018669039
0.0117712880517107
0.0113480053346878
0.0109263678166582
0.0105451354477469
0.0102334183599253
0.00998147903049674
0.00979242758144822
0.0096445328818098
0.00955022123555982
0.00949765660144839
0.00319922543323644
0.00277416949747733
0.00238567831600264
0.00197006451331644
0.00160202363309204
0.00128595344824684
0.000913692445014478
0.000481248270538248
7.71057357518587e-05
-0.000264228702316646
-0.000549775178642274
-0.000796366794704643
-0.00101805101904009
-0.00120910059657746
-0.00136016955415015
-0.00146581487946608
-0.0015355844159564
-0.00157444115184242
0.00334335835426303
0.00305941645215482
0.00281301450964249
0.00259597175532124
0.00240020841790978
0.00222091813583534
0.00206304277939154
0.00193550872859692
0.00184071552953462
0.00177806964598655
0.00174594105613454
0.0181474851752239
0.0161397068358701
0.0140622771454745
0.0122348300450278
0.0106347875341605
0.00916493600087809
0.00786808698546545
0.00661277584137149
0.00548548309278761
0.00445472587251693
0.00344710590024303
0.0187372095495791
0.0173304892488893
0.0161440325159373
0.0149415346992758
0.014029396440142
0.0130778142445991
0.0123351380795732
0.011737495394551
0.0112055884023273
0.0109113358066602
0.0106340814042305
0.0104624045530739
0.0103770456806964
0.00306647262604602
0.00275962496289025
0.00250815097100099
0.00227391352182493
0.00209402048891245
0.0019467443295379
0.00184507349893996
0.00177046723786802
0.00172722715618227
0.00280952249282492
0.00222052021777163
0.00167558154153072
0.00116880118627659
0.000695516667748837
0.000257345485527851
-0.000147031778137601
-0.000525939736769339
-0.00087220917984553
-0.00118544332763241
-0.00148098786075149
-0.00174480674796479
-0.00197904343259938
-0.00219061685876824
-0.00238051381672633
-0.00255653747397424
-0.00271582207291151
-0.0028493887515671
-0.0029501476303557
-0.00302719960482189
-0.00307983535612624
-0.00310611828230443
0.0426537225031717
0.0430488169892568
0.0431159548782881
0.042734648193722
0.0418113232448523
0.0402035974708166
0.037567391105302
0.0341954116233792
0.0314298727352157
0.0277267665518893
0.023559826270229
0.0202479687258277
0.0172162332599358
0.0144230647408016
0.0121073079375623
0.00997114431733069
0.0428060723724281
0.0433494119782648
0.0436407379874613
0.0436351688186206
0.0432692163038624
0.0424165080970525
0.0408513379157435
0.0382783495329938
0.0346853081462104
0.0305661673303726
0.026625796702707
0.0232430399017081
0.0202220234554483
0.0168464749758563
0.00871972317873033
0.00742651828643425
0.00632952337242503
0.0054395634100633
0.00461851566879202
0.00395319162926739
0.003386198217716
0.00281310180378492
0.00238802763255445
0.00202158825234545
0.00172504459223135
0.00147622250431972
0.00128204202465944
0.00113956969324193
0.0010440137038422
0.000994369182335704
0.00880369452115495
0.0077972128036295
0.00687223304550986
0.00612460361417607
0.00553036606826948
0.0049668046030878
0.00450311313240016
0.00414147734259888
0.00385626589261725
0.00361911234586514
0.00341665331246739
0.00324991777993002
0.00312729794610103
0.00306014833379652
0.0149290830011577
0.0134251424627916
0.0121557422805961
0.0110108475961037
0.0100200582230383
0.00914854357139182
0.00841460974013363
0.00776151548886908
0.00714564077499118
0.0065862824659932
0.0061010697311981
0.00567482181030967
0.00527738034567877
0.00488416027004891
0.0154701676665259
0.0142019037680573
0.0132145950074868
0.0122998594417076
0.0113095255453935
0.0104396586078389
0.00976744037939267
0.009132295460915
0.00856295978820994
0.00806519999355067
0.00761950305524238
0.00725084411392859
0.00689016623722665
0.00655064297227532
0.00622771186639839
0.00593250659487576
0.0056477002846855
0.00535491326199159
0.00506806898895206
0.00478458877445411
0.00449778398236606
0.0042044501003253
0.00390368432110784
0.00359844599562782
0.00328866465174865
0.00296445305672316
0.00263240702035776
0.00230384737785804
0.0019638427575485
0.00161750136673341
0.00124173647309003
0.0045967369459292
0.00430282970363636
0.00399967515723685
0.00368660471670276
0.00336806246336115
0.0030746014917278
0.00282592430462152
0.00258034129867522
0.00232782362486147
0.00209070957810022
0.00185701773106633
0.00163407081974064
0.00140772220430682
0.00116393535358469
0.000930990581861303
0.000712602042270336
0.000474109342394784
0.000226679310625943
-1.45434215257038e-05
-0.00024213618627169
-0.000465390576098281
-0.000698853943473851
-0.000933790615100337
-0.00116022527626608
-0.00138396765589484
-0.00161821818074064
0.0047810114513296
0.00470853072397788
0.00466168739646917
-0.00191352154684017
-0.00227848428770318
-0.0026967570347454
-0.00312090416122027
-0.00352270841108286
-0.00391478435839322
-0.00163142363970605
-0.00164285413880211
-0.00164879596630352
-0.00165210202754805
-0.00417350079639331
-0.00436485702999945
-0.00448843762957108
-0.00455229836240142
-0.00406073745934127
-0.00415377499539707
-0.00419758716827751
0.000971135938943887
0.000700486527453986
0.000446268744799594
0.000189815308465569
-8.25214666006314e-05
-0.000359213739680562
0.00110434175894986
0.000964443542571646
0.0008128715263822
0.00064743942002948
0.000464207927275321
0.000277176571345894
5.54339816336178e-05
-0.00017457120095226
-0.000425876463137454
-0.000694811028743164
-0.000970725826147257
-0.00126158394572506
-0.00155320828551272
-0.00185318709538505
-0.00214819159870694
-0.00242501617059493
-0.00270627449649348
-0.000539379510060198
-0.000695126087471568
-0.000859223745338319
-0.00101877580332754
-0.00119022947452011
-0.00136330254140363
-0.00153783395682075
-0.0017117141559251
-0.00188358509822859
-0.00204752833665237
-0.0022062861064253
-0.00235795174822377
-0.00249726289379364
-0.0026188350537572
-0.00272017912471623
-0.00280110024326146
-0.00286161158442697
-0.00290167301131881
-0.00292224724566392
-0.000455980885271527
-0.00053657255635419
-0.000609992832159028
-0.000665741978138143
-0.000702873636881194
-0.00072236882402908
-0.00293955766454602
-0.00317645791395273
-0.00338621468642312
-0.00355086388836362
-0.00368171170074755
-0.0037681278797209
-0.00381318018087758
-0.00284177201675293
-0.00296080373796972
-0.00304450062723814
-0.00308634740494505
