0.05
0.0373957144554024
0.0347622393150201
0.030419472283101
0.0356943164659572
0.0333417249520151
0.0307587655815059
0.0373504130005478
0.0349192900749195
0.030823185345477
0.0279857634182556
0.0256783639065533
0.0238907757585168
0.0214186793267106
0.0182956281403317
0.0375246159512123
0.0337402694100532
0.0306733458758833
0.0302923988983895
0.028977138540663
0.0276110858161005
0.0272054084832138
0.0268996506861781
0.0264492451770644
0.0254959532692977
0.0233580619698477
0.0204032533478021
0.0175491790259166
0.0149360305779686
0.0125706631553659
0.0104310516473337
0.00839319902694144
0.0372456584094518
0.0355307444394662
0.033258312816795
0.0314011821555509
0.0298395669478032
0.0285937779570556
0.027557310134839
0.0264673719702661
0.0280318212727493
0.0256133129356505
0.022732060214916
0.0198748569582081
0.0164309567965075
0.0278405763732087
0.0255339565302715
0.0231920401358048
0.0149533551742271
0.0133987585650479
0.0119090590036616
0.0106429798065962
0.00942775289663025
0.00827741162564149
0.00730285865697946
0.00639518874421313
0.00552939985892768
0.00477865294720675
0.0040917492616121
0.00347643124334525
0.00291079402986207
0.00241764228293569
0.0019920917514103
0.00160095578666685
0.00125573808166397
0.000936710432282841
0.000630774781134486
0.000344526609962403
9.28069300530442e-05
-0.000122868822653365
-0.000300970964460206
-0.000443068999669649
-0.00058883371484128
-0.000733790077897626
-0.000855653670641844
-0.000956553201058928
-0.00103262924974922
-0.00109002942729911
-0.00113075806116982
-0.00115755242120528
-0.00117358227366422
-0.00118125507599699
0.0149344816277812
0.0138492420402977
0.012773933957676
0.0117324039214198
0.0108506444870789
0.0101142229383434
0.00945072161317663
0.00898246647922159
0.00862693226091241
0.00836939203294274
0.00823550038769219
0.0218810190251106
0.020234772791186
0.0180787183905574
0.0204901559357241
0.0171587176215954
0.0137914076805397
0.0174777012794151
0.0168168695934103
0.0160861166363514
0.0167143498654185
0.0146330764624815
0.0122471972832797
0.0105812591066102
0.00915543399352419
0.00765925502720098
0.0062062918134395
0.00507851190634037
0.00413185159559786
0.00323148770078371
0.00247399678783367
0.00182457724427459
0.00131540037510209
0.000957262280562221
0.000732708698542995
0.000608307233831698
0.0148715995590461
0.0131450836766343
0.0110870058953682
0.00914117717647804
0.00749982736499401
0.00592318156524547
0.0151606091765727
0.01429421207119
0.013398120086855
0.00520864550859074
0.00457122934830567
0.00408861465581879
0.00375468892147541
0.00355739792390124
0.00351085911356513
0.00360555625206522
0.00384029201613844
0.00424660841335826
0.00486052372363349
0.00570455747224113
0.00678638836297254
0.00812409790041416
0.00977576358490876
0.0117989389988669
0.0142254502732416
0.0170329320517576
0.0201662563113425
0.0235975506651899
0.0270473714226734
0.0306543958590714
0.0341135558837474
0.0373670480822921
0.0405130167896648
0.0426325156952799
0.0448968423658896
0.046446121280028
0.0474533473848344
0.0478847708154611
0.047801788863087
0.0472451204417155
0.046245687763225
0.0453364898032329
0.0444310145417671
0.00518021024760775
0.0045746793387985
0.0041124155140295
0.00372191228688917
0.00345527646769154
0.00332574199355175
0.00333086732373468
0.00347434580358612
0.00375879343839692
0.00419776727982823
0.00479595270926903
0.00557651447299834
0.00656633832116815
0.00776011141490588
0.00914345310943653
0.0108115064924662
0.0126711507605356
0.0145902943196541
0.0165171974841802
0.0183912269108471
0.0200568852251412
0.0213078019177595
0.0219972488394693
0.0119671317362562
0.0106304325166314
0.0094240286634735
0.0083618164247978
0.00742660303411043
0.00659165900238183
0.00584071246888028
0.0051952201758195
0.00466384343058254
0.00423759211793227
0.00391473062894216
0.00369831163603077
0.00358644486473661
0.0121786229907612
0.0109836277728605
0.00985489787025621
0.00885904646383255
0.00795161982376976
0.00713800131648993
0.00644466583618787
0.00582379222596456
0.00517679834739006
0.00452453229714956
0.00391948649129673
0.00340918350619897
0.00299578067520362
0.00265899419152932
0.00241226955060802
0.00225290210899439
0.002183231518477
0.00219155991485712
0.00226941629402227
0.00246844852383691
0.00281091524904997
0.00320786640197664
0.00376152891624653
0.00437357955990026
0.00509629297651431
0.00599069402368737
0.00707701538329026
0.00832940934096957
0.00967314802117829
0.011035967467334
0.0124320206064968
0.0138732987320655
0.0151781147469216
0.0164381068713821
0.0176422268620583
0.0184930647318168
0.0189585751141123
0.0123156485669797
0.0109943828006997
0.00978764830809228
0.00857464252681485
0.00751857085322079
0.00638398353230031
0.00537954416984603
0.00451741816129371
0.0036081347630192
0.00277020614472809
0.00217872394843903
0.00131100063316984
0.000746045812313686
5.97015171078021e-05
-0.000640079885102394
-0.00116080455461907
-0.00149112914574558
-0.00182353409007096
-0.00210406042988728
-0.00230972659281609
-0.00245131292639806
-0.00251921986833707
0.0125851926104966
0.0114287271165554
0.0103141985601826
0.00924573902004567
0.00826846232930562
0.0073762367093912
0.00655135293625287
0.00573186386983309
0.00504772459184841
0.00435990686175807
0.00367103579087544
0.00300968387241026
0.00209317201369438
0.00119334507180184
0.000386674890833608
-0.000343928733931827
-0.000981501478042883
-0.00155080503393514
-0.00201676507644387
-0.00248744289452049
-0.00290396498267791
-0.00324388901903831
-0.00351145266388828
-0.00371588081249621
-0.00384874246025568
-0.00391944309764941
0.0300183873564924
0.0291042422428932
0.0278572243392597
0.029455050652365
0.0281711555402626
0.0267381078031407
0.0272689125350365
0.0265139036052054
0.0254957543757363
0.0268914792099637
0.025247351868355
0.0229445735900182
0.0208037779961167
0.0190097778366867
0.0172411155302911
0.0154685184671834
0.0138250464944651
0.0124213267748957
0.0111243597856205
0.0100066667568009
0.00905070361000456
0.00816673656912599
0.00715169465240191
0.00604581474766455
0.0051976581568689
0.00430034835357529
0.00364339781902787
0.003033895206551
0.00253647001004256
0.00206264228758297
0.00166165065065817
0.00133706554121756
0.00105991150803402
0.000830278851427421
0.000649125710738557
0.000511021821140025
0.000420095509485404
0.00036293339311887
0.000330155263816339
0.000321793535154206
0.000325717512204553
0.000333397540321037
0.000339164227327533
0.0241161925028923
0.022244815957971
0.0201675295541179
0.0181200406809659
0.0162748798087515
0.0145988096633666
0.0131155296442525
0.0118072793996325
0.0107448256357829
0.00989586346523154
0.00926317441572781
0.0088478853031588
0.0086317217780237
0.0219494782043716
0.0188942867211806
0.0154378275226808
0.0139881313138299
0.0125155826763206
0.0109916531296308
0.0141100894246757
0.012660689409747
0.0110184142358009
0.00957513729877149
0.00826080966209896
0.00703144591653198
0.00591861947602364
0.00491535782403093
0.00399033795495766
0.00316331096556388
0.00240862849709692
0.00171206896370021
0.00108047139299983
0.000490932441777067
-4.68006485753208e-05
-0.000537754251958395
-0.000978307907142858
-0.0013823214742181
-0.00173433803901886
-0.00203908615817033
-0.00230760199681723
-0.00256725942696899
-0.00279828905766563
-0.00298547669434063
-0.00312537212702593
-0.00321040942950305
-0.00325969566250061
0.00988302919530342
0.00868144646837557
0.00740448113220925
0.00616805254798745
0.00513949545242269
0.00419445763998456
0.00326843213703657
0.00248363579271641
0.00184170802614011
0.00116941661408638
0.000504345812327336
-0.000115313369220054
-0.000641609230330131
-0.00106504037620344
-0.00150675639009613
-0.00190789410524308
-0.0022757029084488
-0.00259458937452559
-0.00286204235985952
-0.00305144962099524
-0.00320132708480155
-0.00333813010917238
-0.00344046505178756
-0.00348825301327712
0.00962433342747188
0.00830987205014369
0.00720602690543655
0.00614711001044232
0.00528502784393879
0.00443803410084964
0.00369316199946224
0.00314867187654488
0.00269673889654246
0.00230381066454158
0.00203236983110517
0.00187260267675281
0.0257535455644366
0.0244276446244972
0.0227180854286848
0.0205778066339188
0.0185127254388251
0.0167741893108642
0.015085876643548
0.0134813606833292
0.0120517215650277
0.0106908392158213
0.00938822669334629
0.00822178815461322
0.00721623767255082
0.00619413511183359
0.00515608374994167
0.0042286523143372
0.00344951617950959
0.00278183198639727
0.00221705945770729
0.00176595240879102
0.00143873224775505
0.00122388471391056
0.00109905754913692
0.0259428256548987
0.0249327312225632
0.0236401554130177
0.0219522413303263
0.0200271429776451
0.0181201846859357
0.0163153908488279
0.0146027477729532
0.013000525838995
0.0115116849095839
0.0101275446389489
0.00888436454952096
0.00768867038359575
0.00653784466621291
0.00549736734882625
0.00456258979990473
0.00370586627862107
0.00290945979845331
0.00216993166903278
0.00149557293303358
0.000874580918653992
0.000303945269825091
-0.000205746187219756
-0.000682628027189563
-0.00119994135897001
-0.00171808472010208
-0.00219313012681762
-0.00262223371776748
-0.00299040509624131
-0.00330345403413589
-0.00356849944982081
-0.00377355465931686
-0.00393489200884571
-0.00403411404695437
-0.00408872452415841
0.0166750695081404
0.0147141683221312
0.0122665006676593
0.0179615168547808
0.0176951803448719
0.0175565723630105
0.0108689147179843
0.00950405982673406
0.00828169888920273
0.00722252649671727
0.00642665849141249
0.00576274948631865
0.00526259026129622
0.00493378120986837
0.00476926149746637
0.0100537116856795
0.00815941754601899
0.00642202727597149
0.00476672881695416
0.00411255493838456
0.00360772266688323
0.00316294812751507
0.00280015155103795
0.00252654380986769
0.00232022967418926
0.00218121543739199
0.00210483299617308
0.0020874204393293
0.00212710652242421
0.00222358656754376
0.00237650111459834
0.00258388690991941
0.00283884688110137
0.00313652789574512
0.00350799145372848
0.00396776958934956
0.0044709945911958
0.00501471290633939
0.00558046568899568
0.0061323003652555
0.00664783480621062
0.00711542239124623
0.00749587077023209
0.007761997452323
0.00790517304882013
0.00396841238569222
0.00335005536532686
0.00288935997622774
0.00242797136569302
0.00221420759631245
0.00206139645577314
0.00750987584091691
0.00666824241780791
0.00588001475774215
0.00520062814692645
0.0046770833824843
0.00431378038245897
0.00410452999666395
0.00404149928745194
0.00412601695406668
0.00437078526175175
0.00477120344123541
0.00531261871906916
0.00604205756428529
0.00700829113930069
0.00819064634560636
0.00962398967864971
0.0113370215603699
0.0133394728126367
0.0156176883315645
0.0181250187564916
0.0207846844992366
0.0235066885282482
0.026175450275681
0.0286636262225689
0.0308687521420499
0.0327110812486286
0.0341275015765028
0.0350779212710099
0.0355691542613839
0.00722029375013103
0.00629955414439685
0.00548210605237659
0.00479939893447704
0.00425737666379965
0.00387859193154652
0.0036202120441409
0.00345429651556868
0.00341104383606081
0.00349238729818175
0.00367859375393015
0.00399266865274022
0.00447962099401368
0.00521151856462973
0.00613157065180728
0.00720031416149299
0.00846980400084708
0.00996340495979215
0.0117094445477743
0.0137815867202809
0.0160051678129021
0.018749098926756
0.0207920452131315
0.0230400404347939
0.0259189100037433
0.0286319256430576
0.0312153229003976
0.033613363515343
0.0355142435929758
0.0369984116369605
0.0380006276786301
0.0385303026423326
0.0251191258229824
0.0232482163314172
0.0212154879074408
0.0192619120186288
0.0172570044325014
0.0259640545265285
0.024739728766788
0.0228913972333118
0.0213040048116418
0.0196273214643584
0.0178670868906457
0.0163973212237346
0.014980469670338
0.0134652741062225
0.0118532687997434
0.0105007192552797
0.0092387313542241
0.00806863942840276
0.0069869087960539
0.00600401588262117
0.00512332141409473
0.00432494655854867
0.00365674462572657
0.00286945100861926
0.00216485010013699
0.00161418904628712
0.00114348641556495
0.000754533024602648
0.000472204809253665
0.000295721582006909
0.000196241279337922
0.0156123852841008
0.01296386916097
0.00962775168945256
0.0161789175235293
0.0146566956870786
0.0128911147386046
0.0110364243173109
0.00795212770000273
0.0067812317965098
0.00592662966081457
0.00838512461963298
0.00730724099713834
0.00624093169825473
0.00542852042073169
0.00439966385912033
0.00567948501677308
0.00524860535075523
0.00475003528255234
0.00432665369850727
0.00499332429397815
0.00416973408017116
0.00336634777701484
0.00440603013070357
0.004630722023694
0.00501740213172134
0.00549745116390117
0.00614574386254003
0.00697624094488874
0.0079394720468006
0.00916466883846402
0.0106585078234737
0.0124259494142208
0.0144667823154458
0.0170858823238916
0.00393571635021049
0.00360901948392386
0.00335200329352577
0.0032276949432746
0.00315968521830193
0.00318429913754484
0.00331251911950393
0.00355991162358372
0.00388342067953273
0.00431153315837246
0.0048698709651481
0.00557367737791024
0.00636371996569831
0.00728079572110795
0.00851787184403068
0.00982478879970144
0.0114025533408503
0.0129693665322564
0.0146576501858953
0.0163670487161147
0.0178930138244191
0.0192807468483076
0.0204313909706344
0.0211655414533056
0.0215440608244892
0.0174029728485575
0.0179474576495646
0.0186136936117643
0.01920974451101
0.0198298761905
0.0202444020491323
0.020486958922216
0.019482034577133
0.0220970733456142
0.0249550216116682
0.0277681366738837
0.0306229062179746
0.0335159540187762
0.0363166919533159
0.0389738065199789
0.0413801110702439
0.0434627697835824
0.0452704985013001
0.046737353631949
0.0478182079940204
0.0485360672881247
0.048983143185437
0.0492642714777454
0.0494242657194526
0.049494845623367
0.00320531371523063
0.00304471333001423
0.00288557974053036
0.0027356028744774
0.00261029426932491
0.00251621741345212
0.00245057437807144
0.00241181657114347
0.0023996090816306
0.00241476856266134
0.00245911047855689
0.00253521358738959
0.00264600841087867
0.00280188730963507
0.00280413322052945
0.00222461096892331
0.0016419111585998
0.00106780018232142
0.00056649309239896
8.27045901032116e-05
-0.000378207645932403
-0.000801047174279001
-0.00119464287011762
-0.00159297406075652
-0.00199983284482429
-0.00237588515077584
-0.00268920861308228
-0.00294652002646575
-0.0031421341305144
-0.00329676018448284
-0.00339607364581913
-0.00345168870312355
0.00336271700859371
0.00397464566061139
0.00463412702920752
0.00547293246877541
0.00637530794363279
0.00731067732782232
0.00862466048974159
0.0104344857228417
0.0124249903244666
0.0143792602439837
0.0162438887826132
0.0180463969245406
0.0198333224219475
0.021504547309263
0.0229104971562909
0.0239350242570402
0.0246293628356865
0.0250222903477342
0.00255500793449292
0.00235530657027352
0.0021964349182104
0.00207112095358872
0.00197246933521372
0.00189556491777512
0.00183896989553147
0.00180119660734897
0.00177803660628486
0.00176518224107314
0.00175939907533518
0.00417766781128117
0.00399531028088186
0.00386375947868673
0.00380158247769353
0.00379764518097277
0.00384802810831895
0.00395071814101461
0.0041232527052615
0.0043661288863473
0.00469131283461744
0.0051355567144157
0.00347253011687616
0.00245119610395941
0.00157806819428399
0.00066910301636475
-4.38680344886273e-05
-0.000816151944727666
-0.00144239100073085
-0.00196348945989079
-0.00244189161796027
-0.0027122705593066
-0.00297154298242208
-0.00313420881884657
-0.00321572816669101
0.00458244215680721
0.00417874864324625
0.00388586259706228
0.00365336793728783
0.00350667028797055
0.00341134738425126
0.00335986343082845
0.00333069150796461
0.00331760339538545
0.00616124508970274
0.00731642744152404
0.00862059458576723
0.0100982158399214
0.0117736285242474
0.013643878770079
0.0157014503120542
0.0179683952251549
0.0203610165227581
0.0228060261697966
0.0253616757843096
0.0278432234043615
0.0302043614298582
0.0324686266477594
0.0346085743412311
0.0366755896197431
0.038600866432839
0.0402427917964443
0.0414878614012839
0.0424375689984045
0.043082054907546
0.0434018151926581
0.0102386585508469
0.00936246940375939
0.00848952608577615
0.0076901553430391
0.00696403954377976
0.00628609819569845
0.00560361340254863
0.00499654853537165
0.00458812612542981
0.00410297591924456
0.00358844591337711
0.00317715917095728
0.00278803389200532
0.00241373589682348
0.00209224535339904
0.00179079610476141
0.0102093787527221
0.00938659607623109
0.00862203469726756
0.00793178976004055
0.00729631700241571
0.00670179590419648
0.00613658364122709
0.00560528975104717
0.00514246710777664
0.00477400928636505
0.00450643353823856
0.00432598124652805
0.00420411346159943
0.00412066808969531
0.00185247947128496
0.00197365991906944
0.00213991113975996
0.00233857294995308
0.0025962650650884
0.00287939197174308
0.00319397898743151
0.00360752196166131
0.00399647099928612
0.00440661063435537
0.00480228972726745
0.00518865177194965
0.00553077873079157
0.00580769322759094
0.00600719534664839
0.00611567285535662
0.0014357719420878
0.00110737240627609
0.000788647530900445
0.000521167429902807
0.00030421871546992
9.73339982301161e-05
-7.07333235377758e-05
-0.000197982253347219
-0.000294117011479312
-0.00036982519214822
-0.000430400339221271
-0.000476832948455553
-0.000508693303334069
-0.000525253624207125
0.00417735576303635
0.00430021146953711
0.0044891010828886
0.00476091261753362
0.00511197919013838
0.00555161879848245
0.00605822696175395
0.00665619666798532
0.00739509056553823
0.00826583475682274
0.00922492935326804
0.0102669518427878
0.0114449655617466
0.012835656687504
0.00404524587568536
0.00403959732458582
0.00411244896915786
0.0042853790818974
0.00461910066714403
0.00508040368622672
0.00561433205563327
0.00634336438182919
0.00725441510204754
0.00833639276948212
0.00962303020405165
0.0109882837038953
0.0126563715365481
0.0145793848837337
0.0167531029077818
0.0190260484022155
0.0214402286385436
0.0240826171032466
0.0267447958796419
0.0293657617838053
0.0319362193456578
0.0344193302912712
0.0367562316118712
0.038854560263481
0.0406388746243765
0.042053317489182
0.0429090144311477
0.0430020484432102
0.0420351068941032
0.0394076884566971
0.0340755299179161
0.0146245452605677
0.0167024082759349
0.0190957349853364
0.0218025413710506
0.0247522627149469
0.0275872531125167
0.0300330442480477
0.0324507904097009
0.0348985620987186
0.0371194631283488
0.0391916871924577
0.0410149520349563
0.0426626289372145
0.0441578186770367
0.045280707655773
0.0460246581037923
0.0464477084065675
0.046377718534993
0.0456708515584346
0.044205995750126
0.0417333071551535
0.0378301946718137
0.0327617475168684
0.0274638387139017
0.0224326577118744
0.0176963163069518
0.0124655211086653
0.0122125923631824
0.0120539845606402
0.0146082625277746
0.0116293635384521
0.00891129511273872
0.00665709676265231
0.00486389146422406
0.00333834131870021
0.0147229239896893
0.0118939143392618
0.0103115455928523
0.00937550530889769
0.00252969335493517
0.00200884243871215
0.00170426803285609
0.00155635082300007
0.00270468878090835
0.00233245905362705
0.00216529759650605
0.0299552954879892
0.0250496134229855
0.02053707166003
0.0164005832433353
0.0125178051982317
0.00901827024156348
0.0306385303333684
0.0265152875304781
0.0223351264210819
0.018542253262508
0.0152497502124247
0.0126584439707602
0.0103129799924949
0.00846131922438157
0.00690759482826185
0.00562336633413662
0.00459205149147099
0.0037300357193416
0.00303432640364603
0.00244927116673596
0.00197047147277912
0.00158696187629078
0.0012458854815575
0.00733203601892349
0.00611650248662536
0.00505804898651744
0.00421484040460898
0.00347732741361031
0.0028742286343542
0.00237914470661608
0.00197428725705514
0.00164222085696583
0.00137547721973934
0.00115478026751643
0.000972272657593739
0.000824926020162227
0.000709826392352144
0.000622267545757971
0.000557290614750248
0.000511360173174942
0.00048214717938183
0.000467512620459734
0.00749301782654725
0.00640120718071563
0.00552348285505643
0.00491796741061956
0.00454039331783636
0.00435002388093555
0.00103578726242612
0.000852010092336885
0.000708913765138898
0.000607777256326249
0.000533898643875045
0.00048801333270206
0.000465000064481224
0.00104748105335306
0.000891039424322417
0.000789412477220071
0.000741011633144929
