0.05
0.0376063716431229
0.0351767887734694
0.0312567135663433
0.0359648520384015
0.0337447680087702
0.0314794649203248
0.037548427999066
0.0352812761463006
0.0316599588325223
0.029329956459482
0.0275130679309368
0.0260964379443793
0.0240619943533791
0.0213026164539704
0.0377290878357657
0.0347454329834075
0.0326294753652672
0.0325081180436144
0.0328382745784976
0.0332906859416689
0.0333375859735172
0.0332690694862844
0.0330292652451228
0.0322944129846564
0.0302634538193644
0.0270361406223261
0.0235644777427754
0.0201704312304104
0.0169956184641857
0.0140813505484493
0.0112839896100912
0.0374467562141988
0.035781712020471
0.0336059788986244
0.0318603142591984
0.0304231132424261
0.0292996193289613
0.0283816525045258
0.0274269488924281
0.0291752838598219
0.0271329562314847
0.0246794490171026
0.0221534634865322
0.0189667157434784
0.0289528982233089
0.0269065978931244
0.0248203638180545
0.0174540264165971
0.0158098060346457
0.0141958064993264
0.0127991390570933
0.0114376255074223
0.010129087502437
0.00900378419677578
0.00793936164123087
0.00690603123624418
0.00599216460650197
0.00513755013892748
0.00435289005985946
0.00361106642563609
0.00294363931482112
0.00234758519134144
0.00177780390595466
0.00125173920741352
0.000741142572956804
0.000225633765526823
-0.000283149127620073
-0.000756525087576151
-0.00118816530536993
-0.00157073227849367
-0.00190018461637286
-0.00226715868368179
-0.00266521005265129
-0.00303093334790142
-0.00336515335275311
-0.00364655119465825
-0.00388611549320616
-0.00407915283247628
-0.00422258663130229
-0.00431771274364221
-0.00436667449219559
0.017671177688639
0.0166980030538055
0.0157092584063836
0.0147321486413186
0.0138930265272515
0.0131854712713003
0.012543621595399
0.0120887203013953
0.011742403466553
0.0114910941240656
0.0113603085622821
0.023653633970126
0.0221582950798341
0.0201630214790317
0.0223392645154316
0.0191581854047642
0.0158488232230519
0.0195931400136405
0.0189632713973815
0.0182636290815235
0.0189305239182889
0.0169762904232513
0.0146713451826465
0.0130338124053252
0.011618613254129
0.0101242343139071
0.00866692924650609
0.00753277576683163
0.00657896127064808
0.00567028836486646
0.00490467837933848
0.00424745178452536
0.00373159074901893
0.00336843637588506
0.00314059203928247
0.00301431311369524
0.0170422687981776
0.0152166401873475
0.0129734834778473
0.0107974052590494
0.00891592410041398
0.0070593210921349
0.017378490242385
0.0165443083132855
0.0156767249066936
0.00619440426941634
0.00536929887510958
0.00467915710402589
0.00411715822555689
0.00365681376527478
0.00331862384964629
0.00310246230901213
0.00298588520679482
0.00297038375477391
0.00307335990186493
0.00330835143988301
0.00367990833359885
0.0041947711914779
0.00487935267988734
0.00576817731077872
0.0068961254194306
0.00829048431985706
0.00998546850769072
0.0120590965698244
0.014440893206844
0.0173211981264073
0.0205160518291835
0.0239461967610172
0.0277175151773933
0.0306027124538748
0.0342124147574132
0.0373495791835062
0.040256548265545
0.0427249740308283
0.0446117140999367
0.0460764062633143
0.047120030274191
0.0476620525147206
0.048015295979761
0.00615878280355747
0.0053725331099547
0.00470810699050406
0.00405071682208381
0.00347155526296008
0.00298882067631522
0.00261513962782203
0.00230041507155561
0.00206526931244906
0.00189609294042424
0.00179046830695669
0.00174307429410775
0.00175307990213666
0.00181931675013562
0.00193746511331907
0.00211514801488071
0.00234236513738806
0.00259982805342522
0.00287762942985283
0.00316530685295021
0.00343614965553575
0.00364993758214304
0.0037720740584227
0.0143341976288525
0.013063313552275
0.0119064851613404
0.0108824361889324
0.00997776830598634
0.0091683372296547
0.00843929234926034
0.00781203551548455
0.00729535293501954
0.00688071958846312
0.00656657234601825
0.00635595755335485
0.00624707980596619
0.0144295845224225
0.0131827134539406
0.0119850838958623
0.0109120237696949
0.00991927141070279
0.00901443808882931
0.00822863218647667
0.00750892002763571
0.00673844554105887
0.00593687325593653
0.00516488300672806
0.00448047691119337
0.00388663814383456
0.00335397280736406
0.00290394491699912
0.00253280565731138
0.0022488302547128
0.00204019273849926
0.00186990869333946
0.00167863234393736
0.00148655677208118
0.00134583403563431
0.00122393118694153
0.00114343209144762
0.00109050668203478
0.00106415859598777
0.00106967506546857
0.00110984351808118
0.00118044262125792
0.00127271284905692
0.00138343295497836
0.00151166660430582
0.00163840387876186
0.00176947929848445
0.00190170852511137
0.00199866241279854
0.00205296777481685
0.0143940037144405
0.013073978140452
0.01185787299924
0.010627719028053
0.00955177222564425
0.00839147820384355
0.00736106272207183
0.00647437145091525
0.0055369122161183
0.00467110193036748
0.00405894847699408
0.00315936865583261
0.00257270333876064
0.00185886988686148
0.00112977077831128
0.000586359401023481
0.000241243563362607
-0.000106397942323718
-0.000400064763672806
-0.000615530933916439
-0.000763949864961716
-0.000835158390151144
0.0146380442118206
0.0134589154873317
0.012309357879166
0.0111973981430865
0.0101730884430783
0.00923259690774623
0.0083589923888846
0.00748747127709984
0.006757284173225
0.00602075878092639
0.00528086837059069
0.00456894550202469
0.00358076657046962
0.00260953079872872
0.00173823925520643
0.000948783232056975
0.00025971689495329
-0.00035561035088079
-0.00085924671702893
-0.00136798721136201
-0.00181821076469395
-0.00218566514669272
-0.00247491754865836
-0.00269592741873411
-0.00283956953260387
-0.00291600786344237
0.0308289247068429
0.0300485230177578
0.0290076252968735
0.030438318171473
0.0294931701967722
0.0284972471427917
0.0285100673486022
0.0278736350121727
0.0270158418314361
0.0282833263234315
0.0271027672321929
0.025388163159677
0.0236470023453171
0.0220359651254987
0.020305664346533
0.0184531043389408
0.0166549429030129
0.015070704357141
0.0135720296659618
0.0122538680327704
0.0111022195880698
0.0100107172638082
0.00872347245513761
0.00728244717788896
0.0061429157525853
0.00489135046298545
0.00393379486038786
0.00300150781359581
0.00219787165709802
0.00138228759365247
0.000638297538489262
-1.633342418996e-05
-0.000631206921058433
-0.00120256137096288
-0.00172160369441646
-0.00219580893113076
-0.0025901586467235
-0.00292863527684838
-0.00325371310075869
-0.00350027010395472
-0.00367749858590266
-0.00379521458329492
-0.0038566115032763
0.0262171094828073
0.0250328797690742
0.0235366552060555
0.0218615880881087
0.0201964685753619
0.0185782769511172
0.0170820722776823
0.0157262665962082
0.0146084014302833
0.0137080459939387
0.0130344799208732
0.0125916377106415
0.0123609915782428
0.0237421913579454
0.0208312846527399
0.0174408159031596
0.0160120156537908
0.0145446712838958
0.0130141051244932
0.0160896799323221
0.0145615059889203
0.0127869164564815
0.0111966355972114
0.00972297355971615
0.00832132438304582
0.00703180185197031
0.00585072093758002
0.00474470003705434
0.00374105079707286
0.00281248844007724
0.00194455680700239
0.00114874508732547
0.000398719076578192
-0.000291020538510353
-0.000925094256216178
-0.00149740758316417
-0.00202503925390728
-0.00248722630696386
-0.00288978070674915
-0.00324701639899345
-0.00359525384473123
-0.00390764763104457
-0.00416287282279612
-0.00435507778791778
-0.00447256188403732
-0.00454093084020405
0.0117907705513297
0.0104360325646151
0.00896884029091668
0.0075234685497912
0.00630219144141366
0.00516363628417231
0.00403186507426367
0.00306052164311707
0.00225831864124326
0.00141146823469053
0.00056826465222764
-0.000220768339049326
-0.000892347350293713
-0.00143304070955847
-0.00199715475145733
-0.0025094982115333
-0.00297961396937489
-0.00338796285019477
-0.00373151887219305
-0.00397573861246055
-0.0041697806093063
-0.0043476988223914
-0.00448130737827785
-0.00454384246200516
0.0117248299187052
0.0104775695895011
0.0094258256969196
0.00841392267273845
0.00758838293111937
0.00677592115276739
0.00606037388697663
0.0055366969185462
0.00510157989117341
0.00472293082251589
0.00446119555654709
0.00430707571235552
0.0278211968914209
0.0268678629845696
0.0255489708173011
0.0237652182827287
0.0219097166976369
0.0202514164552774
0.0185669197316855
0.0169150875854766
0.015415671250245
0.0139735530905286
0.0125860667296015
0.0113415912436641
0.0102692120487148
0.00918075051603453
0.00807735371723722
0.007093421526315
0.00626822281040393
0.00556207167339252
0.00496545662319565
0.00448934764304147
0.00414421717573495
0.00391770870456051
0.00378614462449985
0.0279440008021971
0.0272094164111856
0.0261982127235716
0.024764669468798
0.0229907777806558
0.0211089876959259
0.0192343949046315
0.0173900503007506
0.0156225402555982
0.0139544996114717
0.0123882101796862
0.0109721166907468
0.00960346991023026
0.00828087266839039
0.00708097347487508
0.00599978986396741
0.0050063943133389
0.00408102789851107
0.00322043077595188
0.00243498800882973
0.0017116142861855
0.00104734206321325
0.000454874738298061
-9.82340982449966e-05
-0.000696608561128419
-0.00129432646800082
-0.00184086334732401
-0.00233335323891448
-0.00275510031121246
-0.00311321508038228
-0.00341614499730387
-0.00365038660841147
-0.00383463115216457
-0.00394792046110909
-0.00401026744675144
0.0196397142826574
0.0175782368301654
0.0149687259861258
0.0212577931600072
0.0212187166582262
0.0211970113147813
0.0135682234158429
0.012191881354091
0.0109560056412173
0.00988468383688755
0.00908021759584824
0.00840980155862221
0.007905258596319
0.00757384572149312
0.0074081132385395
0.0124904385787339
0.0103424830642262
0.00834885464030337
0.00642375425693329
0.00548068609366269
0.00470732813881735
0.00397225019268715
0.00330834719563226
0.00273528351591893
0.00221431342089707
0.00174862147123503
0.00133120507601049
0.000953130485266176
0.000610008978925663
0.000293968440412413
3.87321285029693e-06
-0.000259265996402106
-0.000492213637628321
-0.000698555574272247
-0.000901369406068228
-0.00110461566928442
-0.00128773744614484
-0.00145211777380705
-0.00159504925012395
-0.00171280926356248
-0.00180721415024124
-0.00188197220761616
-0.00193632407876625
-0.00197130252234795
-0.00198914092025362
0.005658665873732
0.00506727031768713
0.00462734818154131
0.00418740703576564
0.00398375556801384
0.00383826553889219
0.0100398150354817
0.00882308092734706
0.0076390774980952
0.00655833065155539
0.00564414614825667
0.00489780259111338
0.00430515418212302
0.00384589616214076
0.00349890102052701
0.00326162258400993
0.00313684211334837
0.00311195215975542
0.00318011292353374
0.00335232482687697
0.00362643070314058
0.00400923257229841
0.00451008054886575
0.00513679284321878
0.00589528146555039
0.00678751945980278
0.00781101842628682
0.00895994120700832
0.0102103368613479
0.0115114730779467
0.0127948000614767
0.0139757380489909
0.0149595375963255
0.0156603049996961
0.0160364400327136
0.00968416939989238
0.00840822754355487
0.00724692735543689
0.00623662999649855
0.00537980657663524
0.00471566185773307
0.00418112306843661
0.00370394015837177
0.00331709057843856
0.00305046509916048
0.00288218893600587
0.00278849410099678
0.00277186902512708
0.00284423264433352
0.00300723339849102
0.00325239578576997
0.00359092127233807
0.00403007374432916
0.00458098460718274
0.00527587551418615
0.00606951575113564
0.00712390505871889
0.00797820644470498
0.00900191626425487
0.0104784325276865
0.0120741729528622
0.0137791105164136
0.0155383625179354
0.0170668197887162
0.0183511627195898
0.0192665361147449
0.0197671993631457
0.0261950519268985
0.0244625044595014
0.0225397320407576
0.0206456024782188
0.0186552816901296
0.0270527261499861
0.026154111794892
0.024767900220085
0.0235169278322082
0.0221103474363854
0.0205382314575337
0.0191571321526673
0.0177757441404568
0.0162623998004025
0.0146255707527446
0.0132382692153902
0.0119365643071072
0.0107261476535397
0.00960569516525899
0.00858722931424539
0.00767473544578098
0.00684776574032799
0.00615585281008671
0.00534086820402506
0.00461164923226876
0.00404181783675914
0.00355475174839535
0.00315227572238198
0.00286012316929372
0.00267749269510489
0.00257454432797285
0.0169675138954371
0.0142053308140654
0.0106923778677495
0.0175912393598341
0.0160276637025597
0.0141651680684963
0.0121673968668879
0.0089068285556695
0.00764908636101956
0.0067229160884467
0.009393120089913
0.00823913330194388
0.0070714504648753
0.0061623773898109
0.00498364181777324
0.0064292282495175
0.00586429992739343
0.00514622363468965
0.0044487031958083
0.00571274187001278
0.00480397324279323
0.00390015173145994
0.00430392821156849
0.00420882281039299
0.00417285688564497
0.00419382017327802
0.00426592136976159
0.00438925582113831
0.00455293108836467
0.00478056861521955
0.00508291476611434
0.00547597188326648
0.00597946219925233
0.00670511992755251
0.00394256846063472
0.00345822579009696
0.00298899292172071
0.00267388456561025
0.00231453305580048
0.00207305989528584
0.00182606694025656
0.00162925670280753
0.00149994239206112
0.00141145071387726
0.00136155405008994
0.00135341080283626
0.00138529399142441
0.0014533158991476
0.00157303784466211
0.00171872469580301
0.00191170637099347
0.00211665834601904
0.00234934875057452
0.00259615580210732
0.00282589820188392
0.0030430924240644
0.00322976496057462
0.00335217565357229
0.00341641121948469
0.00600794984452653
0.00548348175196719
0.00511863451236771
0.00490009628772426
0.00473881686613061
0.00465520802352669
0.00461413523008218
0.00823993130772896
0.00997328797719273
0.0119920499382303
0.0141554421243725
0.0165679532222931
0.0192642404415844
0.0221327632444393
0.0251065858889979
0.0280490665060596
0.0308571512489129
0.0336032403957027
0.0361975916099421
0.0384992381299803
0.0403781292431469
0.0418173299259409
0.0429205152044831
0.0436674508864548
0.0440392069433174
0.00360276762971854
0.00326566898987354
0.00288010660891222
0.00245477394713772
0.00203059445486627
0.00163392887711484
0.00126197774097531
0.000912866212203365
0.000585482436353974
0.00027933208636541
-5.58958672488601e-06
-0.000269113003338178
-0.000510816184835974
-0.000741326280327707
0.00337797055263301
0.00283632455206418
0.0022887009458415
0.00174635819957277
0.00127041487940315
0.00080874611417603
0.000366476019324401
-4.15636177261031e-05
-0.000423430147804705
-0.000811780959508919
-0.00121020039969225
-0.00157991740818257
-0.00188905068507463
-0.00214371295268854
-0.00233782494561955
-0.00249159611971937
-0.00259051044646834
-0.00264595833465819
-0.000591451635177021
-0.000416720871748896
-0.000223134989812716
2.53967517450814e-05
0.000290897691796061
0.000561252752096718
0.000932362857394262
0.00142941243094401
0.00196024451863928
0.00246902904343574
0.00294781480582682
0.00340943359841945
0.00387093101721849
0.00431086115850651
0.00469079029813214
0.00497511661318893
0.00517219042281497
0.00528562422400827
-0.00107722124452037
-0.00137860244528827
-0.00164899732022554
-0.00189419047561511
-0.00212096254391831
-0.0023330713603175
-0.00252300543005328
-0.00267843850154826
-0.00279509581663781
-0.00287271625688472
-0.00291269028106151
0.00449721285101358
0.0039980538432275
0.00349580237264453
0.00305908591919377
0.0026786781318644
0.00233179990748779
0.00203137695485474
0.00175236610641181
0.00152199126730852
0.00134082631313064
0.00120539408324425
0.0041240442780236
0.00316919736650091
0.00234688711651531
0.00148459052147925
0.00080363993125364
6.10516861952616e-05
-0.000545065870290091
-0.00105233058398103
-0.00152058553699112
-0.00178626108071228
-0.00204185835082383
-0.00220261840324262
-0.00228330453542887
0.000536853286012039
-2.67266143904272e-05
-0.00050387968746793
-0.00096034541520973
-0.00131801435049837
-0.00161516925074248
-0.00182234800728724
-0.00197542042464987
-0.00206454199041671
0.0016879890122934
0.0022296390060417
0.00283548781258062
0.00351515571064824
0.00428112530466018
0.00513780843217556
0.00609343320649051
0.00717773480482524
0.00837831880368309
0.0096885527574843
0.0111749489024735
0.0127606347680719
0.014425303479126
0.0161863335873789
0.0180108226865633
0.0199203602955335
0.0218243907249216
0.0235465958266028
0.0249165159125201
0.0260025156154874
0.02676192853416
0.0271459867903069
0.0112867108581475
0.010295958796897
0.00928602157239509
0.00833920883687566
0.00745810683745568
0.00661434675492996
0.00574058598062616
0.00493899577150844
0.00438446673496846
0.00370668364398133
0.00296048522201448
0.00233862040563571
0.00172340426261497
0.00109898489641526
0.000527649366796464
-4.84511580422378e-05
0.0112731211881448
0.0103628774844154
0.0094977969466925
0.00869820800911475
0.00794285566694908
0.00721480226448487
0.00649672532596898
0.00578820533143569
0.00512857589671706
0.00455303648049592
0.00407939034346695
0.00370125798156483
0.003376077195917
0.00302354193820815
-0.000288574316951952
-0.000560672739132176
-0.000814038293945086
-0.00103897004466222
-0.00126583246403101
-0.00146572020284487
-0.00164904131733927
-0.00184782518035148
-0.00200374741286074
-0.00214372305242943
-0.00226019061945619
-0.00235962985711376
-0.00243795586999906
-0.0024956527724821
-0.00253439528862733
-0.00255452318715464
-0.000486347522832313
-0.000915041302500336
-0.00135712907700042
-0.00175329678396206
-0.00209719887849166
-0.00245127325654669
-0.00276508841036802
-0.00302535143709645
-0.00324112595808669
-0.00342815659482492
-0.00359356737580393
-0.00373385471756358
-0.00383937663198878
-0.00389800210873529
0.00281623566787809
0.00266819972769161
0.0025618333381038
0.00249111828093322
0.00246212443902824
0.00247655783625418
0.00253390172378018
0.00263729941311936
0.00280143034862175
0.00303202824792751
0.0033215758968041
0.00367048788254825
0.00410216007611363
0.00465752806883079
0.00290116457933036
0.00281021560935129
0.00276787149221815
0.00276953741103824
0.00283060514343195
0.00295516705991604
0.00312890816114815
0.00339375786728945
0.00374975781087843
0.00419616723349961
0.00475127552974641
0.00536385198683064
0.00614169719449496
0.00707940682490928
0.00819855821534421
0.00944958738863783
0.0108885587234461
0.0126233015474105
0.0145796582832464
0.0167526115639007
0.0191649488013665
0.0218068849634647
0.0246349396436537
0.0275572500168981
0.0305090890768491
0.0335200440297071
0.0364558981813629
0.0391380302011851
0.0415752396987595
0.0435525972529604
0.0449406223983983
0.00562201263797449
0.00678863302076634
0.0081992102932317
0.00989678891962273
0.0119021920247195
0.0140263079650419
0.0160511022300111
0.0182588504019525
0.0207301067641845
0.0231998693145472
0.0257285880653533
0.0281793152854681
0.0306581665158655
0.0332674779178028
0.0356602778196243
0.0377797117184457
0.0399183141629651
0.0418927099887182
0.0435248336263641
0.0447532456746053
0.0456232631417392
0.0461303586993312
0.0461524970833329
0.0455916096782974
0.0442847531494458
0.041874207571676
0.00425120032591459
0.00395789794822542
0.00376480401032886
0.0385264781829003
0.0329667635832917
0.0261116623719206
0.0196880807169398
0.0143835761299608
0.00983077906550917
0.0401542272382043
0.0364683961228726
0.0334534587934777
0.0312463243982336
0.00740947098425412
0.00584713597629808
0.00493219296833974
0.00448736162304015
0.00794134846365332
0.00683066486272804
0.00633169832295434
0.0447685845580945
0.0433307815208698
0.0403657196213165
0.0354015179301807
0.0284108211467301
0.0208849971945166
0.0456185278546623
0.0453584359506779
0.0440706896651781
0.0414863825824762
0.0373741623168308
0.0325101063557055
0.0269081616011169
0.0219952315646942
0.0177507103634621
0.0142625062238285
0.0115113829695426
0.00925821064854606
0.00747299394729687
0.00599436150625433
0.00479792433581427
0.00384662778246874
0.00300404787993702
0.0170748938342955
0.0142610222007342
0.0117924168835805
0.00982500038636941
0.00810736756671568
0.00670551283475952
0.00555572508843421
0.00461480250910263
0.00384115440335696
0.0032171463696648
0.00269799043968622
0.00226572378162621
0.00191401105980586
0.0016370291769221
0.00142466060302082
0.00126593937672043
0.00115307164140738
0.00108095887088547
0.00104472747476412
0.0175091775792094
0.0150176080950242
0.0129931794288038
0.0115944602833675
0.0107235312712094
0.0102851679086641
0.00248231833538973
0.00202470638443282
0.00166669618310741
0.00141223107444387
0.00122528059369865
0.00110860196468062
0.00104988608656148
0.00251811939557787
0.00213545291012039
0.00188677611477234
0.00176824632302759
