0.05
0.0379582390722738
0.0367740243402395
0.0354068098687813
0.0362365922426403
0.0341237923728566
0.0322991980173455
0.0377864398441131
0.0357844033111461
0.0330452389446799
0.0319627771123488
0.0317745857264287
0.0320170586791707
0.0327943070528202
0.0342021236885526
0.0378876715581417
0.0313663920279161
0.0254975218824722
0.0247021750260355
0.021817452348322
0.0191249350629761
0.018577283054567
0.0183846456913429
0.0183516066279426
0.0186267908246549
0.0196995624365813
0.0215666403169238
0.0236463783746267
0.025615681172014
0.0271595507975343
0.0279890647055329
0.0279254741282163
0.0376945392937802
0.0361216610051826
0.0341393034808227
0.0326395297308138
0.0315093622542393
0.0307270595431284
0.0301897191686148
0.0297368049018614
0.0346504550498123
0.0348335335238842
0.0357357504494989
0.0370323693027863
0.0388188286199076
0.0350873001790426
0.0351215120541689
0.035397033826949
0.0395119985114611
0.0400805984970798
0.0402957186400205
0.0400217826593246
0.0391161332253013
0.0373897909838333
0.0350520255927789
0.0320587319671089
0.0285228758137031
0.0250779727552329
0.0217706259294402
0.0187926831579292
0.0161054226221736
0.0138295133338085
0.0119248677503045
0.0102257882242014
0.00876614142428994
0.00744675310575364
0.00620206132178278
0.00504938802887177
0.00403980948552104
0.00317237961358026
0.00244824819150206
0.00185936226694779
0.00123856065362119
0.000598400175530031
3.48250480719229e-05
-0.000461499410631086
-0.000866693292964642
-0.0012031293165295
-0.00146890670394487
-0.00166348126578486
-0.00179119385693418
-0.00185651137288755
0.039652400668165
0.0402635876622267
0.040886823755944
0.0415171164187243
0.0420763497829536
0.042563452068339
0.0430188768178151
0.0433492276655657
0.0436049869056576
0.0437929207445105
0.0438914897280675
0.0358207495691518
0.0364534861796159
0.0373304053018716
0.0354924289452585
0.0356897519440316
0.0354960815893102
0.037531742278044
0.0377472171686127
0.0379767399554758
0.0381064387458817
0.0391198675426185
0.0398681471251975
0.0398728832992647
0.0393270179461228
0.0380113796566187
0.035797680972029
0.0333415592578443
0.0307670349187049
0.0279319471764349
0.0253455829893705
0.0230504366042203
0.0212397841171569
0.0199754354547714
0.019191163342343
0.018760696846923
0.0375140931834128
0.0359946809737201
0.0328894504084421
0.0283569598041688
0.0234718449496918
0.0182417968999329
0.0383905366177175
0.0387460657320955
0.0390750163971179
0.0158200587899799
0.0135038435011997
0.0115503302298977
0.00991159201998112
0.00847535829048949
0.00727143216080075
0.00629558134897232
0.00545370346156513
0.00468995265405187
0.00400187799733792
0.00339704971788013
0.00287478017856612
0.00242021699525894
0.00201106998031373
0.00163434621366085
0.00128272380224271
0.000951804812873145
0.000634903662686684
0.000319643341208839
1.46447987775341e-05
-0.000307094824783574
-0.000630868744879517
-0.000960127072700394
-0.0013161284446374
-0.00159186158266766
-0.00194545742314783
-0.0022641984720874
-0.00257274497030818
-0.00285032091203908
-0.00307887975018094
-0.00327335266950691
-0.00342760231441803
-0.00351541203693785
-0.0035774882906692
0.0156412645434948
0.013364549362906
0.0114346036750977
0.00949904706396856
0.00774197824654038
0.00619875596807238
0.00490724867666684
0.00369158425204298
0.00262681637408642
0.00166459176816235
0.000805476019985678
2.51466100518823e-05
-0.00068758655776939
-0.00132294843631574
-0.00188112990257058
-0.00239983734392413
-0.00285322606553616
-0.00323166553210876
-0.00354970546376162
-0.00381693294834226
-0.00402895872414743
-0.00417614473118798
-0.00425361304128569
0.0400603077363315
0.0406594728566633
0.0408751943648873
0.0407435172843335
0.0403114337146177
0.0396110829453927
0.0386675467549196
0.0375718313314211
0.036441989954409
0.0353703693979433
0.0344536396075769
0.033786134237436
0.0334236429636887
0.0387941930489597
0.0380532939891319
0.0367820714639633
0.0350383078542082
0.0328326243577675
0.0303170615562288
0.0277837530465009
0.0252551180104054
0.0224444716276645
0.0195222164005892
0.0167683999280016
0.0143961322913234
0.0123881908318937
0.0106123380663164
0.00911085089765122
0.00784895952248367
0.00684047946417891
0.00604338686563404
0.00532393982781308
0.00441009157064804
0.00336623693533126
0.00248481752377036
0.00156854340181014
0.000798894007421108
8.94901400742755e-05
-0.000595565992969411
-0.00123930902894113
-0.00181315454683103
-0.00229632616978944
-0.00269165572582767
-0.0030272208258337
-0.00331931427680659
-0.00354726731136698
-0.00374159132775936
-0.00390953853470506
-0.00402054222638843
-0.00407889335882348
0.0350619031246898
0.0342007755767789
0.032977509183126
0.0313014991610284
0.0294867039374439
0.0272069797747193
0.0249819856403921
0.0229814108863412
0.0208412053498127
0.018895138534625
0.0175540174435301
0.0156513375358757
0.0144602414945352
0.0130689807682092
0.0117126592278053
0.0107418596874275
0.0101422126181185
0.00955212600842292
0.00906412031619303
0.008711920569848
0.00847223177631528
0.00835804840430705
0.0352940321796679
0.0346914607675637
0.0336799728639027
0.0322690671105641
0.0305820347770266
0.0287283387271322
0.026791405305493
0.0247153621603954
0.0229254408167506
0.0211235354830076
0.0193671228544342
0.0177517706746604
0.0156204335035805
0.0136373364611937
0.0119542288019857
0.010507973499559
0.0093028202950802
0.00826844001531246
0.00744934789526275
0.00664732375066385
0.00595795529247882
0.00540839434050587
0.00498303843588271
0.00466209789396694
0.00445531611782041
0.00434587850996638
0.0319147869917034
0.0315604095567188
0.0312264118405842
0.0314525842313154
0.0309239895386685
0.0306862234295191
0.0311431091346599
0.0310710562689586
0.0310097059213979
0.0309746510027816
0.0312976409544961
0.0323295129296862
0.0335981896727382
0.0348489018027188
0.0362390756400091
0.0377629453999322
0.0392437090115075
0.0404882419562756
0.0415141246928365
0.0421482380214993
0.0422810011438315
0.0417366146706608
0.0399473792004118
0.0362799221755068
0.0319809909078136
0.0261291032237299
0.0214827206675947
0.0171668882990838
0.0137602129914195
0.0106538547409927
0.008133296693538
0.00615309538011038
0.00448440848503713
0.00308674865175131
0.00193288550285533
0.000965607703677289
0.000217130312743518
-0.00038881088673891
-0.000941484446193895
-0.00134405835707344
-0.00162530949552184
-0.00180852385221632
-0.0019029474237975
0.030532204119517
0.0303050494460772
0.0303614844873464
0.0306730563830564
0.031173773044825
0.0318264453703773
0.0325772701279487
0.0333867768456086
0.0341514021452407
0.0348346207928868
0.0353865073376469
0.0357688666169507
0.0359744937306428
0.0314046056093165
0.0317405115011198
0.0317736147301624
0.0315043236297341
0.0309791998375219
0.0301690601765104
0.03169626201315
0.0308372285182059
0.0289923178374756
0.0266328150781577
0.0239372225490719
0.0210834264077418
0.0183655273600002
0.0158967855510733
0.0136551345343175
0.0117025476919098
0.00997353281676159
0.00842720722676909
0.00706872992840635
0.00583999851079713
0.00475359215900975
0.00379130672261174
0.00295235487337893
0.00220354224675368
0.00156727255963415
0.00102893017458099
0.000563986995652501
0.000121602512183659
-0.000267492242475304
-0.000580292130103466
-0.000812916636663481
-0.000953925072304384
-0.00103552419209037
0.0287002590816804
0.0264669221803875
0.0235787298969907
0.0204974170605272
0.0178559557085505
0.0154375909046449
0.0131213960808061
0.0112205582128677
0.00971497337331442
0.00819019393992827
0.00673713649499207
0.00543508901168965
0.00436952808309915
0.00353939383320942
0.0026997524667745
0.00195979139359653
0.00129939451887728
0.000739777270134707
0.000278766185768277
-4.37344942113258e-05
-0.000296728800005944
-0.00052608368607637
-0.000696822795183201
-0.000776331909749979
0.0297356723456874
0.0287975690520524
0.0276095948376907
0.0261366625854511
0.0247288317151332
0.0231914984382482
0.0217460374752726
0.0206520443415919
0.0197275899519674
0.0189180028530571
0.0183582400778517
0.0180291635577816
0.0307300910459933
0.0311495168387718
0.0319526905577055
0.0331603856476247
0.034472905214868
0.0356885659530291
0.0369754257324154
0.0382955831302838
0.039540520039739
0.040767485529015
0.041953279038794
0.0429899191611469
0.0438267717204751
0.0445815975735597
0.0452107084744759
0.0456082924168162
0.0457731202449803
0.045744942264971
0.045556467369329
0.0452634734212584
0.0449514839558612
0.044691997101249
0.0445162145834861
0.0307269448962316
0.0310989874818578
0.0318262506235451
0.0329665888266813
0.0343814411571468
0.0358165791054824
0.0371362362160786
0.0382696153795048
0.0391118455553905
0.039558456116993
0.0394997281589344
0.0388530917620847
0.0374779519592355
0.0352469991281418
0.0323736086124563
0.0291667448939638
0.0258702532083757
0.0226750306991795
0.0197324319600818
0.0171531016519472
0.0149082802709179
0.0129750050854737
0.0113637448245732
0.00996316866409518
0.0085507489429505
0.00722071080275399
0.0060677448617579
0.0050775689607733
0.00426413116125162
0.00359713063225447
0.00304918910121576
0.00263520321414076
0.00231548471252539
0.00212131826820096
0.00201531025302746
0.0353344001444602
0.0366504102425242
0.0380733080048902
0.0337910624167387
0.0334006469746273
0.0331778268813667
0.0405419935053766
0.0425939703831903
0.0441460129395895
0.0452694723035951
0.0459750408090535
0.0464652418554058
0.0467722684309716
0.0469433196145163
0.0470192243886115
0.037026904104854
0.0346859031193011
0.0307884798600981
0.0255728625896104
0.0223089818655037
0.0194257072583418
0.0166088310525317
0.014060494203825
0.0118845667293786
0.00993788233273142
0.00822977928305278
0.00672922540448239
0.00539941650111897
0.00422111525360127
0.0031641954119957
0.0022220674012572
0.00139456791570511
0.000686835946426869
8.13372482646716e-05
-0.000494291609822841
-0.00105431253311742
-0.00154734329001276
-0.00198347447506038
-0.00236091176100663
-0.00267352736171286
-0.00292744807822602
-0.00313216929358994
-0.003283866739357
-0.00338308880258083
-0.00343426655465471
0.0236947344019753
0.0220168874338826
0.0206727663187075
0.0192625276579179
0.0185979983532057
0.0181187168766498
0.0277471247705794
0.0265897291738322
0.0244691441018543
0.0217411540834578
0.0188922818450124
0.0161995697557375
0.013774511264719
0.0116184421963896
0.0096652223776081
0.00790146145989047
0.00637593068586331
0.00507552892377819
0.00388054298261037
0.00276447887768656
0.00177498086446216
0.000882625387756889
7.31218647397018e-05
-0.000659570237970985
-0.00132012795221239
-0.00191240145107112
-0.0024406017240579
-0.0029099913235268
-0.00332192764459964
-0.00367508982958503
-0.00396946630242363
-0.00420511322505063
-0.00438134158582137
-0.00449770697658182
-0.00455735587927651
0.0270793149701301
0.0255849673491502
0.0234983283440907
0.0211113271562725
0.0186849310522571
0.01655074886271
0.0146442094382553
0.0127396006465645
0.0109530102945116
0.00945230380664504
0.00819445852775404
0.00702335264877094
0.00586603939447068
0.00464265082625212
0.00350566221227238
0.00251124609745479
0.00161594408526564
0.000808239854797688
7.1245430113899e-05
-0.000621631829807232
-0.00122393189582127
-0.00183704973467271
-0.00223297934423548
-0.00262355180910768
-0.00306916090612565
-0.00345091948124188
-0.00379360030019148
-0.00409927904845105
-0.00433561204695341
-0.00451754395490566
-0.00463962666970872
-0.0047040155017586
0.028984560093568
0.0279983947024027
0.0268809036130341
0.0256720852801151
0.0242307876244211
0.0299480179480397
0.0308441502231742
0.032431636044819
0.0338628012375807
0.0353790226163798
0.0369356779285329
0.0381911629431687
0.039348870687646
0.040515437636406
0.0416403064112677
0.0424311223949257
0.042974261803335
0.0432330166879512
0.0431676088110079
0.0427374452136942
0.0419183985331974
0.040669457719627
0.0391222388682813
0.0366220779457647
0.0337668550261239
0.0311507206390452
0.0286765636664552
0.0265025269383155
0.0248736641241891
0.0238413945469101
0.023256142731989
0.0226222213832634
0.0197498343921502
0.0159249740434016
0.0236182082103161
0.0223666931250291
0.0205643445494822
0.0183713712805148
0.0139049462935748
0.0124590324058162
0.0113799108177899
0.0145546645518322
0.0132691643999598
0.0119178693638502
0.010837385060791
0.00940404088517279
0.0108949035491723
0.0098609604975977
0.00844892307698581
0.00697361566915142
0.0102767238968025
0.00926646030324851
0.00824687935112298
0.00624411905794366
0.00543701512664825
0.00459444341653185
0.00386825420654484
0.00314166325464653
0.00243681203392828
0.00180388158860551
0.00117375797126728
0.00057323191435664
1.29835313776741e-05
-0.000507727027871813
-0.00106042349835853
0.00618465368311972
0.00538159969884335
0.004544655722951
0.00393654642283337
0.0031752738822203
0.00260274322257883
0.00193214513551436
0.00128536123697405
0.000743127291648072
0.000228295482526537
-0.000274674984479863
-0.000758881132261847
-0.00118115386044369
-0.0015715001104924
-0.00199889759508848
-0.0023741144964899
-0.00275360943932119
-0.00307217170730724
-0.00336709273343045
-0.003627443732902
-0.00383534307149247
-0.00400852690536316
-0.00414286454353913
-0.00422505901852675
-0.00426645577500099
-0.00127996123402779
-0.00147865793420829
-0.00164794087789012
-0.00177049626921573
-0.00188029244198018
-0.00194724384826455
-0.00198434577836992
-0.00134438923523346
-0.00161276433098671
-0.00187791711353612
-0.00212549755676242
-0.00237308133600864
-0.00262765871272519
-0.00288373349117343
-0.00314133824617619
-0.00339387530388874
-0.00363583331192353
-0.00387494946692404
-0.00410399829899301
-0.00431064804117652
-0.00448294315720187
-0.0046183100712276
-0.00472503622482872
-0.00479932535725328
-0.00483706985518326
0.00776427500746944
0.00719342375022853
0.00651535877296639
0.00574306179276691
0.00495201251058681
0.00419474252967584
0.00346971347518768
0.00277594498282089
0.00211269733243155
0.00147922527761474
0.000874667348414932
0.000297658001496321
-0.000253120724451835
-0.000805576761601451
0.00780471005194746
0.0073477688362028
0.0068875638595702
0.00643363224069246
0.00603694886750962
0.00565388195355734
0.00528870550093962
0.00495347419699459
0.00464119712076888
0.00432490007957578
0.0040015269048002
0.00370232227528485
0.00345274311178777
0.00324754093963317
0.00309136918969142
0.00296780099105673
0.00288837927859207
0.00284388177170932
-0.001173503719913
-0.00150936029686181
-0.0018202321799664
-0.00215710531283674
-0.00245962052657596
-0.00272296138828544
-0.00303717639323278
-0.00340677751731633
-0.00375617094743628
-0.00405429107708741
-0.00430589143476274
-0.00452483674870137
-0.00472302721162105
-0.00489488102049646
-0.00503146624525996
-0.00512734634746664
-0.00519083548047898
-0.00522625766019877
-0.00105700109113565
-0.00127766977758032
-0.00147202923075017
-0.00164556982736028
-0.00180403165820761
-0.00195073458778333
-0.00208107937864575
-0.00218713379304798
-0.00226640044455618
-0.00231899348152575
-0.00234603283063469
0.00847637465130619
0.0074674455628147
0.00639398094276851
0.00540917037126839
0.00450758154832762
0.00364252759666872
0.00284820191193405
0.00205084120746642
0.00131161359702948
0.000617642518823267
-7.53680776884671e-05
0.00866959787326458
0.00785632243040261
0.00715879508917557
0.00643077212156897
0.00585849272942222
0.00523721820550601
0.00473218083630057
0.00431087474795202
0.00392303385960192
0.00370336821763101
0.00349232269208205
0.00335971335087129
0.00329319415907204
-0.000381532678456458
-0.000640856895673969
-0.000862133193097148
-0.00107599576967452
-0.00124548690519079
-0.00138788495229904
-0.00148811448731791
-0.00156275078830651
-0.00160646793621547
-0.000487070387146716
-0.000874752008573934
-0.00124140049309559
-0.00159114166938413
-0.0019274271009704
-0.00224914660194343
-0.00255692133825813
-0.0028567349662534
-0.00314217646547424
-0.00341133611187153
-0.00367618926275379
-0.00392264407235727
-0.00415041520369053
-0.00436435147786872
-0.00456361883414975
-0.00475455229773185
-0.00493231050152013
-0.00508504002692695
-0.00520248507760682
-0.00529363623499083
-0.0053565903217642
-0.00538823736590613
0.0173263424618192
0.0160555399360184
0.0146914718683479
0.0133674083627924
0.0121069498804798
0.0108822011822181
0.00960222157581766
0.00842291441946354
0.00760675383768497
0.00661065132092727
0.00551859852528355
0.00461436892952622
0.00372659115572334
0.00283373394253175
0.00202492664877914
0.00121771766946009
0.0173433299110516
0.0162072845938391
0.0150620551105415
0.0139555072744239
0.0128726204509985
0.0117967603371551
0.0107049026902143
0.0095951192819695
0.0085273797500985
0.00756052133310564
0.00673133488643882
0.00603944929491657
0.00541529278968698
0.00469704604430505
0.000693789179755018
9.59879566571894e-05
-0.00045871821346043
-0.000945150173523357
-0.00142655593170684
-0.00184113965029186
-0.0022128827367368
-0.00260709640122963
-0.00291127481554508
-0.00318186320124584
-0.00340649399140808
-0.00359892177037429
-0.00375156953747305
-0.00386494396109871
-0.00394164337473786
-0.00398170625659046
0.000765691322818077
0.000336966939724559
-9.26252665550889e-05
-0.000467704814208642
-0.000786090769312892
-0.00110713169841627
-0.00138637329768375
-0.00161444116832219
-0.00180123298715014
-0.00196154912667829
-0.00210217840642558
-0.00222065817434081
-0.00230933011807227
-0.00235843657053007
0.00421143546567177
0.00380207461252615
0.00343214695509257
0.00307627671244982
0.00274982199630272
0.00244816019079598
0.00218439177200176
0.0019436232896137
0.00171358291035127
0.00150521471484079
0.00132825799107737
0.0011789561634986
0.00104821098924747
0.000930316500956386
0.00446040299739422
0.00423250710290266
0.0040483109699205
0.00387331457358614
0.00368337170286712
0.00352210771899761
0.00340839801749964
0.00331894471251533
0.00326303420045896
0.003243799696311
0.00326143238317255
0.00331002785881107
0.00339580199175114
0.00351806424978368
0.00367684367625521
0.00386082569730044
0.00407420619343774
0.00432951711236166
0.00461302667670544
0.00492335482055496
0.00526570931058052
0.00564407905536028
0.0060618919880627
0.00651943140123826
0.00702405609377315
0.00760576131878055
0.00827439663701057
0.00903002160558243
0.00993669000377952
0.0110213447980841
0.0124095350208052
0.000902454802674414
0.000891473265504371
0.000899754615416886
0.000930350608885632
0.000986198111644956
0.00106211606558203
0.00114725239396777
0.00125262843554439
0.00138576778269378
0.00153623581927651
0.00171126559464969
0.00190580259144232
0.00213409263031983
0.00241732755166242
0.00272555920975745
0.00305132833025792
0.00345311371305829
0.00392848507991717
0.00445870637295265
0.00502914684494901
0.00566485777826199
0.00642187840186186
0.0072924825782563
0.00824848972584842
0.00931834602300176
0.0105801642723305
0.000840206688357582
0.000775150062432261
0.000732252448612703
0.0127392374296839
0.0156841827546114
0.0193630940925012
0.0233557361769891
0.0273053490431805
0.0312097729915444
0.0101813432791443
0.00985844993964545
0.00970518963698176
0.00962851102133532
0.0338774714912927
0.0358536562176011
0.0371301598819036
0.037789099644073
0.03255561142206
0.0334097447207246
0.0338127797332646
0.0138567736328706
0.0156249441371874
0.0175969309277789
0.0198870407353805
0.0226168788728902
0.0256170282410148
0.012740864609306
0.0133692936403059
0.0143205351624793
0.0155978162103708
0.0172158417869559
0.0190094297255663
0.0212418344641418
0.0236040796076136
0.0261778872597189
0.0288768280058635
0.0315588040729442
0.0342791064107156
0.0368919286232378
0.0394521476883265
0.0418231185951598
0.0438819174837503
0.0457739048448221
0.0282011347513668
0.0304771679896345
0.032858734722429
0.0351046597156277
0.0373988810415836
0.0395548353801033
0.0415408688772873
0.0433123250771519
0.0448452445558257
0.0460948932493153
0.04709982697706
0.047866365988164
0.0484006425988869
0.0487312128228786
0.0489065152368165
0.0489766510276039
0.0489846850429983
0.0489667680665536
0.0489495121012016
0.0261269605249327
0.0266400479938731
0.0271766376273835
0.0276234333679761
0.0279382097971825
0.0281087999120951
0.0469613135006615
0.0479473438308548
0.0486356853485801
0.0490513102394139
0.0493022958599022
0.0494308719399127
0.0494861815496482
0.0468244695069163
0.0476304879998499
0.0481354866196854
0.0483683839147546
