0.05
0.0374263378083321
0.0348203012562074
0.0305340627903447
0.035733898681328
0.0334003735096813
0.0308615294003579
0.0373792952251711
0.0349696453406541
0.0309352570449849
0.0281613706054181
0.0259122652320432
0.0241664531065448
0.0217404798098391
0.0186523254456472
0.0375544199375882
0.0338788044142766
0.0309403865779392
0.0305928598488846
0.0294833740357231
0.0283398999662193
0.0279863800013213
0.0277047921125548
0.0272708631704052
0.0263236210867278
0.024157974770117
0.0211307965989143
0.0181858456449059
0.0154796062164578
0.0130259014214161
0.0108042495863995
0.00868598830087329
0.0372752514739884
0.0355681913255585
0.0333106113258782
0.0314701393324085
0.0299265905832089
0.0286980371281878
0.0276777117474535
0.0266055534223776
0.028187822915243
0.0258168842438738
0.0229868278737614
0.0201672037646918
0.0167512575690867
0.0279907237426691
0.0257168168879281
0.0234061463735857
0.0152678807738473
0.0137012813779927
0.0121955248390712
0.0109125646523927
0.00967816678301153
0.00850666385396288
0.00751149246829134
0.00658191577346366
0.00569219732573773
0.00491765250288591
0.00420577302362059
0.00356470857980636
0.00297170370595133
0.00245086787178936
0.00199759975418456
0.00157668837798493
0.00120049690456142
0.000847724815890485
0.000503812944788865
0.000176061187779243
-0.000118258929560117
-0.000376791891503563
-0.000596868066656639
-0.00077871067467603
-0.000972869589106785
-0.00117477103944038
-0.00135284140036905
-0.00150868115290235
-0.00163399770534302
-0.00173575136292797
-0.00181402007034279
-0.00186983097856416
-0.00190566700789272
-0.00192372074520252
0.0152788489431627
0.0142077275327178
0.0131441051477616
0.0121121508890663
0.0112374744031019
0.0105064063935938
0.00984737385264678
0.00938211838855722
0.00902878872008129
0.00877281027193278
0.00863972009753506
0.0221125815876932
0.020484118445523
0.018346666146912
0.0207298115492368
0.0174141898577377
0.0140517447221505
0.0177491870282514
0.0170918618325243
0.0163646241375427
0.0169977893596039
0.0149317449861925
0.0125562833012479
0.0108945227348126
0.00947065209378662
0.00797527340841151
0.00652210836480378
0.00539358341994291
0.0044458964745966
0.00354419800712811
0.0027853077517433
0.00213448058264676
0.00162406295294195
0.00126497642476323
0.0010397935830881
0.000915030704431683
0.0151474603173596
0.013406598871648
0.0113230016291492
0.00934531986710412
0.00767014394112702
0.00605327463701877
0.0154440324617558
0.0145816109745345
0.0136890931100176
0.00531583346942957
0.00464920403471851
0.00413367416291313
0.003762944905383
0.00352249324713708
0.0034273194967494
0.00346940589190144
0.00364390788802318
0.00397708432757701
0.00450161805458604
0.00523855201423743
0.00619544897908913
0.00738929719175133
0.00887438579217245
0.0107078675640057
0.0129289718152165
0.0155343421605989
0.0184949869258511
0.0218065841302969
0.0252073079276825
0.0288302606914404
0.0323604801861916
0.0357329379475038
0.0390622942220802
0.0413684266460796
0.0439319585914669
0.0458072099400763
0.0471851898914908
0.0480261300940246
0.0484082965027737
0.0484716303297146
0.0482938369011508
0.0480738183148114
0.0478312143816568
0.00528811803722581
0.00465635209320481
0.00416401848318183
0.00373301875799158
0.00341815765544246
0.00323323349008565
0.00317801071434801
0.00324735496293452
0.00344644188345916
0.00378408270797561
0.00426349853091464
0.00490283212860076
0.00572413247417781
0.00672306698510046
0.00788798107134078
0.00930122344882997
0.0108887137446593
0.012543448926994
0.0142261132046949
0.0158876610241596
0.0173889524213983
0.0185336042936401
0.0191714257308365
0.012270380029421
0.010943363859001
0.00974463190681858
0.0086885402999401
0.00775832437886448
0.00692758261767702
0.00618023189250079
0.00553770375790118
0.00500868409168482
0.0045842707294711
0.00426277041231607
0.00404724886012629
0.00393584113078961
0.0124652811273956
0.0112630437924537
0.010124907916367
0.00911851137947752
0.00819933639392451
0.00737302764903453
0.00666669358216845
0.00603179794833494
0.00536714943401403
0.00469339888994588
0.00406419203314699
0.00352853478922352
0.00308866441631643
0.00272290046540153
0.0024457980082935
0.00225440575061746
0.00215185687715759
0.00212637646891421
0.0021649915365391
0.00230146964214319
0.00255718069257613
0.00286563407158683
0.00330629915621564
0.00380049639438744
0.00438907674622352
0.00512176333810179
0.00601556833020424
0.00704980026212703
0.00816360359341705
0.00929823468911251
0.0104671348555684
0.011683102567218
0.0127945515939877
0.0138794036763431
0.0149277896703839
0.0156756269804569
0.0160875453289473
0.0125780755360761
0.0112565763465565
0.0100482894395685
0.00883265716002302
0.00777354768912642
0.00663497481723465
0.00562642680849089
0.00476034187339052
0.00384643852239294
0.00300387231739024
0.00240892098093613
0.00153580892568734
0.000967160168890234
0.000276118805482972
-0.00042868916191167
-0.000953311298932567
-0.00128617940863119
-0.00162120602997027
-0.00190399421718775
-0.00211134751107935
-0.00225411017486823
-0.00232258552997183
0.0128438564670483
0.0116835455400753
0.0105636054346678
0.00948857885337114
0.00850419962347787
0.00760461349141658
0.00677219673762751
0.00594453319305895
0.00525303957391448
0.00455731153059416
0.00386001338479933
0.00319019309337508
0.00226154831919386
0.00134952293976297
0.000531728824851539
-0.000209073009034625
-0.000855617948178603
-0.00143297798660201
-0.00190555976830036
-0.00238295411962105
-0.00280544779201261
-0.00315026786376185
-0.0034216995714323
-0.00362909152974098
-0.00376388313672028
-0.00383561201221939
0.0301331698528451
0.0292365291527331
0.0280159432451965
0.0295939010654609
0.0283550561541868
0.0269781097090673
0.0274388733502937
0.0266983742807319
0.0256996290401282
0.0270813908857757
0.0254924437952516
0.0232547307618054
0.0211545814784724
0.0193769889827587
0.0176094294959665
0.0158260325724131
0.0141644475336471
0.0127400262036027
0.0114196598324833
0.0102780512773547
0.00929784872166673
0.00838705668176553
0.00733538943797617
0.00618280030041251
0.00529261562724813
0.00434233684472633
0.00363870407298534
0.00297717336148425
0.00242841733575306
0.0018948651792771
0.00143115944879134
0.00104346513338919
0.000698848501543002
0.000397965633892153
0.000143468012080072
-7.03125187522967e-05
-0.000231714058665183
-0.000355891202360922
-0.000459872298896856
-0.000527298909877522
-0.000568868894688219
-0.000592958157904701
-0.000604300950350861
0.0243873785524032
0.0225907707574532
0.0205731064768244
0.0185624433289174
0.0167356873538741
0.0150674507153638
0.0135862604727631
0.0122773786000672
0.0112133724685484
0.0103627782232228
0.00972875420267494
0.00931256547835375
0.00909593218127846
0.0221860234475218
0.019146669627569
0.0156961235560857
0.0142486205049286
0.0127763610566366
0.0112512117395682
0.014363766793102
0.0129026708569506
0.0112414148761735
0.00977695820349147
0.00843927222283064
0.00718407144524975
0.00604408959928523
0.00501280962775013
0.00405853139885442
0.00320219381022107
0.00241786399146227
0.0016912369520406
0.00102994263051396
0.000410433078673
-0.000156671218704783
-0.000676278015753868
-0.00114417976364048
-0.00157479704911702
-0.0019513954737613
-0.00227876088215836
-0.00256849969604917
-0.00284998910332721
-0.00310155639219612
-0.00330624822130501
-0.00345979710854289
-0.00355338337065847
-0.00360772879115697
0.0101254065166408
0.00890084554759643
0.00759500818250062
0.00632633936013445
0.00526748912333784
0.00429142702486737
0.00333167027187864
0.00251554532309333
0.00184606696227756
0.00114301364115233
0.00044560607727169
-0.000205852653302954
-0.000760398393677953
-0.0012073981348634
-0.00167456940850031
-0.00209969267303338
-0.00249038006354702
-0.00282996717845794
-0.00311556757613547
-0.00331835413167677
-0.00347921408362387
-0.00362641046235797
-0.00373675024242944
-0.00378834021752731
0.00989546055923487
0.00859102740656442
0.00749491655940047
0.00644288000091705
0.00558603720682898
0.00474387305172677
0.00400298577236373
0.00346124456800163
0.0030114703998349
0.0026203272841462
0.00235007673807788
0.00219099253556456
0.0260308455812197
0.024746631521396
0.0230775732525022
0.0209713160822619
0.0189243892936247
0.0171918051430851
0.0155026908858093
0.013893199918287
0.0124569490888683
0.0110886157475449
0.00977827789791798
0.0086046788723042
0.00759288161238786
0.00656441588128326
0.00551991318227379
0.0045867271772206
0.00380275471175387
0.0031309155433449
0.00256261378047441
0.00210867375093116
0.00177938891457086
0.00156318063340457
0.0014375605996727
0.0262132718160306
0.0252350680416385
0.0239721505107674
0.0223077392583695
0.0203929019507921
0.0184826986830348
0.0166654261867039
0.0149345306700133
0.0133109848854126
0.0117994650487751
0.0103921643648374
0.00912662101681349
0.00790802739793181
0.00673381797552112
0.00567099243150572
0.00471509477749348
0.00383810250077168
0.00302204658420727
0.00226357047113448
0.00157135916839866
0.000933474191606859
0.000346974728295878
-0.000177126505599984
-0.000667667380770983
-0.00119993599391486
-0.00173314267640912
-0.00222206334844783
-0.00266377165097574
-0.00304284038034879
-0.00336524310192936
-0.00363829328467878
-0.00384960682784868
-0.00401591520063365
-0.00411821536694399
-0.00417452789743472
0.0170275452703422
0.0150565732808085
0.0125926355588267
0.0183452023526413
0.0180995556526867
0.0179714235831692
0.0111988158726739
0.00983673050178392
0.00861642796853001
0.00755887636510125
0.00676418798430154
0.0061012588079939
0.00560184327610547
0.00527352797084493
0.00510925714066812
0.0103486278144259
0.00842364819262293
0.00665420034213301
0.00496406738036442
0.00426860698964363
0.0037248116339859
0.00323730462229041
0.00282951792597847
0.00251046588118994
0.00225559979023334
0.00206524127531141
0.00193416159675578
0.00185760643087764
0.00183299157855731
0.00185838081168016
0.00193285329667459
0.00205451640414133
0.00221792850498196
0.00241824360273696
0.00267560165954426
0.0029999885981323
0.00335921262619674
0.00375035278195304
0.00415939125731281
0.00455955881414601
0.00493398204240824
0.00527379379760538
0.00555029325722373
0.00574366899527698
0.00584768296522446
0.00417333801908411
0.00356085680106315
0.00310453622453511
0.00264752523514621
0.00243578908882444
0.00228442702233138
0.00776384530618575
0.00688016388419892
0.0060454029001006
0.00531642293152431
0.00474209838047518
0.00432648241481135
0.00406243336018697
0.00394045330906826
0.00395851815941967
0.00412688040717429
0.00444216658008818
0.0048903211198337
0.00550972798270324
0.00634317012817044
0.00737384498689788
0.00863342366211896
0.010150240614453
0.011938842090322
0.0139967493936524
0.0162948027158443
0.0187754224150517
0.0213622175518692
0.0239438275049066
0.0263865145744348
0.0285749977155416
0.0304167917721235
0.0318392770086929
0.0327963646161855
0.0332917836116682
0.00746730337630887
0.00650708187075945
0.00564976283782954
0.00492721591538122
0.00434498115781923
0.00392803466241008
0.00363119636297432
0.00342024779885932
0.00332545556187861
0.00335297361270686
0.00348297895655276
0.00373104639521009
0.00413509744839234
0.00475709930101319
0.00555000399685207
0.00647994796723658
0.00759293173064032
0.00891122753724572
0.0104632342548532
0.0123214057806943
0.0143390541904363
0.0168680841498978
0.0187838218277228
0.0209259584254602
0.0237232274147221
0.0264060440535706
0.0289896989716163
0.0314063949443266
0.0333317915096921
0.0348406068642522
0.0358623632080064
0.0364034620054096
0.0252720607015607
0.0234174861098931
0.0213964984603014
0.0194478716122722
0.0174419314072612
0.0261185596946057
0.024933184571724
0.0231379074047048
0.0215875927838466
0.0199394246644278
0.0181982802146596
0.0167373043733909
0.015323989970155
0.0138091562138267
0.012195047232584
0.0108394127769444
0.00957379559590804
0.00839990225570661
0.00731438997145419
0.00632788501905065
0.00544382770187611
0.00464230041892329
0.00397137844291121
0.00318078276815824
0.00247314060839704
0.00192004223553477
0.00144720918949646
0.00105645990691564
0.000772807107395503
0.000595486718834984
0.00049553099908623
0.0157892831512716
0.0131219566593375
0.00975734753646381
0.0163641003822884
0.014834279194342
0.013053377351606
0.0111768377967138
0.00806394856056663
0.00687899871908349
0.00601277850361083
0.00850586441721191
0.00741595664926745
0.00633344283750588
0.00550538916322941
0.00445195390221095
0.00575954904496667
0.00531003904706935
0.00478015010586248
0.00431685276709849
0.00506588561821445
0.00422722772879671
0.00340598445510782
0.00436691571042789
0.00454792325445399
0.00487481104821186
0.00528783247082193
0.00584955440594557
0.00657076974535808
0.00740719211821292
0.00847052390245096
0.00976747302226191
0.0113058238870044
0.0130921834106067
0.0154073558769201
0.00390546455002849
0.00355119661117875
0.00325743359145258
0.00310028856822718
0.00298234327976052
0.00296145704121397
0.00302558600750069
0.00319710062689121
0.00344318724245745
0.00378284987165277
0.00423687128780661
0.00481834772571431
0.00547791798642619
0.0062487820221319
0.00729364279517027
0.00840180338912655
0.00974541652651646
0.011087706388462
0.0125455932566293
0.0140374385991153
0.0153856484220118
0.0166275839183526
0.0176703200574187
0.0183421187602191
0.0186906499129833
0.0155316438771697
0.0158902078232869
0.0163897891494828
0.0168615779905754
0.0173685905239332
0.0177139306488327
0.0179182226415837
0.0177116614347643
0.0202542136949519
0.0230701930199632
0.0258781582351316
0.0287598437937088
0.0317093368417076
0.0345933043115151
0.0373628692572541
0.039912592653418
0.0421674406934245
0.04417867421856
0.0458662472865958
0.0471590257367074
0.0480543284681482
0.0486357082266878
0.0490164739381145
0.0492413158052805
0.0493431836400409
0.00322271544159654
0.00303303483647149
0.00283617324990907
0.00263974785360369
0.0024633201541718
0.00231664663643501
0.00219679924153241
0.00210206958595322
0.00203191984416002
0.00198691247550707
0.00196856619603426
0.00197910536193621
0.00202113992199128
0.00210115847775953
0.00284862366763305
0.00227323428073008
0.00169391967575109
0.00112243290721851
0.000622816511251862
0.000140068709835788
-0.000320455170350125
-0.000743502900926223
-0.00113778845628521
-0.00153727059872385
-0.00194572056687001
-0.00232358652188188
-0.00263867312001718
-0.00289761424242439
-0.00309458393219381
-0.00325035691668294
-0.00335044090760985
-0.00340650015710131
0.00259847397191242
0.00314162762453668
0.00372690655035065
0.00447079502447028
0.00527014861813879
0.0060978356359302
0.0072596630946207
0.0088598480095808
0.0106230147577982
0.0123625604766615
0.0140356340112074
0.0156701640858438
0.0173114477733797
0.0188684817187812
0.0201965910804488
0.0211754153610559
0.0218443274660698
0.0222250338613231
0.00182275544449027
0.00158941417865207
0.00139534176878745
0.00123343388095431
0.00109660369558082
0.000980097670836461
0.000884910696060558
0.000813360674830925
0.000763508050620185
0.000732228871872409
0.000716738745092142
0.00418885754032332
0.00395646704505096
0.00376513767101031
0.00364094766009487
0.00357286189776658
0.00355350186419497
0.00358332528679918
0.0036720101165262
0.00382501136885137
0.00405254081182101
0.00438410812421538
0.0035331039291896
0.00251898872486764
0.00165060929178714
0.000745145072146762
3.38856187223294e-05
-0.000737646169052725
-0.00136412978887537
-0.00188604859125223
-0.00236573766029674
-0.00263705715870129
-0.00289740302122013
-0.00306082401063387
-0.00314274659536771
0.00378317104067112
0.00332478765094534
0.00297421953415359
0.00267529950994829
0.00246806873016448
0.00231602235148846
0.00222132043991276
0.00215802443424893
0.00212409764540534
0.00532549325094101
0.00638341425623807
0.00757576775178915
0.00892605567577835
0.0104591964715185
0.0121773012546626
0.0140806135918256
0.0161991067913026
0.0184646382065938
0.0208140531177036
0.0233066396873619
0.0257600395884388
0.0281206249260411
0.0304047187635645
0.0325792034794425
0.0346933618105112
0.0366760557063996
0.0383805164391246
0.0396841428708063
0.0406869190953282
0.0413725139608527
0.0417144221554702
0.0103670907722759
0.00947418749174283
0.00858100342843233
0.0077595199587275
0.0070097817919218
0.00630613396812743
0.00559343848502102
0.00495502690545424
0.00452263691773307
0.00400533718523143
0.00345130032538612
0.00300328557128552
0.0025738646127837
0.0021539602412257
0.00178585911194202
0.00143203576715014
0.010338957765797
0.0095022143133849
0.00872164334789155
0.00801396604959076
0.00735933215299732
0.0067433920559473
0.00615355159924825
0.00559354832491011
0.00509862931913928
0.00469613149221325
0.0043943888450558
0.00418087640672272
0.00402471792002863
0.00389546797056074
0.00144337854360734
0.00149641065220885
0.00158696725973207
0.00170615741845021
0.00186939878766277
0.00205487017421514
0.00226542821799353
0.0025467583336405
0.00281441011479193
0.00309884794081964
0.00337475855124026
0.00364517882940606
0.0038852021637267
0.00407972787098381
0.00421996243076873
0.00429623392869015
0.00105401631838361
0.000697938677892125
0.000345331619598957
4.26354114262278e-05
-0.000208969640165666
-0.000455966404609569
-0.000663711833732369
-0.000827154958173995
-0.000955840393983627
-0.00106183901496975
-0.00115094690816473
-0.00122293384423914
-0.00127486000126223
-0.00130288387071578
0.00390727392050728
0.00398335112603324
0.00412047294344411
0.00433130945910896
0.00461368723322044
0.0049753595666384
0.00539850377913475
0.00590356167870791
0.00653349787178578
0.00728221302379921
0.00811368903221687
0.00902461678330837
0.0100640026759154
0.0113047550693926
0.00381144229598217
0.00379009442114306
0.00384178600369229
0.00398336243950167
0.00426734419959311
0.00466746216440015
0.00513625562207586
0.00578180294673413
0.00659370384759655
0.00756322040596988
0.00872222052772551
0.00995885942710506
0.011479456173029
0.0132472399126045
0.0152674864309889
0.0174085300727161
0.0197172679716596
0.0222863358649317
0.0249181002448537
0.0275490099075918
0.0301655598310663
0.0327286871127798
0.0351805064320083
0.0374317016938027
0.0394131832267192
0.0410854669467195
0.0422692921683646
0.0427704201968437
0.0423606367811814
0.0405463378463325
0.0363498276507681
0.0129841071514962
0.014952352833305
0.0172448184864076
0.0198725351959999
0.0227795990874688
0.0256152348199475
0.028091832713228
0.0305656224990473
0.0330955220399271
0.0354160146237123
0.0376100324267362
0.039574799578385
0.0413943416710258
0.0431063375172648
0.044463689557413
0.0454505639954568
0.0461681780257157
0.046453662508103
0.0461853010267147
0.0452826333678141
0.0435498029567395
0.0405261305678585
0.0360903692640919
0.0308955663455591
0.0255645893299182
0.0203256001506913
0.0108889268785131
0.0105999530074176
0.0104159240893679
0.0168385623988931
0.0134285915808305
0.010298632302192
0.00769539804696379
0.00562094733583124
0.00385411457184562
0.0169886531887391
0.0137623923650964
0.0119472092834986
0.0108703359189307
0.00291669764774548
0.00231239457882501
0.00195881429055858
0.00178703628960018
0.00312011114139962
0.00268864580735396
0.00249480948315831
0.032630118386751
0.027658032542976
0.0228065289547771
0.0182458881925269
0.0139327339053525
0.0100452642162219
0.0334316720910946
0.0293882178036906
0.0249596671878708
0.020779791693954
0.01709316481184
0.0141814168686719
0.0115484501031006
0.00947441428432686
0.00773738144698167
0.00630321247559214
0.00515171345010101
0.00418868044594692
0.00341049143936558
0.00275495964769507
0.00221739792186167
0.00178592151449662
0.00140142569910804
0.00817096147359229
0.0068212177015302
0.00564634370329297
0.00471012495920641
0.00389054708954642
0.00321939611362803
0.00266745420989639
0.00221515886485894
0.00184334076366394
0.0015439650934481
0.00129568318963592
0.00108987824741812
0.000923342334587612
0.00079297863755087
0.0006936245529698
0.000619779910003784
0.000567516673182696
0.000534245954779918
0.000517569217887719
0.00835588253529087
0.00714908112306912
0.00618041991006522
0.00551284169046989
0.00509680592474922
0.00488710628806165
0.00116390274194004
0.000955617402169141
0.000793064435785732
0.000677949126023722
0.000593720151993134
0.000541341678662694
0.000515051053886978
0.0011777368572173
0.0010009877426511
0.000885977680226072
0.000831144704781962
