0.05
0.0370641888855096
0.0356478187549231
0.0338084333707454
0.0349711258524317
0.032253759643029
0.0291779130368072
0.0368730796432159
0.0341285300413929
0.0294073278983438
0.0263517745616547
0.0242593531696788
0.02297137843073
0.0217020949209049
0.0208936577924541
0.0370202923528238
0.0305866413949011
0.0247799665618199
0.0239841065894074
0.0210452142432886
0.0182730495934605
0.0176887237011104
0.0174558629059945
0.0173472264627213
0.0174341372231448
0.018027292118703
0.0191394901874636
0.0203640702134486
0.021432345566059
0.0221099984467645
0.0222345157550884
0.0217456163314033
0.0367459521538549
0.0348245993343921
0.0322416746147079
0.0301195663372605
0.0283546306317271
0.0269919338097798
0.0259270641828677
0.0249039387357225
0.0310693976512393
0.0288723854564411
0.026840469243245
0.0253638442723638
0.0241783303124973
0.0338400665963432
0.0342232476064192
0.0348924639618201
0.0254765462524097
0.0272182440763549
0.0292137411806909
0.0311409874141879
0.0331718513395197
0.0352165424174996
0.0369816932474769
0.0385763042849152
0.0399393983088713
0.0408487361689382
0.0412753840159728
0.0410994050236372
0.0401828878440553
0.0384803461258181
0.0360732494596891
0.0329269231115725
0.0294172218615999
0.0257198034594248
0.0219755614120141
0.0184527218639478
0.0154151307673252
0.0128887605483342
0.0108677737817583
0.00929950024297247
0.00772647139162159
0.00618271268779622
0.00488303396093671
0.00378475003746643
0.00292051139678453
0.00222542250150471
0.00169080263660067
0.00130751724315227
0.00105970178113538
0.00093414576831493
0.0219401673023175
0.0204540140609417
0.0191032532794387
0.0179159940653443
0.0170058831569999
0.0163141513925526
0.0157462770120922
0.0153762258502954
0.0151128690132121
0.0149320264443475
0.0148413533003672
0.0353927194086516
0.0361703200071445
0.0373100818703022
0.0359063118404403
0.0374521316058018
0.0388763559138459
0.0376394672463452
0.038007628915928
0.038419479207954
0.0380804942669033
0.039409480444248
0.0410534513838978
0.042225476303747
0.0431940562321165
0.0441071040917963
0.0447926665752706
0.0450876601106685
0.0450802795949922
0.0447415544717739
0.0440822865499346
0.0431209215190811
0.0420126852958406
0.0409845647024003
0.0402062582458369
0.039720474943583
0.0385704461017205
0.0385777995757382
0.0379137308159803
0.035781702086405
0.0319582149204241
0.026268636489286
0.0390585487591038
0.0396632440489184
0.0402930686984586
0.0233026442431962
0.0200864471090437
0.0172375429120598
0.0148333401343249
0.0127653061741637
0.0110902622157184
0.00978926554233548
0.00871986243269686
0.00780245640754004
0.00702859036761627
0.00639906580144545
0.0059030466212755
0.00551656821642847
0.00521433119757037
0.00498436751233661
0.00482201833041223
0.00472576816460064
0.00469489825398375
0.00473319829267797
0.00484455830564132
0.00505022322641802
0.00535913158859305
0.00579056470294998
0.00640749955267749
0.00701021041075531
0.00796474784837678
0.00903370872991819
0.0102949847503044
0.0116588423797069
0.0129747848035758
0.0142552630565632
0.0153895117362909
0.0160811841316049
0.016597222936785
0.0230187605794013
0.0198296447087389
0.0170065825103131
0.0141638570077146
0.0116290111752964
0.00946232108205215
0.00770046115932427
0.00608712943755429
0.00470738559372199
0.00348329011838338
0.00240403455599706
0.00143067346167564
0.000543726125267076
-0.000248028129130118
-0.000946270108828863
-0.00159855650286846
-0.00217204844464966
-0.00265337985811657
-0.00305982893410467
-0.0034027217795897
-0.00367567229812071
-0.00386561202167374
-0.00396573740071387
0.0413427076478447
0.0423528111394034
0.0432891505291339
0.0441281309417289
0.0448711879761515
0.0455308173741108
0.0461142646359615
0.0466028516505533
0.046992411589725
0.0472944725685136
0.0475159958733129
0.0476605530988584
0.0477339182738738
0.0411223655068102
0.0419034031715108
0.0425469879263485
0.0429476948806772
0.0430590387873597
0.0427978375989531
0.0421009322726123
0.0408540073218131
0.0386569058673604
0.03533179037016
0.0311931036013896
0.0269191340446525
0.0229484132374926
0.019327431642507
0.0162892768173336
0.0138095084530563
0.0119139048830304
0.0104959478814262
0.00929102459353067
0.00785065379664327
0.00628761666185008
0.00502326279431344
0.00376007210531736
0.00273345704564341
0.00181129888131477
0.000939674071126835
0.000134935215876838
-0.000572645090070719
-0.00116247424438407
-0.00164168716907408
-0.0020464151931214
-0.00239737719588196
-0.00267050915286539
-0.00290286554586641
-0.00310337761482009
-0.00323577921627248
-0.00330534037776561
0.0392130009477831
0.0391558007725236
0.0387164064848186
0.0377974305883176
0.036511326811463
0.0345395904814578
0.0322627820681931
0.0299393540962409
0.0271930191452667
0.02452312830363
0.0226257486955178
0.0198809095236558
0.0181569968639967
0.0161521792151888
0.0142213239412419
0.0128596704235271
0.0120285381410616
0.011219472377011
0.010557346906768
0.0100835413860712
0.00976316879099144
0.00961113875034695
0.0393513605664408
0.0395182550315044
0.0393362419844657
0.0387482793585607
0.037750360084822
0.0363692466111031
0.0346421447587622
0.0324880540753102
0.0303947950598635
0.0280790099818042
0.0256589742029809
0.0233503028907341
0.0202593235504336
0.0173958850672061
0.0150041258717898
0.0129930737060207
0.0113546572350863
0.00997810884569875
0.00890864833356606
0.00788107525096484
0.00701401043892317
0.0063333730367216
0.00581252170793035
0.00542289846497004
0.00517337444567642
0.00504181886903038
0.0284734898666511
0.027656599497571
0.0266187294561453
0.0273024000173794
0.0255036295811961
0.0236575476395796
0.0262933749955392
0.025902276657843
0.0254041926919829
0.0251426165268165
0.0230249060874586
0.0206444159780965
0.0189981777650518
0.0181005101200602
0.0176952483315396
0.0177950427036104
0.0183875732491417
0.0193504590758852
0.0207066782988797
0.022324190737455
0.0241454385872718
0.0262788561145075
0.0291982214598018
0.0327078608094349
0.0354651924185145
0.0382172728541966
0.0397964905745871
0.0405078394642575
0.0400069173969816
0.037858692784096
0.033984112732935
0.0292011854210784
0.0241307949933346
0.0194725520063615
0.0155483825611117
0.0122940507383524
0.00983048623012042
0.00788414288254573
0.00615521511690883
0.00492632941678279
0.00408442677360032
0.0035439186828143
0.00326798577153631
0.0222966591481245
0.018535638724186
0.0149029227199923
0.0117738786287748
0.00924564212356199
0.00713631965272936
0.00539188636056186
0.00393675632463116
0.00280723903833906
0.00193679603799555
0.0013061310587953
0.000900443079597295
0.0006919577767985
0.0257300302058784
0.0261638309860446
0.0265947050842693
0.0269402302415865
0.0271789284488226
0.027291667385418
0.0261554085398674
0.0252557311238446
0.0237593212648604
0.0220332301661131
0.0201343044683743
0.0181205972963022
0.0161521797108585
0.0142948916467108
0.0125350355537765
0.0109359657991397
0.00946304394447407
0.00809708828940912
0.00685732319743434
0.00570280442142887
0.00465534291773589
0.00370644551935979
0.0028630427231647
0.00209767534483824
0.0014379534353108
0.000872666822806924
0.000378998092457448
-9.51774826482848e-05
-0.000515330800336844
-0.00085508560004715
-0.00110888178877213
-0.00126316832523603
-0.00135262249408571
0.0260862637288513
0.0243049366415031
0.0219961776139241
0.0194855995778477
0.0172754778525682
0.0151934566425099
0.0131386997809703
0.0114047700329941
0.00999932394797305
0.00854507858236345
0.00712922809358815
0.00583487693133325
0.00475733585116598
0.00390640798780794
0.00303517275386524
0.00225869922021316
0.00155885145615612
0.000960787457800954
0.000464677509715214
0.000115837951288105
-0.000158915828359964
-0.000408871815314833
-0.000595438878431846
-0.00068244934330601
0.0282822367659012
0.0289209417053662
0.0291507572587383
0.0290498538142989
0.0287043584867711
0.028108416467128
0.0273631436335514
0.02668198618224
0.0260189405418055
0.0253735185007852
0.0248972540942285
0.0246050778291953
0.022191597555057
0.0206063587837169
0.0189577075898815
0.0173003968049359
0.0160551296163002
0.0152790993607558
0.0147878792348893
0.0145810912834
0.0146279363246087
0.0148962728248339
0.0153856363137143
0.0160498812326318
0.0168258435577307
0.0178265131889846
0.0190481918805848
0.0203135784442047
0.021508578435389
0.0226323473043027
0.0236561706907021
0.0245221192679578
0.0251765066597397
0.025618019310507
0.0258792698183592
0.023113669594118
0.0227839559655668
0.0227200744939213
0.0230076205678981
0.0237043126401126
0.0247308081631565
0.0260096875045902
0.027514270104905
0.0291902260269698
0.030983775287382
0.0328484350522538
0.0346654489731191
0.0365059530088279
0.0383046678293061
0.0398701972789111
0.0411273400547509
0.0420398784470759
0.0425465555900776
0.0425582663499138
0.0419908786295918
0.04076657277646
0.0388430135435645
0.0363271857969224
0.0332447707821591
0.0293115288928515
0.0251297961756209
0.0213174772211086
0.0180214272137781
0.0153569771249683
0.0132260444389384
0.0115223171074751
0.0102666895177037
0.00931754280464649
0.00874991930042477
0.00844317018672609
0.0216083048045268
0.0227542676860852
0.024466384922156
0.019546424973059
0.0184740453467059
0.0179184381608072
0.023501357022455
0.0227398766479732
0.0222646113546373
0.0220472486184778
0.0220176797773133
0.0220920711998744
0.0222116844287326
0.0223217043306723
0.0223865607011642
0.0283183545075072
0.0319399100646537
0.035367437933711
0.0385615584807545
0.03980146052665
0.040475244751048
0.0405533962459375
0.0397688987920295
0.0380039381428532
0.0351322347925013
0.0313853805453858
0.0272295656228637
0.0231107250765512
0.0193380984179385
0.0159901175076678
0.0131009124117974
0.0106688218620905
0.00868440844667279
0.00706640293629675
0.00559994690086082
0.00423686494619009
0.00308644725513381
0.00210754971375378
0.00128975029085471
0.000632857425900479
0.000112854379578865
-0.00029754799348181
-0.000596609545324606
-0.000789901231744579
-0.000888859563834689
0.039958997212293
0.0409907871183709
0.041748609105748
0.0425072024043809
0.0428597556276735
0.0431128048275359
0.0214173032179154
0.0205320748184118
0.019118055221504
0.017370009438226
0.0155356229441475
0.0137522686682907
0.0120863745865129
0.0105499524005006
0.00910991066229918
0.0077686345613927
0.00657592838606112
0.00553368759368072
0.00455288589129183
0.00361411320060732
0.00276046386124747
0.00197046537663098
0.00123464964009266
0.000550822487486784
-8.16657582826857e-05
-0.000662445136609854
-0.00119149556824095
-0.00167018267491394
-0.0020963950799837
-0.00246576744255793
-0.00277596458674908
-0.00302546496957653
-0.00321258668457829
-0.00333634386475105
-0.0033998341927667
0.020993501487839
0.0199290583752299
0.0185525833982918
0.0170151653992391
0.015440578639641
0.014022765504948
0.0127201327696077
0.0113788108716929
0.0100812942242199
0.00896118093988587
0.00800016879431515
0.00708548553476883
0.00616219267487854
0.00516727194357682
0.00422602575280842
0.0033880393497776
0.00261929875698598
0.00191205063998813
0.0012536999876461
0.000621954224243929
6.16050016858944e-05
-0.00052057068768317
-0.000902888004110116
-0.00128542869284139
-0.00172905891424374
-0.00211465209079542
-0.00246407849478565
-0.00277779075005356
-0.00302127195296945
-0.00320909443191987
-0.00333525540417661
-0.00340182230120984
0.0237635628734064
0.0224066263755749
0.0211598298037269
0.0201804285535828
0.0194017263358597
0.0244977489482615
0.0238785506525191
0.0232964618562914
0.023068108777477
0.0231160316143826
0.0234744075380365
0.0240268676294018
0.0247909772303232
0.0258307742722368
0.0271805416708458
0.0285255535934759
0.0299706051276578
0.0314797009423227
0.033024701812933
0.0345580626696717
0.0360393659626499
0.0374713338167229
0.0387322502666844
0.0402776519516629
0.041693029821163
0.0428074057815233
0.0437572597119663
0.0445340520780819
0.0450900054791594
0.0454330651509572
0.0456245174187321
0.0199593047296737
0.0211935593157516
0.0230577311280687
0.0179650774982574
0.0162299836253066
0.0145163179805159
0.013041998840939
0.0244944096981511
0.0256251351298738
0.0265579374002727
0.0231383591211084
0.0235603957907781
0.024359695622141
0.0252658293041682
0.0268306439653293
0.0272566147691233
0.0292080957021904
0.0322392221572678
0.0356574183854908
0.0275043265243528
0.0285782671434159
0.0298628969168387
0.0374547171533696
0.0394930205727485
0.0415048870053636
0.0429277825399823
0.043793272319818
0.0437124536980141
0.0423396619415402
0.0389929459472549
0.0333538909107725
0.0265398471581208
0.0199979967200966
0.0134752605636171
0.0374896005629529
0.0393974624190729
0.0413460387644465
0.0426505849804058
0.0440424668915001
0.0447925028274736
0.0451965250232862
0.0448526508528751
0.0436956524942332
0.0414926051687418
0.0379439196011049
0.0331890002829378
0.0284086325148662
0.0239783939897641
0.0194992768343684
0.0159989917916429
0.0128950542954456
0.0106095266482347
0.0087382714480261
0.00726530773179847
0.00619850171257152
0.00537999023284925
0.00478670559423845
0.00444027364143228
0.00427062417864164
0.0108917284718278
0.00885496788287225
0.007324831954358
0.00632037598059891
0.00549311363303778
0.00501793587970484
0.00476464639087949
0.0105167400142266
0.00812408036327143
0.00614884612372454
0.00462352738098458
0.00336637226244202
0.00230680508202792
0.00143283518596559
0.000706799249995139
0.000111599278267867
-0.000373731276625967
-0.000788294091438414
-0.00113676737184206
-0.00141800707767514
-0.00163254166041261
-0.00179014455506002
-0.00190822047410665
-0.00198740682408758
-0.00202673870431994
0.0306496756882662
0.0317103970237817
0.0330956742850716
0.0347720227723664
0.0365385866793085
0.0382229138650735
0.0397673787829571
0.0411087728752844
0.0421775007768272
0.0428955710850865
0.0431713162444876
0.0428896303323019
0.0419045360290744
0.0399830243909364
0.0303725955221701
0.0310218089205809
0.0317861516436729
0.0326424768367742
0.0334768821644122
0.0343664136908606
0.035298327159356
0.0362299339580242
0.0371613428391842
0.038158465101947
0.0392216076030092
0.0402353689182916
0.0410983210880623
0.0418171516374588
0.042368382391536
0.0428062483577253
0.0430880538129387
0.0432459928508405
0.0381647087067514
0.0355267435025605
0.0324436580206357
0.0286399912908627
0.0251087658319254
0.0221559998862401
0.0189083595436708
0.0154840594047258
0.0126055435677442
0.01040729331109
0.0087253417643271
0.00738285229960669
0.0062595348760594
0.00535204091761044
0.00467231583778578
0.00421586866374856
0.0039228890120169
0.00376281285942005
0.0385586315105011
0.0364789138688243
0.0339468648118077
0.0311596709966803
0.0282712688453778
0.0254179413826568
0.0228264701885347
0.0207232575065617
0.0191716667997682
0.0181570607559452
0.0176411239786193
0.0284619183543644
0.0305213005818012
0.0329562739417652
0.0353207784109051
0.0374794296737652
0.0393900272378085
0.0408021960814673
0.0416021504268071
0.0413750482571378
0.0397399480326421
0.0360933534761603
0.0273903741891186
0.028317773457265
0.0293564905062347
0.0306948849610644
0.0319316179767924
0.033469741171374
0.0348673712903041
0.0361347023453273
0.0373836885783804
0.0381209913077879
0.0388519440455483
0.0393211144024954
0.0395592785247775
0.0336121442972985
0.0302517846126055
0.0267602138740777
0.023101847943517
0.0201822343510042
0.0177891419677936
0.0161588905115443
0.0149815774637759
0.0143087911454119
0.0329240628437915
0.0288678873170557
0.0246051999956011
0.0206015036792209
0.0170597722610803
0.0140458167906948
0.0115170309575319
0.00936966280947076
0.00758931250867038
0.00612188288718234
0.00485615207031269
0.00381859253996486
0.00296818909612851
0.00225697174364324
0.00166356168492819
0.0011486841808123
0.00070883604476586
0.000358015236369466
0.000103745744292119
-8.47144417354901e-05
-0.000210485088578158
-0.000272392976552416
0.0126077082857947
0.0123919698796777
0.0124592562514023
0.0128201981773427
0.0134597605193768
0.0143926477731575
0.0157424127983388
0.0173722122472022
0.0187393550365356
0.0206959245654915
0.023219077117747
0.0256012027549115
0.0281849937944546
0.0310009424711125
0.0337040472893696
0.0365062572043465
0.012434615196626
0.0120596401454396
0.011944047507725
0.0120801121758016
0.0124662910306153
0.0131274023767513
0.0141241057401994
0.0155320014763482
0.0173289415474448
0.0193873462387991
0.0215116672157401
0.0235477652737382
0.0255886256521142
0.0281623986445309
0.0382278265663113
0.0402366606505767
0.0420799794763889
0.0436068064373199
0.0449462437450779
0.0458666496610753
0.046410143940588
0.0465401708312572
0.0461239478188636
0.0451011769317478
0.0434453492015808
0.0410793574961772
0.0383208325657041
0.0356604502479021
0.0335419710386781
0.0323315460596958
0.038226675471661
0.0399303875706072
0.0416860738650738
0.0432280975045754
0.0445145118119081
0.045758166960119
0.046764342502918
0.0475114670620339
0.0480594885349315
0.0484755998690704
0.0487947125298506
0.0490282327290455
0.0491813703157148
0.0492582231267716
0.0300364256895123
0.031796666896155
0.0335417444480949
0.0353621174582172
0.0371495551251248
0.03888894913874
0.0404578202754438
0.0419000247044403
0.0432437350266364
0.0443690803026675
0.0451773261403082
0.0456597272620385
0.0458076208092785
0.0455380720799049
0.0290841789194176
0.0301987947453717
0.0313365237398416
0.0327001249743108
0.0345246158364701
0.0364205116898823
0.0380942523313181
0.039836882292635
0.0414661425028933
0.0428446213470256
0.0439081096001333
0.0445188659203022
0.0447052098263419
0.044280323349997
0.0430435101339331
0.0408926477416972
0.0376920236358029
0.0333697346508214
0.028663171300265
0.0241489371132533
0.0200833420275348
0.0165595275415147
0.0135708266102445
0.0110815402297158
0.00900416125338922
0.00720888953253321
0.00567818307180472
0.00439591572897719
0.00325259525806015
0.00223047682206306
0.00123670214668902
0.0440421755558645
0.0417842278189976
0.0385180555078809
0.034182896490607
0.0291487729845646
0.0244593181460219
0.0207373454985716
0.017424002714626
0.0144466585218751
0.0120425906001346
0.010018091079348
0.00837447562386822
0.00696238666509448
0.00568481927807148
0.0046485124123835
0.00381200451597956
0.00302515895968095
0.00232497516709003
0.00173589264955614
0.00124978872734435
0.000827600480068235
0.000434400992025651
7.99839654033061e-05
-0.000229169161866578
-0.00050852466100979
-0.000778282348803995
0.046519118548183
0.0471069904633589
0.0474378775789165
-0.00102497439432852
-0.00130503829728505
-0.00160568118809748
-0.00189574375758031
-0.00216028753818961
-0.00241160358597602
-0.000881794213646145
-0.000982262508437503
-0.00103962965943479
-0.00107415459395739
-0.00256937079709902
-0.00268341082570627
-0.0027559491661864
-0.00279309828675773
-0.00250890998139977
-0.00257013798155032
-0.00259877032927076
0.000725575525954288
0.000280122771449852
-9.53038804231997e-05
-0.00044404547315226
-0.000791448929529651
-0.00112907348347101
0.000757884034630272
0.00035545376890917
-6.69722320798085e-06
-0.000337860149472323
-0.000648215336073138
-0.000920763853639701
-0.00120183210656608
-0.00145819334085394
-0.00170814437329318
-0.00194963765818157
-0.00217637219707119
-0.00239781949562999
-0.00260602882469106
-0.00280916655866374
-0.00300073915067986
-0.00317507775647753
-0.00334843499185921
-0.00142288030470808
-0.00166818458258871
-0.00191550571081564
-0.00214368951571146
-0.00237509990241922
-0.00259479145217239
-0.0028034357984496
-0.00299997018574832
-0.00318471161640474
-0.00335355369838745
-0.00351141864477364
-0.00365811426636805
-0.00379017545236985
-0.00390392789433707
-0.0039980530571794
-0.00407293520645244
-0.00412884500373512
-0.00416584135121308
-0.00418483995798477
-0.00116078528368434
-0.00118078771185168
-0.00119494142995826
-0.00120362899695288
-0.0012085658224189
-0.00121090218419928
-0.00349229481269471
-0.00363711543002044
-0.00376484207971056
-0.00386506325846855
-0.00394483311650793
-0.00399762362090062
-0.00402519117301197
-0.00342871987648663
-0.00349762680122715
-0.00354535476028455
-0.00356901131466026
