0.05
0.0369897788652172
0.0354889229087916
0.0334811919080224
0.0349027561650643
0.0321781539362388
0.0290716385219694
0.0368046177192877
0.0340092504982928
0.0291403003169375
0.0259176682123308
0.0236450652850271
0.0221967486648257
0.0206833222594725
0.0195382900911172
0.0369519410071581
0.0303772858488505
0.0244011920233986
0.0235648595533306
0.0203904935774255
0.0173662469842426
0.0167169628102314
0.0164450990122183
0.0162912361332873
0.0163011248062833
0.0167527840464975
0.0177156405221228
0.0188781075492963
0.0200151231968067
0.0209105192383286
0.0213832112275327
0.0213392566430449
0.0366736876774098
0.0347235557017394
0.0320883947214004
0.0299080223277434
0.02807820949373
0.0266500424860511
0.0255180556171263
0.0244118743807774
0.0304983317664374
0.0279923461292385
0.0255573307347949
0.0236706097678249
0.0219983232860058
0.0334566929869729
0.0337903713769932
0.0344169371297864
0.0231670283272438
0.0248068483006462
0.0267529615842919
0.0286906029734924
0.0307937668844985
0.0329840479071105
0.0349548310610846
0.0368375840679416
0.0386008058594578
0.0400007161058693
0.0410452108827535
0.0416212718533171
0.0416323644321302
0.0409721101723709
0.0396116994364493
0.0373983895015129
0.0344419600321431
0.0308389142346969
0.0267846623682819
0.0227139034443255
0.0190845395174521
0.0160224468790868
0.0135630807171218
0.0116570096397573
0.00975244504572311
0.00789305738294551
0.00633619048543218
0.00502774371902489
0.00400339052576848
0.00318330975069443
0.00255505894235243
0.00210608039918445
0.00181646732381673
0.00166995076826307
0.0194779540521928
0.0177935473978819
0.0162493916714785
0.0148750059625455
0.0138044661876795
0.0129760141173171
0.012281892718251
0.0118206430111483
0.0114866726936713
0.0112538367096015
0.0111358316010642
0.034758525223181
0.0353517661212323
0.0362738330753317
0.0357377933730117
0.0377681152397776
0.0398361191527034
0.0365549454604273
0.0368735406357966
0.0372344535630784
0.0368816716533703
0.0380556508177269
0.0396591921038207
0.0409297672324562
0.0420972035719451
0.0433580295184974
0.0445523310905765
0.0454022030581257
0.0460216918119165
0.0464907473896327
0.0467606624462365
0.0468726959629037
0.0468622866881445
0.0467890792503852
0.0467080805026223
0.0466487380064177
0.0375124852388423
0.0379116219341049
0.0379764938825803
0.0368544031603441
0.034024150214823
0.0289961944007207
0.037782678402782
0.0383120306398485
0.0388742655742467
0.0261260767385074
0.0226719787484911
0.019443276179264
0.016648257003066
0.0142177351621968
0.0122423660517339
0.0107077206673147
0.00944689622862537
0.0083651929988741
0.00745084014419335
0.00670258852758079
0.00610578039241518
0.00563058574478983
0.00524503856690415
0.00493242772753138
0.00468445268522612
0.0044966568066847
0.00436472117311607
0.00428606657792663
0.0042654527240711
0.00430847107175173
0.0044255316171114
0.00462838881770988
0.00495404341177347
0.00529359780919496
0.00585513620825645
0.00650516486681903
0.00729040326630636
0.00815562138462914
0.00900395846598231
0.00984205029095917
0.0105957240755563
0.0110607100356752
0.0114113039196032
0.0258343727810221
0.0224199288903909
0.0192471911499297
0.0159838420026611
0.0130631230236579
0.0105777162901807
0.00857331606522699
0.00675700337435376
0.0052221768176947
0.00387764041487348
0.00270734561850912
0.00166509771813734
0.000726775930038749
-0.00010159232303173
-0.000825025187093586
-0.00149502582541473
-0.00207973704482099
-0.00256757289735226
-0.00297759500221052
-0.00332223159792275
-0.00359579549717434
-0.00378577846424973
-0.00388580202271467
0.0397008145385227
0.0405704700059427
0.0414408223513738
0.0422736925660782
0.0430547564862367
0.0437845729212491
0.044461387366426
0.0450532966871059
0.0455437232714118
0.0459367882956846
0.0462330396940354
0.0464304041778402
0.0465319168871807
0.0397903242101068
0.0407502468637343
0.0416668367799689
0.0424212778652793
0.0429815421531361
0.0432686976521697
0.0432018665481781
0.0427003111217982
0.0414788488223352
0.0392340560819212
0.0359131957874622
0.0318777195266381
0.0276233153479361
0.0234143594318387
0.0197245595763952
0.016650381196113
0.0142854452292067
0.0125223012138636
0.0110390467061898
0.00929187807892663
0.00742664013456955
0.00594343423447262
0.00448937061076924
0.00332949266534569
0.00230510324910688
0.0013523354643794
0.000485966565122803
-0.000265535277634005
-0.000884938217924887
-0.00138369889247963
-0.00180194356407943
-0.00216246295846429
-0.00244166601713027
-0.00267824258005569
-0.0028817443647342
-0.00301582976582641
-0.00308618224431896
0.0405379354632582
0.0409397740487904
0.0410425517457742
0.0407935004149627
0.0401780681478126
0.038964825724107
0.0372812352505725
0.0352919279165195
0.0326126178779502
0.0297113637774609
0.0275124688360429
0.0241556458522775
0.0219802472647783
0.0194044821166607
0.0169058817196132
0.0151475190697674
0.0140792610363044
0.0130450688844065
0.0122039515233357
0.0116053999375209
0.011202476379154
0.011011799820344
0.0405943057032202
0.0411511273809449
0.0414726324783733
0.0415034027978793
0.0411960165601684
0.0405326992009331
0.0394942012162058
0.0379587415546442
0.0362306875026463
0.0340470141869163
0.0314692268644825
0.0287845527420786
0.0249689394346499
0.0213189237871103
0.0182371853567733
0.0156530847707897
0.0135683286173711
0.0118387346628618
0.0105124824351095
0.00925616846831705
0.00821177527092356
0.00740259863348678
0.00678954030286836
0.00633448351300767
0.00604465887452629
0.00589239413441484
0.0283919274298431
0.0276073640758439
0.026615804259344
0.0270932733759684
0.0251645787272314
0.0231492135566546
0.0263428226824272
0.0260204318922259
0.0256166838799219
0.0250080838660172
0.0226275978890154
0.0198710412701946
0.0178832221420253
0.016702102665516
0.0160127428919543
0.0158173040323836
0.0161258925664195
0.0168434223811897
0.0179820166097967
0.019437729512007
0.021166177208601
0.0232859123521703
0.0263038370063653
0.0300683957693142
0.0331581423152339
0.0364615023873531
0.0386615031578597
0.0402258655448306
0.0407458569486193
0.0399831635880878
0.037533456669908
0.0336225179419231
0.0286567525267042
0.0235547305892059
0.0190206004692524
0.0151835818572425
0.0122635531607963
0.00995593620752287
0.00790897129664579
0.00645667601698717
0.00546325457116286
0.0048262073587835
0.00450123323695924
0.0225236499542924
0.0187805262082932
0.0151548223120939
0.0120161588110863
0.00946390689979617
0.00731938003588687
0.00553262647235864
0.00403107057672527
0.00285742296309634
0.00194746101064571
0.00128484530953433
0.000857009606684357
0.000636610178948154
0.0263718043639693
0.0272151488901584
0.028161481292122
0.0288547418897145
0.0294597230552191
0.0299578735266709
0.0276994085690211
0.0267765645464187
0.0252334896767882
0.0234294243413102
0.0214204808930336
0.0192745318823033
0.0171733890429324
0.0151960764497704
0.0133321374498481
0.0116489414328748
0.0101080666657454
0.00868723315543174
0.00740407522836428
0.00621421117258678
0.00513849169003365
0.00416680234478458
0.00330513698316857
0.00252465023810637
0.0018529104262426
0.00127804787830699
0.000776540826931489
0.000295245062428229
-0.000130945243168663
-0.000475413650193992
-0.000732638349609161
-0.000888973309814477
-0.000979601544776375
0.0286955288005008
0.0267774822195072
0.0242316868859558
0.021421670110594
0.0189382094608927
0.0166074176333661
0.0143278764438372
0.0124259725721221
0.0109004126252977
0.00933754164131676
0.00783076421101801
0.00646526212634985
0.00533641981397062
0.00444959674646586
0.0035455906359743
0.00274295147110097
0.00202176603644364
0.00140700309228543
0.000898028303549819
0.000540630844201251
0.00025942444488878
3.81990497598978e-06
-0.000186842173360572
-0.000275730932326494
0.0315974411448769
0.0328620317790821
0.0336089669366069
0.0339852815025035
0.0340002030627099
0.0337150387124042
0.0331853292094131
0.0326102891188107
0.031987296034639
0.0313348900042635
0.0308319884068273
0.030514584868428
0.0215791519912736
0.0198457615093501
0.018002553358508
0.0160965954145455
0.0145997198863857
0.0135951742165751
0.0128597013646905
0.0123937244077755
0.012182757908251
0.0121784234358154
0.0123784780342546
0.0127575151574391
0.0132665546968766
0.0139776281884358
0.0148928937782249
0.0158807568740461
0.0168458419087846
0.0177799555590929
0.018652564188974
0.019406294692356
0.019985216527559
0.0203803209976226
0.0206159781417664
0.0224858256724781
0.0219969592223393
0.0217306537335192
0.021762850949567
0.0221846191101995
0.0229607736133692
0.0240302925726888
0.025370521172032
0.0269334136511225
0.0286679770758895
0.0305294117430924
0.032399177138411
0.0343573468842154
0.0363551949309592
0.038202236412574
0.0398250366353131
0.0411981988843813
0.0422765703861647
0.0429872917691433
0.0432519267889205
0.0430096127865146
0.0421855099190672
0.0407387401431714
0.0385368096036645
0.0351456135022801
0.0309640001723403
0.0267048028270074
0.0227529298932236
0.0194346776591188
0.0167319381355246
0.0145536878855757
0.0129439800716355
0.0117266699188091
0.0109990082850129
0.0106059950311457
0.0200108551297356
0.0208579235458418
0.0222014159014348
0.0182429501084583
0.0172184846648255
0.0166896652567612
0.0208498392460788
0.0197066598685714
0.0188764290316853
0.0183350236035468
0.0180491698013931
0.0178998493041287
0.017844519106726
0.0178364140081919
0.0178412131925858
0.0259275660672971
0.0295215853070823
0.0330150237618809
0.0363794300322792
0.0381716983716129
0.0394516443852696
0.0403007106489131
0.0404551965523838
0.0397438290059164
0.0379828482544839
0.0351223881163353
0.0313814310080919
0.0271994189917552
0.0230664957086015
0.0192464365574476
0.015888936553602
0.0130439585732207
0.0107203186206493
0.00882880611747036
0.00711955978986202
0.00553673104943999
0.00420636691009326
0.00307925359565502
0.00214175141518878
0.00139183817295073
0.000800424562480019
0.000335199338162076
-2.89495566078247e-06
-0.000220978715211516
-0.000332487345717792
0.037472406604768
0.0383017311377684
0.0389309571701907
0.0395847699959836
0.0398961011735768
0.0401238350635222
0.021231794698042
0.0205687719457052
0.0193459822860897
0.0177308854527061
0.0159670225061646
0.0142066151003577
0.0125319951727608
0.0109667386228619
0.00948407239351847
0.00809092132142461
0.00684314129711992
0.00574657347005819
0.00471002435847308
0.00371450794780785
0.00280727693520497
0.00196683361034045
0.00118401198635916
0.000457038399179185
-0.000214543057761588
-0.000830383255317462
-0.00139069988200865
-0.00189727211091822
-0.00234820407581684
-0.00273914124325613
-0.00306773657739038
-0.00333234907641064
-0.00353104946076879
-0.00366260091669424
-0.00373013752869165
0.0208599888967603
0.0200128788966643
0.0188126839492296
0.0173966147468557
0.0158930997870415
0.0145064563955526
0.013210907812617
0.0118586223893021
0.0105351462835736
0.0093816233377818
0.00838406810810574
0.0074276367530346
0.00645571921453577
0.00540265496018657
0.00440217391250061
0.00350854279267401
0.00268675521502012
0.00192948884595612
0.00122398273885995
0.000546822373586439
-5.36912994879172e-05
-0.000677319893757409
-0.00108668690233734
-0.00149618223934943
-0.0019710538117164
-0.00238401293595295
-0.00275856421312319
-0.00309525462776954
-0.0033569664758439
-0.00355916260156263
-0.00369515644324036
-0.00376697765382061
0.0231826316892359
0.0216889312601945
0.0202830767733555
0.0191415042599782
0.0181861061367724
0.0239288878011869
0.023084893619
0.0221452959759117
0.0216103903021348
0.0213431201308645
0.0213847775825451
0.0216870203291501
0.0222250472086792
0.0230403536824099
0.0241737833747612
0.0253599714975566
0.0266794129779841
0.0280942611936625
0.0295740301796339
0.0310698857002977
0.0325395292208247
0.0339845458254585
0.0352794362444412
0.0368973059929577
0.0384117834698726
0.0396311519245454
0.040694095941763
0.0415830924610099
0.0422321064521339
0.042638552793694
0.0428677550896274
0.0184627004137937
0.0192301890683773
0.0205082762376502
0.0167903595480608
0.0150981858348469
0.0134083973257757
0.011922259883483
0.0216555667378231
0.0225918892390018
0.0233896257002395
0.0203788672752662
0.020624102699669
0.0212514630970768
0.0220313205251891
0.0234491603712768
0.0240653922253481
0.0260161413534726
0.0291016162305971
0.0326492696135266
0.0241910944724483
0.0251532293512836
0.0263480016749296
0.0345691060312862
0.0368555562543871
0.0392704315761378
0.0411928047430753
0.0427383459807052
0.0435503751024171
0.0432886940152852
0.0414821176253194
0.0374175462074356
0.0311250180646929
0.0240396496670269
0.0164816185862075
0.0345789237970231
0.036666347615698
0.0389079812066159
0.0405116835840454
0.0424021956755944
0.0436355565432367
0.0447542219136955
0.0453224510291832
0.045217949544923
0.044392027100249
0.0425598941970031
0.0394025843627969
0.0353189567640508
0.0306922552808047
0.0253300015772346
0.0208510707874642
0.0167571001494943
0.0137123367869355
0.011214907792285
0.00925238586235305
0.00783521529731602
0.00675139412062205
0.00596822162131042
0.00551196984269586
0.00528886851874254
0.0134289939293491
0.0109784913485539
0.00911499163498364
0.00788190769985015
0.00685995366626966
0.00627048083946637
0.00595543862157876
0.0130167584830917
0.0101801373772377
0.00782309290267254
0.00599762066343898
0.00449232951181642
0.00322553010430577
0.00218408509830534
0.00132311329699173
0.000621557107262959
5.33900703892743e-05
-0.000428357761861623
-0.000830181302114248
-0.00115203038745947
-0.00139588204725935
-0.00157401834510095
-0.00170686878145845
-0.00179565162764298
-0.00183965315404759
0.0271664114520446
0.0282899850104469
0.0297835080874028
0.0316265310135782
0.0336167698485933
0.0355801578177681
0.0374709763178611
0.0392391784747313
0.0408295203707546
0.0421813631074106
0.0432285713729681
0.0438992844962815
0.0441138387237143
0.0437729005530368
0.0267597228179634
0.0273201412630547
0.028006622202633
0.0287977935700748
0.0295861998942346
0.0304432665857858
0.0313579241496796
0.0322881932989174
0.0332328068611024
0.0342582729958171
0.0353661365583665
0.0364362964656045
0.0373589460063589
0.0381370807142939
0.038740636725453
0.0392248857129557
0.0395388744739685
0.0397157635908563
0.0429764775979765
0.0414176548255481
0.0392133954663016
0.0359464148648721
0.0323311909102655
0.0288967064020033
0.0247803425556606
0.0202370697426639
0.0163696828439046
0.0134258412013798
0.0111921801124193
0.00942603250719798
0.00796197321147647
0.00678937875387021
0.0059174094648922
0.0053349758467317
0.00496250061138376
0.00475948395479406
0.043414091646074
0.0424742540568289
0.0409777525939375
0.038945808292964
0.0364137524779418
0.0334882022295343
0.0304895803623313
0.0278388694227783
0.0257706008888352
0.0243713999128479
0.0236466735069005
0.025110917246145
0.0272499285304475
0.0298396865786682
0.0324374079530448
0.0349198693977854
0.037284186928057
0.0392901225747434
0.040930125480186
0.0418122920143057
0.0416839296831109
0.0401284765788859
0.0238407706627478
0.0245998009759073
0.0255089344610749
0.0267298519170417
0.0278896000204043
0.0293628687601219
0.0307244987732457
0.0319754743804817
0.0332228685052722
0.0339655652129664
0.0347072968579062
0.035186229556467
0.0354302711777426
0.0389849620550197
0.0365071524802731
0.0332777058786136
0.0292935253014439
0.0257632365788741
0.0226905369014099
0.0205352246138378
0.0189562862452494
0.0180480906499173
0.0379636642043466
0.034471418674783
0.0301214792426818
0.0255557169572314
0.0212711118285019
0.0175395508925962
0.0143958119314435
0.0117369474205166
0.00954731309627144
0.00775506117556851
0.00621913031080226
0.0049671729355375
0.0039459767014578
0.00309553513473958
0.00238861823415698
0.00177724616937083
0.00125640911838893
0.000841985160514757
0.000542195803914486
0.000320336747274576
0.000172448934997656
9.97069997439016e-05
0.0114629543705237
0.0111858516248544
0.0111555042696675
0.011389234093243
0.0118756062811144
0.0126278104126098
0.0137549525532598
0.0151531463353409
0.0163510645015982
0.0180989166580082
0.0204080700214248
0.0226430805641165
0.0251223372124242
0.0278828581313358
0.0305841395695518
0.0334342096176306
0.0112972333423083
0.0108728660772263
0.010678220027824
0.0107084539810759
0.0109601344641801
0.0114539074484292
0.0122430073517079
0.0133989452375707
0.0149174867114763
0.0167038671137915
0.0185953017392243
0.0204517574481101
0.0223531063944762
0.0248025631844345
0.035260701420229
0.0374701627978036
0.0395955540794726
0.0414698928317326
0.0432699426099321
0.04470311406872
0.0458276870204543
0.0467664756944048
0.047232231653702
0.0473741295055374
0.0472063873105139
0.0467460021012462
0.0460593593793886
0.0452768324875076
0.0445660167874717
0.044120629599089
0.035178951366755
0.0369609761953979
0.0388592506856452
0.0405904028154412
0.0420944128866977
0.0436183765104469
0.0449197321874367
0.0459417433233551
0.0467346337845163
0.0473717818086612
0.0478897417242973
0.0482916566074057
0.048569783605314
0.0487150308401672
0.0266705232372803
0.028466372217957
0.0302836286201442
0.0322187015460735
0.0341629337714833
0.0361073855513903
0.0379212224828488
0.0396604822956674
0.0413770612512344
0.0429421898026412
0.044229103897965
0.0452243708574905
0.0459514304799269
0.0463856758991166
0.0256428350081768
0.0267077000472677
0.0278339843622615
0.0292230184709401
0.0311255423479459
0.0331496374281178
0.034987891111319
0.0369722152831411
0.0389207098697311
0.0406935004520321
0.0422373082719754
0.0433661160561126
0.0442013863047747
0.0445703586731507
0.0443363492295155
0.043386578769524
0.0415476629227376
0.0384896041840443
0.0344060890376425
0.0297918952377296
0.0251580563124024
0.0208872261399063
0.0171562498379153
0.0140113648369244
0.0113784790614011
0.00910638748373432
0.0071777591637218
0.00557268225538673
0.00415298637148313
0.00289523126288893
0.00168372871666444
0.0457910832565329
0.0446801322030505
0.0427945489007813
0.0398040849427264
0.0355450248962669
0.0307963366098338
0.0265636761524858
0.0225199994192555
0.0187339724267727
0.0156159721577544
0.012968703079737
0.0108159450466772
0.00897099294201169
0.00731148570075141
0.005976156656514
0.00490829076715307
0.00391491612776595
0.00304258799161517
0.00231920784719887
0.00173094219610004
0.00122738058527506
0.000765319907532009
0.000355051544640918
2.25609280546296e-06
-0.000312353863361326
-0.000612508364767729
0.0472542240522017
0.0478035561839861
0.048129551494337
-0.000875923995289965
-0.00117031397318142
-0.00148239171986911
-0.00178055455240993
-0.00205042232399777
-0.00230540506476824
-0.000736914851091343
-0.000856786818079083
-0.000924903469390212
-0.000965756292798868
-0.00246426798985606
-0.00257859685474182
-0.00265110708561615
-0.00268817773221895
-0.00240450488954914
-0.00246665920673584
-0.00249567211331909
0.00106729509666981
0.000540089974934443
0.000104131834899826
-0.000293582508766966
-0.000682939484550364
-0.00105563664100278
0.00110359249177635
0.00062521338764191
0.00020352052992994
-0.000173888494102578
-0.000520015667630333
-0.000817895229970031
-0.00111923669004971
-0.00138926796457733
-0.00164848693911929
-0.00189553180124974
-0.00212480318121572
-0.00234653922879225
-0.00255331428941213
-0.00275367354308995
-0.00294155806869534
-0.00311177574589689
-0.00328044024880184
-0.00136001175870133
-0.00161097020267104
-0.00186132261127193
-0.00209023045096707
-0.00232058701197064
-0.00253783026801785
-0.00274300739419118
-0.00293538130420027
-0.00311551129960308
-0.00327961018052295
-0.00343262817660309
-0.0035744959282422
-0.00370196767229429
-0.00381159732774724
-0.00390220071902204
-0.0039742137085692
-0.00402794398788135
-0.00406348102738407
-0.00408172490938239
-0.00110747091630289
-0.00114154023904707
-0.00116676795583715
-0.00118296672899481
-0.00119253080225882
-0.00119718242756486
-0.00341894256047006
-0.00355791344465319
-0.00368016361123422
-0.00377589882147177
-0.00385198456819263
-0.00390228482602712
-0.00392853536337829
-0.00335956055041699
-0.0034273175592242
-0.00347417816260081
-0.00349738446959804
