3.51179831950405e-05
3.51179831950405e-05
3.51179831950405e-05
3.51179831950405e-05
3.51179831950405e-05
3.51179831950405e-05
3.51179831950406e-05
3.51179831950405e-05
3.51179831950405e-05
3.51179831950406e-05
3.51179831950406e-05
3.51179831950406e-05
3.51179831950407e-05
3.51179831950407e-05
3.51179831950407e-05
3.51179831950405e-05
3.51179831950404e-05
3.51179831950404e-05
3.51179831950404e-05
3.51179831950404e-05
3.51179831950404e-05
3.51179831950404e-05
3.51179831950404e-05
3.51179831950404e-05
3.51179831950404e-05
3.51179831950405e-05
3.51179831950405e-05
3.51179831950406e-05
3.51179831950406e-05
3.51179831950406e-05
3.51179831950406e-05
3.51179831950406e-05
3.51179831950405e-05
3.51179831950405e-05
3.51179831950405e-05
3.51179831950405e-05
3.51179831950405e-05
3.51179831950404e-05
3.51179831950404e-05
3.51179831950404e-05
3.51179831950405e-05
3.51179831950406e-05
3.51179831950406e-05
3.51179831950407e-05
3.51179831950407e-05
3.51179831950405e-05
3.51179831950405e-05
3.51179831950406e-05
3.51179831950407e-05
3.51179831950408e-05
3.51179831950408e-05
3.51179831950408e-05
3.51179831950408e-05
3.51179831950408e-05
3.51179831950409e-05
3.51179831950409e-05
3.51179831950409e-05
3.51179831950409e-05
3.51179831950409e-05
3.51179831950409e-05
3.51179831950409e-05
3.51179831950409e-05
3.51179831950409e-05
3.51179831950409e-05
3.51179831950409e-05
3.51179831950409e-05
3.51179831950409e-05
3.51179831950409e-05
3.51179831950409e-05
3.51179831950409e-05
3.51179831950409e-05
3.51179831950409e-05
3.51179831950408e-05
3.51179831950408e-05
3.51179831950408e-05
3.51179831950408e-05
3.51179831950408e-05
3.51179831950409e-05
3.51179831950409e-05
3.51179831950409e-05
3.51179831950408e-05
3.51179831950409e-05
3.51179831950408e-05
3.51179831950408e-05
3.51179831950409e-05
3.51179831950409e-05
3.51179831950409e-05
3.51179831950409e-05
3.5117983195041e-05
3.51179831950409e-05
3.51179831950409e-05
3.51179831950409e-05
3.51179831950409e-05
3.51179831950406e-05
3.51179831950406e-05
3.51179831950406e-05
3.51179831950406e-05
3.51179831950406e-05
3.51179831950407e-05
3.51179831950407e-05
3.51179831950407e-05
3.51179831950407e-05
3.51179831950407e-05
3.51179831950407e-05
3.51179831950407e-05
3.51179831950408e-05
3.51179831950408e-05
3.51179831950408e-05
3.51179831950408e-05
3.51179831950408e-05
3.51179831950408e-05
3.51179831950408e-05
3.51179831950408e-05
3.51179831950408e-05
3.51179831950408e-05
3.51179831950409e-05
3.51179831950409e-05
3.51179831950409e-05
3.51179831950408e-05
3.51179831950408e-05
3.51179831950408e-05
3.51179831950409e-05
3.51179831950409e-05
3.5117983195041e-05
3.51179831950408e-05
3.51179831950408e-05
3.51179831950408e-05
3.5117983195041e-05
3.51179831950411e-05
3.51179831950411e-05
3.51179831950411e-05
3.51179831950412e-05
3.51179831950412e-05
3.51179831950412e-05
3.51179831950412e-05
3.51179831950412e-05
3.51179831950412e-05
3.51179831950412e-05
3.51179831950411e-05
3.51179831950411e-05
3.51179831950411e-05
3.51179831950411e-05
3.51179831950411e-05
3.5117983195041e-05
3.5117983195041e-05
3.5117983195041e-05
3.5117983195041e-05
3.5117983195041e-05
3.5117983195041e-05
3.5117983195041e-05
3.5117983195041e-05
3.51179831950411e-05
3.51179831950411e-05
3.51179831950411e-05
3.51179831950412e-05
3.51179831950412e-05
3.51179831950412e-05
3.51179831950412e-05
3.51179831950412e-05
3.51179831950412e-05
3.51179831950412e-05
3.5117983195041e-05
3.5117983195041e-05
3.5117983195041e-05
3.5117983195041e-05
3.5117983195041e-05
3.5117983195041e-05
3.5117983195041e-05
3.51179831950411e-05
3.51179831950411e-05
3.51179831950411e-05
3.51179831950411e-05
3.51179831950411e-05
3.51179831950411e-05
3.51179831950411e-05
3.51179831950411e-05
3.51179831950411e-05
3.51179831950411e-05
3.51179831950411e-05
3.51179831950411e-05
3.51179831950412e-05
3.51179831950412e-05
3.51179831950412e-05
3.51179831950412e-05
3.51179831950408e-05
3.51179831950409e-05
3.51179831950409e-05
3.51179831950409e-05
3.51179831950409e-05
3.51179831950409e-05
3.51179831950409e-05
3.51179831950409e-05
3.51179831950409e-05
3.5117983195041e-05
3.5117983195041e-05
3.5117983195041e-05
3.5117983195041e-05
3.51179831950409e-05
3.51179831950409e-05
3.51179831950409e-05
3.5117983195041e-05
3.5117983195041e-05
3.5117983195041e-05
3.51179831950411e-05
3.51179831950411e-05
3.51179831950411e-05
3.51179831950411e-05
3.5117983195041e-05
3.5117983195041e-05
3.5117983195041e-05
3.5117983195041e-05
3.5117983195041e-05
3.5117983195041e-05
3.5117983195041e-05
3.5117983195041e-05
3.5117983195041e-05
3.5117983195041e-05
3.5117983195041e-05
3.5117983195041e-05
3.51179831950409e-05
3.5117983195041e-05
3.5117983195041e-05
3.5117983195041e-05
3.5117983195041e-05
3.5117983195041e-05
3.51179831950411e-05
3.51179831950411e-05
3.51179831950411e-05
3.51179831950411e-05
3.51179831950411e-05
3.51179831950411e-05
3.51179831950411e-05
3.51179831950411e-05
3.51179831950411e-05
3.51179831950406e-05
3.51179831950406e-05
3.51179831950406e-05
3.51179831950406e-05
3.51179831950406e-05
3.51179831950406e-05
3.51179831950406e-05
3.51179831950406e-05
3.51179831950406e-05
3.51179831950407e-05
3.51179831950407e-05
3.51179831950407e-05
3.51179831950407e-05
3.51179831950408e-05
3.51179831950408e-05
3.51179831950408e-05
3.51179831950408e-05
3.51179831950408e-05
3.51179831950408e-05
3.51179831950408e-05
3.51179831950408e-05
3.51179831950408e-05
3.51179831950407e-05
3.51179831950407e-05
3.51179831950408e-05
3.51179831950408e-05
3.51179831950408e-05
3.51179831950408e-05
3.51179831950408e-05
3.51179831950407e-05
3.51179831950408e-05
3.51179831950408e-05
3.51179831950408e-05
3.51179831950408e-05
3.51179831950408e-05
3.51179831950408e-05
3.51179831950408e-05
3.51179831950408e-05
3.51179831950408e-05
3.51179831950408e-05
3.51179831950408e-05
3.51179831950408e-05
3.51179831950408e-05
3.51179831950408e-05
3.51179831950408e-05
3.51179831950408e-05
3.51179831950408e-05
3.51179831950408e-05
3.51179831950406e-05
3.51179831950406e-05
3.51179831950406e-05
3.51179831950406e-05
3.51179831950407e-05
3.51179831950407e-05
3.51179831950406e-05
3.51179831950406e-05
3.51179831950407e-05
3.51179831950406e-05
3.51179831950406e-05
3.51179831950407e-05
3.51179831950407e-05
3.51179831950407e-05
3.51179831950407e-05
3.51179831950408e-05
3.51179831950408e-05
3.51179831950408e-05
3.51179831950408e-05
3.51179831950409e-05
3.51179831950409e-05
3.51179831950409e-05
3.51179831950409e-05
3.5117983195041e-05
3.5117983195041e-05
3.5117983195041e-05
3.51179831950411e-05
3.51179831950411e-05
3.51179831950412e-05
3.51179831950412e-05
3.51179831950412e-05
3.51179831950412e-05
3.51179831950412e-05
3.51179831950412e-05
3.51179831950412e-05
3.51179831950412e-05
3.51179831950411e-05
3.51179831950411e-05
3.51179831950411e-05
3.51179831950411e-05
3.51179831950411e-05
3.51179831950412e-05
3.51179831950412e-05
3.51179831950407e-05
3.51179831950407e-05
3.51179831950407e-05
3.51179831950407e-05
3.51179831950407e-05
3.51179831950408e-05
3.51179831950408e-05
3.51179831950408e-05
3.51179831950408e-05
3.51179831950408e-05
3.51179831950408e-05
3.51179831950408e-05
3.51179831950408e-05
3.51179831950407e-05
3.51179831950407e-05
3.51179831950407e-05
3.51179831950408e-05
3.51179831950408e-05
3.51179831950408e-05
3.51179831950407e-05
3.51179831950407e-05
3.51179831950406e-05
3.51179831950406e-05
3.51179831950406e-05
3.51179831950405e-05
3.51179831950405e-05
3.51179831950405e-05
3.51179831950405e-05
3.51179831950405e-05
3.51179831950405e-05
3.51179831950405e-05
3.51179831950405e-05
3.51179831950405e-05
3.51179831950405e-05
3.51179831950405e-05
3.51179831950405e-05
3.51179831950405e-05
3.51179831950405e-05
3.51179831950405e-05
3.51179831950406e-05
3.51179831950406e-05
3.51179831950406e-05
3.51179831950406e-05
3.51179831950406e-05
3.51179831950406e-05
3.51179831950406e-05
3.51179831950408e-05
3.51179831950408e-05
3.51179831950408e-05
3.51179831950409e-05
3.51179831950409e-05
3.5117983195041e-05
3.5117983195041e-05
3.5117983195041e-05
3.51179831950411e-05
3.51179831950411e-05
3.51179831950411e-05
3.51179831950411e-05
3.51179831950411e-05
3.51179831950411e-05
3.51179831950411e-05
3.51179831950412e-05
3.51179831950412e-05
3.51179831950412e-05
3.51179831950413e-05
3.51179831950413e-05
3.51179831950413e-05
3.51179831950413e-05
3.51179831950413e-05
3.51179831950413e-05
3.51179831950408e-05
3.51179831950409e-05
3.51179831950409e-05
3.51179831950409e-05
3.51179831950409e-05
3.51179831950409e-05
3.51179831950409e-05
3.51179831950409e-05
3.51179831950409e-05
3.51179831950409e-05
3.5117983195041e-05
3.5117983195041e-05
3.51179831950407e-05
3.51179831950407e-05
3.51179831950408e-05
3.51179831950408e-05
3.51179831950408e-05
3.51179831950408e-05
3.51179831950408e-05
3.51179831950408e-05
3.51179831950408e-05
3.51179831950408e-05
3.51179831950408e-05
3.51179831950408e-05
3.51179831950408e-05
3.51179831950409e-05
3.51179831950409e-05
3.51179831950409e-05
3.51179831950409e-05
3.51179831950409e-05
3.51179831950409e-05
3.51179831950409e-05
3.51179831950409e-05
3.5117983195041e-05
3.5117983195041e-05
3.51179831950407e-05
3.51179831950407e-05
3.51179831950408e-05
3.51179831950408e-05
3.51179831950408e-05
3.51179831950408e-05
3.51179831950408e-05
3.51179831950408e-05
3.51179831950408e-05
3.51179831950408e-05
3.51179831950408e-05
3.51179831950408e-05
3.51179831950408e-05
3.51179831950408e-05
3.51179831950408e-05
3.51179831950408e-05
3.51179831950408e-05
3.51179831950408e-05
3.51179831950409e-05
3.51179831950409e-05
3.51179831950409e-05
3.51179831950409e-05
3.51179831950409e-05
3.51179831950409e-05
3.51179831950409e-05
3.51179831950409e-05
3.51179831950409e-05
3.51179831950409e-05
3.51179831950409e-05
3.51179831950409e-05
3.5117983195041e-05
3.51179831950409e-05
3.51179831950409e-05
3.51179831950409e-05
3.51179831950409e-05
3.51179831950407e-05
3.51179831950407e-05
3.51179831950407e-05
3.51179831950407e-05
3.51179831950407e-05
3.51179831950407e-05
3.51179831950407e-05
3.51179831950407e-05
3.51179831950407e-05
3.51179831950407e-05
3.51179831950406e-05
3.51179831950406e-05
3.51179831950406e-05
3.51179831950406e-05
3.51179831950406e-05
3.51179831950407e-05
3.51179831950407e-05
3.51179831950407e-05
3.51179831950406e-05
3.51179831950407e-05
3.51179831950407e-05
3.51179831950406e-05
3.51179831950406e-05
3.51179831950406e-05
3.51179831950406e-05
3.51179831950406e-05
3.51179831950406e-05
3.51179831950406e-05
3.51179831950405e-05
3.51179831950406e-05
3.51179831950406e-05
3.51179831950406e-05
3.51179831950406e-05
3.51179831950406e-05
3.51179831950407e-05
3.51179831950407e-05
3.51179831950407e-05
3.51179831950407e-05
3.51179831950407e-05
3.51179831950407e-05
3.51179831950407e-05
3.51179831950406e-05
3.51179831950406e-05
3.51179831950406e-05
3.51179831950406e-05
3.51179831950406e-05
3.51179831950406e-05
3.51179831950406e-05
3.51179831950406e-05
3.51179831950405e-05
3.51179831950405e-05
3.51179831950406e-05
3.51179831950406e-05
3.51179831950407e-05
3.51179831950407e-05
3.51179831950407e-05
3.51179831950407e-05
3.51179831950407e-05
3.51179831950407e-05
3.51179831950406e-05
3.51179831950406e-05
3.51179831950406e-05
3.51179831950406e-05
3.51179831950406e-05
3.51179831950406e-05
3.51179831950406e-05
3.51179831950406e-05
3.51179831950407e-05
3.51179831950407e-05
3.51179831950407e-05
3.51179831950407e-05
3.51179831950407e-05
3.51179831950407e-05
3.51179831950407e-05
3.51179831950407e-05
3.51179831950407e-05
3.51179831950407e-05
3.51179831950407e-05
3.51179831950407e-05
3.51179831950407e-05
3.51179831950407e-05
3.51179831950406e-05
3.51179831950406e-05
3.51179831950406e-05
3.51179831950406e-05
3.51179831950406e-05
3.51179831950406e-05
3.51179831950407e-05
3.51179831950407e-05
3.51179831950407e-05
3.51179831950407e-05
3.51179831950407e-05
3.51179831950407e-05
3.51179831950407e-05
3.51179831950407e-05
3.51179831950406e-05
3.51179831950406e-05
3.51179831950406e-05
3.51179831950406e-05
3.51179831950406e-05
3.51179831950406e-05
3.51179831950406e-05
3.51179831950406e-05
3.51179831950406e-05
3.51179831950406e-05
3.51179831950406e-05
3.51179831950407e-05
3.51179831950407e-05
3.51179831950407e-05
3.51179831950407e-05
3.51179831950407e-05
3.51179831950407e-05
3.51179831950404e-05
3.51179831950404e-05
3.51179831950404e-05
3.51179831950404e-05
3.51179831950404e-05
3.51179831950404e-05
3.51179831950404e-05
3.51179831950404e-05
3.51179831950404e-05
3.51179831950404e-05
3.51179831950403e-05
3.51179831950403e-05
3.51179831950403e-05
3.51179831950403e-05
3.51179831950403e-05
3.51179831950403e-05
3.51179831950403e-05
3.51179831950403e-05
3.51179831950403e-05
3.51179831950403e-05
3.51179831950403e-05
3.51179831950404e-05
3.51179831950404e-05
3.51179831950404e-05
3.51179831950404e-05
3.51179831950405e-05
3.51179831950405e-05
3.51179831950405e-05
3.51179831950405e-05
3.51179831950405e-05
3.51179831950405e-05
3.51179831950404e-05
3.51179831950404e-05
3.51179831950404e-05
3.51179831950404e-05
3.51179831950405e-05
3.51179831950405e-05
3.51179831950406e-05
3.51179831950403e-05
3.51179831950403e-05
3.51179831950403e-05
3.51179831950405e-05
3.51179831950405e-05
3.51179831950406e-05
3.51179831950407e-05
3.51179831950408e-05
3.51179831950403e-05
3.51179831950403e-05
3.51179831950404e-05
3.51179831950404e-05
3.51179831950402e-05
3.51179831950401e-05
3.51179831950401e-05
3.51179831950405e-05
3.51179831950405e-05
3.51179831950406e-05
3.51179831950406e-05
3.51179831950407e-05
3.51179831950407e-05
3.51179831950407e-05
3.51179831950408e-05
3.51179831950408e-05
3.51179831950408e-05
3.51179831950409e-05
3.51179831950409e-05
3.51179831950404e-05
3.51179831950405e-05
3.51179831950405e-05
3.51179831950405e-05
3.51179831950406e-05
3.51179831950406e-05
3.51179831950406e-05
3.51179831950406e-05
3.51179831950406e-05
3.51179831950407e-05
3.51179831950407e-05
3.51179831950407e-05
3.51179831950407e-05
3.51179831950408e-05
3.51179831950408e-05
3.51179831950408e-05
3.51179831950408e-05
3.51179831950409e-05
3.51179831950409e-05
3.51179831950409e-05
3.51179831950409e-05
3.51179831950409e-05
3.51179831950409e-05
3.51179831950409e-05
3.51179831950409e-05
3.51179831950409e-05
3.51179831950409e-05
3.51179831950409e-05
3.51179831950409e-05
3.51179831950409e-05
3.51179831950409e-05
3.51179831950409e-05
3.51179831950409e-05
3.5117983195041e-05
3.5117983195041e-05
3.51179831950409e-05
3.51179831950409e-05
3.51179831950409e-05
3.51179831950409e-05
3.51179831950409e-05
3.51179831950409e-05
3.51179831950409e-05
3.51179831950409e-05
3.51179831950409e-05
3.5117983195041e-05
3.5117983195041e-05
3.5117983195041e-05
3.5117983195041e-05
3.5117983195041e-05
3.5117983195041e-05
3.51179831950401e-05
3.51179831950401e-05
3.51179831950401e-05
3.51179831950401e-05
3.51179831950401e-05
3.51179831950401e-05
3.51179831950401e-05
3.51179831950402e-05
3.51179831950402e-05
3.51179831950402e-05
3.51179831950402e-05
3.51179831950403e-05
3.51179831950403e-05
3.51179831950403e-05
3.51179831950401e-05
3.51179831950401e-05
3.511798319504e-05
3.511798319504e-05
3.511798319504e-05
3.511798319504e-05
3.511798319504e-05
3.511798319504e-05
3.51179831950399e-05
3.51179831950399e-05
3.51179831950399e-05
3.51179831950399e-05
3.51179831950399e-05
3.51179831950399e-05
3.51179831950399e-05
3.511798319504e-05
3.51179831950399e-05
3.51179831950399e-05
3.51179831950403e-05
3.51179831950403e-05
3.51179831950403e-05
3.51179831950403e-05
3.51179831950404e-05
3.51179831950404e-05
3.51179831950404e-05
3.51179831950404e-05
3.51179831950405e-05
3.51179831950405e-05
3.51179831950405e-05
3.51179831950405e-05
3.51179831950405e-05
3.51179831950405e-05
3.51179831950405e-05
3.51179831950405e-05
3.51179831950405e-05
3.51179831950405e-05
3.51179831950403e-05
3.51179831950403e-05
3.51179831950403e-05
3.51179831950403e-05
3.51179831950404e-05
3.51179831950404e-05
3.51179831950404e-05
3.51179831950404e-05
3.51179831950404e-05
3.51179831950405e-05
3.51179831950404e-05
3.51179831950408e-05
3.51179831950409e-05
3.5117983195041e-05
3.5117983195041e-05
3.51179831950411e-05
3.51179831950411e-05
3.51179831950412e-05
3.51179831950412e-05
3.51179831950412e-05
3.51179831950412e-05
3.51179831950413e-05
3.51179831950408e-05
3.51179831950409e-05
3.51179831950409e-05
3.51179831950409e-05
3.51179831950409e-05
3.51179831950409e-05
3.51179831950409e-05
3.5117983195041e-05
3.5117983195041e-05
3.5117983195041e-05
3.5117983195041e-05
3.51179831950411e-05
3.51179831950411e-05
3.51179831950413e-05
3.51179831950413e-05
3.51179831950414e-05
3.51179831950414e-05
3.51179831950414e-05
3.51179831950414e-05
3.51179831950414e-05
3.51179831950414e-05
3.51179831950414e-05
3.51179831950413e-05
3.51179831950413e-05
3.51179831950413e-05
3.51179831950413e-05
3.51179831950413e-05
3.51179831950413e-05
3.51179831950413e-05
3.51179831950413e-05
3.51179831950413e-05
3.51179831950413e-05
3.51179831950413e-05
3.51179831950412e-05
3.51179831950412e-05
3.51179831950413e-05
3.51179831950413e-05
3.51179831950413e-05
3.51179831950414e-05
3.51179831950414e-05
3.51179831950415e-05
3.51179831950415e-05
3.51179831950415e-05
3.51179831950415e-05
3.51179831950406e-05
3.51179831950406e-05
3.51179831950407e-05
3.51179831950407e-05
3.51179831950407e-05
3.51179831950408e-05
3.51179831950408e-05
3.51179831950408e-05
3.51179831950409e-05
3.51179831950409e-05
3.51179831950409e-05
3.51179831950409e-05
3.51179831950409e-05
3.5117983195041e-05
3.5117983195041e-05
3.5117983195041e-05
3.51179831950406e-05
3.51179831950406e-05
3.51179831950407e-05
3.51179831950407e-05
3.51179831950408e-05
3.51179831950408e-05
3.51179831950408e-05
3.51179831950409e-05
3.51179831950409e-05
3.51179831950409e-05
3.51179831950409e-05
3.51179831950409e-05
3.51179831950409e-05
3.51179831950409e-05
3.51179831950411e-05
3.51179831950411e-05
3.51179831950411e-05
3.51179831950411e-05
3.51179831950411e-05
3.51179831950411e-05
3.51179831950411e-05
3.51179831950411e-05
3.51179831950411e-05
3.51179831950411e-05
3.51179831950411e-05
3.51179831950412e-05
3.51179831950412e-05
3.51179831950412e-05
3.51179831950412e-05
3.51179831950412e-05
3.5117983195041e-05
3.5117983195041e-05
3.5117983195041e-05
3.5117983195041e-05
3.5117983195041e-05
3.5117983195041e-05
3.5117983195041e-05
3.5117983195041e-05
3.5117983195041e-05
3.5117983195041e-05
3.5117983195041e-05
3.5117983195041e-05
3.5117983195041e-05
3.5117983195041e-05
3.5117983195041e-05
3.5117983195041e-05
3.5117983195041e-05
3.5117983195041e-05
3.51179831950411e-05
3.51179831950411e-05
3.51179831950411e-05
3.51179831950411e-05
3.51179831950411e-05
3.51179831950411e-05
3.51179831950411e-05
3.51179831950412e-05
3.51179831950412e-05
3.51179831950411e-05
3.51179831950409e-05
3.51179831950409e-05
3.51179831950409e-05
3.5117983195041e-05
3.5117983195041e-05
3.5117983195041e-05
3.5117983195041e-05
3.51179831950411e-05
3.51179831950411e-05
3.51179831950411e-05
3.51179831950411e-05
3.51179831950411e-05
3.51179831950411e-05
3.51179831950411e-05
3.51179831950411e-05
3.51179831950411e-05
3.51179831950411e-05
3.51179831950412e-05
3.51179831950412e-05
3.51179831950412e-05
3.51179831950412e-05
3.51179831950412e-05
3.51179831950412e-05
3.51179831950413e-05
3.51179831950413e-05
3.51179831950413e-05
3.51179831950413e-05
3.51179831950413e-05
3.51179831950413e-05
3.51179831950413e-05
3.51179831950413e-05
3.51179831950411e-05
3.51179831950411e-05
3.51179831950411e-05
3.51179831950411e-05
3.51179831950411e-05
3.51179831950411e-05
3.51179831950411e-05
3.51179831950411e-05
3.51179831950411e-05
3.51179831950411e-05
3.51179831950411e-05
3.51179831950411e-05
3.51179831950411e-05
3.51179831950411e-05
3.5117983195041e-05
3.5117983195041e-05
3.5117983195041e-05
3.5117983195041e-05
3.5117983195041e-05
3.5117983195041e-05
3.5117983195041e-05
3.5117983195041e-05
3.5117983195041e-05
3.51179831950409e-05
3.51179831950409e-05
3.51179831950409e-05
3.51179831950411e-05
3.51179831950411e-05
3.51179831950411e-05
3.51179831950409e-05
3.51179831950408e-05
3.51179831950408e-05
3.51179831950408e-05
3.51179831950408e-05
3.51179831950408e-05
3.51179831950408e-05
3.51179831950408e-05
3.51179831950408e-05
3.51179831950408e-05
3.51179831950408e-05
3.51179831950408e-05
3.51179831950408e-05
3.51179831950408e-05
3.51179831950408e-05
3.51179831950408e-05
3.51179831950408e-05
3.51179831950414e-05
3.51179831950414e-05
3.51179831950414e-05
3.51179831950414e-05
3.51179831950415e-05
3.51179831950415e-05
3.51179831950413e-05
3.51179831950413e-05
3.51179831950413e-05
3.51179831950413e-05
3.51179831950413e-05
3.51179831950413e-05
3.51179831950413e-05
3.51179831950413e-05
3.51179831950413e-05
3.51179831950413e-05
3.51179831950412e-05
3.51179831950412e-05
3.51179831950412e-05
3.51179831950412e-05
3.51179831950412e-05
3.51179831950412e-05
3.51179831950412e-05
3.51179831950416e-05
3.51179831950417e-05
3.51179831950417e-05
3.51179831950418e-05
3.51179831950418e-05
3.51179831950419e-05
3.51179831950419e-05
3.51179831950419e-05
3.51179831950419e-05
3.5117983195042e-05
3.5117983195042e-05
3.5117983195042e-05
3.5117983195042e-05
3.5117983195042e-05
3.5117983195042e-05
3.5117983195042e-05
3.5117983195042e-05
3.5117983195042e-05
3.5117983195042e-05
3.51179831950415e-05
3.51179831950414e-05
3.51179831950414e-05
3.51179831950414e-05
3.51179831950414e-05
3.51179831950413e-05
3.51179831950412e-05
3.51179831950412e-05
3.51179831950412e-05
3.51179831950412e-05
3.51179831950412e-05
3.51179831950411e-05
3.51179831950411e-05
3.51179831950412e-05
3.51179831950412e-05
3.51179831950412e-05
3.51179831950412e-05
