0.05
0.0372305512377583
0.0344577836431265
0.0298303861336214
0.0354791176157156
0.0330238639407399
0.0302125161326157
0.0371941002761799
0.0346549285105245
0.0302524370971754
0.0271120323130083
0.0245396967799386
0.0225705045086513
0.0199081306655552
0.0166513604375936
0.0373644930140477
0.0330746472997027
0.0294143362024872
0.0288898082924027
0.0267304126341063
0.0244747482170443
0.02386937894529
0.0234780081879509
0.0229798798710277
0.0220374818862973
0.0200707829154416
0.0174582074092516
0.0149940426544275
0.0127674433205693
0.010769252359733
0.00897710430194907
0.00728908871820148
0.0370846395165008
0.0353250658734028
0.0329699509773147
0.0310223121238998
0.0293651047140951
0.0280306202052964
0.0269136859096828
0.0257380518794238
0.0272311976685576
0.0245839417162422
0.0214675323332374
0.0184442026265547
0.0148798464136649
0.0270789296362217
0.0246178079162156
0.0221320793328934
0.0134383886082732
0.011949160882321
0.0105444487618118
0.00936763133378419
0.00825458169998374
0.00721837157019098
0.00635641105086781
0.00556979251680282
0.00483781816631687
0.0042217462644066
0.00367790031647134
0.00321197408796968
0.00280742792795758
0.00247986722207125
0.00222305760036519
0.00201687785682363
0.0018685569654548
0.00176946578321058
0.00171768212917918
0.00171718245895198
0.00176804376203222
0.00186752994444129
0.00201010442751153
0.00218348133248009
0.00243633520055991
0.00277749720103308
0.00315180004367656
0.00355195467287387
0.003938982130379
0.00431052061634046
0.00464184005119635
0.0049084212928567
0.00509564286715458
0.0051955180084366
0.0132670746084066
0.0121110586918417
0.0109747923554222
0.0098810825424433
0.00895919310960917
0.00819151741484443
0.00750132948480244
0.00701491047598164
0.00664591736303162
0.00637879540340537
0.0062399743669376
0.0207409481610368
0.019014953757076
0.0167769849501766
0.0193197031828643
0.0159283231561643
0.0125526104025989
0.0161609222737911
0.0154853157415317
0.0147398902979593
0.0153425078560711
0.0131922737012605
0.0107592221796862
0.00907529546926121
0.00764264155566833
0.00614657864234172
0.00470000886945737
0.00358122821982766
0.0026449515313225
0.00175700914318669
0.00101193056586835
0.00037461820362134
-0.000124107011454848
-0.000474368068572613
-0.000693744087202341
-0.000815189243195509
0.0135475680567692
0.011903732093887
0.00998759894676752
0.00821906952000512
0.0067680710257099
0.00542066745393635
0.0137921816640876
0.0129078773454695
0.0119957623498639
0.0048427897220288
0.00438231336867934
0.00410196523497384
0.00399743474258658
0.00407298408760611
0.00433808667628028
0.0047738385937597
0.00540255603336193
0.00629006941618103
0.00749275879257386
0.00903811040630721
0.0109244457816898
0.0131581423346325
0.015786908860486
0.0188142418884796
0.022162281538013
0.0256737297845084
0.0292044312960903
0.0327071528441027
0.0359382471083196
0.0390517827332228
0.0417631198766713
0.0439913077095672
0.0457220372381253
0.0465284630002061
0.0468041424139435
0.0460665000018735
0.0438567059569859
0.0395967960640128
0.033941187691283
0.0279401917277505
0.0229087541414244
0.0200853433421461
0.0181474516066134
0.00480157917123526
0.00434619317503159
0.0040594661295299
0.003909302574073
0.00393291061924492
0.00414113780885106
0.00451864845112474
0.00512426938393416
0.00594503036738607
0.00702331866728811
0.00837010134672872
0.0100333568916473
0.0120552183541108
0.0143953819013897
0.0169786831930879
0.0199032566211663
0.0229088557390007
0.0257401201149041
0.0283362268770629
0.0306581297779798
0.0325805222951523
0.0339498863252497
0.0346802554595694
0.0105015659315251
0.00911425355350716
0.00786757198580848
0.00677342154574627
0.00581250471137065
0.00495638728624852
0.00418777281424053
0.00352811397319735
0.0029857799563369
0.00255120312367345
0.00222231374208129
0.00200199050406252
0.00188815007231444
0.010804364791384
0.00965233182495826
0.00857796903606805
0.00764263094037224
0.0068025614881781
0.00606176638798533
0.00544309396987448
0.00490279407945257
0.00435723424735338
0.0038283566512269
0.00336204466547923
0.00299741966846364
0.00273640042007087
0.00256706340208059
0.00249684555588096
0.00252494543011201
0.00264957945880157
0.00285981929524922
0.00317435540331107
0.00375396879465316
0.0046283323796241
0.00557195174557904
0.00682842150823982
0.00817633229915257
0.00973529254410539
0.0116273219916372
0.0138690857063415
0.0163607239924841
0.018898842176967
0.0213123987715961
0.0236123882811545
0.0258068578519059
0.0276433083862595
0.029293174254104
0.0307732727427749
0.0317719528391781
0.0323025327514492
0.0110729045817077
0.00975903716054556
0.00856647661317373
0.00737401228061664
0.00634053424924421
0.00523494402889357
0.00426009268039525
0.00342632274639645
0.00254999681168282
0.00174503438088787
0.00117814334751784
0.000348498992404027
-0.000190441801414109
-0.000843816359953499
-0.00150844839835589
-0.00200201014851301
-0.00231464901900184
-0.00262886005276556
-0.00289371738678956
-0.00308771214934637
-0.00322116913315547
-0.00328515031363266
0.0113606623700932
0.0102295110838773
0.00914879746765513
0.00812090900049046
0.00718767869258144
0.0063415646784712
0.00556448757898714
0.00479765127000883
0.00416162844162924
0.00352642021165225
0.00289457277293696
0.00229137307008316
0.00145921496572956
0.000645162516259405
-8.24215399159961e-05
-0.000739721998525849
-0.00131213044386436
-0.00182234034443068
-0.00223927550181656
-0.00265973215934179
-0.00303112768457864
-0.00333369643334198
-0.00357152521113496
-0.0037530326297819
-0.00387090327822714
-0.00393359415409104
0.0294110080242223
0.028409881903421
0.0270342199982772
0.0287266454236299
0.0272222896692355
0.0255233692888842
0.0263929444827791
0.0255703648583108
0.0244627696019661
0.0259158158240326
0.024020573625432
0.021439428651198
0.0191355003745713
0.0172820796269938
0.015517753174547
0.0137987148846541
0.0122397614867173
0.010932768511641
0.00974719082066281
0.00874636671249917
0.00791239967771496
0.00716754078366021
0.0063474712959707
0.005495840905956
0.00488159713851028
0.00428631098959236
0.00390292619975074
0.00360710408135835
0.00342914108197855
0.00334036439881005
0.00336035621305441
0.00347758980110971
0.00369353900507997
0.00400857536322864
0.00441405997270043
0.00490899496637763
0.00543300791083314
0.00598337312972283
0.00662077964548641
0.00718750320442489
0.00764630906968415
0.00797793680290302
0.0081604033062329
0.0227790758306277
0.0205845576673376
0.0182567570369623
0.0160533398535115
0.0141237632130329
0.012402552815522
0.0108957095931398
0.00957482745236748
0.00850554169921824
0.00765247053251525
0.00701718391222351
0.00660031641747473
0.00638335605559292
0.0207711815964955
0.0176520417112538
0.0141797210548533
0.0127234195049247
0.0112536975573617
0.00974056811780668
0.0128814264571086
0.0114974034510278
0.00995951947952479
0.00863354675310408
0.00745054114152395
0.00636916258667448
0.00541510013781595
0.00457931101061277
0.00383346793093754
0.00319078827801729
0.00262807722045582
0.0021325747226103
0.00170666460918192
0.00133277019235758
0.00101516863118368
0.000748281661844768
0.000530962272318609
0.000353539429850642
0.000219850797928562
0.00012434254416859
5.97637383167557e-05
1.69304024155146e-05
-4.6966618910987e-06
-9.58874651811441e-06
-4.95870147955511e-06
1.47361724290283e-06
6.70869991557365e-06
0.00872887023607847
0.00765760431093992
0.00654624911372091
0.00549762058946497
0.00464877126071689
0.00389164430962472
0.00317514619601055
0.00259066279173261
0.00213011974122814
0.00166694068687309
0.00123039135518655
0.000845636938974414
0.000537802734403029
0.000304540434052899
7.71612470394151e-05
-0.000112871921181189
-0.000270553234270544
-0.000391734586728679
-0.000479927513421565
-0.000533719945452186
-0.000569987828794176
-0.000597337878667881
-0.00061422229437849
-0.000621105064152831
0.00831392023485092
0.00694908960967764
0.00580750737080923
0.0047162101906971
0.00383046001683746
0.00296264231570881
0.00220149012229995
0.00164637323784988
0.00118657161122035
0.000787510896931453
0.000512163675754317
0.000350232523768402
0.0243694542457606
0.0228655711926642
0.0209928089594095
0.0187232880375067
0.0165937041521372
0.014836680503844
0.0131547433326504
0.0115716983955754
0.010169418850256
0.00883938350872893
0.00756932674514942
0.00643392404665867
0.00545636096991297
0.00446378444426729
0.00345668678279814
0.00255773610311213
0.00180319355392787
0.00115713146310403
0.000611085725467921
0.000175248628783215
-0.000140712587750306
-0.000348080622882407
-0.000468526072151064
0.0245871812499104
0.0234391268268165
0.0220280699368429
0.0202575038903812
0.0183105823508283
0.0164376622231925
0.0147034856484723
0.0130847972057456
0.0115898480003982
0.0102155243475856
0.0089502832192536
0.00782454997122305
0.00675227543980335
0.00573112545404419
0.00481829165145547
0.00400770342764857
0.00327364837142194
0.0025996903273516
0.00198185782277827
0.00142578876483461
0.000920378826932354
0.000461945630309577
5.77739678756283e-05
-0.000315307246636594
-0.000714682554259686
-0.00111013406634659
-0.00146860125254584
-0.00178861445051545
-0.00205989744032585
-0.0022878050433422
-0.00247850108097644
-0.00262447086504371
-0.00273825909163796
-0.00280777248863611
-0.00284585971304578
0.0150506594115377
0.0131345931559723
0.0107592513532319
0.0162123688681767
0.0158668662617845
0.0156885625461165
0.00932998654010301
0.0079389411584731
0.00669587768144454
0.00562033403965231
0.00481291095187574
0.00413979995947198
0.00363294592025048
0.00329984055896508
0.00313320179819085
0.00870238826708031
0.00696469581996016
0.00539472230887571
0.00392509655003518
0.0035032146056954
0.00321967645731993
0.00301993095959249
0.00291784010017054
0.00291055255247635
0.00299219099163337
0.00316158575895114
0.00341808053763376
0.00376537934840522
0.00420678162814413
0.00475301934059063
0.00540821005826577
0.00617083059813984
0.00702517907329279
0.00796648864624942
0.00909836312591242
0.0104657249658309
0.0119360625166132
0.013499843604376
0.0150992030881863
0.0166279806190536
0.0180235813009841
0.019258033199146
0.0202379759608221
0.0209093639647413
0.0212653742455053
0.00307656081750766
0.00242007032978073
0.00193143592023719
0.00144253360412766
0.00121614820814269
0.00105438250228973
0.00657707954838284
0.00593206980793752
0.00537366403418495
0.00495152231551665
0.00470341971509662
0.0046353839080822
0.00474608229746894
0.00503689442500801
0.00552909505864875
0.00625015407879082
0.00718627296242952
0.0083159488234236
0.00973592258470204
0.0115225542569606
0.0136122418504504
0.0160282051961933
0.0187541033432737
0.0217188937128329
0.0248160874083113
0.0279278942590614
0.0309550885935578
0.0338320302085954
0.036490166646735
0.0388525895690201
0.040859511313178
0.0424687144885681
0.0436574404145738
0.0444277399182762
0.0448161009112895
0.00632316843222043
0.00559005369297047
0.0049712889133439
0.00449630227480409
0.00417261369463616
0.00400810201200633
0.00397155463114074
0.00407152784216576
0.00433886604297019
0.00474983404492283
0.00528429740176596
0.00601099370046159
0.00701896361520788
0.00844214399057474
0.0101572663571122
0.0120788123666501
0.0142755748991864
0.0167435233342571
0.019465220982879
0.0224649372329183
0.0254160052826134
0.0287280241142284
0.0310029234646518
0.0333506527036199
0.0361582559241287
0.0386471758320818
0.040902909044
0.0428906337176032
0.0443778373951946
0.0454718357425601
0.0461716882628972
0.046527086827788
0.0243226165120349
0.0223831896104785
0.0203078864398295
0.0183451896890427
0.0163609998942577
0.0251570422356458
0.0237564779688953
0.0216765011383339
0.0199323620278591
0.0181389324032628
0.0163028345997698
0.0147990809430065
0.0133692675618025
0.0118538995986598
0.0102519435844337
0.00891370384220378
0.00766885605821646
0.00651726941885681
0.00545459104960776
0.00449053740369988
0.00362796093729135
0.00284708242549403
0.00219436717707995
0.00142630345978404
0.00073974900169057
0.00020375551981486
-0.000253986311503827
-0.000631919568818353
-0.000906068824821292
-0.00107736208228319
-0.00117388746812244
0.0147711735801265
0.0122410946830871
0.0090804912773455
0.0152876284062705
0.0138117394079062
0.0121334164948946
0.0104016403457369
0.00751495863786674
0.00643092508686597
0.00564814074694213
0.00788993086387508
0.00688310363665277
0.00591320365667005
0.00519458581226163
0.00431444880620527
0.00543436434318589
0.00510937255097798
0.00479122642165812
0.00459999939358789
0.00480196934900663
0.00407522952446213
0.00338732693443514
0.00482801282508027
0.00528305166120973
0.00599348837226803
0.0068436957595229
0.00797698247895432
0.00942569142784778
0.011108368404551
0.0132457970670371
0.0158233091753666
0.0187905401666531
0.02205949251186
0.0259855412980861
0.00434935220412892
0.00420820298559943
0.00419569578001308
0.00428853086700758
0.00454941962717061
0.00487287136296768
0.00542095633359048
0.00616355204825757
0.0069894367607294
0.00798677524539512
0.00920804960518694
0.0106739705838277
0.012252359840226
0.0140162735058162
0.0163038906995217
0.0186123813207092
0.0212446723840679
0.0236812885799026
0.0261149186171088
0.0283922252115914
0.0302854943137486
0.0319063662105353
0.0331859861004115
0.0339758930289555
0.0343753832356937
0.0271706649884638
0.0284560582969521
0.0297173467221776
0.0307190870645349
0.0316797417235248
0.0322899834960113
0.0326363085088844
0.0286139379631497
0.0312998110518024
0.0340592570673946
0.0366239017597212
0.0390771943807059
0.0413885147722668
0.0434142772585697
0.0450856369765869
0.0463222821515406
0.0470980296902658
0.0474183189337693
0.0471918062366321
0.0462923957320003
0.0446527839056542
0.0424070476435979
0.0397677292867649
0.0373694776056653
0.0359601272741933
0.00335328697497631
0.0033613577645564
0.00342473655092322
0.00355376673679575
0.00374194885432006
0.00397831583193496
0.00426247027833287
0.00459532702933345
0.00497905608375709
0.00541695791523381
0.00591313003250139
0.00647222751970472
0.00709826009042204
0.00782893978581703
0.00281253640244737
0.00222775308272401
0.00164654564083697
0.00108013662986471
0.00059079759595776
0.000123700093472357
-0.00031607560149372
-0.000714634608654524
-0.00108133888682174
-0.00144854547928444
-0.00182003117768438
-0.00216043793952519
-0.00244189628477979
-0.00267147824993821
-0.00284501033739753
-0.00298153394220514
-0.00306892948382719
-0.00311776141683168
0.00876512031006522
0.00978892456816583
0.0108913021319496
0.012286075459045
0.0137669391610463
0.0152709704759215
0.0173288180007302
0.0200602670885536
0.0229107741001653
0.0255343153838948
0.0278750422837264
0.0299982062481034
0.03198322800099
0.0337474055462126
0.035173234134883
0.0361836854078572
0.0368560961024294
0.0372322530292516
0.00790888624139927
0.00805184034440186
0.00824787546495591
0.00848975828673965
0.00877389412556974
0.00909482076989001
0.00942730981828252
0.00973152712349245
0.00997975028647696
0.0101548564493593
0.0102483244211742
0.00431726923422054
0.0044140432527993
0.0046247346020293
0.00492942370357081
0.00531871501766434
0.00581266958554974
0.00639584140662063
0.0071401353546636
0.00801345789437605
0.00903705856151308
0.0102938892526949
0.0033636581807116
0.00233162959005099
0.00146065454085095
0.000565237391894718
-0.00012909487000416
-0.000872724289608488
-0.00146920455801896
-0.00196084495735476
-0.00240814211718586
-0.00265931866514588
-0.00289887077420094
-0.00304854142908502
-0.0031233591321132
0.0102421359766007
0.0103767999551716
0.0106345986204545
0.0110259231082191
0.0114438292427218
0.0118766622036654
0.0122278564913473
0.0125170640311732
0.0126986618857765
0.0117914229458149
0.0134907200908166
0.0154011331658573
0.0175266495585751
0.0198573638332749
0.0223363300890977
0.0249047481028883
0.0275514440852836
0.0301629002981543
0.0326728698516283
0.0351584876346744
0.0374592911605308
0.0395504516135901
0.0414564682495082
0.0431512300949569
0.0446736156361059
0.0459772296846484
0.0469877745246169
0.0476842701770816
0.0481705134681801
0.0484765147611556
0.0486208244568242
0.00966638463217441
0.00887944199548859
0.00811684590335353
0.00744052488350729
0.00684851015291361
0.00631939820286125
0.00581544301575218
0.00539758568763539
0.0051364853041106
0.00485235763971678
0.00459004025849572
0.00441821917357826
0.00429703103374391
0.00423213912262482
0.00423311845682148
0.00430065823225465
0.00964086032708334
0.00890326492014652
0.00823663116999857
0.0076535150143473
0.00713647374446805
0.00667518516238825
0.0062642122392222
0.00591399454532642
0.00565502313626663
0.00550411098446636
0.00545600045642369
0.00548871149343121
0.00558855589810833
0.00580191260020577
0.00466071652525
0.00520245957915523
0.00585255699107441
0.00657432333286217
0.00746957028222321
0.00842621965858189
0.00947082068504075
0.010826094913901
0.012087459423528
0.0134049537663601
0.0146627343946105
0.0158761809318021
0.0169363232725208
0.0177829386220719
0.0183856717588622
0.0187105762221188
0.00416109208418402
0.00409078376888721
0.00408852081193203
0.00415217598948133
0.00426430426772017
0.00444304917085486
0.00466216294776621
0.00489357309470058
0.00512481719038051
0.00535810298378544
0.00559256574057376
0.00581371045367662
0.00599418556914051
0.00609981147914147
0.00613806046112034
0.00655424394712943
0.00706950467310885
0.00772726676384636
0.00851412249307752
0.00944850595856049
0.010483299619842
0.0116654524524559
0.0130810683705921
0.0146935427970492
0.0164025730235014
0.018179066606178
0.020084796311339
0.0221965696093242
0.00579459668300235
0.00590466161032687
0.00612783675161506
0.00651846936582464
0.00719219481344836
0.00806583533806237
0.00903185280264358
0.0103046200618602
0.0118460631700094
0.0136185376387507
0.0156490812917345
0.0177102470092817
0.0200989064763809
0.0226763467494206
0.0253766235277425
0.0279861174947665
0.0305568473508074
0.0331762838938484
0.0356446174555231
0.0379226125244982
0.0400023966248918
0.0418349942124471
0.0433450995598442
0.0444365079624493
0.0450236034675452
0.044976655432451
0.0440343216268355
0.0418451168597615
0.0377019255459013
0.0313924072391992
0.0234783103235249
0.0242854327121255
0.0265751689879455
0.0290558610818705
0.0316936000910951
0.0344017671458736
0.0368649485249768
0.0388832918821049
0.0407694774617226
0.0425424461250905
0.0439953820505287
0.0451720223729219
0.046007589167157
0.0465162793811666
0.0466228378295522
0.0462227264649603
0.0452636065015971
0.0433297773557484
0.0400220728988339
0.0354910574395728
0.0305328628903418
0.0256555850163805
0.0210019294273618
0.016969993368317
0.0136933479527989
0.0109683275357232
0.00855676275998375
0.0222514085126043
0.0223087751732688
0.0223571081577241
0.00702931411287481
0.00558614037760872
0.00428407024936588
0.00321160270316336
0.00236257705819605
0.00164273141030262
0.0070706562905764
0.00568879691688106
0.00492339938089881
0.00447311252099569
0.00126214124088326
0.0010176043380317
0.000874843726767672
0.000805579742270943
0.00134398784857328
0.00116885852297139
0.0010903038831208
0.0191702035915954
0.0154036919586315
0.0123750911905422
0.00974792359837673
0.00733811879423045
0.00518898814883361
0.0194803076892112
0.0161073841069128
0.0132271025841667
0.0108124813968079
0.00878903142997813
0.0072232418984796
0.00582330584591409
0.00473108631849752
0.00382616293481008
0.00308859197878785
0.00250491569939314
0.00202438988466221
0.00164239263582536
0.00132589877041891
0.00107054459626841
0.000868595287868798
0.000690935722944157
0.00417146504918649
0.00344741852368221
0.00282563753968727
0.00233746262859891
0.0019169067808034
0.00157827976774608
0.00130447632180635
0.00108380830324609
0.000905300556649961
0.000763734944151419
0.000647991226603142
0.000553329156390843
0.000477670332019694
0.00041908861133685
0.000374853677101567
0.000342224287729038
0.000319266741399076
0.000304713676895351
0.00029743820372439
0.00424515960986301
0.0035757232873324
0.00304250213725297
0.00267765708646815
0.00245157125198549
0.00233804613038196
0.000582829631182586
0.000489310554493877
0.000417185191312228
0.000366603300395576
0.000329883144476682
0.000307178996812877
0.000295824032084883
0.000587908288267156
0.000507494502471893
0.000455652562629117
0.000431077879099226
