9.77887451293875e-06
9.77887451293875e-06
9.77887451293875e-06
9.77887451293875e-06
9.77887451293876e-06
9.77887451293876e-06
9.77887451293877e-06
9.77887451293875e-06
9.77887451293876e-06
9.77887451293877e-06
9.77887451293877e-06
9.77887451293878e-06
9.77887451293879e-06
9.77887451293879e-06
9.7788745129388e-06
9.77887451293875e-06
9.77887451293874e-06
9.77887451293873e-06
9.77887451293873e-06
9.77887451293873e-06
9.77887451293874e-06
9.77887451293874e-06
9.77887451293874e-06
9.77887451293875e-06
9.77887451293875e-06
9.77887451293876e-06
9.77887451293877e-06
9.77887451293877e-06
9.77887451293878e-06
9.77887451293878e-06
9.77887451293878e-06
9.77887451293879e-06
9.77887451293875e-06
9.77887451293875e-06
9.77887451293875e-06
9.77887451293874e-06
9.77887451293874e-06
9.77887451293874e-06
9.77887451293874e-06
9.77887451293874e-06
9.77887451293875e-06
9.77887451293876e-06
9.77887451293877e-06
9.77887451293878e-06
9.77887451293879e-06
9.77887451293875e-06
9.77887451293875e-06
9.77887451293875e-06
9.77887451293878e-06
9.77887451293879e-06
9.77887451293879e-06
9.77887451293879e-06
9.77887451293879e-06
9.7788745129388e-06
9.77887451293881e-06
9.77887451293881e-06
9.77887451293881e-06
9.7788745129388e-06
9.7788745129388e-06
9.7788745129388e-06
9.7788745129388e-06
9.77887451293879e-06
9.77887451293879e-06
9.77887451293879e-06
9.7788745129388e-06
9.7788745129388e-06
9.7788745129388e-06
9.77887451293881e-06
9.7788745129388e-06
9.7788745129388e-06
9.7788745129388e-06
9.77887451293879e-06
9.77887451293879e-06
9.77887451293878e-06
9.77887451293878e-06
9.77887451293879e-06
9.77887451293879e-06
9.77887451293879e-06
9.77887451293879e-06
9.77887451293879e-06
9.77887451293879e-06
9.77887451293879e-06
9.7788745129388e-06
9.7788745129388e-06
9.77887451293881e-06
9.77887451293881e-06
9.77887451293882e-06
9.77887451293882e-06
9.77887451293882e-06
9.77887451293882e-06
9.77887451293881e-06
9.77887451293881e-06
9.77887451293881e-06
9.77887451293876e-06
9.77887451293876e-06
9.77887451293878e-06
9.77887451293876e-06
9.77887451293877e-06
9.77887451293878e-06
9.77887451293878e-06
9.77887451293879e-06
9.77887451293879e-06
9.77887451293878e-06
9.77887451293879e-06
9.77887451293879e-06
9.77887451293879e-06
9.77887451293879e-06
9.77887451293879e-06
9.77887451293879e-06
9.77887451293878e-06
9.77887451293878e-06
9.77887451293879e-06
9.77887451293879e-06
9.7788745129388e-06
9.77887451293881e-06
9.77887451293881e-06
9.77887451293881e-06
9.77887451293881e-06
9.77887451293879e-06
9.77887451293879e-06
9.77887451293879e-06
9.77887451293879e-06
9.7788745129388e-06
9.77887451293881e-06
9.7788745129388e-06
9.77887451293881e-06
9.77887451293881e-06
9.77887451293882e-06
9.77887451293882e-06
9.77887451293883e-06
9.77887451293883e-06
9.77887451293884e-06
9.77887451293884e-06
9.77887451293884e-06
9.77887451293884e-06
9.77887451293884e-06
9.77887451293883e-06
9.77887451293882e-06
9.77887451293882e-06
9.77887451293882e-06
9.77887451293881e-06
9.77887451293881e-06
9.7788745129388e-06
9.7788745129388e-06
9.7788745129388e-06
9.7788745129388e-06
9.77887451293879e-06
9.77887451293879e-06
9.77887451293879e-06
9.77887451293879e-06
9.77887451293879e-06
9.7788745129388e-06
9.77887451293881e-06
9.77887451293881e-06
9.77887451293882e-06
9.77887451293882e-06
9.77887451293883e-06
9.77887451293883e-06
9.77887451293883e-06
9.77887451293883e-06
9.77887451293883e-06
9.77887451293881e-06
9.77887451293881e-06
9.7788745129388e-06
9.7788745129388e-06
9.7788745129388e-06
9.7788745129388e-06
9.7788745129388e-06
9.77887451293881e-06
9.77887451293881e-06
9.77887451293882e-06
9.77887451293882e-06
9.77887451293882e-06
9.77887451293882e-06
9.77887451293882e-06
9.77887451293882e-06
9.77887451293882e-06
9.77887451293882e-06
9.77887451293882e-06
9.77887451293882e-06
9.77887451293882e-06
9.77887451293881e-06
9.77887451293882e-06
9.77887451293881e-06
9.77887451293881e-06
9.77887451293881e-06
9.7788745129388e-06
9.7788745129388e-06
9.7788745129388e-06
9.7788745129388e-06
9.77887451293881e-06
9.77887451293881e-06
9.77887451293881e-06
9.77887451293882e-06
9.77887451293882e-06
9.77887451293882e-06
9.77887451293882e-06
9.77887451293882e-06
9.77887451293882e-06
9.77887451293883e-06
9.77887451293883e-06
9.77887451293883e-06
9.77887451293884e-06
9.77887451293884e-06
9.77887451293884e-06
9.77887451293883e-06
9.77887451293883e-06
9.77887451293882e-06
9.77887451293881e-06
9.77887451293881e-06
9.7788745129388e-06
9.7788745129388e-06
9.7788745129388e-06
9.7788745129388e-06
9.7788745129388e-06
9.77887451293879e-06
9.77887451293879e-06
9.77887451293879e-06
9.77887451293879e-06
9.77887451293879e-06
9.7788745129388e-06
9.7788745129388e-06
9.77887451293881e-06
9.77887451293881e-06
9.77887451293881e-06
9.77887451293882e-06
9.77887451293882e-06
9.77887451293882e-06
9.77887451293882e-06
9.77887451293881e-06
9.77887451293882e-06
9.77887451293881e-06
9.77887451293882e-06
9.77887451293881e-06
9.77887451293877e-06
9.77887451293877e-06
9.77887451293877e-06
9.77887451293876e-06
9.77887451293876e-06
9.77887451293876e-06
9.77887451293876e-06
9.77887451293876e-06
9.77887451293877e-06
9.77887451293877e-06
9.77887451293878e-06
9.77887451293878e-06
9.77887451293879e-06
9.7788745129388e-06
9.7788745129388e-06
9.7788745129388e-06
9.77887451293879e-06
9.77887451293879e-06
9.77887451293879e-06
9.77887451293879e-06
9.77887451293879e-06
9.77887451293878e-06
9.77887451293879e-06
9.77887451293879e-06
9.7788745129388e-06
9.77887451293881e-06
9.7788745129388e-06
9.77887451293879e-06
9.77887451293879e-06
9.77887451293879e-06
9.77887451293879e-06
9.77887451293879e-06
9.77887451293879e-06
9.77887451293878e-06
9.77887451293878e-06
9.77887451293878e-06
9.77887451293879e-06
9.77887451293879e-06
9.77887451293879e-06
9.7788745129388e-06
9.7788745129388e-06
9.7788745129388e-06
9.77887451293879e-06
9.77887451293879e-06
9.77887451293878e-06
9.77887451293878e-06
9.77887451293878e-06
9.77887451293878e-06
9.77887451293877e-06
9.77887451293877e-06
9.77887451293878e-06
9.77887451293878e-06
9.77887451293879e-06
9.7788745129388e-06
9.77887451293878e-06
9.77887451293878e-06
9.77887451293878e-06
9.77887451293878e-06
9.77887451293878e-06
9.77887451293878e-06
9.77887451293878e-06
9.77887451293878e-06
9.77887451293878e-06
9.77887451293879e-06
9.77887451293879e-06
9.77887451293879e-06
9.77887451293879e-06
9.77887451293879e-06
9.77887451293879e-06
9.7788745129388e-06
9.7788745129388e-06
9.77887451293881e-06
9.77887451293881e-06
9.77887451293882e-06
9.77887451293883e-06
9.77887451293883e-06
9.77887451293883e-06
9.77887451293883e-06
9.77887451293883e-06
9.77887451293883e-06
9.77887451293883e-06
9.77887451293883e-06
9.77887451293883e-06
9.77887451293882e-06
9.77887451293881e-06
9.77887451293881e-06
9.77887451293881e-06
9.77887451293881e-06
9.77887451293881e-06
9.77887451293882e-06
9.77887451293882e-06
9.77887451293878e-06
9.77887451293878e-06
9.77887451293878e-06
9.77887451293878e-06
9.77887451293879e-06
9.77887451293879e-06
9.77887451293879e-06
9.7788745129388e-06
9.7788745129388e-06
9.7788745129388e-06
9.77887451293879e-06
9.77887451293879e-06
9.77887451293879e-06
9.77887451293878e-06
9.77887451293879e-06
9.77887451293879e-06
9.7788745129388e-06
9.7788745129388e-06
9.7788745129388e-06
9.77887451293878e-06
9.77887451293878e-06
9.77887451293877e-06
9.77887451293877e-06
9.77887451293876e-06
9.77887451293876e-06
9.77887451293875e-06
9.77887451293875e-06
9.77887451293875e-06
9.77887451293875e-06
9.77887451293875e-06
9.77887451293875e-06
9.77887451293876e-06
9.77887451293876e-06
9.77887451293876e-06
9.77887451293876e-06
9.77887451293876e-06
9.77887451293876e-06
9.77887451293876e-06
9.77887451293876e-06
9.77887451293877e-06
9.77887451293878e-06
9.77887451293878e-06
9.77887451293879e-06
9.77887451293879e-06
9.77887451293879e-06
9.77887451293879e-06
9.77887451293879e-06
9.77887451293879e-06
9.77887451293879e-06
9.77887451293879e-06
9.7788745129388e-06
9.77887451293881e-06
9.77887451293881e-06
9.77887451293882e-06
9.77887451293882e-06
9.77887451293881e-06
9.77887451293881e-06
9.77887451293881e-06
9.77887451293881e-06
9.77887451293881e-06
9.77887451293882e-06
9.77887451293882e-06
9.77887451293883e-06
9.77887451293883e-06
9.77887451293884e-06
9.77887451293884e-06
9.77887451293884e-06
9.77887451293884e-06
9.77887451293884e-06
9.77887451293884e-06
9.7788745129388e-06
9.77887451293881e-06
9.77887451293881e-06
9.77887451293881e-06
9.77887451293881e-06
9.77887451293881e-06
9.77887451293881e-06
9.77887451293881e-06
9.77887451293881e-06
9.77887451293881e-06
9.77887451293882e-06
9.77887451293882e-06
9.7788745129388e-06
9.7788745129388e-06
9.77887451293881e-06
9.77887451293881e-06
9.77887451293881e-06
9.77887451293881e-06
9.77887451293881e-06
9.77887451293881e-06
9.7788745129388e-06
9.7788745129388e-06
9.7788745129388e-06
9.77887451293879e-06
9.7788745129388e-06
9.7788745129388e-06
9.7788745129388e-06
9.77887451293881e-06
9.77887451293881e-06
9.77887451293881e-06
9.77887451293881e-06
9.77887451293881e-06
9.77887451293881e-06
9.77887451293881e-06
9.77887451293881e-06
9.7788745129388e-06
9.7788745129388e-06
9.7788745129388e-06
9.7788745129388e-06
9.7788745129388e-06
9.7788745129388e-06
9.77887451293881e-06
9.7788745129388e-06
9.7788745129388e-06
9.7788745129388e-06
9.7788745129388e-06
9.7788745129388e-06
9.77887451293879e-06
9.77887451293879e-06
9.77887451293879e-06
9.77887451293879e-06
9.77887451293879e-06
9.77887451293879e-06
9.77887451293879e-06
9.77887451293879e-06
9.77887451293879e-06
9.7788745129388e-06
9.7788745129388e-06
9.7788745129388e-06
9.7788745129388e-06
9.7788745129388e-06
9.77887451293881e-06
9.7788745129388e-06
9.7788745129388e-06
9.7788745129388e-06
9.77887451293881e-06
9.77887451293881e-06
9.7788745129388e-06
9.7788745129388e-06
9.7788745129388e-06
9.7788745129388e-06
9.7788745129388e-06
9.77887451293879e-06
9.7788745129388e-06
9.7788745129388e-06
9.7788745129388e-06
9.77887451293879e-06
9.77887451293879e-06
9.77887451293878e-06
9.77887451293878e-06
9.77887451293878e-06
9.77887451293877e-06
9.77887451293877e-06
9.77887451293877e-06
9.77887451293876e-06
9.77887451293879e-06
9.77887451293879e-06
9.77887451293879e-06
9.77887451293878e-06
9.77887451293878e-06
9.77887451293878e-06
9.77887451293878e-06
9.77887451293878e-06
9.77887451293878e-06
9.77887451293877e-06
9.77887451293877e-06
9.77887451293877e-06
9.77887451293876e-06
9.77887451293876e-06
9.77887451293876e-06
9.77887451293876e-06
9.77887451293876e-06
9.77887451293877e-06
9.77887451293878e-06
9.77887451293879e-06
9.77887451293879e-06
9.77887451293879e-06
9.77887451293879e-06
9.77887451293879e-06
9.77887451293879e-06
9.77887451293878e-06
9.77887451293878e-06
9.77887451293878e-06
9.77887451293877e-06
9.77887451293877e-06
9.77887451293877e-06
9.77887451293877e-06
9.77887451293876e-06
9.77887451293876e-06
9.77887451293876e-06
9.77887451293876e-06
9.77887451293878e-06
9.77887451293878e-06
9.77887451293878e-06
9.77887451293878e-06
9.77887451293878e-06
9.77887451293878e-06
9.77887451293878e-06
9.77887451293878e-06
9.77887451293878e-06
9.77887451293878e-06
9.77887451293878e-06
9.77887451293877e-06
9.77887451293877e-06
9.77887451293877e-06
9.77887451293877e-06
9.77887451293877e-06
9.77887451293878e-06
9.77887451293878e-06
9.77887451293879e-06
9.77887451293879e-06
9.77887451293879e-06
9.77887451293879e-06
9.77887451293878e-06
9.77887451293878e-06
9.77887451293878e-06
9.77887451293878e-06
9.77887451293878e-06
9.77887451293878e-06
9.77887451293879e-06
9.77887451293878e-06
9.77887451293878e-06
9.77887451293878e-06
9.77887451293878e-06
9.77887451293878e-06
9.77887451293878e-06
9.77887451293878e-06
9.77887451293878e-06
9.77887451293878e-06
9.77887451293878e-06
9.77887451293879e-06
9.77887451293879e-06
9.77887451293879e-06
9.77887451293879e-06
9.77887451293878e-06
9.77887451293878e-06
9.77887451293877e-06
9.77887451293877e-06
9.77887451293877e-06
9.77887451293877e-06
9.77887451293877e-06
9.77887451293877e-06
9.77887451293877e-06
9.77887451293877e-06
9.77887451293877e-06
9.77887451293877e-06
9.77887451293878e-06
9.77887451293877e-06
9.77887451293877e-06
9.77887451293878e-06
9.77887451293878e-06
9.77887451293879e-06
9.77887451293874e-06
9.77887451293874e-06
9.77887451293874e-06
9.77887451293873e-06
9.77887451293873e-06
9.77887451293874e-06
9.77887451293874e-06
9.77887451293874e-06
9.77887451293874e-06
9.77887451293874e-06
9.77887451293873e-06
9.77887451293873e-06
9.77887451293873e-06
9.77887451293873e-06
9.77887451293873e-06
9.77887451293873e-06
9.77887451293873e-06
9.77887451293873e-06
9.77887451293873e-06
9.77887451293873e-06
9.77887451293874e-06
9.77887451293875e-06
9.77887451293875e-06
9.77887451293876e-06
9.77887451293876e-06
9.77887451293877e-06
9.77887451293877e-06
9.77887451293878e-06
9.77887451293878e-06
9.77887451293878e-06
9.77887451293878e-06
9.77887451293873e-06
9.77887451293873e-06
9.77887451293874e-06
9.77887451293873e-06
9.77887451293874e-06
9.77887451293875e-06
9.77887451293876e-06
9.77887451293874e-06
9.77887451293873e-06
9.77887451293873e-06
9.77887451293876e-06
9.77887451293877e-06
9.77887451293878e-06
9.77887451293878e-06
9.7788745129388e-06
9.77887451293873e-06
9.77887451293873e-06
9.77887451293875e-06
9.77887451293875e-06
9.77887451293872e-06
9.77887451293871e-06
9.7788745129387e-06
9.77887451293876e-06
9.77887451293877e-06
9.77887451293877e-06
9.77887451293878e-06
9.77887451293878e-06
9.77887451293879e-06
9.77887451293879e-06
9.77887451293879e-06
9.77887451293879e-06
9.77887451293879e-06
9.7788745129388e-06
9.77887451293881e-06
9.77887451293876e-06
9.77887451293876e-06
9.77887451293877e-06
9.77887451293877e-06
9.77887451293877e-06
9.77887451293877e-06
9.77887451293877e-06
9.77887451293878e-06
9.77887451293878e-06
9.77887451293878e-06
9.77887451293878e-06
9.77887451293878e-06
9.77887451293878e-06
9.77887451293879e-06
9.7788745129388e-06
9.7788745129388e-06
9.77887451293881e-06
9.77887451293881e-06
9.77887451293881e-06
9.77887451293881e-06
9.77887451293881e-06
9.77887451293881e-06
9.77887451293881e-06
9.77887451293881e-06
9.77887451293881e-06
9.7788745129388e-06
9.7788745129388e-06
9.7788745129388e-06
9.7788745129388e-06
9.7788745129388e-06
9.7788745129388e-06
9.7788745129388e-06
9.77887451293881e-06
9.77887451293882e-06
9.77887451293882e-06
9.77887451293881e-06
9.7788745129388e-06
9.7788745129388e-06
9.7788745129388e-06
9.7788745129388e-06
9.7788745129388e-06
9.7788745129388e-06
9.7788745129388e-06
9.7788745129388e-06
9.7788745129388e-06
9.7788745129388e-06
9.7788745129388e-06
9.7788745129388e-06
9.7788745129388e-06
9.7788745129388e-06
9.7788745129387e-06
9.7788745129387e-06
9.7788745129387e-06
9.77887451293871e-06
9.77887451293871e-06
9.77887451293872e-06
9.77887451293873e-06
9.77887451293873e-06
9.77887451293874e-06
9.77887451293874e-06
9.77887451293874e-06
9.77887451293874e-06
9.77887451293874e-06
9.77887451293874e-06
9.77887451293871e-06
9.77887451293871e-06
9.77887451293871e-06
9.7788745129387e-06
9.7788745129387e-06
9.7788745129387e-06
9.7788745129387e-06
9.7788745129387e-06
9.77887451293869e-06
9.77887451293869e-06
9.77887451293869e-06
9.7788745129387e-06
9.7788745129387e-06
9.77887451293871e-06
9.77887451293871e-06
9.77887451293872e-06
9.77887451293872e-06
9.77887451293872e-06
9.77887451293875e-06
9.77887451293874e-06
9.77887451293875e-06
9.77887451293875e-06
9.77887451293875e-06
9.77887451293876e-06
9.77887451293876e-06
9.77887451293877e-06
9.77887451293877e-06
9.77887451293878e-06
9.77887451293879e-06
9.77887451293879e-06
9.77887451293878e-06
9.77887451293877e-06
9.77887451293877e-06
9.77887451293877e-06
9.77887451293877e-06
9.77887451293877e-06
9.77887451293874e-06
9.77887451293874e-06
9.77887451293875e-06
9.77887451293875e-06
9.77887451293876e-06
9.77887451293876e-06
9.77887451293877e-06
9.77887451293877e-06
9.77887451293877e-06
9.77887451293877e-06
9.77887451293877e-06
9.77887451293881e-06
9.77887451293882e-06
9.77887451293883e-06
9.77887451293883e-06
9.77887451293883e-06
9.77887451293883e-06
9.77887451293883e-06
9.77887451293883e-06
9.77887451293883e-06
9.77887451293883e-06
9.77887451293884e-06
9.77887451293881e-06
9.77887451293881e-06
9.77887451293881e-06
9.77887451293881e-06
9.77887451293881e-06
9.77887451293881e-06
9.77887451293881e-06
9.77887451293881e-06
9.77887451293882e-06
9.77887451293883e-06
9.77887451293883e-06
9.77887451293883e-06
9.77887451293883e-06
9.77887451293884e-06
9.77887451293884e-06
9.77887451293885e-06
9.77887451293885e-06
9.77887451293885e-06
9.77887451293886e-06
9.77887451293886e-06
9.77887451293885e-06
9.77887451293885e-06
9.77887451293883e-06
9.77887451293883e-06
9.77887451293883e-06
9.77887451293882e-06
9.77887451293883e-06
9.77887451293882e-06
9.77887451293882e-06
9.77887451293882e-06
9.77887451293882e-06
9.77887451293882e-06
9.77887451293881e-06
9.77887451293881e-06
9.7788745129388e-06
9.77887451293881e-06
9.77887451293882e-06
9.77887451293883e-06
9.77887451293884e-06
9.77887451293885e-06
9.77887451293886e-06
9.77887451293886e-06
9.77887451293886e-06
9.77887451293886e-06
9.77887451293877e-06
9.77887451293877e-06
9.77887451293877e-06
9.77887451293878e-06
9.77887451293879e-06
9.77887451293879e-06
9.7788745129388e-06
9.7788745129388e-06
9.77887451293881e-06
9.77887451293881e-06
9.77887451293881e-06
9.77887451293881e-06
9.77887451293881e-06
9.77887451293881e-06
9.77887451293882e-06
9.77887451293882e-06
9.77887451293876e-06
9.77887451293877e-06
9.77887451293878e-06
9.77887451293879e-06
9.77887451293879e-06
9.7788745129388e-06
9.7788745129388e-06
9.77887451293881e-06
9.77887451293881e-06
9.7788745129388e-06
9.7788745129388e-06
9.7788745129388e-06
9.7788745129388e-06
9.7788745129388e-06
9.77887451293882e-06
9.77887451293883e-06
9.77887451293883e-06
9.77887451293883e-06
9.77887451293883e-06
9.77887451293882e-06
9.77887451293882e-06
9.77887451293881e-06
9.77887451293881e-06
9.77887451293882e-06
9.77887451293882e-06
9.77887451293882e-06
9.77887451293882e-06
9.77887451293883e-06
9.77887451293883e-06
9.77887451293882e-06
9.77887451293882e-06
9.77887451293882e-06
9.77887451293881e-06
9.77887451293881e-06
9.77887451293881e-06
9.7788745129388e-06
9.7788745129388e-06
9.7788745129388e-06
9.77887451293881e-06
9.77887451293881e-06
9.77887451293881e-06
9.7788745129388e-06
9.7788745129388e-06
9.7788745129388e-06
9.7788745129388e-06
9.7788745129388e-06
9.77887451293881e-06
9.77887451293881e-06
9.77887451293882e-06
9.77887451293883e-06
9.77887451293883e-06
9.77887451293883e-06
9.77887451293883e-06
9.77887451293883e-06
9.77887451293883e-06
9.77887451293883e-06
9.77887451293883e-06
9.77887451293882e-06
9.7788745129388e-06
9.7788745129388e-06
9.7788745129388e-06
9.7788745129388e-06
9.77887451293879e-06
9.7788745129388e-06
9.7788745129388e-06
9.77887451293881e-06
9.77887451293881e-06
9.77887451293882e-06
9.77887451293881e-06
9.77887451293881e-06
9.7788745129388e-06
9.7788745129388e-06
9.77887451293881e-06
9.77887451293881e-06
9.77887451293881e-06
9.77887451293882e-06
9.77887451293882e-06
9.77887451293883e-06
9.77887451293883e-06
9.77887451293883e-06
9.77887451293883e-06
9.77887451293883e-06
9.77887451293883e-06
9.77887451293883e-06
9.77887451293883e-06
9.77887451293883e-06
9.77887451293883e-06
9.77887451293883e-06
9.77887451293883e-06
9.77887451293882e-06
9.77887451293882e-06
9.77887451293882e-06
9.77887451293882e-06
9.77887451293883e-06
9.77887451293883e-06
9.77887451293882e-06
9.77887451293882e-06
9.77887451293882e-06
9.77887451293882e-06
9.77887451293882e-06
9.77887451293882e-06
9.77887451293882e-06
9.77887451293881e-06
9.77887451293881e-06
9.7788745129388e-06
9.7788745129388e-06
9.7788745129388e-06
9.7788745129388e-06
9.77887451293881e-06
9.77887451293881e-06
9.77887451293881e-06
9.77887451293881e-06
9.7788745129388e-06
9.77887451293879e-06
9.77887451293879e-06
9.77887451293882e-06
9.77887451293881e-06
9.77887451293881e-06
9.77887451293879e-06
9.77887451293879e-06
9.77887451293879e-06
9.77887451293879e-06
9.77887451293879e-06
9.77887451293879e-06
9.77887451293878e-06
9.77887451293877e-06
9.77887451293877e-06
9.77887451293876e-06
9.77887451293878e-06
9.77887451293878e-06
9.77887451293878e-06
9.77887451293878e-06
9.77887451293879e-06
9.77887451293879e-06
9.77887451293878e-06
9.77887451293883e-06
9.77887451293883e-06
9.77887451293883e-06
9.77887451293883e-06
9.77887451293883e-06
9.77887451293884e-06
9.77887451293883e-06
9.77887451293883e-06
9.77887451293883e-06
9.77887451293884e-06
9.77887451293884e-06
9.77887451293884e-06
9.77887451293883e-06
9.77887451293883e-06
9.77887451293882e-06
9.77887451293882e-06
9.77887451293882e-06
9.77887451293882e-06
9.77887451293882e-06
9.77887451293882e-06
9.77887451293882e-06
9.77887451293882e-06
9.77887451293882e-06
9.77887451293886e-06
9.77887451293887e-06
9.77887451293888e-06
9.77887451293889e-06
9.77887451293889e-06
9.7788745129389e-06
9.77887451293889e-06
9.7788745129389e-06
9.7788745129389e-06
9.7788745129389e-06
9.77887451293891e-06
9.77887451293891e-06
9.7788745129389e-06
9.7788745129389e-06
9.7788745129389e-06
9.7788745129389e-06
9.7788745129389e-06
9.7788745129389e-06
9.77887451293889e-06
9.77887451293883e-06
9.77887451293882e-06
9.77887451293881e-06
9.77887451293881e-06
9.7788745129388e-06
9.7788745129388e-06
9.77887451293882e-06
9.77887451293882e-06
9.77887451293882e-06
9.77887451293882e-06
9.77887451293882e-06
9.77887451293881e-06
9.77887451293881e-06
9.77887451293882e-06
9.77887451293882e-06
9.77887451293882e-06
9.77887451293882e-06
