0.05
0.0369118306533486
0.0337624945369449
0.028446984802748
0.0351858448759511
0.0327264908919338
0.0299860538825924
0.0369067529458557
0.0342916491922773
0.029724119757784
0.0264604543207531
0.0238080230737775
0.0218069380086862
0.0191582290828671
0.0160196712029108
0.0370873536654147
0.0330231560385247
0.0296404154010449
0.029183713194385
0.0274293912808066
0.0256431390793523
0.0251894989289996
0.0249220327038675
0.0246168925567066
0.0240965785661166
0.023092460506927
0.0218273758858434
0.0206969387193914
0.0197341117429025
0.0189176555337716
0.0182117988804474
0.0175424090081739
0.0368031304720236
0.0350406565151694
0.0326875748414062
0.0307455237242808
0.0290943709195226
0.0277630004701709
0.0266441754857731
0.0254596011597702
0.0255942441275204
0.0228596604728536
0.0198086406017327
0.0169977937434803
0.0138321231431424
0.0252809787953249
0.0225283370023329
0.0198535035001848
0.0126942249621903
0.0115897096901444
0.0106241564214572
0.0098886265787735
0.00927704165745591
0.00880947480039514
0.00852510126945071
0.00838284491906098
0.0083960331255608
0.00856898686220372
0.00890909344612364
0.00941855050091701
0.0101257394068281
0.0110035575162514
0.0120352445371859
0.0133023721593669
0.0147763038315548
0.0165266483704025
0.0186198050121638
0.0209905119692442
0.0234508604003375
0.0258963573829061
0.0282153744279213
0.0303135185274314
0.03273349510864
0.0354075879346017
0.037870369430618
0.0400977043824623
0.0419311959197325
0.0434414109847857
0.0446094310461258
0.0454407870658117
0.0459716066232279
0.0462375532792407
0.0123118850166658
0.0112472630253123
0.010216830482784
0.0092363454745768
0.00841621736556192
0.00773659816341403
0.00712758048037895
0.00669919153394278
0.00637458984744495
0.00613977235961511
0.00601778739732296
0.0183136458410751
0.0165073357860404
0.0142766835369749
0.0172428822404045
0.0145354842752521
0.0122506239853492
0.0137251290423857
0.0131306749490251
0.0124852231105404
0.01261870805803
0.0103408937244282
0.00798200330163444
0.00649029642508008
0.00532132020311861
0.00419915571072458
0.00320830943744796
0.00250584491846101
0.00196353270736532
0.0014903624651975
0.0011249906150701
0.000836091905968499
0.000625497270900903
0.000486121111132899
0.000402722141363023
0.000357996666398124
0.0123688963930042
0.0127782252216913
0.0138874927650215
0.0156970966615736
0.0180103003858202
0.0210974242010382
0.0115215746480139
0.0106416778979524
0.00975262682346622
0.0228226976855772
0.0251509112222879
0.0277669904802594
0.0305287884733179
0.0334215710129948
0.0361490372380481
0.0384435664419467
0.040283390856108
0.0415157799103432
0.0417577089030048
0.0405427718550183
0.0375187067529753
0.0328265408779918
0.027275739883544
0.0218840118660525
0.0172249129534324
0.0134211329394316
0.0103571356575739
0.00783897216657347
0.00584085427287845
0.00412073858504215
0.00270795730836486
0.001523738894101
0.000460620155851833
-0.000247715074641074
-0.00103914521038516
-0.00166890277569547
-0.00222018395415351
-0.00267845856189702
-0.00303509297390629
-0.00332664283100135
-0.00355151774053081
-0.00367752670553261
-0.00376564604916687
0.022998514877199
0.0253159896709646
0.0279029015791167
0.0311101978718238
0.0344022464045301
0.0373867153245128
0.0396534111371502
0.041158666565114
0.0413702118646172
0.0398845002287235
0.0363517508818945
0.0310068865269518
0.0250173068050233
0.0196330675492585
0.0152565745390206
0.0115990625404557
0.00873616932197762
0.00657549904182449
0.00491298095776481
0.00361941020709568
0.00265733622619601
0.00202185231740803
0.00169801499185573
0.00799259724927408
0.00643890960876844
0.00510308927945903
0.00397551648185205
0.00301883194390194
0.00219249924456415
0.00147131387091763
0.000867806492229008
0.000382255412590479
1.07904340618291e-07
-0.000284984903911053
-0.000473964803077634
-0.000570960271928346
0.0089971025576763
0.00842481347993452
0.00805865325158936
0.00791532524996597
0.00797716858933259
0.00824362601654953
0.00869726206871221
0.00935971135598851
0.0103841265116531
0.0118242476546826
0.0136210427995495
0.015655065975845
0.0178744380356699
0.0203248106480631
0.0228169718207463
0.0252660096706043
0.0275112245346897
0.0295038550915257
0.0314661990349148
0.0340865315515029
0.0370547305473189
0.0393546134122601
0.0412869013562544
0.0422353965122774
0.0421993737648309
0.0407992787277194
0.0375136361999605
0.0324923982509158
0.0270527167855447
0.0222968265310521
0.0183318236998493
0.0150550263226071
0.0126487188388322
0.010714727666679
0.00912887984253089
0.00811992560857386
0.00760231307884108
0.0114947377946708
0.0110285600805919
0.0107827604899252
0.0107230197329739
0.0108420961284999
0.0111737879578565
0.0116713424825682
0.0122815354011482
0.0131447576734972
0.0141590796761237
0.0150029051226799
0.0164530539625247
0.0175418679634119
0.0190353469314903
0.0207564186805037
0.0221662742878093
0.0231168321761858
0.024120590200501
0.0250033248080759
0.0256702956652773
0.0261392174864014
0.0263668075040091
0.0114447966104585
0.0108536371096953
0.0104605225272718
0.0102651669401015
0.0102678250913441
0.0104490959760968
0.0107976603509738
0.0113521449412258
0.0120116323379582
0.0129058697994168
0.014077450495842
0.015455539896749
0.0176881433405227
0.0201819837684932
0.0226730530590505
0.0251380408079215
0.0274390148852319
0.0296023765867857
0.031446101247218
0.0333795875345087
0.0351518779218758
0.0366382653757594
0.0378287521229156
0.0387483245290846
0.039349644668919
0.0396706707892292
0.02933476494819
0.0285627611175084
0.0275562454070107
0.0283306088955364
0.0266624306042104
0.0247915613787011
0.0271715723720318
0.02669400680796
0.0260685301019588
0.0264202617018984
0.0246215299156018
0.0222227840744436
0.0200855265285021
0.01836647541845
0.0167368318310137
0.0151660727246725
0.0137687389613204
0.0126307472294249
0.0116410506044646
0.0108560205584867
0.0102628798395521
0.00981321859831137
0.00943524576604048
0.00919661981721709
0.00918653313504548
0.00943491802476449
0.00988713215860743
0.0106356338508623
0.011615222335308
0.0130342134846854
0.0148134735188584
0.0168507549642253
0.0192279176762319
0.0218650608993547
0.0246124460959084
0.0273946783712269
0.0298854752480534
0.0321414315289282
0.0344062676518641
0.0361796029711225
0.0374798281110097
0.0383534751126386
0.0388119277958894
0.0254014045013108
0.0246193365450308
0.0236406041407322
0.0224465517871591
0.0211400380662065
0.0197632339291742
0.0184057552212086
0.0171130009347449
0.0160074388064235
0.0150932576981526
0.0143965701442568
0.0139329025624585
0.013689644730149
0.0239559545252536
0.0223676434901799
0.0208537552988426
0.0198107673899607
0.0188571595383121
0.0179849813281714
0.0214088443674215
0.0224812642002419
0.0241879641253752
0.0261285479189371
0.0283006926773813
0.0306964490844518
0.0331480839508472
0.0355454181578785
0.0378384681075744
0.0398437796757459
0.041489467093804
0.0426649934224241
0.0432187307073254
0.043009642822142
0.0418379725679357
0.0395124451191278
0.036060474419605
0.0317348597715331
0.027339682854401
0.0233750046614043
0.0199750759061089
0.016878887381719
0.0143035448535384
0.0123459886512156
0.0109591764294309
0.0101467525897924
0.00968765538250697
0.0190401224997889
0.0206817051317174
0.0229597695048837
0.025663388646071
0.0282718097794566
0.0309453272326706
0.0337855172151911
0.0362953118396942
0.0383468767683412
0.0403998947994342
0.0421787814995433
0.043395571772183
0.043858439233233
0.0436285671887584
0.0425081096256902
0.0402774009787377
0.0367717024425571
0.0324401564835694
0.0280469429879438
0.0247078314515259
0.0220200949771228
0.0195885140785341
0.0178063255933269
0.0169877830952006
0.0158856803851992
0.0140335963089454
0.0126159370834732
0.0113822943141716
0.0104706359594337
0.00965907231513781
0.00901498316281672
0.00858690048001694
0.00826287308633055
0.00800408058608779
0.00783588485843308
0.0077411948466249
0.0235959625276103
0.0220666262805415
0.0201868799526705
0.0179322340195731
0.0158333976363015
0.0141105314602486
0.0124662709739435
0.0109209655715158
0.00955270576215208
0.00825485403995395
0.00701519421435075
0.0059066395514192
0.00495199094292905
0.00398257662042398
0.00299897818548928
0.0021210831111847
0.00138432993301904
0.000753625808585895
0.000220682029521272
-0.000204596755830745
-0.000512836633963576
-0.000715101660338693
-0.000832567507889103
0.0237154791077729
0.0224292406927184
0.0208988134841163
0.0190488181907862
0.0170978859868039
0.0153015972881171
0.0137126361947129
0.012301963677355
0.0110718749264292
0.010015488279201
0.00912097780296162
0.00840389111329251
0.00780827768803841
0.00734262908318798
0.00703486450656862
0.00687295054438583
0.00684339265567857
0.00694331182348913
0.00717425707224782
0.0075312054117554
0.00801515344973481
0.00862403076966835
0.00933825971909009
0.0101952639573189
0.0113515618094529
0.01272962344124
0.014207388616701
0.0157452019248752
0.0172357784677789
0.0186376920169024
0.0199260854462047
0.020986895551859
0.0218614494972025
0.0224156523036939
0.0227263910423952
0.014595468014558
0.0129268575479341
0.0108981128564992
0.015474742557026
0.0150494798989666
0.0148312540428892
0.00945594234270524
0.00807428399441261
0.00685438162219553
0.00580819209246476
0.00502743177546524
0.00437922954566115
0.00389253360239701
0.00357326881150001
0.00341372102462851
0.00942488432641985
0.00828450876082753
0.00737600942496422
0.00667162515304754
0.0073987379599613
0.00823991831248482
0.00932747391317728
0.0106516770250828
0.0121653028856924
0.0139574649024366
0.0160116084665552
0.0183169241343579
0.0208558964068178
0.0235636309409002
0.0263908056338523
0.0292356985630548
0.0319878654268523
0.0345298601288438
0.0368333847270289
0.0391036115183091
0.0413293109198434
0.0432352294633627
0.0448119818429665
0.0460331433511521
0.0468995653810355
0.0474790186906986
0.0478489514752124
0.0480596148264648
0.0481652857213873
0.0482088712828116
0.00545253425164623
0.00451653351039977
0.0038241599279126
0.00313560856720232
0.00281791758559772
0.00259152289568881
0.0171353253364591
0.0166648345891437
0.0160966208966448
0.0154300912556483
0.0146859193318447
0.0138741063402811
0.0130094135774598
0.0121023922728942
0.0111435794626051
0.0101466575462503
0.00917095518020335
0.00824779849136319
0.00731921436126369
0.00637894367568682
0.00548529387280041
0.0046312709057125
0.00381852324674469
0.00305383958593072
0.00234311505150744
0.00169087452527764
0.00109910221839078
0.000566671271628952
9.53620201387204e-05
-0.000311047990380099
-0.00065107694484436
-0.000923896061046466
-0.00112819399842105
-0.00126318633621495
-0.00133240472643482
0.0172326390162457
0.0169382199634203
0.016589669228005
0.016168886181046
0.0156642278060361
0.0151221729708071
0.0145351077349632
0.0138265808811372
0.0130274379831331
0.012238595543717
0.011481218786521
0.0106826085502643
0.00979907807789258
0.00877418404925451
0.00774727477417877
0.00679037612685602
0.00588028543045389
0.00502065060006013
0.0042068147710177
0.00341899017902154
0.00271921606338967
0.00199543021900814
0.00152409559237101
0.00105703200950849
0.000522995341823175
6.60584778627077e-05
-0.000342958607992695
-0.000706527153685962
-0.000986602409790565
-0.00120150552550458
-0.00134533493536531
-0.00142105774117102
0.0240950449511537
0.0222142680626094
0.0201900778450125
0.0182666222693624
0.0163151166367021
0.0247799337794002
0.0230932776743373
0.0205824101971862
0.0185090377798752
0.0164302458510336
0.0143640767762617
0.0127186441078782
0.0111917884453098
0.00960563822121787
0.00796015849393808
0.00661043584055457
0.00537608890237699
0.00425266858350274
0.00323228261578122
0.00232088384187013
0.00151765945739304
0.000801290107830316
0.000210893501598513
-0.000474258151223659
-0.00107884635139349
-0.00154576395374606
-0.00194082355730753
-0.00226436243395716
-0.00249754593951839
-0.00264259797737656
-0.00272409182277623
0.0147605463653863
0.0122835790944884
0.00918891298141266
0.0152418224018238
0.0137512109349373
0.0120374641685584
0.0102444004949205
0.00764334938600012
0.00657325981668655
0.00580073489072434
0.00804922296960134
0.0070897649685488
0.0061705002275959
0.00549356771573857
0.00467065359404552
0.00564533403145617
0.00545350905988639
0.00532806458690134
0.00535408623346669
0.0049282401848336
0.00417583860524059
0.00346013063163688
0.00584079439923395
0.00662644920027629
0.00773961572390367
0.00900117770427889
0.0106276372964764
0.0126591689728533
0.0149752522716591
0.0178544408395619
0.0212085892087118
0.024872464235387
0.0286559421309321
0.0329143416396056
0.00510526549489913
0.00497707239554612
0.0049917390889372
0.0051149781900772
0.00542929894585123
0.00580668041669021
0.00643637475400021
0.00728107551666504
0.00821449156639528
0.00933606924722966
0.0107023945204317
0.0123316243483088
0.0140699227443924
0.0159900131047706
0.0184443408383848
0.0208790415273455
0.0236029660087972
0.0260773754638965
0.0285094741086366
0.0307568927144406
0.0326097802960819
0.0341878759637625
0.0354300302135922
0.0361957846145938
0.0365828458388718
0.0342434952006087
0.0355825647436309
0.0368445279906891
0.0378239392296463
0.0387476115733587
0.0393280241114302
0.0396551901385012
0.0355525827589547
0.0380816456764829
0.040473685260047
0.0424506983071599
0.0440386821595299
0.0451430756800897
0.0456003725246782
0.0452496716949089
0.043844949957392
0.041086232268665
0.0366222866666084
0.0309314131753533
0.0253195210406774
0.0207690796058101
0.0174251609564558
0.0149671365708641
0.0133543388501577
0.0125659075949075
0.00343186733642571
0.00344568794797848
0.00351378864664771
0.0036447546468088
0.00383016276692653
0.00405787090357874
0.004326704328794
0.00463711381700504
0.0049911290815414
0.00539219207736724
0.0058447509674442
0.00635393190945955
0.00692439201350525
0.00759174034776758
0.00285130212954074
0.00222828233303239
0.00160584269221951
0.000996255569241269
0.000467080595465423
-4.05376897687032e-05
-0.000521025905226275
-0.000958915505398967
-0.00136399956716673
-0.00177170393096067
-0.0021861256773646
-0.00256756758642043
-0.00288425144733306
-0.00314353663260252
-0.00334016073045976
-0.00349527295285346
-0.00359475832074176
-0.00365041718565356
0.00857787765588615
0.00964717515632604
0.0107917923734548
0.0122329101608614
0.0137564606858729
0.015298650119668
0.0174025958687758
0.0201867702737565
0.0230819094568888
0.0257359396280576
0.0280946812905766
0.0302266295803498
0.032213602852398
0.0339749349745686
0.0353958905732412
0.0364019048739922
0.037071069530965
0.0374453423937536
0.00756184024418234
0.00759586035873419
0.00768399291690845
0.00781801928690864
0.00799254403910513
0.00820154797878737
0.00842581879109864
0.00863559529085602
0.00880921117241786
0.00893278634293695
0.00899908615199843
0.00479987594097522
0.00503964133687439
0.00540732152224062
0.00586001422332161
0.00638904512204746
0.0070236775327655
0.00774676820687239
0.00864962791012697
0.00969581299723015
0.0109129470119156
0.0123979876688472
0.00366079794019456
0.0025578106197624
0.00162168962990262
0.000653855135689638
-0.000100650046256609
-0.00091316839974598
-0.00156856389679121
-0.00211158019214065
-0.00260820282738398
-0.00288815302000942
-0.00315603608114944
-0.00332383429478259
-0.00340784331094855
0.0122304557511187
0.0122787935956894
0.0124710982482796
0.0128054214095026
0.0131811847232382
0.0135797185616035
0.0139068148168392
0.0141778496960697
0.014348616385224
0.014243723667504
0.0163043694263556
0.0185751530117396
0.0210412589254559
0.0236709762514125
0.0263854760395441
0.0291160817676251
0.0318528646662756
0.0344838585163686
0.036947399166358
0.0393141351532506
0.0414219096104385
0.0432456323710478
0.0448070827995036
0.0460932215242335
0.0471508569743002
0.0479715363863035
0.0485420698790208
0.0488945970111988
0.0491161562827187
0.0492429623424183
0.0492988196218333
0.009481355862988
0.00864270133489094
0.00780490815654892
0.00703393843650895
0.00632856628993475
0.005663639880459
0.00498559405605197
0.00437252998430254
0.00395322385471364
0.00344610608019769
0.0028946815310911
0.00244089306653387
0.00199764759370144
0.00155439022048857
0.00115567562669839
0.000761268090986691
0.00943696586669252
0.00863126262376255
0.00787872054056354
0.00719433096863102
0.00655799628917399
0.00595465085569925
0.00537014990921578
0.00480516553695831
0.00429157853074603
0.00385551834702648
0.00350739803079315
0.00323853568846919
0.00301581384639779
0.00278617413151776
0.000728282624591537
0.000714216378278354
0.000723646929180827
0.000752291958904206
0.000803002819904445
0.000868434670685619
0.000948500611907637
0.0010616400217374
0.00117382281008471
0.0012966499707206
0.00141854081157376
0.00154009295869145
0.00164936107366386
0.00173869108078202
0.00180345631258576
0.00183879854604614
0.000363728681171367
-2.07309012850556e-05
-0.000411817461841704
-0.000757074538434123
-0.00105224557882779
-0.00135113938871594
-0.00161133982532856
-0.00182337740064573
-0.00199626292100192
-0.00214375020616752
-0.00227220472416975
-0.00237961025699652
-0.00245944177778733
-0.00250343672024996
0.00266311194570922
0.00259138652156865
0.00255934457158678
0.0025662779134755
0.00261544404272802
0.0027099794055258
0.0028457760126074
0.0030302048043511
0.00328354475730102
0.00360936849595416
0.00399590590641251
0.00444434198771358
0.00498430571457521
0.0056651063108346
0.00270882385512432
0.00266788751712401
0.00267353887137418
0.00273085738085851
0.00286635785067751
0.0030709406163532
0.0033204242470111
0.00367295514812063
0.00412453675723823
0.0046719868724949
0.00533596619382454
0.00605549399230238
0.00695663638958642
0.00803095682743078
0.00930178800090272
0.0107118713693855
0.0123224692386194
0.0142482196712463
0.0163956893567664
0.0187437767202825
0.0212946025604764
0.0240075830380435
0.0268014889821668
0.0295440376398595
0.0321231220984125
0.0344775965383421
0.0363592415306317
0.0374715087758299
0.0375194974255664
0.0359556877114068
0.0321101576490833
0.00679757890159306
0.00816107345524169
0.00980309094235754
0.0117708354725681
0.0140817796036909
0.0165068739605701
0.0187884842566445
0.0212352797723383
0.0239169023563858
0.0265339575305493
0.029149510487544
0.0316235658542669
0.0340616011825174
0.0365467385328598
0.0387316534412336
0.0405586216907326
0.0422457300462001
0.0435752934719764
0.0443697461168781
0.0445694701355168
0.0441256347840307
0.0427908092516168
0.0402650159661604
0.0365201465238224
0.0317699272294487
0.0263327698475155
0.00521701720721816
0.00489371658011978
0.00468096408708475
0.0222200128167778
0.0178402486356377
0.0136143515987055
0.00997440740361601
0.00698705414651047
0.00438072232485792
0.0227767719168375
0.018997098693072
0.0167831456023319
0.015440671197001
0.00295465654765731
0.00201145592394436
0.00144882233689639
0.00117205167616796
0.00330349193659062
0.00266014228008197
0.00236835408909212
0.0287958810513103
0.0245798107251356
0.0204875998060427
0.0165678564285746
0.0127460880748277
0.0091941727144874
0.0296476059733246
0.0263359881591855
0.0227038962175119
0.019194990588047
0.0159854126856936
0.0133445558168533
0.010849333713711
0.00879304353261078
0.00699147867544995
0.00543436065164837
0.00412602566627918
0.00298083522667893
0.00201257774968538
0.00115933396699546
0.000428071706764235
-0.000183279326900102
-0.000748199303918184
0.00732457764682777
0.00591737578897121
0.00463769125410018
0.00357239544253632
0.00259737641486222
0.00176171408678699
0.0010424741329763
0.000425722322955754
-0.000104686577352108
-0.000551013228535691
-0.000937514863443865
-0.00127184556389543
-0.00155374851638359
-0.00178299223198374
-0.00196369679202828
-0.00210189817425757
-0.0022019777390267
-0.00226676975124704
-0.00229959368612888
0.0077441114471661
0.00668223229759457
0.00581139101372158
0.00520095249938488
0.00481596556443931
0.00462047104814053
-0.00112375702553354
-0.00146917867014139
-0.00175088315753508
-0.00195814388814988
-0.00211477190197546
-0.00221458191228672
-0.00226547811656196
-0.00106835598682215
-0.00132936022029435
-0.00150332959021979
-0.00158753907198442
