4.18307638663273e-05
4.18307638663273e-05
4.18307638663273e-05
4.18307638663273e-05
4.18307638663273e-05
4.18307638663274e-05
4.18307638663274e-05
4.18307638663273e-05
4.18307638663273e-05
4.18307638663274e-05
4.18307638663274e-05
4.18307638663275e-05
4.18307638663275e-05
4.18307638663275e-05
4.18307638663276e-05
4.18307638663273e-05
4.18307638663272e-05
4.18307638663272e-05
4.18307638663272e-05
4.18307638663272e-05
4.18307638663272e-05
4.18307638663272e-05
4.18307638663272e-05
4.18307638663273e-05
4.18307638663273e-05
4.18307638663273e-05
4.18307638663274e-05
4.18307638663274e-05
4.18307638663274e-05
4.18307638663275e-05
4.18307638663275e-05
4.18307638663275e-05
4.18307638663273e-05
4.18307638663273e-05
4.18307638663273e-05
4.18307638663273e-05
4.18307638663272e-05
4.18307638663272e-05
4.18307638663272e-05
4.18307638663272e-05
4.18307638663274e-05
4.18307638663274e-05
4.18307638663275e-05
4.18307638663275e-05
4.18307638663276e-05
4.18307638663273e-05
4.18307638663274e-05
4.18307638663274e-05
4.18307638663277e-05
4.18307638663277e-05
4.18307638663277e-05
4.18307638663277e-05
4.18307638663278e-05
4.18307638663278e-05
4.18307638663278e-05
4.18307638663278e-05
4.18307638663278e-05
4.18307638663278e-05
4.18307638663278e-05
4.18307638663278e-05
4.18307638663278e-05
4.18307638663279e-05
4.18307638663279e-05
4.18307638663279e-05
4.18307638663279e-05
4.18307638663279e-05
4.18307638663279e-05
4.18307638663279e-05
4.18307638663279e-05
4.18307638663279e-05
4.18307638663279e-05
4.18307638663279e-05
4.18307638663278e-05
4.18307638663278e-05
4.18307638663278e-05
4.18307638663278e-05
4.18307638663279e-05
4.18307638663279e-05
4.18307638663279e-05
4.18307638663279e-05
4.18307638663278e-05
4.18307638663278e-05
4.18307638663277e-05
4.18307638663278e-05
4.18307638663278e-05
4.18307638663278e-05
4.18307638663279e-05
4.18307638663279e-05
4.18307638663279e-05
4.18307638663279e-05
4.18307638663279e-05
4.18307638663279e-05
4.18307638663279e-05
4.18307638663274e-05
4.18307638663275e-05
4.18307638663275e-05
4.18307638663274e-05
4.18307638663275e-05
4.18307638663276e-05
4.18307638663276e-05
4.18307638663276e-05
4.18307638663276e-05
4.18307638663276e-05
4.18307638663276e-05
4.18307638663277e-05
4.18307638663277e-05
4.18307638663277e-05
4.18307638663277e-05
4.18307638663277e-05
4.18307638663277e-05
4.18307638663277e-05
4.18307638663277e-05
4.18307638663277e-05
4.18307638663278e-05
4.18307638663278e-05
4.18307638663278e-05
4.18307638663278e-05
4.18307638663278e-05
4.18307638663277e-05
4.18307638663277e-05
4.18307638663278e-05
4.18307638663278e-05
4.18307638663279e-05
4.1830763866328e-05
4.18307638663277e-05
4.18307638663277e-05
4.18307638663278e-05
4.1830763866328e-05
4.18307638663281e-05
4.18307638663282e-05
4.18307638663282e-05
4.18307638663283e-05
4.18307638663283e-05
4.18307638663283e-05
4.18307638663283e-05
4.18307638663283e-05
4.18307638663283e-05
4.18307638663283e-05
4.18307638663282e-05
4.18307638663282e-05
4.18307638663282e-05
4.18307638663282e-05
4.18307638663282e-05
4.18307638663281e-05
4.18307638663281e-05
4.18307638663281e-05
4.18307638663281e-05
4.18307638663281e-05
4.18307638663281e-05
4.18307638663281e-05
4.18307638663281e-05
4.18307638663281e-05
4.18307638663282e-05
4.18307638663282e-05
4.18307638663283e-05
4.18307638663283e-05
4.18307638663283e-05
4.18307638663283e-05
4.18307638663283e-05
4.18307638663283e-05
4.18307638663283e-05
4.1830763866328e-05
4.1830763866328e-05
4.1830763866328e-05
4.1830763866328e-05
4.18307638663281e-05
4.18307638663281e-05
4.18307638663281e-05
4.18307638663281e-05
4.18307638663282e-05
4.18307638663282e-05
4.18307638663282e-05
4.18307638663282e-05
4.18307638663282e-05
4.18307638663282e-05
4.18307638663282e-05
4.18307638663282e-05
4.18307638663282e-05
4.18307638663283e-05
4.18307638663283e-05
4.18307638663283e-05
4.18307638663283e-05
4.18307638663283e-05
4.18307638663283e-05
4.18307638663278e-05
4.18307638663278e-05
4.18307638663278e-05
4.18307638663278e-05
4.18307638663279e-05
4.18307638663279e-05
4.18307638663279e-05
4.18307638663279e-05
4.18307638663279e-05
4.1830763866328e-05
4.1830763866328e-05
4.1830763866328e-05
4.1830763866328e-05
4.18307638663278e-05
4.18307638663279e-05
4.18307638663279e-05
4.1830763866328e-05
4.1830763866328e-05
4.1830763866328e-05
4.18307638663281e-05
4.18307638663281e-05
4.18307638663281e-05
4.18307638663281e-05
4.1830763866328e-05
4.1830763866328e-05
4.1830763866328e-05
4.1830763866328e-05
4.1830763866328e-05
4.1830763866328e-05
4.1830763866328e-05
4.1830763866328e-05
4.1830763866328e-05
4.1830763866328e-05
4.1830763866328e-05
4.1830763866328e-05
4.1830763866328e-05
4.1830763866328e-05
4.18307638663281e-05
4.18307638663281e-05
4.18307638663281e-05
4.18307638663281e-05
4.18307638663281e-05
4.18307638663281e-05
4.18307638663282e-05
4.18307638663282e-05
4.18307638663281e-05
4.18307638663281e-05
4.18307638663281e-05
4.18307638663281e-05
4.18307638663281e-05
4.18307638663276e-05
4.18307638663275e-05
4.18307638663275e-05
4.18307638663275e-05
4.18307638663275e-05
4.18307638663275e-05
4.18307638663275e-05
4.18307638663275e-05
4.18307638663275e-05
4.18307638663276e-05
4.18307638663276e-05
4.18307638663276e-05
4.18307638663277e-05
4.18307638663277e-05
4.18307638663277e-05
4.18307638663277e-05
4.18307638663277e-05
4.18307638663277e-05
4.18307638663277e-05
4.18307638663277e-05
4.18307638663277e-05
4.18307638663277e-05
4.18307638663276e-05
4.18307638663277e-05
4.18307638663277e-05
4.18307638663277e-05
4.18307638663277e-05
4.18307638663277e-05
4.18307638663277e-05
4.18307638663277e-05
4.18307638663277e-05
4.18307638663277e-05
4.18307638663277e-05
4.18307638663277e-05
4.18307638663277e-05
4.18307638663277e-05
4.18307638663277e-05
4.18307638663277e-05
4.18307638663278e-05
4.18307638663278e-05
4.18307638663278e-05
4.18307638663278e-05
4.18307638663278e-05
4.18307638663278e-05
4.18307638663277e-05
4.18307638663277e-05
4.18307638663277e-05
4.18307638663277e-05
4.18307638663274e-05
4.18307638663274e-05
4.18307638663275e-05
4.18307638663275e-05
4.18307638663275e-05
4.18307638663276e-05
4.18307638663275e-05
4.18307638663275e-05
4.18307638663275e-05
4.18307638663275e-05
4.18307638663275e-05
4.18307638663275e-05
4.18307638663276e-05
4.18307638663276e-05
4.18307638663276e-05
4.18307638663277e-05
4.18307638663277e-05
4.18307638663278e-05
4.18307638663278e-05
4.18307638663278e-05
4.18307638663279e-05
4.18307638663279e-05
4.18307638663279e-05
4.1830763866328e-05
4.1830763866328e-05
4.18307638663281e-05
4.18307638663281e-05
4.18307638663282e-05
4.18307638663282e-05
4.18307638663282e-05
4.18307638663282e-05
4.18307638663283e-05
4.18307638663283e-05
4.18307638663283e-05
4.18307638663283e-05
4.18307638663282e-05
4.18307638663282e-05
4.18307638663282e-05
4.18307638663282e-05
4.18307638663282e-05
4.18307638663282e-05
4.18307638663282e-05
4.18307638663282e-05
4.18307638663275e-05
4.18307638663275e-05
4.18307638663276e-05
4.18307638663276e-05
4.18307638663276e-05
4.18307638663277e-05
4.18307638663277e-05
4.18307638663277e-05
4.18307638663277e-05
4.18307638663277e-05
4.18307638663277e-05
4.18307638663277e-05
4.18307638663277e-05
4.18307638663275e-05
4.18307638663276e-05
4.18307638663277e-05
4.18307638663277e-05
4.18307638663277e-05
4.18307638663277e-05
4.18307638663276e-05
4.18307638663276e-05
4.18307638663275e-05
4.18307638663275e-05
4.18307638663274e-05
4.18307638663274e-05
4.18307638663274e-05
4.18307638663274e-05
4.18307638663273e-05
4.18307638663273e-05
4.18307638663274e-05
4.18307638663274e-05
4.18307638663274e-05
4.18307638663274e-05
4.18307638663274e-05
4.18307638663274e-05
4.18307638663274e-05
4.18307638663274e-05
4.18307638663274e-05
4.18307638663274e-05
4.18307638663274e-05
4.18307638663275e-05
4.18307638663275e-05
4.18307638663275e-05
4.18307638663275e-05
4.18307638663275e-05
4.18307638663275e-05
4.18307638663278e-05
4.18307638663278e-05
4.18307638663278e-05
4.18307638663278e-05
4.18307638663279e-05
4.1830763866328e-05
4.1830763866328e-05
4.18307638663281e-05
4.18307638663281e-05
4.18307638663281e-05
4.18307638663281e-05
4.18307638663282e-05
4.18307638663282e-05
4.18307638663282e-05
4.18307638663282e-05
4.18307638663283e-05
4.18307638663283e-05
4.18307638663284e-05
4.18307638663284e-05
4.18307638663284e-05
4.18307638663284e-05
4.18307638663284e-05
4.18307638663284e-05
4.18307638663284e-05
4.18307638663278e-05
4.18307638663278e-05
4.18307638663279e-05
4.18307638663279e-05
4.18307638663279e-05
4.18307638663279e-05
4.18307638663279e-05
4.18307638663279e-05
4.18307638663279e-05
4.18307638663279e-05
4.1830763866328e-05
4.1830763866328e-05
4.18307638663276e-05
4.18307638663276e-05
4.18307638663277e-05
4.18307638663277e-05
4.18307638663277e-05
4.18307638663277e-05
4.18307638663277e-05
4.18307638663278e-05
4.18307638663278e-05
4.18307638663278e-05
4.18307638663278e-05
4.18307638663278e-05
4.18307638663278e-05
4.18307638663278e-05
4.18307638663279e-05
4.18307638663279e-05
4.18307638663279e-05
4.18307638663279e-05
4.18307638663279e-05
4.18307638663279e-05
4.18307638663279e-05
4.18307638663279e-05
4.18307638663279e-05
4.18307638663276e-05
4.18307638663276e-05
4.18307638663276e-05
4.18307638663277e-05
4.18307638663277e-05
4.18307638663277e-05
4.18307638663277e-05
4.18307638663278e-05
4.18307638663278e-05
4.18307638663278e-05
4.18307638663278e-05
4.18307638663278e-05
4.18307638663278e-05
4.18307638663278e-05
4.18307638663278e-05
4.18307638663278e-05
4.18307638663278e-05
4.18307638663278e-05
4.18307638663278e-05
4.18307638663278e-05
4.18307638663279e-05
4.18307638663279e-05
4.18307638663279e-05
4.18307638663279e-05
4.18307638663279e-05
4.1830763866328e-05
4.1830763866328e-05
4.1830763866328e-05
4.1830763866328e-05
4.1830763866328e-05
4.1830763866328e-05
4.1830763866328e-05
4.1830763866328e-05
4.1830763866328e-05
4.1830763866328e-05
4.18307638663276e-05
4.18307638663276e-05
4.18307638663276e-05
4.18307638663276e-05
4.18307638663276e-05
4.18307638663276e-05
4.18307638663276e-05
4.18307638663276e-05
4.18307638663276e-05
4.18307638663276e-05
4.18307638663275e-05
4.18307638663275e-05
4.18307638663275e-05
4.18307638663275e-05
4.18307638663275e-05
4.18307638663276e-05
4.18307638663275e-05
4.18307638663275e-05
4.18307638663275e-05
4.18307638663275e-05
4.18307638663275e-05
4.18307638663275e-05
4.18307638663275e-05
4.18307638663275e-05
4.18307638663275e-05
4.18307638663275e-05
4.18307638663275e-05
4.18307638663275e-05
4.18307638663274e-05
4.18307638663274e-05
4.18307638663274e-05
4.18307638663275e-05
4.18307638663275e-05
4.18307638663275e-05
4.18307638663276e-05
4.18307638663276e-05
4.18307638663276e-05
4.18307638663276e-05
4.18307638663276e-05
4.18307638663276e-05
4.18307638663276e-05
4.18307638663275e-05
4.18307638663275e-05
4.18307638663275e-05
4.18307638663275e-05
4.18307638663275e-05
4.18307638663275e-05
4.18307638663274e-05
4.18307638663274e-05
4.18307638663274e-05
4.18307638663274e-05
4.18307638663275e-05
4.18307638663275e-05
4.18307638663275e-05
4.18307638663275e-05
4.18307638663276e-05
4.18307638663276e-05
4.18307638663276e-05
4.18307638663275e-05
4.18307638663275e-05
4.18307638663275e-05
4.18307638663275e-05
4.18307638663275e-05
4.18307638663275e-05
4.18307638663275e-05
4.18307638663275e-05
4.18307638663275e-05
4.18307638663276e-05
4.18307638663276e-05
4.18307638663277e-05
4.18307638663276e-05
4.18307638663277e-05
4.18307638663277e-05
4.18307638663276e-05
4.18307638663276e-05
4.18307638663276e-05
4.18307638663276e-05
4.18307638663277e-05
4.18307638663277e-05
4.18307638663277e-05
4.18307638663275e-05
4.18307638663275e-05
4.18307638663275e-05
4.18307638663275e-05
4.18307638663275e-05
4.18307638663275e-05
4.18307638663275e-05
4.18307638663276e-05
4.18307638663276e-05
4.18307638663276e-05
4.18307638663276e-05
4.18307638663276e-05
4.18307638663276e-05
4.18307638663276e-05
4.18307638663276e-05
4.18307638663276e-05
4.18307638663275e-05
4.18307638663275e-05
4.18307638663275e-05
4.18307638663275e-05
4.18307638663275e-05
4.18307638663275e-05
4.18307638663275e-05
4.18307638663275e-05
4.18307638663275e-05
4.18307638663275e-05
4.18307638663275e-05
4.18307638663275e-05
4.18307638663276e-05
4.18307638663276e-05
4.18307638663276e-05
4.18307638663276e-05
4.18307638663272e-05
4.18307638663272e-05
4.18307638663272e-05
4.18307638663272e-05
4.18307638663272e-05
4.18307638663272e-05
4.18307638663272e-05
4.18307638663272e-05
4.18307638663272e-05
4.18307638663272e-05
4.18307638663271e-05
4.18307638663271e-05
4.18307638663271e-05
4.18307638663271e-05
4.18307638663271e-05
4.18307638663271e-05
4.18307638663271e-05
4.18307638663271e-05
4.18307638663271e-05
4.18307638663271e-05
4.18307638663271e-05
4.18307638663272e-05
4.18307638663272e-05
4.18307638663272e-05
4.18307638663272e-05
4.18307638663273e-05
4.18307638663273e-05
4.18307638663273e-05
4.18307638663273e-05
4.18307638663273e-05
4.18307638663273e-05
4.18307638663272e-05
4.18307638663272e-05
4.18307638663272e-05
4.18307638663272e-05
4.18307638663273e-05
4.18307638663274e-05
4.18307638663275e-05
4.18307638663271e-05
4.18307638663271e-05
4.1830763866327e-05
4.18307638663273e-05
4.18307638663274e-05
4.18307638663275e-05
4.18307638663276e-05
4.18307638663277e-05
4.1830763866327e-05
4.18307638663271e-05
4.18307638663272e-05
4.18307638663272e-05
4.1830763866327e-05
4.18307638663269e-05
4.18307638663268e-05
4.18307638663273e-05
4.18307638663274e-05
4.18307638663274e-05
4.18307638663275e-05
4.18307638663276e-05
4.18307638663276e-05
4.18307638663277e-05
4.18307638663277e-05
4.18307638663278e-05
4.18307638663278e-05
4.18307638663278e-05
4.18307638663279e-05
4.18307638663273e-05
4.18307638663273e-05
4.18307638663274e-05
4.18307638663274e-05
4.18307638663274e-05
4.18307638663274e-05
4.18307638663275e-05
4.18307638663275e-05
4.18307638663275e-05
4.18307638663276e-05
4.18307638663276e-05
4.18307638663276e-05
4.18307638663277e-05
4.18307638663277e-05
4.18307638663277e-05
4.18307638663278e-05
4.18307638663278e-05
4.18307638663278e-05
4.18307638663278e-05
4.18307638663279e-05
4.18307638663279e-05
4.18307638663279e-05
4.18307638663279e-05
4.18307638663279e-05
4.18307638663279e-05
4.18307638663279e-05
4.18307638663279e-05
4.18307638663279e-05
4.18307638663279e-05
4.1830763866328e-05
4.1830763866328e-05
4.1830763866328e-05
4.1830763866328e-05
4.1830763866328e-05
4.1830763866328e-05
4.1830763866328e-05
4.1830763866328e-05
4.1830763866328e-05
4.1830763866328e-05
4.1830763866328e-05
4.1830763866328e-05
4.1830763866328e-05
4.1830763866328e-05
4.1830763866328e-05
4.1830763866328e-05
4.1830763866328e-05
4.1830763866328e-05
4.1830763866328e-05
4.1830763866328e-05
4.1830763866328e-05
4.18307638663268e-05
4.18307638663268e-05
4.18307638663268e-05
4.18307638663268e-05
4.18307638663269e-05
4.18307638663269e-05
4.18307638663269e-05
4.18307638663269e-05
4.1830763866327e-05
4.1830763866327e-05
4.1830763866327e-05
4.1830763866327e-05
4.1830763866327e-05
4.1830763866327e-05
4.18307638663268e-05
4.18307638663268e-05
4.18307638663268e-05
4.18307638663267e-05
4.18307638663267e-05
4.18307638663267e-05
4.18307638663267e-05
4.18307638663267e-05
4.18307638663266e-05
4.18307638663266e-05
4.18307638663266e-05
4.18307638663266e-05
4.18307638663266e-05
4.18307638663266e-05
4.18307638663266e-05
4.18307638663266e-05
4.18307638663266e-05
4.18307638663266e-05
4.1830763866327e-05
4.1830763866327e-05
4.18307638663271e-05
4.18307638663271e-05
4.18307638663271e-05
4.18307638663271e-05
4.18307638663272e-05
4.18307638663272e-05
4.18307638663273e-05
4.18307638663273e-05
4.18307638663274e-05
4.18307638663274e-05
4.18307638663274e-05
4.18307638663273e-05
4.18307638663273e-05
4.18307638663273e-05
4.18307638663273e-05
4.18307638663273e-05
4.1830763866327e-05
4.18307638663271e-05
4.18307638663271e-05
4.18307638663271e-05
4.18307638663271e-05
4.18307638663272e-05
4.18307638663272e-05
4.18307638663272e-05
4.18307638663272e-05
4.18307638663272e-05
4.18307638663272e-05
4.18307638663278e-05
4.18307638663279e-05
4.1830763866328e-05
4.18307638663281e-05
4.18307638663281e-05
4.18307638663282e-05
4.18307638663282e-05
4.18307638663283e-05
4.18307638663283e-05
4.18307638663283e-05
4.18307638663284e-05
4.18307638663277e-05
4.18307638663278e-05
4.18307638663278e-05
4.18307638663279e-05
4.18307638663279e-05
4.18307638663279e-05
4.18307638663279e-05
4.1830763866328e-05
4.1830763866328e-05
4.1830763866328e-05
4.1830763866328e-05
4.18307638663281e-05
4.18307638663281e-05
4.18307638663284e-05
4.18307638663285e-05
4.18307638663285e-05
4.18307638663285e-05
4.18307638663286e-05
4.18307638663286e-05
4.18307638663286e-05
4.18307638663286e-05
4.18307638663286e-05
4.18307638663284e-05
4.18307638663284e-05
4.18307638663284e-05
4.18307638663284e-05
4.18307638663284e-05
4.18307638663284e-05
4.18307638663284e-05
4.18307638663284e-05
4.18307638663284e-05
4.18307638663284e-05
4.18307638663284e-05
4.18307638663284e-05
4.18307638663284e-05
4.18307638663284e-05
4.18307638663285e-05
4.18307638663285e-05
4.18307638663286e-05
4.18307638663286e-05
4.18307638663287e-05
4.18307638663287e-05
4.18307638663287e-05
4.18307638663287e-05
4.18307638663275e-05
4.18307638663275e-05
4.18307638663276e-05
4.18307638663276e-05
4.18307638663277e-05
4.18307638663277e-05
4.18307638663278e-05
4.18307638663278e-05
4.18307638663278e-05
4.18307638663279e-05
4.18307638663279e-05
4.18307638663279e-05
4.18307638663279e-05
4.1830763866328e-05
4.1830763866328e-05
4.18307638663281e-05
4.18307638663275e-05
4.18307638663275e-05
4.18307638663276e-05
4.18307638663277e-05
4.18307638663277e-05
4.18307638663278e-05
4.18307638663278e-05
4.18307638663279e-05
4.18307638663279e-05
4.18307638663279e-05
4.18307638663279e-05
4.18307638663279e-05
4.1830763866328e-05
4.1830763866328e-05
4.18307638663281e-05
4.18307638663281e-05
4.18307638663281e-05
4.18307638663282e-05
4.18307638663282e-05
4.18307638663282e-05
4.18307638663282e-05
4.18307638663281e-05
4.18307638663282e-05
4.18307638663282e-05
4.18307638663282e-05
4.18307638663282e-05
4.18307638663282e-05
4.18307638663282e-05
4.18307638663282e-05
4.18307638663282e-05
4.18307638663281e-05
4.18307638663281e-05
4.18307638663281e-05
4.18307638663281e-05
4.1830763866328e-05
4.1830763866328e-05
4.1830763866328e-05
4.1830763866328e-05
4.1830763866328e-05
4.1830763866328e-05
4.1830763866328e-05
4.1830763866328e-05
4.1830763866328e-05
4.1830763866328e-05
4.1830763866328e-05
4.1830763866328e-05
4.1830763866328e-05
4.18307638663281e-05
4.18307638663281e-05
4.18307638663282e-05
4.18307638663282e-05
4.18307638663282e-05
4.18307638663282e-05
4.18307638663282e-05
4.18307638663282e-05
4.18307638663282e-05
4.18307638663282e-05
4.18307638663282e-05
4.1830763866328e-05
4.1830763866328e-05
4.1830763866328e-05
4.1830763866328e-05
4.1830763866328e-05
4.1830763866328e-05
4.18307638663281e-05
4.18307638663281e-05
4.18307638663281e-05
4.18307638663282e-05
4.18307638663282e-05
4.18307638663282e-05
4.18307638663282e-05
4.18307638663282e-05
4.18307638663282e-05
4.18307638663282e-05
4.18307638663283e-05
4.18307638663283e-05
4.18307638663283e-05
4.18307638663283e-05
4.18307638663284e-05
4.18307638663284e-05
4.18307638663284e-05
4.18307638663284e-05
4.18307638663284e-05
4.18307638663285e-05
4.18307638663285e-05
4.18307638663285e-05
4.18307638663285e-05
4.18307638663285e-05
4.18307638663285e-05
4.18307638663282e-05
4.18307638663282e-05
4.18307638663282e-05
4.18307638663282e-05
4.18307638663282e-05
4.18307638663282e-05
4.18307638663282e-05
4.18307638663282e-05
4.18307638663282e-05
4.18307638663282e-05
4.18307638663282e-05
4.18307638663282e-05
4.18307638663282e-05
4.18307638663281e-05
4.18307638663281e-05
4.18307638663281e-05
4.1830763866328e-05
4.1830763866328e-05
4.1830763866328e-05
4.18307638663281e-05
4.18307638663281e-05
4.18307638663281e-05
4.1830763866328e-05
4.1830763866328e-05
4.18307638663279e-05
4.18307638663279e-05
4.18307638663282e-05
4.18307638663282e-05
4.18307638663282e-05
4.18307638663279e-05
4.18307638663279e-05
4.18307638663279e-05
4.18307638663279e-05
4.18307638663278e-05
4.18307638663278e-05
4.18307638663278e-05
4.18307638663278e-05
4.18307638663278e-05
4.18307638663278e-05
4.18307638663278e-05
4.18307638663278e-05
4.18307638663278e-05
4.18307638663278e-05
4.18307638663278e-05
4.18307638663278e-05
4.18307638663278e-05
4.18307638663286e-05
4.18307638663286e-05
4.18307638663286e-05
4.18307638663287e-05
4.18307638663287e-05
4.18307638663288e-05
4.18307638663285e-05
4.18307638663285e-05
4.18307638663285e-05
4.18307638663286e-05
4.18307638663285e-05
4.18307638663285e-05
4.18307638663285e-05
4.18307638663285e-05
4.18307638663284e-05
4.18307638663284e-05
4.18307638663284e-05
4.18307638663284e-05
4.18307638663284e-05
4.18307638663284e-05
4.18307638663284e-05
4.18307638663284e-05
4.18307638663284e-05
4.18307638663289e-05
4.1830763866329e-05
4.18307638663291e-05
4.18307638663291e-05
4.18307638663292e-05
4.18307638663293e-05
4.18307638663293e-05
4.18307638663293e-05
4.18307638663293e-05
4.18307638663294e-05
4.18307638663294e-05
4.18307638663294e-05
4.18307638663294e-05
4.18307638663294e-05
4.18307638663294e-05
4.18307638663294e-05
4.18307638663294e-05
4.18307638663294e-05
4.18307638663294e-05
4.18307638663287e-05
4.18307638663287e-05
4.18307638663287e-05
4.18307638663286e-05
4.18307638663286e-05
4.18307638663286e-05
4.18307638663283e-05
4.18307638663283e-05
4.18307638663283e-05
4.18307638663283e-05
4.18307638663283e-05
4.18307638663283e-05
4.18307638663283e-05
4.18307638663284e-05
4.18307638663284e-05
4.18307638663284e-05
4.18307638663284e-05
