0.05
0.0376145197753452
0.0360611337329619
0.0339480566350884
0.0357723504788386
0.0334235465002239
0.0311271022945198
0.0374678025044038
0.0352727469645081
0.0320331738845654
0.0304813357858733
0.029866873617156
0.0297873358875212
0.0301722673318631
0.0312485822612508
0.0376198637198342
0.0331548184815412
0.029555086886521
0.0292238013762412
0.0287983894753385
0.0286491804651585
0.0286780463910206
0.0287409703563778
0.0288626175383869
0.0291231295099605
0.0295992052332022
0.029911954999536
0.029533988083836
0.0282463742636149
0.0260725231121533
0.0232575228068831
0.0199783109902287
0.0373671659449122
0.0357056096208613
0.0335781669870232
0.0319447225918386
0.0307044321618916
0.0298550529962155
0.0293019703119534
0.0288978136915192
0.0333853345746941
0.0336703679679959
0.0346045842986224
0.0358606772770172
0.0375449454990625
0.0328269163319143
0.0320203570899821
0.031309390235725
0.038377806808598
0.0391050513319867
0.0394872602875559
0.0393714536383763
0.0386374108948641
0.0370969218145894
0.0349327547093375
0.0321026521304053
0.0287034214563127
0.0253451898745824
0.0220837586362171
0.0191191979673997
0.0164229708347441
0.0141247971844806
0.0121914209852356
0.010458719655881
0.0089639868951189
0.00760790480662243
0.00632445927951442
0.00513249742990906
0.00408575914552159
0.00318406124010731
0.00242927442751854
0.00181376128285133
0.00116304012771829
0.000490133566283531
-0.00010379981565017
-0.000628131451470163
-0.00105713619516232
-0.00141403670525224
-0.00169645003635958
-0.00190347767253904
-0.00203949541542772
-0.00210910295544828
0.038112648019469
0.0385262233210654
0.0389550322036241
0.0394031679320771
0.0398164533121459
0.0401897442441833
0.040550703820455
0.0408197032897989
0.0410322833414941
0.041191013299922
0.0412751377661555
0.0311959409148323
0.0310202210952526
0.0306890261746152
0.0298437187156054
0.0276223228228741
0.0247627602210344
0.0305177969024085
0.0303104967190653
0.0300601335127735
0.0306951031894083
0.030173668656263
0.0287930063818164
0.0272283576821163
0.0254799281925858
0.0233083763040855
0.0209803545002938
0.0190997517926484
0.017505808152147
0.0159983257300178
0.0147483878035545
0.0136953742556057
0.0128836628078396
0.0123208019817669
0.0119716263476991
0.0117795679197239
0.0292422530751244
0.0271903352569091
0.0239629224308681
0.0203717237010448
0.0171061737081421
0.0138512423969788
0.029738671994756
0.029383662027091
0.0289602570211906
0.0123756395637178
0.0109706166684729
0.00978597569569364
0.00879789878278061
0.00794735228132904
0.00726047320759832
0.00673720154936101
0.00632701536258889
0.00600851233753646
0.00579108498750697
0.00568585215859879
0.00569564542836892
0.00581969968512884
0.00606731846171601
0.00645864739014531
0.00701951629946675
0.00777616278532799
0.00876319225742745
0.0100504629489099
0.0116262693106505
0.0136678122415534
0.0161193944769334
0.0189867534792343
0.0224234301451182
0.0252330874160939
0.0289372484523841
0.0322934367659121
0.0355218195698981
0.0383877754404626
0.0406991265075674
0.0426080972429739
0.0440635994691282
0.0448619392269957
0.0454077086678883
0.0122385520777258
0.0108224495370519
0.00960655107785576
0.00836683816908123
0.00722318023818041
0.00620271376752397
0.00533498026316851
0.00450364528652425
0.00376028250888339
0.00307238368002926
0.00244174893507489
0.00185277342577201
0.00129981103128299
0.000794722747434489
0.000342788508263863
-8.17359932712342e-05
-0.000453187684593768
-0.00076040290688335
-0.00101402931097193
-0.0012219563649163
-0.00138231900798576
-0.00149068094292397
-0.00154658382792156
0.0284768378844299
0.0276415017578091
0.0265665226484553
0.0253760370495466
0.0241541991885194
0.0229434536695495
0.0217743018493705
0.0207217894152897
0.0198306347082627
0.0191040513947219
0.0185488101253919
0.0181749887447946
0.0179813900126741
0.0278527932985342
0.0263831587676539
0.0246726323106716
0.0229278161619035
0.0211753141076098
0.0194983490452433
0.0180040982341461
0.0166199666636116
0.0151339391704769
0.0135894512371146
0.0121016476472588
0.0107749092987902
0.00960657811979864
0.0085313376042805
0.00758714717029875
0.00676336617336951
0.00607828242509591
0.005513215282282
0.00498040314589008
0.0042739782769182
0.00343586496418066
0.00270211802781332
0.00190933181375794
0.00121707023513713
0.000555401320393691
-0.000107201946128251
-0.000752924295947375
-0.00134875022349497
-0.00186590836190896
-0.00229981505901518
-0.00267582634073763
-0.00300899328807878
-0.00327285598965962
-0.00350052766046782
-0.00369922921055793
-0.00383144440770978
-0.0039012353176091
0.0233443105419008
0.0218687397703221
0.0203924581774712
0.0188195895337339
0.0174045160792233
0.0158578860143211
0.0144826941626945
0.0133065199916951
0.0120761976310187
0.0109548040135117
0.0101706104915394
0.00903199469012947
0.00829796847693656
0.00741415536207014
0.00652132804531487
0.00586182267742279
0.00544544001102399
0.00502802884256026
0.00467693102081421
0.0044201672730494
0.00424371922039522
0.00415917953144318
0.0235959884778689
0.0222812150794304
0.0208684363898036
0.0194110315296393
0.0180151657998009
0.0167075636219062
0.0154842964321592
0.0142662056805336
0.0132543860557576
0.0122472736248814
0.0112531474268798
0.0103129102490113
0.00902822894865563
0.00778395419848277
0.00668281276945355
0.00569737877440328
0.00484623931322042
0.00409284161571533
0.00348065440373033
0.00286643383935479
0.00232626976650281
0.00188762111204665
0.00154356587356294
0.00128138480976799
0.00111129977757642
0.00102089546333372
0.0305087068482506
0.0298211228616269
0.0289808660479863
0.0301400999180156
0.0294297057523017
0.0289570813976206
0.0285775364062879
0.0280816621637719
0.0274348820853597
0.0286608638140736
0.0287692541996207
0.0294519678475813
0.030409557103458
0.0314453949798523
0.0326939544848309
0.0341751327052838
0.0357426044542037
0.0372051418244806
0.0386096369674552
0.0397750106808888
0.0406052654017084
0.0410218552927678
0.0407906802128752
0.0393078523587408
0.0366995752999317
0.0319194652198001
0.027217764377215
0.0222840530985948
0.0181523490720997
0.0142787682472233
0.0111006399464067
0.00859678005148197
0.0064899675098086
0.004733283901461
0.00329260711947702
0.00209452953224987
0.00117515063516942
0.00043676978470044
-0.000231265563040115
-0.000714388497863167
-0.00105004650405517
-0.00126782433772039
-0.00137977227331644
0.0254180517243877
0.0229848338329294
0.0206544478003624
0.0187201774063693
0.0172651703969391
0.0161693754720261
0.0153755887795518
0.0148139312788602
0.0144544509473031
0.0142313998594189
0.0141032434518953
0.0140372465686862
0.0140089065712606
0.026191875949392
0.0250083652082344
0.0233234235583749
0.0224894894357488
0.0215101867576449
0.0203781336726166
0.0225215867599789
0.0212418967169263
0.0194317345497206
0.0175956716065915
0.0157556536455454
0.0139187665746733
0.0121805170917265
0.0105627545763071
0.00903441844618161
0.00764208466214977
0.00635331078105058
0.00515144059679757
0.00405457024670987
0.00302776693006047
0.00209158914236801
0.00123957488833418
0.000478974016594602
-0.000214142845924716
-0.000814027741662181
-0.00133012655041804
-0.00178262008149
-0.00221883486362574
-0.00260654276175735
-0.00292087482792445
-0.00315616665192871
-0.00329940489107235
-0.00338253272400932
0.0190926154892422
0.0174742425995884
0.015579218374986
0.0136271101455417
0.011938318333969
0.0103432134478522
0.00874624525866632
0.00737247439046968
0.00623893105239497
0.00504600059327144
0.00386507680800679
0.00276923847854219
0.00184576069220545
0.00110969182321797
0.00034993429519957
-0.000332117723256335
-0.000950715043510022
-0.00148213963483752
-0.00192487376201095
-0.00223717563994178
-0.00248376407560071
-0.00270858784313303
-0.00287667559169297
-0.00295514302087764
0.0195941603749864
0.0186754989021572
0.0177908294368021
0.0168545029601774
0.016038914169423
0.0151971709781521
0.0144297335885416
0.0138553164195765
0.0133703940538357
0.0129437559935065
0.0126470445842749
0.0124716880302538
0.0286407395459927
0.0285855668958519
0.028823112205836
0.0294037992079978
0.0302105545664524
0.0310931727595818
0.0321567591069217
0.0333743511957971
0.0346358093687656
0.0359940774983417
0.0374384387524515
0.0388488020434081
0.0401467762871128
0.0415261545542067
0.0429545180979824
0.0442238685160762
0.0452624635888568
0.0461155487795171
0.0467988471621368
0.0473125402146661
0.0476643449097323
0.0478847849912903
0.0480084149703264
0.0290398444918403
0.0294740615969913
0.0302885979108309
0.0315480351692355
0.0330983097298984
0.0346600079137616
0.0360847571151055
0.0372951933399254
0.0381780510468489
0.0386222296557497
0.0385139588072454
0.0377771347722387
0.0362805172942145
0.0339315112493041
0.0310005782558048
0.027817559296211
0.024610986878505
0.021541740888304
0.018731304652754
0.0162691501089984
0.014120519467532
0.012261826470219
0.0107044620548523
0.00934276410316019
0.00796143592180934
0.00665424195339377
0.00551614222318055
0.0045350393699873
0.00372654008556182
0.00306193080574964
0.00251486289258326
0.00210091322250537
0.00178085762702024
0.00158634145557642
0.00148009293941315
0.0325457451585485
0.034187044583286
0.0361957382765498
0.0304524495829956
0.0297691544071162
0.0293990843851205
0.0382060399472592
0.0400723521923087
0.0416981944534083
0.0430806127187887
0.0440999458638366
0.0449320534514737
0.0455440687476691
0.0459376623604625
0.0461315534521824
0.0368433530881494
0.0365130589119536
0.0348550174248429
0.0316397587797683
0.0284499257602563
0.0252495231283248
0.0218695539538214
0.0186831118255557
0.0159183370521734
0.0134368044720949
0.0112654447893182
0.00936757926821165
0.0076950326145259
0.00622080589409077
0.00490440954203423
0.00373520749639833
0.00271096205099443
0.00183641693435309
0.00108877557539044
0.000378044116973374
-0.000313799015895227
-0.000923492051386481
-0.00146351409556535
-0.0019315324359206
-0.00231973093691284
-0.00263546521000034
-0.00289032747770761
-0.00307936763449294
-0.00320310692972037
-0.00326696107471819
0.0310302868533226
0.0300267473214734
0.0289714039842331
0.0276273274883821
0.0269310966971487
0.0263960845214353
0.0184218028574215
0.0166793442256674
0.0148151462999459
0.012991998008997
0.0113569089579054
0.00994171893423996
0.00873989078096892
0.00772388001669688
0.00685221571195523
0.00611578981175928
0.00552984064667112
0.00507957802887823
0.00471841462321938
0.00444139585879827
0.00426116330986871
0.00417020151733822
0.00416792193593889
0.00425607279036104
0.00443604171109627
0.00470729832119154
0.00506649036762662
0.00550779356135101
0.00601724094529167
0.00656862390055553
0.00712745649647285
0.0076521440056368
0.00809620070709726
0.00841641127709553
0.00858972766736461
0.0178904325592132
0.0160534038231991
0.0142599845743546
0.012609236270431
0.0111374016705913
0.00994012235798465
0.0089255147636517
0.00795784956324228
0.00709379035702801
0.00640669532686894
0.00586543206444464
0.00539915047897325
0.00498159331423352
0.00458879724775662
0.00427285486422089
0.00404715368395566
0.00390081237222727
0.00383277744400796
0.00384253320192499
0.00393668483507378
0.0041100639316372
0.00440598753168196
0.00468125146514316
0.00504062601257441
0.00560038759190752
0.00624058824957654
0.00694838250455086
0.00769922424938631
0.00836885719776433
0.0089458758676345
0.0093664471047222
0.00960032612024087
0.0285204564251257
0.028302653971089
0.028340975862631
0.0286191000424583
0.0291342530749336
0.0289078687576547
0.0294826109648183
0.0307531064785423
0.0320401062322021
0.033527607428306
0.0351605642466868
0.0365406773206942
0.0378538337438831
0.0392026220664485
0.0405181490949648
0.0414461274444005
0.0420798113340935
0.0423719550292571
0.0422746172654911
0.0417428077507202
0.0407566667761095
0.0392846752119359
0.0375053595358343
0.0347120543813569
0.0316349407467775
0.0289110345536468
0.0264098070665651
0.0242644039839479
0.0226844970741948
0.0216938762578684
0.0211359095668309
0.0309514728842179
0.0341074408491977
0.0381462661537999
0.0281427221171031
0.0270324071419772
0.0261096391695761
0.0255999921308259
0.0402812627897672
0.0417498724504392
0.0427951267236228
0.0394101277898331
0.0405741606655845
0.0418116667056215
0.0427933708015823
0.0440307856842614
0.0430675740761425
0.043347451204234
0.0432436096657462
0.0422144503794754
0.0438919922170754
0.0447653558380771
0.0454849276570546
0.0409859571023016
0.0379559942470537
0.0330455699642708
0.0279073236351321
0.0226467894266691
0.017976511855638
0.0143216450686569
0.0111953376828216
0.00863513158760772
0.00655225324564639
0.00482708705572688
0.00316177769597759
0.0410638707413517
0.0386594231425396
0.0347479130867919
0.0311920672591299
0.0262658097780464
0.0226263174474703
0.0186841726103859
0.0153462597899676
0.01291252471402
0.0108936778972305
0.00916920858440862
0.00771715711193416
0.00660363506660031
0.00568970341948151
0.00479362580152418
0.00407639155969565
0.00340907205039455
0.00288829786509558
0.00243549511420892
0.00205704347461735
0.00176785138433499
0.00153532902735471
0.00135996252846996
0.00125466538492758
0.00120221858823666
0.00260712431119928
0.0021715104043698
0.00184293120451397
0.00162568539359792
0.00144521840883651
0.00134078124532128
0.00128480825180982
0.00229116788264342
0.00154777283415437
0.000891422767960182
0.000346436817209424
-0.000137483005934758
-0.000577944050728597
-0.000970290541087074
-0.00132143594567615
-0.00163018914648536
-0.00189851820599882
-0.00214150162696611
-0.00235690023240116
-0.00253896623938079
-0.00268318035978286
-0.00279224017404343
-0.00287579325545855
-0.00293275536263764
-0.00296133350446539
0.0455267931854454
0.0453819576547085
0.0449229104881997
0.0439780505778909
0.0424282113204151
0.040189156061915
0.0371885352793775
0.0335334949674302
0.029513546336192
0.0254666927707092
0.0216436162884662
0.0181625372324115
0.0150420768326997
0.0121052806877213
0.0459591827732186
0.0463290309245509
0.0465848913272847
0.0467117523742199
0.0466924548791915
0.0465131216869028
0.046127824340475
0.0455038771181071
0.0446013534435147
0.0432946775726118
0.0414818309750239
0.0393046408524035
0.0370625281608895
0.0348966830912395
0.0330474040657444
0.0314636274727287
0.0303962367204127
0.0297813258618264
0.01047715423357
0.00914665089808932
0.00802540878506158
0.00692263423107563
0.00603098267059077
0.00532909541561488
0.00456833780671696
0.00375057351028961
0.00303599265930149
0.00246535634918443
0.00200925174227054
0.00162991194502113
0.00129974072738244
0.00102294450377672
0.000808849200153437
0.000661485901974017
0.00056521237914058
0.000511975055005026
0.0106549346544953
0.00947912949455717
0.00852037541406537
0.00772553764273443
0.00704899670221318
0.00646156524573108
0.00596757403114069
0.00558339053254531
0.00530625800682486
0.00512704332172438
0.00503637305690367
0.0444032116814778
0.0445004835636223
0.0440256381277395
0.0426760912205589
0.0402067355862595
0.0363216261195803
0.0314741089212341
0.0259061563494312
0.0207351414830519
0.0161808935738155
0.0119884430580461
0.044907523984843
0.0457462801448038
0.0463395551687533
0.0467884945599226
0.0469672047452941
0.0469038359146939
0.0465442940052998
0.0459043277254492
0.0448735645134485
0.0440245863503218
0.0429388466112198
0.0420950533295462
0.0416153647367845
0.0100284605266652
0.0085624592993671
0.00743884674925027
0.00645887806791995
0.00574951217609094
0.00519762649141494
0.00483139759966561
0.00457076605431611
0.00442305866739525
0.00985655582649679
0.00807482993637643
0.00658151125563464
0.00531933193216609
0.00424329672260304
0.00332864963954785
0.00254834615245191
0.00186810145628524
0.00128570443149119
0.00078830730749964
0.00034247146606328
-3.79783564072663e-05
-0.000362808015272766
-0.000646144974994013
-0.000892749711438817
-0.00111546946616405
-0.00131276318129635
-0.00147532864321077
-0.00159633518510404
-0.00168794410217036
-0.0017500683614676
-0.0017809529956948
0.0256997419277452
0.0262000828940991
0.0270944483092454
0.0282904515481892
0.029717169887223
0.0313565509956451
0.0333088465623626
0.0352782905794864
0.036700119050599
0.0384615995288253
0.0403392668940073
0.0417455295480562
0.0428830931238216
0.0436328205481536
0.0437862051042191
0.0432273915798168
0.0254327658067878
0.0256237747788427
0.0261601186953513
0.0269980890134609
0.0281261922136322
0.0295530545822604
0.0313134404948612
0.0334150127387082
0.0357046337606693
0.0379528297937836
0.0399466975754953
0.0415901278686838
0.0429949093137893
0.0444439534624456
0.042207414609093
0.0396929172691229
0.0358922754299536
0.0314799593846659
0.0265227463871648
0.0222188143796134
0.0185626546801018
0.015022400394334
0.0125509291631845
0.0105472169389271
0.00901769081985599
0.00780091793865989
0.00689411115045502
0.00625283258433745
0.00583435616120688
0.00562075323823783
0.0424585778596676
0.0406825933550729
0.0376799515380679
0.0339866612802716
0.030189993713011
0.0259830953240259
0.0222720070548696
0.0193376828990224
0.0170528582231434
0.0151985716016531
0.013661107412916
0.012432104547432
0.0115515193486668
0.0110779047682686
0.0449647137907349
0.0450997452723316
0.044856227109242
0.0441246380560419
0.0427891211675266
0.0406977608672041
0.0379333656397112
0.0345055143097343
0.0304430444568424
0.0262556198970554
0.022470857593393
0.0191840650940323
0.016239296604671
0.013481423853744
0.0451515932204316
0.0456424422713493
0.0458225143753192
0.0456810342922232
0.0450219299421699
0.0437239928398972
0.0418160359657713
0.0387736757396707
0.0347463731046382
0.0302543353001032
0.0257695386201436
0.0220470089728551
0.018617128383684
0.0157181973071618
0.0133175892757638
0.0114360627584384
0.00988977869093122
0.00854732777628638
0.00743935133092383
0.0065108248467626
0.00570717540296404
0.0049967099215518
0.0043589642491147
0.00378348789944089
0.00325540008654286
0.00274804144773172
0.00226393763475856
0.00181071186430732
0.00136124046095435
0.000917842874677413
0.00044789650893226
0.0119320005477555
0.0105001179876414
0.00917106712072787
0.00793975145329687
0.00681862727372876
0.00589197722626822
0.00518017941833426
0.00453949926552201
0.00394019663382728
0.00342674509693995
0.00296263152408022
0.00255462824848241
0.00217171535079411
0.00178964983965429
0.00144837248371844
0.00114657648894085
0.000834830351257483
0.000528727012702985
0.000245232053345073
-1.0281962586541e-05
-0.000250824889914038
-0.000492726854473159
-0.000727190129427963
-0.000945460908325826
-0.00115433941553157
-0.00136652568238231
0.0123304841013406
0.0115353187600451
0.0110288760468054
-0.00159811143445486
-0.00187580172781619
-0.00218666999135566
-0.00249628408701105
-0.00278559336454492
-0.00306518180790482
-0.00141462204109698
-0.00146253325911952
-0.0014903370425461
-0.00150725630009823
-0.00324538713916271
-0.00337748388736077
-0.00346229262886947
-0.00350596569391961
-0.00317168330395126
-0.00323935384350752
-0.00327117022760226
0.000178153074975971
-8.87551427430165e-05
-0.000339557664148942
-0.000594561472501654
-0.000869111264420796
-0.00115301482762396
0.00021630629476513
-6.63721790980831e-06
-0.000234182257673806
-0.000467479830124357
-0.000709772034456562
-0.000942042664660863
-0.00120089937530925
-0.00145358089679837
-0.00171453615161818
-0.00197950630972946
-0.0022389234118229
-0.00250145933280531
-0.00275582325318684
-0.0030103722508324
-0.00325560084577768
-0.00348263864109545
-0.0037115535267512
-0.00145414981319889
-0.00171540820153797
-0.00198753353996978
-0.00224582495515231
-0.00251445428548378
-0.00277534518203187
-0.00302813926872327
-0.00327052604628265
-0.00350197517488603
-0.00371642466126837
-0.00391935124381751
-0.00410992481586249
-0.0042830607841735
-0.0044333319935126
-0.00455843750430803
-0.00465844346392569
-0.0047333812296833
-0.00478309432850267
-0.00480866300946288
-0.00113536856646701
-0.00112153774557768
-0.00110959015214518
-0.00110090141714026
-0.00109529047801648
-0.00109240153492741
-0.00391264994306773
-0.00411799853261129
-0.00430117879884648
-0.00444616508153531
-0.00456232768150198
-0.00463955604148562
-0.00467999849367503
-0.00380870618385652
-0.00389249700946286
-0.00395071515978218
-0.00397962168931646
