0.05
0.0376856811980892
0.03535267726542
0.0316339315187668
0.0360678292590982
0.0339035466936326
0.0317782160216113
0.0376222942229218
0.0354396056800833
0.0320623644641953
0.0300055041578479
0.0284734549242852
0.0272909790881376
0.025562772936475
0.0230977574825072
0.0378016135075228
0.0349905129184083
0.0330939661965698
0.0330437749409779
0.0338598730091292
0.0348728012498513
0.0350819763021572
0.0351254450647781
0.0350327399309918
0.0345694147187819
0.0330398603879634
0.0302839101493988
0.0269416131415307
0.0233663923226786
0.019830789321432
0.0164881475399598
0.0132343572867345
0.0375201090360698
0.0358722197206584
0.0337313210980484
0.0320278449463922
0.0306402026301768
0.0295680328566513
0.0287027561339629
0.0278117847158761
0.0296976738453884
0.0278536530632127
0.0256467025703795
0.0233307543894179
0.0203226581775835
0.0294669295910107
0.0275558087631876
0.0256083660902269
0.0187989313172414
0.017108100068115
0.0154249818742109
0.0139555909236991
0.012514493973103
0.0111231877499982
0.00992253133204233
0.00878335365112415
0.00767397658094475
0.00668963039013288
0.00576594229762363
0.00491478352095049
0.00410703662604434
0.00337752748592391
0.00272366796230263
0.00209643788946061
0.0015154551900313
0.000950045411629494
0.000378103815377161
-0.000186964400564413
-0.00071278624385666
-0.00119189660298764
-0.0016158610712843
-0.00198015675931194
-0.0023848862459995
-0.00282267492751365
-0.00322389745328769
-0.00358978730504981
-0.00389738225042322
-0.00415900072509854
-0.00436970183045157
-0.00452622425093009
-0.00463002100215184
-0.0046834437955951
0.0191542200218223
0.0182476606675637
0.0173046533334007
0.0163544117863095
0.0155265386751796
0.0148214539771415
0.0141771201074627
0.0137182795797821
0.0133678860525575
0.0131130818157429
0.0129803133331797
0.0245221916230166
0.0231151116037078
0.0212170951140276
0.023255813636914
0.0201736569250054
0.0169089714492728
0.0206664710782578
0.0200558501115222
0.0193755944200759
0.0200635433697928
0.0181833807241161
0.0159185896225603
0.0142885342215293
0.0128700057095439
0.0113662145612098
0.00989694617516742
0.00875286244633834
0.00779069855142924
0.00687427791787164
0.00610238008768656
0.00543995606135387
0.00492014805117575
0.00455428549065628
0.00432477253660544
0.00419757954244748
0.0181621985615644
0.016292933078059
0.013959004787023
0.0116702734158039
0.00967541040941142
0.00769202657179716
0.0185131798187823
0.0176966357609849
0.0168440788484153
0.0067661331966734
0.00586892805462282
0.00510265571493869
0.00446034236436226
0.00391086788782994
0.00347748078498331
0.00316332330455982
0.00293947971048781
0.00279897138483095
0.00275453549895456
0.00281751217406723
0.00299111174639169
0.00327746863353503
0.00369136189112282
0.00425514187176976
0.00499306650798115
0.00592596656994022
0.00708196237137266
0.00852534896456226
0.0102271174230161
0.0123616564777609
0.01485646035242
0.0177169488125037
0.0211034371570862
0.0238615609999193
0.0275006918931911
0.0308140260139919
0.0340247195591188
0.0369061642431715
0.0392640289943824
0.0412452426294093
0.0427833531716515
0.0436381448357659
0.0442291372449742
0.0067184220976372
0.00585329200967356
0.00510499048207688
0.0043415580412695
0.00364278887660496
0.00302983245585973
0.00252175051842485
0.00205093795186505
0.00164649399690314
0.00128820673394689
0.00097414980735818
0.000693561427946784
0.000441458466371962
0.000221279588758697
3.36786904987637e-05
-0.000132149560022988
-0.000265657252308726
-0.000364099426294685
-0.000433401707488741
-0.00047866561462879
-0.000503828731672695
-0.000514622582592986
-0.000517796949388522
0.0155413519107637
0.0142948405352584
0.0131523172159626
0.0121365909758307
0.0112369873019255
0.010430916062413
0.00970434262070199
0.00907901647371017
0.00856390026304951
0.00815055943284381
0.00783743388564844
0.00762753171990869
0.00751903272699551
0.0155854037182658
0.014311767866623
0.0130773888437606
0.0119634361198241
0.0109264925171345
0.00997577519036095
0.00914489510927718
0.00837846057098795
0.00755123859534225
0.00668272185388114
0.00583750734702608
0.00507839560558566
0.004408872817192
0.00379597550760968
0.00326478327259635
0.00281153325096511
0.00244728140803409
0.00216037227463624
0.00190379371469613
0.00158136895816037
0.00121561132966953
0.000906880253730982
0.000583654030848693
0.000307784935015814
4.79784617045278e-05
-0.000209517272879222
-0.000458164668475493
-0.000684769741487073
-0.000877567166600035
-0.00103463492939313
-0.00116545212597757
-0.00127540241798153
-0.00135696314710809
-0.00142225953198404
-0.0014749317578722
-0.00150779436593866
-0.00152437845893491
0.0154667007367827
0.0141466180943045
0.012924008200198
0.0116830141751951
0.0105953165480498
0.00942078608516418
0.00837693376374481
0.00747832191881347
0.0065280335470671
0.0056502554281214
0.00502959217954572
0.00411743019713398
0.00352249592149387
0.00279851032185601
0.00205890735831959
0.00150755518580541
0.00115733758625045
0.000804501329568476
0.000506398741031638
0.000287648590086835
0.000136951815962089
6.4645831138046e-05
0.0157018779049423
0.0145149374702229
0.0133500506801372
0.0122180343285508
0.0111719713781609
0.0102095319259091
0.00931435032143455
0.00842052076097658
0.00767126805093693
0.00691530552083779
0.00615582709937645
0.00542510599284628
0.00441098005417725
0.00341444601036899
0.00252067030850139
0.00171103917302322
0.00100452128558823
0.000373733487413167
-0.000142473087325495
-0.000663834413239742
-0.00112516883573595
-0.00150165737132629
-0.00179800334402453
-0.00202442325608927
-0.00217157691112109
-0.00224988230532502
0.0311715097517781
0.030458185238445
0.0295235385797555
0.0308502834564083
0.0300596941963577
0.0292756170534853
0.029075326527523
0.0285044984401229
0.0277369004537615
0.0289212145639168
0.0280057559593
0.026666097598328
0.0252147570660729
0.0237623868528045
0.0220939308084929
0.0202136845939699
0.0183249225512294
0.0166256459754129
0.0149973024133453
0.0135538927372706
0.0122863035879553
0.0110802480683099
0.00965368384426146
0.00805298100824713
0.00678426978569929
0.00538725175038639
0.0043157360857498
0.00327032932680638
0.00236789152116049
0.00145145837275207
0.000615848472368402
-0.000118310666907794
-0.000806331732070538
-0.00144389514466703
-0.00202146097410824
-0.00254786817156819
-0.00298495643409013
-0.0033599020785567
-0.00372012920439055
-0.00399365619971282
-0.00419053775072588
-0.00432146514809593
-0.00438981132577455
0.0272953365957841
0.0265785622685473
0.0255235409984059
0.0241647451775223
0.0226659079324482
0.0210998497650302
0.0195786357371688
0.0181545044715759
0.0169566436487784
0.0159805236899825
0.0152454852394723
0.014760572713082
0.0145075938209319
0.0246125505777532
0.0217913833367321
0.0184507535049915
0.0170343582874541
0.0155699889100441
0.0140355018507823
0.0170989530089224
0.0155398283966287
0.0137075103182042
0.0120528089163378
0.0105112429759281
0.0090392075301026
0.00768086722229154
0.00643385903663971
0.0052640073869009
0.00420113749933746
0.00321718041935345
0.00229749792511676
0.00145483322630656
0.000661745843976378
-6.61187673649179e-05
-0.000733527718708643
-0.00133415458945039
-0.00188611799279768
-0.00236799537664338
-0.00278626037323606
-0.0031562036257346
-0.00351574855720692
-0.00383750395432599
-0.0040998671036703
-0.00429715574642495
-0.00441762962291422
-0.00448769320624166
0.0127662674336142
0.0113497990317713
0.00980739224733809
0.00828197553975185
0.00698945757678178
0.00578196673663106
0.00457981114294859
0.00354725661498571
0.00269448177256582
0.00179478471265416
0.000900241842203814
6.50902255335339e-05
-0.000643689848865936
-0.00121262457514243
-0.00180428464112289
-0.00233976223095649
-0.00282940056832382
-0.00325333570746051
-0.00360901000907523
-0.00386130727024174
-0.00406143299453509
-0.00424466083227793
-0.0043821013626038
-0.00444638692432411
0.0127731908504818
0.0115472624701027
0.010511275346791
0.00951337595482798
0.00869886278126494
0.00789713789209155
0.00719109912778499
0.0066744696364606
0.00624529403063127
0.00587188749472569
0.00561381256627012
0.00546186356337672
0.0287679475175528
0.0280446056841821
0.0269969557733565
0.0254942825608964
0.0238306339747489
0.0222633009886674
0.020603497243622
0.0189250615599875
0.0173715437677081
0.015860011962287
0.0143966087150964
0.0130809589385154
0.0119474565834569
0.0107987958010158
0.00963707331656926
0.00860381608010882
0.0077394010218934
0.00700133888182461
0.00637897606871732
0.00588312005105571
0.00552411433364491
0.00528869971417507
0.005152042541231
0.0288413198470969
0.0282626845646523
0.0274347752904308
0.0261973826039881
0.0245766866596481
0.0227685681815729
0.0208953764847372
0.0189996011792118
0.0171486338348759
0.0153823152317493
0.0137139199028897
0.0122017068576785
0.0107392801941581
0.00932684272228226
0.00804699350348552
0.00689550451875199
0.00583925252843951
0.00485706565064958
0.00394534750287969
0.0031149217659289
0.00235175551865326
0.00165253753346867
0.00103042548256407
0.000451191151485105
-0.000173742985859726
-0.000796503768757687
-0.00136465857652002
-0.0018755597560703
-0.00231227114294611
-0.00268251785296281
-0.00299530374987492
-0.00323691772178154
-0.00342680624278928
-0.00354350067523081
-0.00360769842904402
0.0214018704456333
0.0192620709740884
0.0165252632386571
0.0232977173849166
0.0234579516238141
0.0235411842168884
0.0150890720309037
0.0136695434417435
0.0123919367052892
0.0112842598081799
0.0104532474259615
0.00976156961089453
0.00924168467937454
0.00890054704379363
0.00873006571309427
0.0138729580637004
0.0115645577176801
0.00941717469726608
0.00733898387981695
0.00626537752829041
0.00537538590495373
0.00451891340240418
0.00373396835929958
0.00304530928668926
0.00240797861547012
0.00182704573560221
0.0012953993110145
0.000803229473449094
0.000346363927672686
-8.42044319038771e-05
-0.000488645166794487
-0.000864143659289068
-0.00120449846937896
-0.00151317286752924
-0.00182382944475418
-0.00214268523814057
-0.00243733459277862
-0.00270937002947713
-0.0029535709010362
-0.00316187992120909
-0.0033349615522242
-0.00347694184790568
-0.00358349006418851
-0.00365378480021197
-0.00369023226218502
0.00656499666866036
0.00596860846737141
0.00552603839554982
0.00508444971066327
0.00488030406348632
0.00473460220394921
0.0117719147680984
0.0103268716618501
0.0089066841007034
0.00759553309283856
0.0064689863650327
0.00552772677668166
0.0047536173570557
0.00412020691862658
0.00359682457238982
0.00317554414334036
0.00286201926601845
0.00264340393026682
0.00249417387697703
0.00241353249374448
0.00240488393236392
0.00246469027673023
0.00259318187999736
0.00279123273385562
0.00305923422266198
0.00339610023474042
0.00379892345211147
0.00426349479586369
0.00477841814581928
0.00532140939908966
0.00586291601671981
0.00636647046611535
0.00679032292810843
0.00709506513637042
0.00725976587436892
0.0113694228885195
0.009872085817597
0.00850024786539692
0.00729657233979492
0.00626326679496288
0.00544847733880207
0.00477703526651197
0.00415571007587636
0.00362100461156004
0.00321474472870434
0.00291270607973552
0.00267358701805727
0.00248612107467582
0.00234354138443413
0.00226776753025795
0.0022600517702676
0.00231839436319935
0.00244353292313878
0.00263785766233365
0.00291395421739935
0.00325333444859635
0.0037275027314139
0.00412410081733847
0.00460974652547954
0.00532540200446776
0.00611350184589428
0.0069678824439874
0.00786392843021692
0.00865815261144153
0.00934042618536925
0.00983700205563996
0.0101129688274756
0.0266363610319622
0.0249782078681473
0.0231220841193286
0.0212722560804286
0.0193056155416049
0.0275043242115951
0.0267886611156146
0.0256781735799694
0.0246413556748077
0.0234194993523537
0.0219856020986571
0.0206733394010357
0.0193203990574268
0.017807713428754
0.0161478607156675
0.0147283324425584
0.0133898241252189
0.0121423545282597
0.0109869042101554
0.00993705010016537
0.00899733475901752
0.0081467517472632
0.0074360093447831
0.00659995263656264
0.00585279713064095
0.00526953181529251
0.00477139104419809
0.0043600440328747
0.00406160616228003
0.00387511047136749
0.00377000687481285
0.0176091133501592
0.0148114712087001
0.0112390654868122
0.0182586110953284
0.0166886810714027
0.014794825195223
0.012745135244774
0.0094160329926944
0.00812874763524444
0.00717841625592787
0.00992091692726437
0.00874147451333041
0.00754039658217958
0.00660015175553254
0.00537426294746853
0.00686085059393792
0.00623326749875928
0.00541742608171581
0.00460304153211753
0.00614836029396399
0.00521736397144721
0.0042874095588644
0.00435408619828797
0.0041206004252948
0.00391383032370334
0.00376195762876896
0.00363218423032398
0.00352615017810448
0.00344959253883474
0.00339845247767632
0.00338897772429369
0.00343949474202683
0.0035685981614698
0.00382802519862665
0.00406055205911372
0.00352709400767702
0.00299210540405911
0.00261808143704067
0.00216913782833169
0.00184641086112068
0.00148592808137892
0.00115679454439825
0.000895180390199702
0.000659044115707407
0.000439812125196345
0.000239575807829672
7.40833325805635e-05
-7.08765940970445e-05
-0.000220974115395881
-0.000345346884328148
-0.000462601491420047
-0.000552382737600477
-0.000626139995661442
-0.000681542760316986
-0.000717685204858524
-0.000741162569542727
-0.000754616760267084
-0.000760705328026358
-0.000763097167472476
0.00304594492628467
0.00239729376409524
0.00189028340686046
0.00154855279115071
0.00126151494230413
0.00109461948676419
0.00100502768715736
0.00496252513352448
0.00623866905329147
0.0077244032932263
0.00932904223820218
0.0111517324819937
0.0132548010731391
0.015596790463703
0.0181620200131855
0.0208483230144652
0.0235443420645436
0.0262914227178901
0.0289720613323104
0.0314144531758606
0.0334585769731387
0.0350638988041894
0.0363255696264821
0.0371996511172194
0.0376418648374958
0.00394800259410036
0.00355722616503291
0.00310378346125784
0.00259718530477885
0.00208633983082184
0.00160372318662251
0.00114676960666267
0.000713691042548561
0.000303269579170706
-8.53155959892386e-05
-0.000452608245938721
-0.000799200793664395
-0.00112552095702343
-0.00144747549123002
0.00378283991820982
0.00325919373219456
0.00272954749991167
0.00220481276140558
0.00174415744129417
0.0012971532728726
0.000868755329181949
0.00047333766039476
0.000103115758354501
-0.000273558518457371
-0.000660164047178266
-0.00101906673810847
-0.00131927571055683
-0.00156667672193482
-0.00175531490866822
-0.00190479058613662
-0.00200096049837812
-0.00205487707921639
-0.00144270476363138
-0.00141716860121762
-0.00137741080330229
-0.00131669642310623
-0.00124529351770927
-0.00116937440136236
-0.00106363565031503
-0.000922764258374885
-0.00077502583763124
-0.000636481083885992
-0.000508610448522292
-0.000387196786323348
-0.000267217294675911
-0.000153813109946329
-5.64733286945034e-05
1.60472298836897e-05
6.61497299997452e-05
9.49248044686418e-05
-0.00176486001346164
-0.00205164451018412
-0.00231090566704083
-0.00254786493194294
-0.00276876192384153
-0.00297694011654911
-0.00316460879230217
-0.00331906188324556
-0.00343551407657528
-0.00351325864529164
-0.00355338175996678
0.00479887112248874
0.00419560101072855
0.00357516382395074
0.00302357355138701
0.00253258255665999
0.0020743194697391
0.00166609080591336
0.00127168741169333
0.000925031569173743
0.000622878866516594
0.000351001117765227
0.00454352990112295
0.00362006630664112
0.00282424952577885
0.00198913946065006
0.00132916958993741
0.000608876113443435
2.0439206411283e-05
-0.000472441094541696
-0.000927803673631956
-0.00118632819433368
-0.00143518202612863
-0.00159176750860111
-0.00167037902354757
-0.000269593811688642
-0.000801111994418016
-0.00125757531332203
-0.0017004668225595
-0.00205206138879707
-0.00234754213105118
-0.0025554331657271
-0.00271013400950231
-0.00280068408286783
0.000643144286246434
0.000977382173032631
0.00135399514009753
0.00177636053890426
0.00224993973881153
0.00277557480818844
0.00335703364813727
0.00401170468693521
0.00473234333197866
0.00551658806332008
0.0064074024965395
0.00736429968956592
0.00838274048967662
0.00948388867119254
0.0106596121281664
0.011935979243378
0.0132624045952161
0.0145174296819279
0.015559159167306
0.0164160943353028
0.0170333683155796
0.0173515348880192
0.0118322165220556
0.0107969287124773
0.0097343962525316
0.00873211098587299
0.00779412560528843
0.00689119275854211
0.00595136293610402
0.00508501275982291
0.00448347522334573
0.00374580905567103
0.00293074730236756
0.00224927981566168
0.0015731527859693
0.000884929904031657
0.000253425816463238
-0.000385101968649528
0.0118273896073644
0.010885836170752
0.00998455834026585
0.00914569152771645
0.00834756840312046
0.00757233423205728
0.00680092039993086
0.00603155229028941
0.00530571225780929
0.00466216830014933
0.00412260877040971
0.00368288841596255
0.00329596737542366
0.0028639599697652
-0.000709605249860128
-0.00108432054332399
-0.00143882060184719
-0.00175758193879083
-0.00208265404772839
-0.00237199459327161
-0.0026400372207087
-0.00293431551655449
-0.00316866505535244
-0.00338266274896501
-0.00356417737886316
-0.00372238027913301
-0.00384956861856515
-0.00394496720946594
-0.00400995406606092
-0.00404404584431557
-0.000824831966461104
-0.00125530760827599
-0.00169949853780082
-0.00209800775736871
-0.00244447431025861
-0.0028018967126608
-0.00311945697158776
-0.00338352513273987
-0.00360304359924891
-0.00379383010740872
-0.00396300971731983
-0.00410685003199038
-0.00421526900690031
-0.00427558788187948
0.00258444040190426
0.0023649128431218
0.00218328931852451
0.00202820556937286
0.00190863805058293
0.00182471914949762
0.00178068379566891
0.00177450830694399
0.00181274397142306
0.00190339312923045
0.00204509536293572
0.00223747077833096
0.0024942810465151
0.00284283690826141
0.00272451231591331
0.00260752525347338
0.00253284954706158
0.0024885320512847
0.00247807744036465
0.00251550618357379
0.00259684683497972
0.00274322054747036
0.00295781394927165
0.00324202242248399
0.00360920470250981
0.00402582022527423
0.00456663291712757
0.00523159063799966
0.00603986167929406
0.0069595672169789
0.00803689911341577
0.00936313821734682
0.0108977877459368
0.0126568480256725
0.0146864750791664
0.0170142778997259
0.0196391978437128
0.0225017101143915
0.0255452274402228
0.0288011473358891
0.0321284224891493
0.0353364649979883
0.0384815027313659
0.0413812967013152
0.0440285732788986
0.00352035218177247
0.00434787997238478
0.00535664441588088
0.00658061313902161
0.00804179172946851
0.00961410347120398
0.0111467930840634
0.012868085557977
0.0148740217875033
0.0169804917155679
0.0192562170248459
0.0215847355683735
0.024065685511514
0.0268080439799263
0.0294332364752895
0.0318553329850956
0.0344194315169819
0.0369502528007003
0.039250715147807
0.041232109031981
0.0429610680520784
0.044503371446302
0.04574180001391
0.0466025946504409
0.0470981463509836
0.0472013032435065
0.00251408166944839
0.00227565346450596
0.00211804636168261
0.0460930215326057
0.04351000039162
0.0384765865415974
0.0312030390934442
0.0235194361594172
0.0162808024129382
0.0479475886989912
0.0483232102175705
0.0483899898437606
0.0483589151225691
0.0123247792534804
0.00972863892438734
0.00819720955814046
0.00745038335094514
0.0132220309733787
0.0113896574600879
0.010559615610866
0.0448198011303176
0.0448293460755047
0.0438728489581282
0.0414983200149789
0.0366270644112121
0.029217252147168
0.0454435590279158
0.0462632648448185
0.0465523929930851
0.0462319755076797
0.0451026511828
0.0430189808367934
0.0392941225489307
0.0343957427460283
0.028812125878185
0.0234593357594049
0.0189410310453939
0.0151485233201353
0.0121300031459483
0.0096401647174391
0.00764185992439161
0.00606792934619599
0.00468671078891243
0.0247204800235522
0.020973175067365
0.0174851415181702
0.0146266939504347
0.0120951883142156
0.0100129742501423
0.00829746371527877
0.00688981918054798
0.00573067865437256
0.00479512039443902
0.00401670249172086
0.00336877989771904
0.00284190867124473
0.00242727186454246
0.00210957339150747
0.0018722680056501
0.00170359575543154
0.00159586366970457
0.00154174688648186
0.0255903479344284
0.0224323401674532
0.019631866782312
0.0176099616515253
0.01632334098339
0.0156688040706614
0.00384082320850112
0.00310685393539173
0.00253811026131347
0.00213702535753714
0.00184419667766942
0.00166225440465767
0.00157094912708118
0.00389272895915757
0.00327395610276299
0.00287513351102904
0.00268602760566829
