0.05
0.0375781769221225
0.034647420385043
0.0297710498569495
0.0360895435042023
0.0340468725288546
0.0322693616149586
0.037602658632555
0.0359043911629209
0.0338491050583501
0.0332568970979756
0.033329385902649
0.0335863047448986
0.0340055175874507
0.0341512309588197
0.0377539161856242
0.03500135310967
0.0332095103607563
0.0331956459413414
0.0342496891750256
0.0355384639020793
0.0358434589587961
0.0359732314357837
0.03602487917265
0.03588956431553
0.035105184975453
0.0332895388316104
0.0305692999435384
0.0271551840416003
0.0234070081608486
0.0196534169332426
0.0159050266683203
0.0375002935093439
0.0359805456708989
0.0340710596611231
0.0326299398023034
0.0315447044874752
0.0307908694796192
0.0302662486196578
0.0298109115504717
0.0276831512484466
0.0257408677392988
0.023516166266746
0.0213192502257685
0.0186304586264805
0.026658031176396
0.0238988521825406
0.0211491239778813
0.017219301523243
0.0157004314266693
0.0142214669476646
0.012950603957856
0.0117202808262151
0.0105468050292901
0.00954586672575161
0.00860748247639882
0.00770609784242305
0.00691872844563411
0.00619286767924736
0.00553760373653948
0.00493052567189004
0.0043972869670237
0.00393411876801717
0.00350604331321414
0.00312680758304921
0.00277604146792332
0.00244072672525646
0.0021296831455117
0.00186058002269938
0.00163627551856799
0.00145906310396633
0.0013264492115694
0.00120211642525362
0.00109299675233681
0.0010155869850587
0.000966087578940302
0.00094221518544641
0.000936410271674519
0.000942459462364645
0.000953638638760543
0.000964402981694374
0.000971057466544865
0.0177249950445091
0.0170551462099647
0.0163785419882617
0.0157101924535276
0.0151345059734999
0.0146470217009529
0.0142027578394505
0.0138866313742886
0.0136452095602113
0.0134695855645503
0.0133780409994421
0.0196745976084783
0.0178869173024408
0.015611535957603
0.018007327321814
0.0143905922143575
0.0109478515219756
0.0150120675503362
0.0143582795677822
0.0136404452982769
0.0140414252448042
0.0117521527151932
0.00922083866176551
0.00750142827490987
0.00605963892249277
0.00457345031034063
0.00315397278653052
0.00206748730794066
0.00116604414918366
0.000317966635645289
-0.000388571690770708
-0.00098922741122333
-0.00145690621194159
-0.00178408634950863
-0.00198843100348331
-0.00210134384157372
0.0126842849987448
0.011525745007851
0.0103517465418102
0.00949254116768642
0.00904265827049038
0.00895733855053278
0.012702187251318
0.011832930389809
0.0109419855378944
0.00895073119937628
0.00935720441133765
0.0101882815711579
0.0114519011906705
0.0132447274426397
0.0155135715083181
0.0180994180170254
0.0210500179294011
0.0244247409338591
0.0280686201285972
0.0316872071834883
0.0349912846391576
0.0377955785554581
0.0399641267647362
0.041253367796541
0.0413213177237102
0.0397678803396845
0.0362776430749271
0.0310148276283516
0.0253424048903413
0.0198510532494337
0.0152718737870585
0.0115422352499559
0.00835836339211994
0.00635018459565229
0.00424214496971329
0.00267722588174998
0.00139793005404322
0.000402027157497246
-0.000329760899934482
-0.00089907797835361
-0.00132022234287826
-0.00154992259492726
-0.0017071504169313
0.0092612293698248
0.00997998988568243
0.0111282378995529
0.0130128073749006
0.015536823670604
0.0186182977759979
0.0219720405817678
0.0258278277429593
0.0296898407187632
0.0334383051903114
0.0368243167155977
0.0397167628012369
0.0419148745635307
0.0431464105689605
0.0432088103078511
0.0417626350468119
0.0384519358579462
0.0336608779301711
0.0283466588976888
0.0234150442008211
0.0194876999443255
0.0168449021303715
0.0154960588453056
0.00943063075304283
0.00804998983544562
0.00682444711411074
0.00575900795297334
0.00483028049567973
0.00400784731098891
0.00327319584608281
0.00264530301314751
0.00213079686829186
0.00171959250102524
0.00140901103603964
0.00120124759433644
0.00109399128346908
0.00985991994069195
0.00885365254449997
0.00795587135828191
0.00721525479129595
0.00659318994929161
0.00609125839550794
0.00572177671983898
0.00545554046039465
0.00526164357602734
0.00516852621809386
0.00520129208191241
0.0053714245202066
0.005682052292495
0.00615494094374102
0.00677678690768659
0.00755635092488465
0.00847693406875084
0.0095295030034196
0.010843250252423
0.0130362592925746
0.0161435042094327
0.0192885561936019
0.0231215755063096
0.0267372361852794
0.0303195503751496
0.0339306426119737
0.0373847578996257
0.0404285032786842
0.0428664959191211
0.044684524514855
0.0460295618337747
0.0469931645713143
0.0475719677233934
0.0479183503540218
0.0480954588183201
0.0481474216610309
0.0481509357137807
0.00947786517589765
0.0082358941237237
0.00715989307813687
0.0061344255984847
0.00528874235808808
0.0044319742467557
0.00372063550364797
0.00314874877555284
0.00258833458618487
0.0021110477600048
0.00179542794130255
0.00136621806169504
0.00110876398314738
0.000821545890295747
0.000558561955855182
0.000383146746607743
0.000281249672664438
0.000187029739592851
0.000114250472355793
6.49217074151964e-05
3.3077870590707e-05
1.84171748205355e-05
0.00977421787640088
0.00872157170504085
0.00777466660636928
0.00693368854773236
0.00622883964701306
0.00564668687433082
0.00516853231179694
0.00476035333936435
0.00448056585246596
0.00426896170690663
0.0041381556516906
0.0040859276194374
0.00410743666379487
0.00422169399743722
0.00441471856715615
0.00468034841263329
0.00499555752720423
0.00535476867387272
0.00571444417691293
0.00615381414674532
0.00662087630765302
0.00706451678937392
0.00745485193804736
0.00777949800984549
0.00800354479338733
0.00812742787511159
0.0318936998492975
0.0315389817298428
0.031192647195058
0.031412676277848
0.0307965742329246
0.0303220305272252
0.0311070348572463
0.0310307537629022
0.0309632972459307
0.0308861075135075
0.0310549643313671
0.0318272959268799
0.0328394537293036
0.033877472262888
0.0350696515683225
0.0364144615653826
0.0377538769847907
0.0389035275543518
0.039868533237544
0.0404725354717556
0.0405946886917348
0.0400499104199516
0.0382768844771268
0.0347008382193138
0.0306070842452952
0.0251201701120058
0.0207615080273595
0.0166732039344126
0.0133988925151407
0.0103625561081735
0.00785443968658973
0.00585037306685549
0.00413431421440179
0.0026749621655916
0.00145319664692448
0.000415920943357596
-0.000395439376057758
-0.00105823269519368
-0.00166776410348101
-0.00211475113182693
-0.00242857134458565
-0.00263370825585151
-0.00273965850618425
0.0275208313553779
0.0231832998916874
0.0188872496043542
0.0151820019735779
0.0122323180912821
0.00982559858723887
0.00788551947208125
0.00631011556351101
0.00511844308043657
0.00422126637179228
0.00358392488637474
0.00318002387982526
0.00297448247350707
0.0334855082892227
0.0358192692254092
0.0384441592226582
0.0395661616477274
0.0406522293760376
0.0417121984666509
0.0392712652075205
0.0399547596293365
0.0403519714461819
0.0401231770809648
0.0390780587576855
0.0369700229308033
0.0338300673407526
0.0299780268753207
0.0258186330048078
0.0219297088926564
0.0184661785315439
0.015459277934481
0.0129364252691436
0.0107694877766192
0.00895022053488685
0.00741533161304295
0.00613450785695449
0.00503482058150312
0.00413184197392963
0.00339084970315342
0.00276802649982162
0.00218906600347838
0.00168910019560717
0.00129298241916212
0.00100163527051784
0.000826294881005635
0.000725311102865844
0.0420492517115906
0.0420394511970895
0.0413760496799544
0.0397262169852245
0.0372039746121816
0.0336975616977011
0.0292080191697477
0.0249553815365648
0.0214486336549686
0.0179311372589632
0.0147253170643409
0.0120274025853577
0.00995755654048696
0.00843340341793755
0.00697265243185716
0.00575023735000017
0.00470919563885868
0.00386235199287282
0.00318810212612314
0.00272825762545789
0.00237461855676635
0.00205956868159018
0.00182809804323729
0.00172111089949325
0.0429121974019096
0.0439749302063504
0.0448155436671413
0.0455818082673248
0.046176243986115
0.0467309614568728
0.0471907828309454
0.047507236121667
0.0477542049751031
0.0479563268438914
0.0480894654055524
0.0481650343459873
0.0305299670788081
0.0308798362715362
0.0312579078308855
0.031506099454416
0.031398044248956
0.0309363105448778
0.0300704724475859
0.0288163701678577
0.0273438672740984
0.0256556443530462
0.0238193728872711
0.0220383916451981
0.020436701350304
0.018780273051565
0.017099997954702
0.0156178862188896
0.0143949621291818
0.0133669524322134
0.0125134834724184
0.0118429901582064
0.0113629991995779
0.0110508044186275
0.0108706139168834
0.0297047948746288
0.0289512190409795
0.0279406694549698
0.0264917943122504
0.024650325280472
0.0226497162690772
0.0206279545169846
0.0186270704158694
0.0167097949789559
0.0149071786671334
0.0132240133812896
0.0117118523286291
0.0102599222860339
0.00886625172880814
0.00761004786648025
0.00648484608490296
0.00545660799723987
0.00450355965883047
0.00362127575234859
0.00281936062438592
0.00208351708992573
0.00140997243789376
0.000810966263590143
0.000253258994904958
-0.000348627601054307
-0.000948689069512067
-0.00149638540485014
-0.0019890496435802
-0.00241021548759494
-0.00276724012481869
-0.00306876813391221
-0.00330159801007163
-0.0034845103270405
-0.00359688232066553
-0.00365868798066542
0.0328515972144616
0.0308309075757609
0.0277957553433826
0.0356735193487525
0.0368592369123601
0.0374614606639427
0.0264148078525734
0.0246617579924577
0.0228189109845944
0.021067006934627
0.0196895171496713
0.0185156074131294
0.0176242024205916
0.0170374619659774
0.0167441509028943
0.0240931425724827
0.0205503151478644
0.0171514933626569
0.0138650927254754
0.0121413520612818
0.0107302358998596
0.00938892574164491
0.0081734638829914
0.0071169123710556
0.00614636397883717
0.00526716729021218
0.00446705504207776
0.0037306517878119
0.00305172223713731
0.00241729148726129
0.00182773518008433
0.00128769954490628
0.000806158586295628
0.000377498106796964
-4.52946674837482e-05
-0.000470241859207877
-0.000854709997834789
-0.00120235014438444
-0.00150824336303467
-0.00176449545838376
-0.00197410371075666
-0.00214377221052365
-0.00226973946822049
-0.00235219505644284
-0.00239473358157085
0.0126929789060526
0.0118120236844148
0.0111718805152325
0.0105465491758315
0.0102611654197536
0.0100594671746826
0.0142137120210463
0.0125366650880436
0.0108941086173838
0.00938995331892329
0.00811273929264439
0.00706148616860205
0.00621255099938519
0.00553333715534076
0.00498843659679741
0.00456826388273287
0.00427639869773641
0.00409690520784125
0.0040070299310768
0.00401073408497168
0.00411084561918705
0.00430872242791126
0.00461003508557032
0.00502050288799239
0.00554452679848043
0.00618324435233253
0.00693381121646555
0.00779026695901593
0.0087327400578092
0.00972101223749644
0.0107015418753857
0.0116086925394383
0.0123684154311302
0.0129122123171871
0.0132051616865632
0.0137379238519864
0.0119939358306997
0.0104000236858653
0.00900957812338785
0.00782553547590198
0.00690045769277982
0.00614554828035582
0.00545478542217905
0.0048682494507153
0.00442938128647513
0.00410891854775557
0.00386161912805427
0.0036758758458809
0.00354599748520644
0.0034933723591911
0.00351841821700451
0.00362148350366359
0.00380545961668939
0.0040755891618244
0.0044504275841529
0.00490633267202513
0.00554016797241379
0.00606938811501726
0.00671697733674833
0.00767082928101265
0.00872061342258826
0.00985756419664279
0.0110474185099868
0.0120981343249759
0.01299641011952
0.013646972658167
0.0140070978808311
0.0294479292776487
0.0290038449089654
0.0284686335416814
0.0277954489946716
0.0268515352213026
0.0294820212941076
0.0287766540301381
0.0276935716800932
0.0266450796329126
0.0253514762101694
0.0237760950717089
0.0223025510295509
0.0207669475908182
0.0190437796071868
0.0171542119897935
0.0155440647333893
0.0140329377990741
0.0126316337975534
0.0113400591754743
0.0101719256831229
0.00913070893144294
0.00819184529262098
0.0074099453596963
0.00649298720318907
0.0056756731588617
0.00503893686713242
0.00449602248190757
0.00404831393426176
0.00372383183813952
0.00352120128489301
0.00340705672941619
0.0252829724793367
0.0223379475629749
0.0183170327788808
0.0267976790428006
0.0261726065467442
0.0248882154457139
0.0229956894591682
0.0161592468888763
0.0146094053910933
0.0134518653635259
0.0168994676391781
0.0155463086495578
0.0141145051826345
0.0129694717594256
0.0114548707190355
0.0129082473050604
0.0117531041123335
0.0101831889761493
0.00855316027779603
0.0122861568411284
0.0112232141213703
0.0101559350165281
0.00774766582259744
0.00686493430821776
0.0059509177318357
0.00516861048437325
0.00439051882448867
0.00363960147038
0.00296801752649264
0.0023014042753085
0.00166728029894555
0.00107598089021361
0.00052586653301382
-5.95507675553248e-05
0.00768942920253266
0.00681718026613553
0.0059149386779819
0.00526357739741459
0.00445322117259204
0.00384738940306987
0.00314188047681788
0.00246571578220573
0.00190225219897781
0.00137032668180343
0.000853722913291358
0.0003595128070254
-6.86772248267416e-05
-0.000461955215252594
-0.000889866608938524
-0.00126343135057676
-0.0016392395730408
-0.0019531507907296
-0.00224248253734307
-0.00249688277964559
-0.00269936190451003
-0.00286757566743176
-0.00299777358716133
-0.00307731680958852
-0.00311734273808016
-0.000235450681403766
-0.000393224287498813
-0.000526794037889565
-0.00062311679555538
-0.000709171971568711
-0.000761558739734428
-0.000790561342022482
-0.000417851366028492
-0.000759670197883878
-0.00109834490583216
-0.00141337410725963
-0.0017256428402276
-0.00204266046326047
-0.00235667642872061
-0.00266740208169475
-0.00296707585576722
-0.00324988397070803
-0.00352557805134251
-0.00378652558462994
-0.00401967881390607
-0.0042126735561676
-0.0043635425348446
-0.00448206890109673
-0.00456436920213933
-0.004606123057483
0.00963344491042677
0.00901816168883577
0.00829045090697659
0.00746488074231183
0.00662228702671622
0.00581834928449842
0.00505094901942107
0.00431859131592761
0.00362008035826177
0.00295426508228857
0.00231992405671833
0.00171535783460569
0.00113896447390696
0.00056138318785597
0.00971563790136495
0.00926552079350955
0.0088164149640892
0.00837723297749835
0.00799655495107407
0.00763191288331016
0.00728722409367435
0.00697343079315658
0.00668334439448769
0.0063914716279321
0.00609478273218755
0.00582161614734514
0.00559469807429295
0.00540877505956843
0.00526767439928985
0.00515628051257977
0.00508479368697049
0.00504478244405569
0.000169516346700694
-0.000188151563607962
-0.000519060617724508
-0.000877321643300039
-0.0011985256822954
-0.00147753822251812
-0.0018096167871808
-0.00219909767409956
-0.00256612661854169
-0.00287830086276974
-0.00314097522914509
-0.00336892580189657
-0.00357473055267695
-0.00375275714109257
-0.003893956619915
-0.00399291999444234
-0.00405837734690688
-0.00409486984740764
0.00030478582909375
8.03763305718835e-05
-0.000116606980821522
-0.000291921133535113
-0.000451515162175221
-0.000598857892592777
-0.000729461449203009
-0.00083551972831075
-0.000914667718367652
-0.000967123542737474
-0.000994073495994664
0.010432004665598
0.00932459458740257
0.00815246136807307
0.00708272951349295
0.00610777214995499
0.00517578935503622
0.00432248743405868
0.00346782108411736
0.00267668194380928
0.0019346581570383
0.00119398420573308
0.010730053095639
0.00993807036549634
0.00926684066130884
0.00857435787889226
0.0080356787591696
0.00745670437286342
0.00699032761256488
0.00660417858178321
0.00625107080910025
0.00605197456321975
0.00586138623352794
0.00574195343885403
0.00568214011207906
0.000916075521609512
0.000684116553401956
0.00048851496407593
0.000301469992370392
0.00015455147695916
3.20100323140156e-05
-5.37804984396552e-05
-0.000117407744319678
-0.000154569215085633
0.000712744802437103
0.000258211173980084
-0.000171922442958987
-0.000581390454743026
-0.000973242853613691
-0.0013453715971846
-0.00169793838963938
-0.00203738342798127
-0.00235628450019486
-0.00265276745830403
-0.0029402332212555
-0.00320377612510157
-0.00344383203643722
-0.00366613368258333
-0.00387044193702288
-0.00406389988038892
-0.00424220958028419
-0.00439412048749567
-0.00451016963879687
-0.00459978606866266
-0.00466145187637131
-0.00469238155127063
0.0219444268223798
0.0205378641282075
0.018944952099361
0.0173566056350232
0.0158318061482708
0.0143554459910149
0.0128304493115635
0.0114488930251328
0.010507811219155
0.00937703514083751
0.00815988562726838
0.00716908191599481
0.00621058664779131
0.00525980942575402
0.00440875120693178
0.00356769073385593
0.0220830746209868
0.0209430454463729
0.0197033787465297
0.0184485392187307
0.0171876567557934
0.0159199026486866
0.0146319703768183
0.0133326522931813
0.0120991135113199
0.0109993543221952
0.0100698141436172
0.00930330814737264
0.00861813381631057
0.00783552770737349
0.00301916464534399
0.00239970931559443
0.00183023973158358
0.00133495976454134
0.000848541467696577
0.000432554608811348
6.1836021596743e-05
-0.000328898016074074
-0.000628775986615488
-0.000894339994434816
-0.00111395347406915
-0.00130146986803122
-0.00144982286706514
-0.00155977954730168
-0.00163405485989396
-0.00167281440067951
0.00310575633848687
0.0026734764541737
0.0022454969749329
0.00187583426919072
0.00156495511584541
0.00125423536313606
0.000986177651584041
0.000768770815295156
0.00059175443656201
0.000440594278331657
0.000308583440308993
0.000197786421134118
0.00011511157880619
6.94150931207192e-05
0.00727614953836112
0.00680451086205358
0.00637726661720359
0.00596419965125017
0.00558215343643961
0.00522488554724908
0.00490743539757924
0.00461159681012089
0.00432100337260626
0.00404780602068172
0.00380448452533184
0.00358675104481666
0.00338131948535808
0.00317694477175186
0.00761266606124068
0.00740449964979589
0.00724108123161825
0.00708982845375323
0.00692833588738768
0.00679091507298753
0.00669038327888008
0.00660275343224926
0.00653195131900022
0.00647708125561923
0.00643346719825625
0.00640004145916339
0.00636741138554682
0.00633323630476528
0.00629329171617056
0.00624613767492016
0.00618722339783416
0.00610949781896902
0.00601385156080219
0.00589892927530891
0.00576177533624642
0.00560071921987363
0.00541595959049549
0.00521156609310759
0.00499133508915217
0.00475306638106156
0.00450845192294515
0.00427443398010113
0.00404991624999382
0.0038492849732894
0.00367238707539314
0.0030337217043893
0.00288834644083948
0.0027397099758734
0.00258759144572874
0.00243403181593744
0.00229325055346601
0.00217402421272021
0.00205585486602173
0.00193325644892248
0.00181640403978692
0.00169887682314442
0.00158387043600996
0.00146354669149487
0.00132939603871091
0.00119659437877837
0.00106774720000275
0.000921990168131382
0.000765047053183762
0.000606422902116137
0.000451785681138898
0.00029557789586089
0.000127676950456333
-4.56957265097037e-05
-0.000216723567986584
-0.000389314825737368
-0.000573619762997881
0.00311557260669705
0.00307144344497354
0.00304243032074199
-0.000793910887902467
-0.00107356526539946
-0.00140327202784029
-0.00174584096508548
-0.00207573541963677
-0.00240037301748459
-0.000605882229532593
-0.0006460608605332
-0.000672723511486405
-0.00069049268584301
-0.00260767317231182
-0.00275911986498475
-0.00285560815951648
-0.00290496193823645
-0.00252833217086694
-0.00261010973488565
-0.00264856685024655
0.0035011171331215
0.00339985182735749
0.00337643094353465
0.00343117991016882
0.00358657946709781
0.00385781033639956
0.00370568457535254
0.00379390744515036
0.00394272986987586
0.00415670921759793
0.00444477828441582
0.0047851921279815
0.00524139483349167
0.00577088875326994
0.00641376097746326
0.00717951425051503
0.0080566030737461
0.00909364864737385
0.0102661610380579
0.0116309487181124
0.0131510006335233
0.0147527339305881
0.0165550098653893
0.00496644869653809
0.00603478248482486
0.0072708725183199
0.00857968449351072
0.0101039237195143
0.0117696180093468
0.0135830248416104
0.0155265777729678
0.0175823652540794
0.0196647152553759
0.0217882232704914
0.0239078502324084
0.0259259574239826
0.0277369640671431
0.0292780315508942
0.030526262021681
0.0314682938512844
0.0320953289134756
0.0324182746282227
0.00309690859688435
0.00252145257246307
0.00203736605641683
0.00169156280552584
0.00147068009535822
0.00135764783347811
0.0185366603484251
0.0207386989764521
0.0228339132445711
0.0245670047345496
0.0259953257368901
0.0269597968655943
0.0274686896767138
0.0171081426516795
0.0176876974358708
0.0181473334593368
0.0183935404404098
