0.05
0.0365915988442956
0.0336806635439496
0.0288748342983002
0.0346627409552769
0.0319480269568706
0.0287736740936482
0.0365418970246155
0.033624636249811
0.0283548015023372
0.0245893971882218
0.0216576522044356
0.0195754927653596
0.0170254327508318
0.0143163999997998
0.0366979677115952
0.0302818969921376
0.024490645521678
0.0237168844113327
0.0209825746497085
0.0184797032904724
0.0180034596455321
0.017878376134735
0.0179625318417134
0.0185172009714233
0.0202855833333846
0.0232390333825993
0.026583152269217
0.0300431167563028
0.0334384548613472
0.0366392260628127
0.0396948898286267
0.0364607063172128
0.0347072784227838
0.0323885248781538
0.0305137200255628
0.0289722365716759
0.0277837679378594
0.0268411122482586
0.0259013211903135
0.0254935725503302
0.0223243434766253
0.0189194599854484
0.0159485889671985
0.0128247645045126
0.026443740894265
0.0244495915546089
0.0226247498578319
0.0124086090865831
0.012247482664431
0.0123873618300507
0.0127847281186006
0.013477498951606
0.0144960313462559
0.0157098795149004
0.0172033569934276
0.0190301471083598
0.0209950558278991
0.0231539152829618
0.0254156747701619
0.0277929538112486
0.030111407843857
0.0323039695663615
0.0344826075592293
0.0365281206670316
0.0384894300991431
0.0403709566893494
0.0420405378990235
0.043320588850556
0.044128761387889
0.0444007503117524
0.0441337135852586
0.0431030520540551
0.0409039966335277
0.0376451438082111
0.0334819207591103
0.0292284653787956
0.0252774139057085
0.0220204120493805
0.019619405655102
0.0180532684623524
0.0172584679374299
0.0106681702977319
0.00919274570684206
0.00779368298343149
0.00648930197985315
0.00541808818200558
0.00454404043635884
0.00377146879203642
0.00323379835850088
0.00282963818270131
0.00253907427541883
0.00238873284592545
0.0214102041738356
0.0200633127498032
0.0184916160969571
0.0215175824520705
0.0208606179767048
0.0208205926901746
0.0181398189899556
0.0177714226492749
0.0173827614723845
0.0172529300749135
0.0157909623726084
0.0146112274999276
0.0141509648482218
0.0140407885011724
0.0142290897265947
0.0147312162636127
0.0153594216501837
0.016070510542209
0.016923577092086
0.0177847663682536
0.0186340687925252
0.0193742328410853
0.0199360963743457
0.0203072556468088
0.020519860701394
0.0181977947454764
0.0202645326931983
0.0236309951555746
0.0276745082379616
0.0316514487286749
0.0358194134462665
0.0166710660521861
0.016042840213367
0.0154307838799541
0.0378267059273179
0.0397785816398862
0.0412947262217936
0.0421720882443139
0.0421549063615228
0.0408676884222884
0.0381741401756165
0.034043552558559
0.0287938672569539
0.0233854690808131
0.018663674989447
0.0148908866463632
0.0119367839996415
0.00957250412088593
0.00764970835324085
0.00607087019501642
0.00476522886976557
0.00366500433077303
0.00269981867909485
0.00187140781931098
0.00109178082101275
0.000386924563412973
-0.000263885515808737
-0.000907840993617676
-0.00137315337229057
-0.00193450297462343
-0.0024142201132498
-0.00286002094426374
-0.00324938721932892
-0.00356410607648848
-0.00382903932948213
-0.0040380403635508
-0.0041567623983459
-0.00424064373989683
0.0378380484780163
0.0395961374277422
0.0409012875145778
0.0416544312142989
0.0412747431983194
0.0392296349502497
0.0354186381118554
0.029801420520825
0.0239687778630643
0.0187265888146839
0.0144313345090387
0.0109500918963776
0.00813499490974202
0.005908657989071
0.00415954723816023
0.00269651354629426
0.00153527780933335
0.000643113790747578
-5.61161788255122e-05
-0.000610028880359908
-0.00102883137000061
-0.00130922321562985
-0.00145342518203751
0.0138512982240882
0.0125730894781162
0.011580641762774
0.0108348745592622
0.0102796843096389
0.00986627512307406
0.009562559601606
0.00935420621465364
0.00922007428163832
0.00913751880335218
0.00909018950872944
0.00906598448800377
0.00905594015606345
0.0154154295715644
0.0157210092871539
0.0163439224410253
0.0172327507117196
0.0183930292626853
0.0197953137404602
0.0213475220105006
0.0231013700146175
0.0253457305356722
0.028032092065725
0.0309045994689845
0.0336652853155268
0.0362064424883108
0.0385649547567699
0.0405589833850091
0.0421257149856951
0.0431590968256573
0.0436589798606671
0.0436716395153018
0.0429004591915572
0.0407839521058042
0.0375300643900892
0.0323597867049975
0.0270332994732441
0.021909894649847
0.0171820057582751
0.0131270752987821
0.00988300881643587
0.00742888440845352
0.00560614866064208
0.00418676248321131
0.00304598208029192
0.00221677301761642
0.00155272111342388
0.00100867428861035
0.000662465471166802
0.000484787042727259
0.0211490047976762
0.0217432964424067
0.0225383154025208
0.0235902650159654
0.0247228997866517
0.0261785213115221
0.0276811860959881
0.029141319783431
0.0308622302096656
0.0326032059384876
0.0339092996457509
0.0359384337526325
0.0373220399967384
0.0390646367679314
0.0408926287019914
0.0422682976073494
0.0431398199861282
0.0440107275997114
0.0447361329754332
0.0452596973521286
0.045614825135112
0.0457834058072953
0.0208258275454056
0.0210901876517799
0.0215940289970161
0.0223240405491006
0.023224303705647
0.0242578272508399
0.0254071943093654
0.0267474098145827
0.0280287237742596
0.0294828538337976
0.0311062504530284
0.0327878780795081
0.0352353147762598
0.0376951650617248
0.0399027093601533
0.0418594712058281
0.0434915596133646
0.0448520714658011
0.0458688659978384
0.0467757512347288
0.0474506390401335
0.0478979906774159
0.0481810341621624
0.0483529321450239
0.04844281777551
0.0484829339765487
0.0280933067321144
0.0272921449319154
0.0262582321919509
0.026646098964253
0.0244730496694645
0.0220693163614679
0.0259532149434325
0.0255851069746511
0.0251152623986376
0.0246268381369449
0.0220418509575239
0.0187993953501303
0.0161792855485581
0.014295360210531
0.0127148801787079
0.0113924931467325
0.0104089824110709
0.00979139210856719
0.00946214804176834
0.00943834820659039
0.0097143001944961
0.0103412057270531
0.0115789263515064
0.0135654348158074
0.0156943315799524
0.0187727420432088
0.0217275425173293
0.0251216405020276
0.0283937619156311
0.0319471395121538
0.0352648366601796
0.0381155094361337
0.0405871646956558
0.0425214715137165
0.0437622661770148
0.0442109598887944
0.0437918634012578
0.04250763604387
0.0399778126050591
0.036850634889255
0.0338363369192058
0.0314721179289293
0.0301290974269195
0.0229421636473222
0.0202753914316284
0.0175648890219613
0.0150771000231269
0.0129366717533191
0.0110424193915496
0.00938718482527275
0.00793419260413948
0.00675464423606244
0.00581073886856051
0.00510591524431776
0.00464248045420737
0.00440096958681162
0.0248707232908539
0.0249441686478107
0.0253093460030334
0.0252806031598505
0.0253510734507634
0.0255308031272393
0.0261064636357998
0.027367546499053
0.0292052427788686
0.0311749439844632
0.0332747642938756
0.0354783206664582
0.0375981858533583
0.0394942404094317
0.0410614924463028
0.042098288984528
0.0424783943375889
0.042013873169622
0.0405049333871339
0.0377234306751324
0.0337905220544652
0.0292074379977609
0.0247023813896001
0.0205930727505375
0.0172125537588155
0.0145132061404384
0.0123354413923463
0.0104010849964709
0.00880003317505833
0.00757883847177695
0.00670849011368147
0.00619595799317239
0.00590517924440869
0.0269162283397658
0.0288145922765028
0.0312100631510872
0.0338196157458824
0.0361329051172834
0.0382852422682329
0.0402733584475711
0.0416715761258051
0.0424383029083445
0.0426459226766201
0.041880505547941
0.0397756586818009
0.0364916114114622
0.0327787975831328
0.0280999919117368
0.0235658197710862
0.0194859681955868
0.0161554186911986
0.0135538858794415
0.0118221371813183
0.0105216668700643
0.00939065247863076
0.00857621500073988
0.00820434242049305
0.0247584394069551
0.0242156885232012
0.0239426818143838
0.0238628630746794
0.0239422115518067
0.0241595604764247
0.024472955912472
0.0247808882709692
0.0250962916820252
0.0254153998685438
0.0256567979427444
0.0258074791848598
0.0204655183015331
0.0185661824870706
0.0163923117395489
0.0139424024154501
0.0117821101222505
0.0100881999966104
0.00853840849641069
0.00714007624800051
0.00594790174374359
0.0048572411596443
0.00385339458372247
0.00298936674967811
0.00227330798457418
0.00157370323992718
0.000889344985462361
0.000299472437204621
-0.000179809558894247
-0.000578071928177744
-0.000905531584323763
-0.00116064667865692
-0.00134203380273683
-0.00145940829533657
-0.0015268974194865
0.0208574488275516
0.0195556566864589
0.018165448413759
0.0166608249763212
0.015258118950343
0.0141452548376007
0.0133404943045157
0.0128210375019344
0.0125845541876704
0.0126240908646582
0.0129348748598357
0.0134904416587389
0.0143277453739286
0.0154760203382606
0.0168618320403546
0.0184368785189635
0.0201913800207867
0.0221142730415808
0.0241659679811304
0.0262646652679877
0.0283869530630024
0.0304913086746473
0.0324925179584199
0.0344659278156196
0.0366893174959933
0.0389527315967204
0.0410227328301995
0.0428523979377926
0.044359274472625
0.0455689561221454
0.0465229567986829
0.04720664171516
0.0477052069493491
0.0479935186019371
0.0481454065547428
0.0134450179664535
0.0125461509920782
0.0115944602149476
0.0134794765232022
0.0128357770070267
0.0125086234048238
0.00964594555430257
0.00782032799893299
0.00624782617284903
0.00493244710250578
0.00397205770361397
0.00318980130077583
0.00261184376864746
0.00223726404835506
0.00205148076140944
0.0124093900774978
0.0135485912803434
0.0150609297753632
0.0169909412726752
0.0200107073360441
0.0229196426460971
0.0260731571421829
0.0292283721381886
0.0321396775126615
0.0348716962308294
0.0372887666085899
0.0393077651508146
0.0408477813599887
0.0417956329469623
0.0420302850121199
0.0413904745994183
0.0397275411675877
0.0370502377928107
0.0336041192107006
0.0294162492288411
0.0248398115202483
0.0207096992038758
0.0171422860113837
0.0141908716213792
0.0118648150858369
0.0100610453063779
0.00866467744622593
0.00766355138698457
0.00702427961665176
0.0066995246000565
0.0159954491073131
0.015296303629743
0.0148253068328688
0.0144066691416512
0.0142281501068432
0.0141091069930233
0.0410198206280017
0.0421497274254527
0.0429010535539044
0.0429346903580107
0.0418686780516851
0.0393359702397089
0.0352106190486734
0.0299912424085107
0.0244984674256384
0.019483393702505
0.0154014649306779
0.0122071969420964
0.0095344256024525
0.00727277393552275
0.00545454236270163
0.0039614325015168
0.00272235937220761
0.00169074366011058
0.000829715464043933
0.000109906244587558
-0.000493067521055337
-0.00100007489000918
-0.00142412573050313
-0.00177311294072454
-0.00205434556172147
-0.00227346857241125
-0.00243399907639126
-0.00253847460637975
-0.00259155539743474
0.0413461010235005
0.0424617069126884
0.0431210594963152
0.0430969296560899
0.0421584311155853
0.0402609615755162
0.0373776138211348
0.0331580583393202
0.0281685890755902
0.0236377884312587
0.0198922842823641
0.0166179069286692
0.0136664034060553
0.0108415545391901
0.00845784932669891
0.0065588655148316
0.00499907999303533
0.00371034523892955
0.0026269210130784
0.00168407472508717
0.000920348098288895
0.000194042004754924
-0.00025046934140193
-0.000669427501755398
-0.00112225264303932
-0.00149057456930931
-0.00180870093186931
-0.002083691842651
-0.00229107681779474
-0.00244771668700674
-0.0025514067158646
-0.00260562778253168
0.0250937583959924
0.0240350691614159
0.0228726932510568
0.0216829413518722
0.0203481717178427
0.0251070524432731
0.0232095984494054
0.020491992523009
0.0183628558700356
0.0163754940546969
0.0145787262371529
0.0133064704581936
0.0122777829519232
0.0113607894945359
0.0105811272313936
0.0100973945217271
0.0098016270632681
0.00967187476940937
0.00968787806056214
0.00982966460788294
0.0100733964777945
0.010404443660949
0.0107733568248946
0.0113192192127107
0.011905660552654
0.0124317345270872
0.0129333035448211
0.0133866163007981
0.0137386805840332
0.0139688550069814
0.0141024899828911
0.0189543592437274
0.0165468138431315
0.0133885989748247
0.0197841214161787
0.0187637898786559
0.0173676427390283
0.0157047546428713
0.0117174104781885
0.0105196962139049
0.00962297460160175
0.0122735747166682
0.0112258901430782
0.0101168349461264
0.0092218221239424
0.00802206832262252
0.00928231665317815
0.00854804107186528
0.00753638938681939
0.0064692392010697
0.00865678567338102
0.00776230824941586
0.00685015010037673
0.00603159389650571
0.00554254078396305
0.00502401911316817
0.00456762748796036
0.00409981848220797
0.00363465124370541
0.00320972397624382
0.00278596007491956
0.00239284479617257
0.00205136251738538
0.00177364694451784
0.001539940694128
0.00580935892495028
0.0051254395806429
0.00440024957530569
0.00386538440088701
0.00318579715929435
0.00266709921184042
0.00205044624816365
0.00144542454323998
0.000929419580430446
0.000431050413809493
-6.48155109275539e-05
-0.000551841294840872
-0.000985684088856873
-0.00139525631524705
-0.00185300001131022
-0.00226223635912064
-0.00268322443835327
-0.00304201168808722
-0.00337849738975731
-0.00367882342174836
-0.00392069014762633
-0.0041234882876676
-0.00428158231019567
-0.00437862859196404
-0.00442759841830487
0.000836551171708176
0.000218579794419678
-0.000293524156739624
-0.000656313093565808
-0.000975348092427861
-0.00116734863638343
-0.00127284515589283
0.00208487179869208
0.00270284194174932
0.00341989598775637
0.00418890567383017
0.00505863721394355
0.0060655922359675
0.00720598823279497
0.00849947276265476
0.00993130733863927
0.0114781868187248
0.0131986593731702
0.0150465708793612
0.0168949961457552
0.0185710365806395
0.0199719746847588
0.0211266310814258
0.021954643548522
0.0223823548122768
0.00643482025367911
0.00593886501312627
0.00534474856861795
0.00466305544103742
0.00396027155842712
0.00328345004038335
0.0026318535100258
0.00200518775656053
0.00140332784467626
0.000826098674273049
0.000273170639426618
-0.000256304868264373
-0.000763200345938239
-0.00127299092574755
0.00643055974242041
0.00598996128766592
0.00554015175283813
0.00509100888531515
0.00469402776397624
0.00430640236426722
0.00393267900785962
0.00358582916256957
0.00325955393367212
0.00292630378872513
0.00258316854932189
0.00226377744464476
0.00199603879583023
0.00177500216162471
0.00160622551485997
0.00147233825047309
0.00138613222440058
0.00133777776053933
-0.00157000142157345
-0.00184020461700799
-0.00209039216205843
-0.00236258917009124
-0.00260930740529226
-0.00282698063943591
-0.0030909680214004
-0.00340746966330166
-0.00371290476629773
-0.00397888284531217
-0.00420756532701244
-0.00440988795011493
-0.00459579875144824
-0.00475916631035645
-0.00489044187266864
-0.00498334810069073
-0.00504521854095323
-0.00507986876083849
-0.00154053620991274
-0.00177899841599196
-0.00199212292684295
-0.00218506507473486
-0.00236352230012461
-0.00253065602331099
-0.00268061322652626
-0.00280360102507938
-0.00289609821017808
-0.00295774593153735
-0.0029895295484922
0.00729789101300239
0.0065034597466994
0.00565159799568612
0.00486502648149828
0.00414176222329071
0.0034462692510537
0.00280785000272418
0.00216904064259695
0.00158075989449426
0.00103400193102368
0.000495088247498938
0.00734080771206263
0.00657028460179266
0.00589731227146236
0.00518278123429636
0.004612657241077
0.00398506091439462
0.00346854850945292
0.00303337326138538
0.00262927012444381
0.00239907389674954
0.0021768897520432
0.00203680869857036
0.00196640053600074
2.7853400625386e-05
-0.000377337928609353
-0.000729270780893941
-0.00107460220196066
-0.00135161012311508
-0.00158653435427716
-0.00175300510517216
-0.00187757722482999
-0.00195079410810693
0.000374452229414702
0.000276337635406888
0.000195585829174849
0.000127406063330048
6.79090984259407e-05
1.47040060170685e-05
-3.41631120926386e-05
-8.06482278717836e-05
-0.000124029510376969
-0.000163696543706878
-0.000200562103993484
-0.000231499900923642
-0.000255464604447009
-0.000271908310379421
-0.000279994545386209
-0.000279819916705886
-0.000271830536931982
-0.000257998645911166
-0.000242458773187772
-0.000227136497562366
-0.000214761690372272
-0.000207967257365096
0.0148789331915276
0.0138683402673516
0.0127701965967019
0.0116869777427093
0.0106376543765191
0.00960007863907969
0.00849649334133901
0.00746286437342292
0.00673866469121364
0.005845253855587
0.00485468988862771
0.00402673745698348
0.00320768436060495
0.0023785320377327
0.00162345716327789
0.000866799597940809
0.0149587021686315
0.0141262687246556
0.0132748902027082
0.0124383549891125
0.011605326754844
0.010763359470751
0.00989472269565815
0.00899844673193406
0.00812533065313725
0.00732774178848448
0.00664035221157922
0.00606582131232194
0.00554789146576527
0.00495367173448839
0.000372475871195704
-0.000193983460638872
-0.000721548530255981
-0.00118561793034877
-0.00164616736306323
-0.00204375741698524
-0.00240100741225762
-0.00278062225779151
-0.00307405063434587
-0.00333545545910011
-0.00355272917176715
-0.00373904747915831
-0.0038869740871952
-0.00399691368299555
-0.00407132459689342
-0.00411020379452171
0.000443288561832081
3.99147551760885e-05
-0.000365685522570367
-0.000720839377887507
-0.00102300831623645
-0.00132832072750735
-0.00159435384477411
-0.00181194405189622
-0.00199035751663133
-0.00214362650459517
-0.00227818064630087
-0.00239161667648783
-0.00247655652732488
-0.0025236112302588
0.0045326751141002
0.00418035905086532
0.00386492911702128
0.00356507463756403
0.00329414605940356
0.00304848349379331
0.00283858090826577
0.00265229804857595
0.00248072176710468
0.00233281092085375
0.00221520497280833
0.00212438276637529
0.00205446406247344
0.00200352245476102
0.00478159934791666
0.004624162145301
0.00450699659142902
0.00440965180524765
0.00432414866078657
0.00427655461857323
0.00427249453160646
0.00431298695408016
0.00440249310899779
0.00454124567185172
0.00473362411023431
0.00495762035795765
0.00524890731356539
0.00560133756780036
0.0060172184323636
0.00647235788512726
0.00698244144595255
0.00758035486244204
0.00823759206473321
0.00895532901207166
0.00974985201727432
0.0106348910902412
0.0116232133990944
0.0127199247229971
0.0139458278743261
0.0153748113055987
0.0170247367934948
0.018873213497677
0.0210296406555652
0.0234757980803604
0.026377437590375
0.00204978185646098
0.00212246518017088
0.00222559184800498
0.00236367795708258
0.00253984009625587
0.00273807244647758
0.00293744993070459
0.00316750105767633
0.00344410685967124
0.0037468523058966
0.00409255683241681
0.00447355840982997
0.00492028101054399
0.00547750036818697
0.00608999620066977
0.00674543097897437
0.00756539509105399
0.0085508747726928
0.0096660450076627
0.0108784764521004
0.0122363698067601
0.0138496080014871
0.0156804893172441
0.0176371584438958
0.0197356111980281
0.022066726409322
0.00190644122040446
0.00183629407765717
0.00179001352794872
0.0249890149862471
0.0286649160701352
0.0328533342441342
0.0369884295697032
0.0407187006312609
0.0440903965048292
0.0223697543787836
0.0228222792469636
0.0231507902858
0.0233818207476897
0.0460198608973351
0.0472483785943633
0.047940556738497
0.0482641239332477
0.0453657592768787
0.0461078278107289
0.0464391905720888
0.0288409185770742
0.0315699816587141
0.0343209059012615
0.0371933457238481
0.040218819129043
0.043096269260383
0.0273211690533099
0.0285689306804831
0.0301467154154883
0.0319986289071009
0.0340696628667527
0.0360974110629516
0.0383051389321123
0.0403017859419656
0.0421003407588158
0.0435498241563701
0.0444957198426493
0.0448493656520967
0.0444233111497592
0.0429128199692257
0.0399110928172214
0.0353591066388542
0.0293012826807073
0.0443974733023061
0.0451762016236668
0.0455549086736063
0.0453986170665233
0.0445326786436281
0.0427238913126247
0.0397242393882362
0.0355456464656307
0.0306455554860155
0.0258181390387337
0.0213875901519524
0.0175457166580027
0.0143820052723253
0.0118906033116521
0.00998832974593827
0.00857366781292606
0.00757218923288221
0.00693452029708613
0.00661484102566873
0.0444020430274168
0.0453507759587796
0.0461271006752408
0.0466682931061319
0.0470068775557273
0.0471775881496799
0.0245986135107896
0.0198950920325383
0.016006926623649
0.0131795472889693
0.0110793930265974
0.0097612784008761
0.00909604164683615
0.0252898516214745
0.0215559354865723
0.0189420689292707
0.0176573588780611
