0.05
0.0372872957590581
0.0355104640408431
0.0329142753561109
0.0352745241032108
0.0326166152091149
0.0296125332533493
0.0371413587007571
0.0345407067147025
0.0301874088180892
0.0275046961949723
0.0257857258544529
0.0248122767992708
0.0239948085968472
0.023759148617252
0.0373198287650834
0.0330373533953532
0.0296080233742831
0.0293048765430792
0.029013427163498
0.0290264335475492
0.0291293525751775
0.0292777215763906
0.0295684876078424
0.0302724169460842
0.0319463558039046
0.0343031902894817
0.0365495986190438
0.0384574894437077
0.0398584101617588
0.0405675141979635
0.0403781965599062
0.0370341561909061
0.0352431480694205
0.0328691574377988
0.0309431570022758
0.0293544900867556
0.0281292400404142
0.0271635229944032
0.0262166431410397
0.0328609666214932
0.0335966712224918
0.0349554991984497
0.0364895769929897
0.0383179623899698
0.0310934199446221
0.0295544311956405
0.0280118437579337
0.0389056404947266
0.0392301358852614
0.0390659129968617
0.0383397968742923
0.0368879287512788
0.0346027801860005
0.0318827986695521
0.0287360189721287
0.0253140997449958
0.0221654143777364
0.0192425897633619
0.016652979309173
0.0143268879278817
0.012352087545316
0.0106894154052798
0.00919386321355878
0.00789632822059021
0.00671095992453112
0.00558060293734501
0.00452269959276799
0.00358649298757264
0.00277367971330061
0.0020878419444787
0.00152424530567453
0.000923975628412631
0.000299009839862264
-0.000255766192570162
-0.000747962072597492
-0.00115235863708416
-0.00148994771344761
-0.00175782207895349
-0.00195460449532387
-0.00208408166999711
-0.00215040199660835
0.0391572501097108
0.0397024755232783
0.0402104998684472
0.0406900492661204
0.0410979024404198
0.041445490026908
0.0417673214909605
0.0420004005664721
0.0421811684384337
0.0423143937855136
0.0423844537443354
0.0272791629454777
0.0262898769108458
0.0248874233246871
0.0257985310042892
0.022727420865032
0.0193197997034797
0.0244521435265474
0.0239611415998036
0.0234056547103272
0.024075949557246
0.0225224744991714
0.0204046930687184
0.0187515102321495
0.0172472167939143
0.0156111156654381
0.0139938531859443
0.0127325721245939
0.011674740689141
0.0106720733114754
0.00983234725872142
0.00911570031640197
0.00855606582422658
0.00816368446323696
0.0079182219727209
0.00778244119401769
0.0223188662683594
0.0203913892573358
0.0178284481088818
0.0152476654819449
0.0129925124237287
0.0107676807904764
0.022689430160008
0.0219931285047253
0.0212491335058154
0.00972623460180842
0.00873559930686279
0.00790834134945338
0.00723434967305879
0.00668011676962165
0.00626870478420062
0.00599931178418996
0.00584381434102259
0.00580184320102938
0.00589266242984779
0.00613261410376537
0.00652943526708672
0.00709468746654958
0.00786421785933903
0.00888690674937212
0.0102155290946269
0.0118944298305592
0.0139707305299067
0.0165309946578684
0.0194505048597108
0.022891461986008
0.0265433401199341
0.0302595250823464
0.0341177154201541
0.0369121251368619
0.0401851330508768
0.0427496853238144
0.0447964469046316
0.0461940948212735
0.0469757584608318
0.0473315369994534
0.0473692020172049
0.047280409415409
0.0471454487596559
0.00969780688111025
0.00876695921641132
0.0079805500052679
0.00719928609036404
0.00650464407317358
0.00591695618290975
0.0054529674594624
0.00505296377647016
0.00474730033566679
0.00452504035823541
0.00439101717791763
0.00434707972342529
0.00440176139150687
0.00456091903088702
0.00482230803143146
0.00520654217491583
0.0056933505372639
0.00624143920749433
0.0068292345404964
0.00743431783868453
0.00800105952275388
0.00844678992525477
0.00870092239656901
0.0201503133750706
0.0190111123763719
0.0179075121758649
0.0168892343750944
0.0159652116902908
0.0151243082902972
0.0143590521894436
0.0136969432399178
0.0131502074155888
0.012711171856079
0.0123786280317855
0.0121558138829852
0.0120406917264993
0.020021431713399
0.0186974837857897
0.0173586929148786
0.0161170463746383
0.0149421218671925
0.0138549924638884
0.0129005193906342
0.0120182254027523
0.0110649955604536
0.0100631429224828
0.00908595107407787
0.00820405374729818
0.00741966871245132
0.00669252055630238
0.00605113680050454
0.00549030310707908
0.00502362577364816
0.00463873089547511
0.00427558652720313
0.00379296486053486
0.00321743832793554
0.00270934939474056
0.00215403212940075
0.00166269167970056
0.00118720355636362
0.000705713658807211
0.000232586826228304
-0.000205465626278607
-0.000584729828760606
-0.00090048778629382
-0.00117089858972806
-0.0014067515075568
-0.00159008866227104
-0.00174514615030827
-0.00187784903505771
-0.00196483210681076
-0.00201028877244832
0.0177879854470367
0.0163606379708901
0.0150267392287335
0.0136672104338702
0.0124747744265665
0.0111888077406746
0.0100490509548735
0.0090710915139055
0.00804071264448405
0.00709247907425649
0.00642384477995699
0.00544397751132891
0.00480652775804374
0.00403255774951816
0.00324370699406558
0.00265670956205383
0.00228428745297121
0.00190943633097999
0.00159299766356386
0.00136093889057818
0.00120114656493497
0.00112449674400177
0.018037806308341
0.0167522261139891
0.0154759940789306
0.0142282860681257
0.0130728403540908
0.0120102034612217
0.0110238074980739
0.0100419786672796
0.00922209108006309
0.00839846524371896
0.00757505279909367
0.00678625648035683
0.00569561410939994
0.00462741613246158
0.00367220569437372
0.00280922495935007
0.002057841864837
0.00138826105381994
0.000841163297848786
0.000289411796716117
-0.000198143808994763
-0.00059559062837175
-0.000908183683601333
-0.00114687381700757
-0.00130193692893983
-0.00138442924209048
0.028618914597443
0.0273890592321656
0.0257216737220687
0.0284270252915627
0.0274279691704456
0.0265529807031271
0.0250031039769785
0.0240921296393278
0.0228785389801268
0.0241339966089985
0.0216758104730303
0.0187079052027518
0.0164501721613924
0.0149818825870196
0.0139450630935981
0.0133312851977745
0.0131857818997818
0.0134641454458189
0.0141605416256473
0.0152250793210135
0.0166440144911247
0.0185526956909356
0.0214861344021662
0.0253966147041397
0.0288026900077983
0.0326634197846607
0.0354366600105167
0.037708159795989
0.0389907927723048
0.0391977983410959
0.0378446474831008
0.0349599170243178
0.030714587898429
0.0258672229232767
0.0212619473227371
0.0172154299860174
0.0140735931885009
0.0115599078785339
0.00930829480764282
0.007698584540285
0.00659125130313531
0.00587827007949638
0.00551361480222115
0.0209860498167256
0.0187344509885928
0.0164958809863797
0.0144674495301256
0.0127348318628149
0.0112088975586205
0.00988049956238586
0.00871796914375794
0.00777644943357665
0.00702432714032655
0.00646338517047938
0.00609483665417974
0.00590285750725694
0.01901976834901
0.0159390380191018
0.0126883713306167
0.0113116102956886
0.0099649093596277
0.00861753721149827
0.0116466470330446
0.0107112800317864
0.00987035558144572
0.00935043008506972
0.00911578920506897
0.00916925453223617
0.00951527625419203
0.0101489975669363
0.0110930590722496
0.0123211023284309
0.0138492086871331
0.0156914558029938
0.0177916221527027
0.0201712201023733
0.0227169328519083
0.0253533197185135
0.0279583755643702
0.0305308307829219
0.0329086998837914
0.0350738696181352
0.0370652338324993
0.0390534356037537
0.0408518914705663
0.0423136487808463
0.0433985096618744
0.0440506686448082
0.0444248513027355
0.00809956645739881
0.00770135857356715
0.00747112702877485
0.00746564181226057
0.00767047883258232
0.00808687964758054
0.00878259381797688
0.00966813183354625
0.0106522058089296
0.0119992228627281
0.0137304967025986
0.0157832451617222
0.0179167332968493
0.0199189506092569
0.0222978010096812
0.0247140033216588
0.0271401104684703
0.0294012596563968
0.0314077819694963
0.0328874695431475
0.0340959092487656
0.0352297833998661
0.0360945273510616
0.0365022882760932
0.00706558075253995
0.00562103173018959
0.00443918748587866
0.00333034871398704
0.00244412116063173
0.00158743797673714
0.000845072664493421
0.00030893226065309
-0.000131415235027531
-0.000510917742410887
-0.000771554540590783
-0.000924344877215683
0.0255594173600237
0.0245639305956001
0.0236155198223074
0.0227769983243808
0.0222922748834356
0.0221551697946911
0.0222986189583906
0.0227180302096099
0.0233443769928265
0.0241808731335844
0.025222533341669
0.0263781056726826
0.0275634269178123
0.0289537344719137
0.0305329630344168
0.0320752960389269
0.0334648177067936
0.0347233250830211
0.0358358761670141
0.0367551046486825
0.0374380621581593
0.0378936043548926
0.0381610896351054
0.0267300109589654
0.0272699977218821
0.0282058368045436
0.0296030615932092
0.0312732240778377
0.0328955203035829
0.0343020179363547
0.0354055337615247
0.0360915300346896
0.0362579614127905
0.035812819383464
0.034739219344357
0.0329581427916796
0.0304848816264113
0.0276657963355412
0.0247895415355299
0.022001353143519
0.01938466391787
0.0170032128118544
0.0149111827054319
0.0130713294455302
0.0114629630736374
0.0100989095858291
0.00888990852354769
0.00764606533148554
0.0064543262558932
0.00540462306199286
0.00448986059805814
0.00372870839468925
0.00309777084543145
0.00257468392253688
0.0021765833479772
0.001867352941542
0.00167881943206171
0.00157562753692326
0.0247996318767951
0.0263228936713766
0.0284690761734991
0.0224154096029387
0.0213314691329086
0.0207653068152714
0.0282344211929904
0.0281794361768745
0.0283389880305183
0.0286759991577738
0.0290651104647733
0.0294889999357398
0.0298709636430028
0.030152469070145
0.0303026979957174
0.0321470010239214
0.0354708688734209
0.0384517365985825
0.0409818935159883
0.0409515154742233
0.0402482584249608
0.0386156568237268
0.0359078576998084
0.0323934716029535
0.0283016847746614
0.0241729548975523
0.0203471539687965
0.0169462443977659
0.0140004625859972
0.0114475181926357
0.00925916009459783
0.00741385013076446
0.00589889152086887
0.00465297553953496
0.0035123101656499
0.00244051628578377
0.00152595973462125
0.00073927980548381
7.51765894966061e-05
-0.000463348536812059
-0.0008931861121184
-0.0012348236310852
-0.00148518478986509
-0.001647662375714
-0.00173105966740337
0.0428318043856055
0.0441155667110628
0.0449968548021979
0.045812757332144
0.0461726510671539
0.0464205004077352
0.0400548547402121
0.0384453793754281
0.0352730766619949
0.0308209339157892
0.0259908590217633
0.0215276102115308
0.0177534171262069
0.014659510331087
0.0120903743219016
0.00996293926534863
0.0082643466411584
0.00691381785287895
0.00574678721196988
0.00471569275444767
0.00384445230357987
0.00309012367159409
0.00242917534018892
0.00184836783750231
0.0013377550363594
0.000889633622210065
0.00049721692985884
0.000153865088629186
-0.000143535282118672
-0.000395748860626624
-0.000604143870887826
-0.000769819323354652
-0.000893080563436893
-0.000974177619741209
-0.00101565612510295
0.0393484106185057
0.0373339100771692
0.034184877243949
0.0302405048103427
0.0260749249212237
0.0224602876449032
0.0193699802162491
0.0164744779243305
0.0139629646695287
0.0120134401176659
0.0104943428649838
0.00917814784972319
0.00796490429360573
0.00675734694295392
0.00568936309645145
0.00479344908828253
0.00401542869228168
0.00333477369977841
0.00272954165622876
0.00217314952479688
0.00169874898993368
0.00122445992046665
0.000922518203833318
0.00062827864689149
0.000297497683853725
1.8212767092411e-05
-0.000229736312326523
-0.000448902530574931
-0.000617117197324763
-0.000745884427358182
-0.000831941170591641
-0.000877211963396816
0.0246085436993181
0.0224815285539339
0.0202860612416784
0.0182900375826379
0.016355533853318
0.0264860469643513
0.0276131215975979
0.0296209178987739
0.0314410841277056
0.0333624178035085
0.0352985312616901
0.0368123283544779
0.0381628538246184
0.0394881278465176
0.040744972577829
0.041632932379106
0.0422710260190089
0.0426381465701849
0.0427088872878251
0.0424544987673679
0.0418600650672351
0.0408960478531016
0.0396648805856985
0.0376286891226066
0.0352403233366572
0.0329867825788663
0.0307925846536837
0.0288108884339126
0.0272927349559138
0.0263159361661142
0.0257565731039381
0.0150195537395396
0.0130184646458095
0.0106574012402418
0.0151827901055744
0.0136676817007839
0.012012310001208
0.0103475077652565
0.00970769138899193
0.0091194961814306
0.00875589701420569
0.00952500937625268
0.00872485033885596
0.00812468232064464
0.00782123276239873
0.00766798885447106
0.00894690252665786
0.0097643190281923
0.0112884438311876
0.0133476665307073
0.0082942403664621
0.00804003808534395
0.00795685941868047
0.0147371198925559
0.0168414299767538
0.0196298802014372
0.022515112378768
0.025816835562594
0.0293181318393419
0.0325717733533613
0.0357272499559477
0.0383740221038681
0.0401183511097157
0.0405516998814402
0.0389647222888534
0.0145663461319444
0.0162068167585438
0.0183607634506674
0.0202215352336271
0.0229117619227959
0.0251736268630885
0.0280577717506646
0.0310234824458195
0.0335984751672707
0.0360739253193823
0.0384676362437638
0.040680039151077
0.0424558471599403
0.0438881480056854
0.0451423464085072
0.0458899916314414
0.0461705684820134
0.0458396526600185
0.0447732123317554
0.0427827672138626
0.0400512378389465
0.0367053767429101
0.0333505635217293
0.0309956635162057
0.0297286495928179
0.0382555724955346
0.0358888126351583
0.0325817805087021
0.029590705089388
0.0265870495680468
0.0246760001737296
0.0236026746412754
0.0361776521733217
0.0317669689733081
0.0265203628829467
0.0217599051795449
0.0175973036909229
0.0140396340603318
0.0111182067349075
0.00871808892684146
0.00677704944946661
0.00521731290810238
0.00390569283120673
0.00282139543906461
0.00196097253577175
0.00131494345982011
0.000846812808013084
0.000500131395293542
0.000269756289481701
0.000156001069773077
0.00852459412676337
0.00936866126876136
0.0105780851090197
0.012192668694863
0.0140980546699155
0.0161847304733326
0.0184482137215919
0.0208704024898801
0.0234189625408574
0.0260510407505908
0.0287195801799796
0.0313808229706592
0.0339957760830075
0.0366627139196346
0.00741349587209587
0.00693428772918825
0.00652482378657982
0.00618928806532991
0.00595493006382351
0.00578786630118352
0.00569075748585939
0.0056614812813731
0.00568821849675512
0.00576572036208801
0.00589220999551859
0.00604903735316905
0.00620965575527879
0.00636358920102206
0.00649502598432668
0.00660840910753377
0.00668557820710629
0.00673044158044854
0.0382520785898914
0.0397088264352907
0.0410411462808924
0.042435191765629
0.0435939646759823
0.0444814647373328
0.0453466067677565
0.0460449062847689
0.046277042601441
0.0459580364435384
0.045070034685854
0.0435220975821448
0.0411164714915944
0.0379156800016428
0.034486919797375
0.0316194363052627
0.0295308827359988
0.0283050416430589
0.0380538615035663
0.0393209072147356
0.0404786366398314
0.0415454779665338
0.0425424093171284
0.0434769864371453
0.0443086084047865
0.0449804978146937
0.0454768617624954
0.0458022427223113
0.0459680054116225
0.00879188318094854
0.0103503802680247
0.0124395824923782
0.0148421065355817
0.0175333795984327
0.0206165753810817
0.0238922480040077
0.027572747581873
0.0312539891321616
0.0348503505439187
0.0384736045143947
0.00665340069210068
0.00568887541759535
0.0049782727398736
0.00435396926938331
0.00394717945776122
0.00359493592283056
0.00337789743048113
0.00324683793769432
0.00316947164436514
0.00314306948767371
0.00313178482408098
0.00313149018320902
0.00313342820938393
0.0403221627429202
0.0419122817179543
0.0432813540242033
0.0445972960255085
0.0456146900597605
0.0464368066153975
0.0469902821804611
0.0473850418070732
0.0476079841535177
0.0403775082535561
0.0420628964723639
0.0434609460947466
0.0444949635640052
0.0450734958483194
0.0450800620027002
0.044369403703985
0.0426943104311535
0.0398301148880871
0.0358108368059445
0.0308673979729104
0.0259518643133234
0.0215781075103496
0.0178419444872149
0.0147541914058282
0.0121339326995024
0.00995230869241349
0.00825606594227049
0.0070532997735348
0.00617764790046139
0.0056012675923699
0.00531999294008743
0.00970710882253195
0.00903986624011541
0.00840883937750854
0.00786293767403544
0.00739797086091809
0.00699593739487472
0.00663030702976645
0.00634744954449774
0.00618603843209514
0.00603295945666499
0.00593089319089893
0.0059104002433121
0.0059599360051081
0.00609586130916228
0.00631122769332182
0.00663017341748626
0.00956616894740357
0.00880993626932113
0.00812337091000981
0.00751683119732854
0.00697075877495788
0.0064728389711113
0.00601487409899902
0.00560438554129162
0.00527234011052321
0.00503850025084869
0.00490233267637567
0.00484582932089637
0.00484957116621726
0.00493004559100905
0.00725842768508348
0.0081742279454756
0.00924777645235555
0.0104175406551811
0.0118430419107122
0.0133369466211874
0.0149324510491124
0.0169430549518425
0.0187460132987925
0.0205552628559262
0.0222102762173341
0.0237403610214192
0.0250252739716613
0.0260180557878138
0.0267073287585998
0.0270728740075492
0.00659169281613704
0.0066579527676918
0.00683731494121192
0.00710271989275618
0.0074243298213159
0.00785749854157932
0.00833971724997486
0.0088204089239817
0.00928310294915745
0.00973773993578081
0.0101857660416183
0.010602151538958
0.0109384378649467
0.0111340253914566
0.00518382086924687
0.00550260190783145
0.00590007968026356
0.00640978111475583
0.00702182801746467
0.00775155291223287
0.00856369654707306
0.0094973976161039
0.0106253075705485
0.0119260270119338
0.0133274326169967
0.014814074761493
0.0164488281075065
0.018314948058556
0.00484288434187527
0.0048411025920926
0.00493461495127222
0.0051506222548622
0.00556398252032715
0.00613254605929787
0.00678779333029993
0.00767878524857043
0.00878736783365206
0.0100971638227399
0.0116446276731949
0.0132729840338162
0.0152408939737549
0.0174743987836937
0.019946611048231
0.0224655891238928
0.0250639797297637
0.0278160067665014
0.0304893402288015
0.0330150370057736
0.03536594978602
0.0374704329622446
0.0392172631602235
0.040453398091314
0.0410203029599
0.040685970020443
0.0390826786362254
0.0359329783623626
0.0310513164448674
0.0251133628181658
0.0185661340266645
0.0204179841225564
0.0227822483894394
0.0254026012557809
0.0282410096205956
0.0311949050523183
0.0339056096247171
0.036140466119298
0.0382398275153733
0.0402214249228864
0.0418445106225293
0.0431414733406119
0.0440176548689171
0.0444542950500086
0.0443056613585821
0.0434420302588927
0.041820347920047
0.0389598507273888
0.0347858079221174
0.0299812457831175
0.0253710012588181
0.0211621320133912
0.01727037543455
0.0139019933053706
0.011124583994615
0.00876743338559419
0.00663554991880194
0.0181063477255289
0.0179703985388057
0.0178894082154117
0.00519243146265872
0.00376195454632788
0.0024070896703575
0.00123726611478233
0.000268723438361194
-0.000584238660766521
0.00537709929645893
0.00418326715967886
0.00351280334704743
0.00311434214655328
-0.00106075534642102
-0.00138039905158064
-0.00157320930492349
-0.00166876242204149
-0.000932827481567917
-0.0011422013841973
-0.00123749834611431
0.0150799849139768
0.0120338823780273
0.00952830970655627
0.00728937565927664
0.00516804401442815
0.00321822453973484
0.0153625460285208
0.0126702777266849
0.0103222265126568
0.00828857528518029
0.00651674497428353
0.00508738865821708
0.003749435239102
0.00265223277661623
0.00169383443649886
0.000866831243561557
0.000171975436389347
-0.000437365324555556
-0.000954621388485
-0.00141324824694417
-0.00180953982518968
-0.00214400426909474
-0.00245621672356909
0.00216367371316688
0.00137016666354143
0.000647595753146459
4.40891078759569e-05
-0.00051132182200289
-0.000991219205931585
-0.00140863359538388
-0.00177118683289686
-0.0020876398077784
-0.00235829257317898
-0.00259676548886917
-0.0028068406388549
-0.0029872652414352
-0.00313659258492245
-0.00325618793344911
-0.00334890899272153
-0.00341679693386682
-0.00346110587787233
-0.00348366856446467
0.00245938925333336
0.00191255363073193
0.00147083830920029
0.00116516979102188
0.00097422162156983
0.00087785277291091
-0.00267581346215156
-0.00288239854577018
-0.00305461004097877
-0.00318383574438896
-0.00328316801640663
-0.0033472975508614
-0.00338027793983029
-0.00262390643522151
-0.0027610516360019
-0.00285274026925234
-0.00289721701552007
