0.05
0.0376993220873562
0.0357685575610624
0.0328698006272804
0.0359027407728924
0.0335477883169853
0.0311456213579308
0.0376000340480177
0.0355175638774689
0.0325189758715779
0.0311618196898501
0.0307046285211559
0.0307320685585929
0.0312307564851198
0.0323807719302428
0.037741377772825
0.0331665396424482
0.029281108826635
0.0287438767354805
0.0266385169076852
0.0245048690711235
0.0239644551195487
0.0236437533675466
0.0232724975048255
0.0226277013434316
0.0213654552185652
0.019771729412139
0.0183796989601899
0.0172863896562236
0.0165370228869008
0.0161669968377075
0.0162031409743325
0.0375109738472166
0.0359406533238933
0.0339401319088355
0.0323932382291619
0.0311811988218424
0.0302878473220012
0.029606811653594
0.0289432341764815
0.0328052309316147
0.0334707914015519
0.0346773431748823
0.0359606520091423
0.0372813416729081
0.030765995758045
0.0289441264381558
0.027098711105239
0.0360106843756768
0.0340904515544866
0.0316155374891208
0.0290186816512096
0.0261490071906547
0.023196788623319
0.0206112006988963
0.0181922955570372
0.0159117245752719
0.0139702379354952
0.0122259753433008
0.0106861506118706
0.0092833305895848
0.00806278029350964
0.00700435966575113
0.00601992568843257
0.00513426231804197
0.00429500580403437
0.00346618122555483
0.00266489242960616
0.00193419902905035
0.00128153538744611
0.000715552419925937
0.000238647138871501
-0.000281234496740005
-0.00083374900037912
-0.00133251002262098
-0.00178134768833645
-0.00215447619175267
-0.0024689440711998
-0.00272036889991331
-0.0029061196954117
-0.00302882359369522
-0.00309182708610021
0.0395478899231949
0.0410030535628556
0.0422839395323385
0.0433756785502718
0.0441923967337933
0.0448027965112177
0.0452983908385926
0.0456195906511284
0.0458477565768131
0.0460044711929154
0.046083128945872
0.0261638604652829
0.0249319785940912
0.0232371647151603
0.0246202255623537
0.0213118628748425
0.0177776851112529
0.0227365846688474
0.022177851964462
0.0215518173834328
0.0222012236410977
0.0204159614816047
0.0181726093085342
0.016516187748544
0.0150563908970754
0.0134996836105336
0.0119771372573141
0.010793851549354
0.00980155280350691
0.00885954273977342
0.00806869471220193
0.0073919914530819
0.00686226771219438
0.00649012091767852
0.00625697516973956
0.00612788096879809
0.0203867006153769
0.0185012498626547
0.0161062726221671
0.0137599338445268
0.0117411375702456
0.00977172615658257
0.0207550837097575
0.0199935763375027
0.0191920458571979
0.00883086939978238
0.00795213868649781
0.00723822296982372
0.00668110099655929
0.00625563600650606
0.00598255432914568
0.00585766684658601
0.00586354512612125
0.00601427877789457
0.00633882656959661
0.00685991503155318
0.00759020481528055
0.00855118884784089
0.00980018158269637
0.0114061376268418
0.0134308745894353
0.0159012808830722
0.0188141607006699
0.0221753839752617
0.025698572927182
0.0294794390073814
0.0331327476841658
0.036529777769336
0.039697978970082
0.0416817709946078
0.0435025596761677
0.0442508329197663
0.0438781502498314
0.042134113970259
0.0391295319193655
0.0350672815116677
0.0308287339404178
0.0281231576314245
0.0260943216996834
0.00885995499235898
0.00809053175961487
0.00746818560493205
0.00688766632646216
0.00641539987565353
0.00606861074629673
0.00585521212222937
0.00575196753024045
0.00577849126259229
0.00594276014324491
0.00625581583372702
0.00673933528600752
0.00742109156832938
0.00830519854658967
0.00938260263743619
0.0107288507802691
0.0122670386177013
0.013880015243276
0.0155172990346728
0.0171235250733833
0.0185625830842357
0.0196514361989334
0.0202551057506191
0.0179874030331037
0.016805035032827
0.0157026345917574
0.0147119385759795
0.0138289057863531
0.0130349974029695
0.0123183812217183
0.0117015794111702
0.0111938349255799
0.0107868236891319
0.0104788204609598
0.0102725389415607
0.0101659777404633
0.0179555853198819
0.0166775638092842
0.0154231907292196
0.0142840591884538
0.0132218747564904
0.0122495272075803
0.01140302404303
0.0106263858842544
0.00979343888678428
0.00892453470514612
0.00808399839390521
0.00733323030890395
0.00667411710948248
0.00607273422560077
0.00555231188959782
0.00510793159382281
0.00474939661771067
0.00446469470651909
0.00420699946149089
0.00387826063705559
0.00349953396232502
0.00317539634350702
0.00283269035914903
0.00254057319109932
0.00226977142171911
0.00201087831709532
0.00177681289778587
0.00158487885648815
0.0014449269385992
0.00135294052502353
0.00129701877792029
0.00127056471781526
0.00126861430221606
0.00128306132385446
0.00130871405158675
0.00133226472977304
0.00134693950719575
0.0162143496878441
0.0147873406657954
0.0134704057067705
0.0121389794032495
0.0109766987966913
0.00972669758234788
0.00862013647235641
0.00767086752741982
0.00667041812512611
0.00574916519935703
0.00509918604943026
0.00414605432220997
0.00352563277360251
0.00277195719310699
0.00200342395417284
0.00143135641752878
0.00106834112385244
0.00070291276404679
0.000394401578913204
0.000168144944391862
1.23436624261716e-05
-6.23926133417751e-05
0.0164732399589474
0.015193794328786
0.0139426789927206
0.0127320446961555
0.011618368361974
0.0105982319497852
0.00965338108986674
0.00871389549031239
0.00792948637691972
0.0071411749537569
0.00635237546058409
0.00559597009218462
0.00454907087604227
0.00352272697004758
0.00260412270768849
0.00177355739572078
0.00104993691416233
0.000404774606463105
-0.000122569191613687
-0.000654565145112354
-0.00112477999149963
-0.00150815318303926
-0.00180970610521416
-0.00203997970494867
-0.00218958020299967
-0.00226916791459124
0.030276165952871
0.0292213688440976
0.0278131156161859
0.0305005997341712
0.0301444365337514
0.0300486978387448
0.0270405883608978
0.0260564636149746
0.0247390936289029
0.0274622581962101
0.0273871569458659
0.0277044562499276
0.0282483938844463
0.0288866939079578
0.0297116514863154
0.030768822904512
0.0319887185216025
0.0332403523044625
0.0345810045757887
0.0358613404691135
0.0370010937499
0.0379770009456313
0.0387725004604599
0.0388837835525711
0.0378822601336479
0.0349908279784315
0.0312465144391903
0.0265418968135582
0.022144215862757
0.0177541107864899
0.0140301290291285
0.0110403415332739
0.00849166040490889
0.00634527202413629
0.00457163478586547
0.00308847112734624
0.00194622940864599
0.00102692308655175
0.000194243921276826
-0.000408115879799835
-0.00082653350910965
-0.00109791028641966
-0.00123736605565136
0.0220231245450108
0.0186423690778205
0.0152745843570692
0.0122795195969497
0.00978582762342946
0.00764770498917733
0.00583513469556163
0.00428905648823638
0.00306577516710047
0.00210807632813833
0.00140549319408018
0.000949470953306996
0.000713783044777713
0.0209510635732583
0.0178415469110215
0.0144658967488812
0.0130948353580477
0.0117309006228971
0.0103432527952143
0.0131828089976792
0.0118878996697603
0.0105366704703653
0.00946584351151861
0.00861774462143478
0.00796889520487555
0.00753771088694582
0.00731631128770279
0.00729823510009084
0.0074812433001153
0.0078634595378105
0.00845413941405864
0.00924565606855748
0.010266650774538
0.0114992732159704
0.0129382353898494
0.0145390269410935
0.0163105168291718
0.018131143368233
0.0199547501092216
0.0217769582526646
0.0237295620552892
0.025603270630224
0.0272081242106386
0.0284546323243928
0.0292296272883804
0.0296852873915391
0.00944414432664978
0.00853421897111745
0.00764356490348177
0.00686666472341269
0.00630149893196977
0.00586898602481928
0.00555224694212092
0.0053915730690339
0.00535333205230429
0.00542627114759856
0.00564248800829624
0.00600975059877639
0.00648235478254
0.00699675069118827
0.0076923082119704
0.00849788838165271
0.0094189933311334
0.0103933883657107
0.0113652709866001
0.0121540107610889
0.0128511114214077
0.0135539297079118
0.0141211996404369
0.0143978475535807
0.00903615058153192
0.0078065066854312
0.00679038971559869
0.00582796975225347
0.00505212210624645
0.00429605255018011
0.00363576999455451
0.0031557286961925
0.0027590974777837
0.00241551945343548
0.00217873681371164
0.00203959445309701
0.0301663407508146
0.0305844246668357
0.0312984151772906
0.0323230326638952
0.0334232625272049
0.0344573603838706
0.0355864086481104
0.0367947679591738
0.0379898427821171
0.0392303801829478
0.0405045736429123
0.0417042334734821
0.0427656058020031
0.0438452405735461
0.0449107329008681
0.0458070193396535
0.0464968739317361
0.0470262953407958
0.0474190719742245
0.0476905015238908
0.0478612397436421
0.0479603849316367
0.0480125408147168
0.0301052740236252
0.030385344789802
0.030856265509357
0.031470780306956
0.0320187869119016
0.0322615605369048
0.0320714926250172
0.0313666173047073
0.0301253179027106
0.0284051827530148
0.0263216336271662
0.0241112984568827
0.0217627192707705
0.0193822266714412
0.017194909293925
0.0152397762285336
0.013476719217037
0.0118734253872559
0.0104212582360614
0.00913102619914046
0.0079734764882
0.00693691039049675
0.00603459881018856
0.00521240767490867
0.00434309918878893
0.00349088403790756
0.00272454125190862
0.00204416257179702
0.00146886222794446
0.000985492003088059
0.000580177870962901
0.000268923575334061
2.54297362355229e-05
-0.000123740807023677
-0.00020564048569432
0.0336154109670357
0.0351466742957031
0.0369743638371043
0.0316952962527407
0.0310950782369569
0.0307664110017342
0.0390963451312599
0.0410191525737264
0.0426461091280451
0.0439877317254537
0.0449502174729347
0.0457171857224346
0.0462698307635599
0.0466197798491333
0.0467905015503941
0.0371599924014194
0.0362956412664035
0.0340149677506898
0.0301705334981024
0.0269263241306487
0.0237903406439598
0.0205572074680198
0.0175494611979892
0.014953286894451
0.0126249811406991
0.01058475123966
0.00879700209207047
0.00721667116450943
0.00581901141828154
0.00456648107398716
0.0034497829697907
0.00246763829435982
0.00162556868334275
0.000902696144395015
0.000212694389305682
-0.000461587929861686
-0.00105794483529145
-0.00158789568712154
-0.00204855194502712
-0.00243162445034236
-0.00274385513108339
-0.00299633219544339
-0.00318385993753599
-0.00330672875285597
-0.00337017214692549
0.0291464856451717
0.0278917477807194
0.0267059960076725
0.02529754747115
0.0245918001076674
0.0240612875098989
0.0163294731290261
0.0169926894348186
0.0183136177730095
0.0202813484552774
0.0227545946772798
0.0255845608751565
0.0286016738662224
0.0316600040979245
0.0346801392571586
0.0374808484785157
0.0397462074628053
0.0412842915029556
0.0420164357448877
0.04159635489063
0.0396556800049354
0.035961881582664
0.0308392667342594
0.0252940287738302
0.020202901342755
0.0159054990552419
0.0123975478118883
0.00955995894700658
0.00728551336781679
0.00549085507245901
0.00410011313952471
0.00305313784411081
0.00230745831968931
0.00183222182369769
0.00159396165141192
0.0165796803111412
0.017342434275769
0.0185634962609207
0.0202168835670514
0.022240487856304
0.0243650669897043
0.0265774527801568
0.0291147452472242
0.0317955113120673
0.034242235957642
0.0363811965857897
0.0383651370136202
0.0401696809822414
0.0416849667731416
0.0424214211419564
0.0420892270157748
0.0403998885806026
0.0371034093185458
0.0323688818944917
0.0268274865691008
0.0217950639950253
0.0169194871535692
0.0140148832178569
0.0113773181728441
0.00868396361241215
0.00663217292215698
0.0049557336968227
0.00357761957718987
0.0025823348870797
0.00185675816711763
0.00138909648495561
0.00114876833713182
0.0277745732438419
0.0261244100047143
0.0242599298814493
0.0223799077998521
0.0203622380476275
0.0291407389064016
0.0298620630291531
0.031033554035692
0.0319568790517492
0.0327273987281804
0.0332075325914542
0.0332587951674235
0.0329361659254322
0.0321918262638542
0.0309323149179368
0.0294701601385864
0.0277735762858111
0.0259526325078139
0.0241046390167609
0.0223340947227944
0.0207108575056653
0.0192363230487668
0.0180168294060808
0.016609213491849
0.0153820662586183
0.0144473899982792
0.0136671944708237
0.0130362483842674
0.0125861650341445
0.0123081874332307
0.0121527628258402
0.0186141668774714
0.0157292113501162
0.012056543296888
0.0192813304465705
0.0176457848356866
0.015665456927431
0.0135201859589148
0.0101858533517207
0.00887108542647553
0.00790532883206315
0.0107141798053532
0.00953094865504652
0.00834215415601725
0.00742227654430173
0.00623635893774353
0.00763179009087243
0.00712785082959418
0.00651036673746842
0.00593684525000348
0.00683422912803547
0.00587425793919343
0.00492261489563778
0.00601406459738363
0.00619956875189665
0.00649429144843408
0.00683645647666583
0.00727254922530092
0.00780388503408095
0.00839996808398187
0.00914902192376961
0.0100729799677399
0.0112003719943229
0.0125553871024433
0.0143731025055652
0.00537211796352664
0.00483646977538987
0.00432414848997149
0.00398589791207258
0.00360938777058079
0.00336558640044786
0.00313008601920151
0.00296257356370303
0.00287538816677897
0.00284561149669426
0.00287519859568453
0.00297031151379439
0.00312098237180755
0.0033294969077242
0.00364142658510753
0.00399227124753208
0.00443506367759615
0.00489029628161734
0.00539555455586259
0.00592249866278269
0.00640726703067849
0.00686184444788344
0.00725044486669535
0.00750455473016698
0.00763771962444001
0.0138515658872254
0.0135880656511137
0.0135254106597984
0.0135704569407903
0.0136794593618242
0.0137753528342044
0.0138390274481293
0.0168530846675992
0.0195841089501273
0.0226093503955113
0.0256254654690119
0.0287143013358138
0.0318609877580163
0.0349144246470922
0.0378147929204911
0.0404444234488492
0.0427224147348922
0.0446991188952014
0.0462988157239066
0.0474705637973403
0.0482414770392943
0.0487154520563903
0.049008393693121
0.0491715441585279
0.0492420662692924
0.00460371995839447
0.00424316952735312
0.00383175609743393
0.0033788463641345
0.00292801062073778
0.00250723941337323
0.00211358800460448
0.00174521040991188
0.00140117067382583
0.00108125409914352
0.000785784313373321
0.000515248363003575
0.000270349506827566
4.0739783952653e-05
0.00438083874204566
0.00382078219907082
0.00325609212763293
0.00269816210893981
0.00220956939444265
0.00173658024489918
0.00128437483077448
0.000867963581233714
0.000478910079638634
8.37941508147201e-05
-0.000321113150687449
-0.000696518505236163
-0.00101019356532303
-0.00126846072423225
-0.00146524172472552
-0.00162108003837039
-0.0017213035942732
-0.00177747795639903
0.000242004166638152
0.000473206462259617
0.000727828564039011
0.00105411879538399
0.00140338331994136
0.00176068095347586
0.00225409592377848
0.00291996995491465
0.00363748907629728
0.00433173701946243
0.00499093331920797
0.00563170268710963
0.00627711760021427
0.00689652036187037
0.00743445153913245
0.00783871432481332
0.0081197439920908
0.00828181836959976
-0.000331107667348938
-0.000663159412340456
-0.000959660711231109
-0.00122729010682588
-0.00147373800582062
-0.00170334638290328
-0.00190826540884548
-0.00207550375510124
-0.00220075073482478
-0.00228395521037683
-0.00232676232310784
0.00576535622152937
0.00528767284973974
0.00481250061780896
0.00440412268602356
0.0040530303417006
0.00373876776194223
0.00347484290842354
0.00324305434209218
0.00307173999890537
0.00296578967849426
0.00293086712917863
0.00535873557619507
0.00438653122381648
0.00355064421730577
0.00267503136992598
0.00198390470730077
0.00123032537781436
0.000615111841650108
0.000100028005738723
-0.000375701588688957
-0.000645743270834655
-0.00090565192657309
-0.00106917925173172
-0.00115127156200457
0.00211283049898749
0.0014334369232056
0.000865666674552327
0.000329255223703668
-8.64295402219545e-05
-0.000428551744446597
-0.000665354405626713
-0.000839329292659748
-0.000940200225387183
0.00366453230099474
0.00448547580040851
0.00540448898637871
0.00643896159145116
0.00761017300838723
0.00892590747521411
0.0103974300755669
0.0120651724316758
0.0138981756868802
0.0158670628556357
0.0180425436291715
0.0202764408025178
0.0225118743349273
0.024749444291689
0.0269372582784649
0.029105977248629
0.0311686328671797
0.0329625853078759
0.0343492170825639
0.0354266200575261
0.0361699951272711
0.0365431334698187
0.0125494696414743
0.0114491920053218
0.0103210726200262
0.00925820755234721
0.0082647543066098
0.00730956442094007
0.00631654512861477
0.00540230245138301
0.00476822044245865
0.00399154878284238
0.00313474159513699
0.00241966178969066
0.00171152592736087
0.000992256224000461
0.000333747876735598
-0.000330576881428511
0.012575186273443
0.0116069522161401
0.0106810504550599
0.00981976801867451
0.00900039332934781
0.00820409647449796
0.00741063718436663
0.00661722682742746
0.00586549055051255
0.00519479844095589
0.00462786887779645
0.00416138395174862
0.00374639238296089
0.00327649151173204
-0.000723093015502405
-0.00117749167310361
-0.00160690995066393
-0.00199142261996405
-0.00238097624822102
-0.00272489340670763
-0.00304084609578147
-0.00338470671228095
-0.00365653101719169
-0.00390342891375165
-0.00411212207012124
-0.00429366377005797
-0.00443950432274391
-0.00454888155910464
-0.00462340202270082
-0.00466250223649312
-0.000741763977119745
-0.00114118566930298
-0.001550619223532
-0.00191590465931622
-0.00223208039485886
-0.00255702062101236
-0.00284484457992745
-0.00308367384144735
-0.0032819304220985
-0.00345408105870099
-0.00360665030669998
-0.00373632852652182
-0.00383405855422322
-0.00388842705644022
0.00295382040349378
0.00269014793207958
0.00246072541694941
0.00225054991767008
0.00207001131198491
0.00191752697363869
0.00179989904747578
0.00171047602190785
0.0016479056123309
0.00161964772809917
0.00162779174734414
0.00167016668356923
0.00174971782910244
0.00187700466259436
0.00313578657641563
0.00301131282151975
0.00292284711901372
0.00285462404160472
0.00280251188365636
0.00278479548322387
0.00280341595481568
0.00286446212098049
0.00297184595273014
0.00312718329343552
0.00333839639393472
0.00358580096629487
0.00391424794460722
0.00432556577454296
0.00483366601416515
0.00542079326120756
0.0061194686587604
0.00699513569001197
0.00803063234326107
0.00924916313880158
0.0107022400509795
0.0124414018693985
0.0145140566158139
0.016936047302917
0.0197257489316449
0.0229733839145035
0.0265580107799848
0.0302075720137406
0.033890278167663
0.0373329591756255
0.0405446262859011
0.00218768455292395
0.00257357502156094
0.00304948285660205
0.00363206373238082
0.00433353081051123
0.00509667670294552
0.00585206039331415
0.00671868093861421
0.00776172813230655
0.0089092808845467
0.0102273286943186
0.0116847242315078
0.0133890922425022
0.0154876728697278
0.017729870450885
0.0200216655758696
0.0226993453510572
0.0256088074029657
0.0285010152339727
0.0312172839617063
0.0338198963060834
0.0364279518744094
0.0388813140296444
0.041024368692801
0.042867012085381
0.044448864765774
0.00169345328159382
0.00156017521510615
0.00147194219552546
0.0449102658174222
0.044697694846001
0.0432523210988072
0.039826996475271
0.0338024390730709
0.0257309491357455
0.0458360810562127
0.0470723765506455
0.0477268483981797
0.0480963637752148
0.0204820389428542
0.0166725330899931
0.0143138262050954
0.0131344935463764
0.0221359868872619
0.0197286543895776
0.0185834820474227
0.0415558120254452
0.0417187075941742
0.040795274436118
0.0383863435711355
0.0337547466778689
0.0272926191884864
0.0423356302217177
0.0435161460503245
0.0441429164152262
0.0441081802396687
0.0432178136618312
0.0413716809115888
0.038022796873309
0.0336094804519726
0.0284994085357316
0.0234670911468094
0.0190871856557775
0.0152928852846893
0.0121748207859066
0.00951733366919473
0.00731290070943302
0.00552149064880094
0.00390418238013526
0.0231838574652272
0.0197801116230287
0.0165719163734192
0.0138841813343656
0.0114384349425802
0.00936442570128225
0.00759977090464078
0.00610283433761679
0.0048276807127198
0.00376322484209623
0.00284751892214109
0.00205967981529124
0.00139819893021215
0.000861986930054363
0.000440267765943492
0.000118244821681199
-0.000114708043768537
-0.000265424835147119
-0.000341750875586255
0.0244876777904198
0.0220495007965413
0.0198601473692305
0.018255894301204
0.0172232448167896
0.0166940594590042
0.00285847573572228
0.00191649417347588
0.00116086465176169
0.000611772646830436
0.00020063172538544
-5.97293344908168e-05
-0.00019200000396867
0.00298927640394333
0.0022583316140352
0.00177804444375603
0.00154751840054693
