0.05
0.0377200034322805
0.0358539135329853
0.033085959955135
0.0358986155342164
0.0335174229638629
0.0310681833733101
0.0376084205937389
0.0354372834768482
0.0322171076452288
0.0306549154422842
0.0300123162901148
0.0298998165004851
0.0302267104109874
0.0312212676056094
0.03775748776496
0.0332849698935861
0.029516620599889
0.0290031331460034
0.0270189503253087
0.0250014487841755
0.024479635912617
0.0241581997510076
0.0237687418697802
0.023061956976461
0.0216311874144684
0.0197819448745033
0.0181243506428322
0.0167699778776639
0.0157646483850829
0.0151399142727283
0.014905205693692
0.0375291341468402
0.0359764206180628
0.0340070937059809
0.0324944014671372
0.0313201503282328
0.0304648717979809
0.0298228060514126
0.0292071101135659
0.0331428424310318
0.0339724105750476
0.0353981001526225
0.0369111527766177
0.0385232209150053
0.0310589871278821
0.0293147368808107
0.0275515588240394
0.0376962836839847
0.0362428786847214
0.0341420247361612
0.0317262208041341
0.0288532702258415
0.0257240606798565
0.0228824682373255
0.020169648295693
0.017588219649512
0.0153883762425616
0.013419434991253
0.0116926288116432
0.0101321835590337
0.00878631988547922
0.00762932240934421
0.00656263138055832
0.00561136159690781
0.00471739180951025
0.00384116154989728
0.00299968530401271
0.00223690309990661
0.00155930669859942
0.000974734950358999
0.000484456911943461
-4.77269556854567e-05
-0.000611204656541512
-0.00111832026573713
-0.00157350736243919
-0.00195111566503952
-0.00226881504745749
-0.00252247855253725
-0.00270969227886844
-0.00283327459401422
-0.00289670147648095
0.0405602675009819
0.0418613768073658
0.0430102074706765
0.0440002809340821
0.0447538402449218
0.0453285284485177
0.045805756026714
0.0461215770085633
0.0463499398927554
0.0465091727456622
0.0465899305107044
0.0266703205892599
0.0254998084840972
0.023874836707187
0.0251414771032545
0.0218813112372194
0.0183571209692041
0.0233881836917966
0.0228433446453815
0.0222312022429268
0.0228954529845401
0.0211594384578932
0.0189300857383215
0.017260577012299
0.015777907469332
0.0141899645307827
0.0126339915440477
0.0114245993140876
0.0104110292921923
0.00944975789192467
0.00864362975341188
0.00795457875748077
0.00741568259675162
0.00703736520460725
0.00680047747115866
0.0066693566317498
0.0210777358416072
0.0191617427705943
0.0166965008268453
0.01426329419808
0.0121608727873945
0.0101028731662725
0.0214489053158309
0.0206977049956835
0.0199038185466895
0.00912730531344931
0.00821016988131452
0.00745734299579468
0.00685993998596245
0.00638981493828682
0.00606838349138086
0.00589256907451649
0.00584110472778689
0.00592279886832885
0.00616294867460719
0.00658183640127841
0.00719033477882208
0.00800651662363013
0.00908037284156687
0.0104747604785601
0.0122509401613714
0.0144473711412694
0.0170867999598918
0.0202118131032952
0.023588558533549
0.0273272357186691
0.0310491093939246
0.0346178690456041
0.0380917998226355
0.0404145542437894
0.0428230595350264
0.0442971293717966
0.0449139296312746
0.0445128045668526
0.0431160802164148
0.040703030874314
0.0376181497584364
0.0353493777067334
0.0334517419925299
0.00913661392773999
0.0083116889685536
0.00763280383216202
0.00698273355444558
0.00643285088086342
0.00600120200503242
0.00569861384480088
0.00548859289185581
0.00539426651633208
0.0054164777371631
0.00556376400579167
0.00585032285888443
0.00629674231306378
0.00690812479917777
0.00767884858105328
0.00866559253955456
0.00981602045380739
0.0110451551539423
0.0123167579744098
0.0135898434612508
0.0147546686408812
0.0156530827284108
0.0161581822620177
0.0187157350388983
0.0175336110595079
0.0164211434938647
0.0154152167232829
0.0145150331460763
0.0137036671100434
0.0129701719771535
0.0123383180302882
0.0118179916225215
0.0114008527931625
0.0110851969091716
0.0108738079990989
0.0107646167597305
0.0186571182585333
0.0173538744313286
0.0160647488238092
0.0148877448166438
0.0137861529749374
0.0127749461822648
0.0118925711165406
0.0110811934756642
0.0102088695346307
0.00929641525880192
0.00841092455324995
0.00761670912723296
0.00691569536757376
0.00627178129436757
0.00570994695349333
0.00522513735767839
0.0048284411767088
0.00450775162171424
0.00421152318629025
0.00382565352932194
0.00337279970116783
0.00297829967786587
0.00255280333895627
0.00218155989324117
0.00182785319760169
0.0014769434145702
0.00114197053699547
0.000844069162690075
0.000599289283922417
0.000407901540602923
0.000255615944857682
0.000134170252350695
4.92667766219133e-05
-1.43236497950719e-05
-6.19719823674853e-05
-8.97797989222938e-05
-0.000103110975871618
0.0167922525256245
0.0153560600714964
0.0140265836830852
0.0126801191461
0.0115037552680782
0.0102382674250124
0.00911814543563775
0.00815756031262866
0.00714563103193362
0.00621424706563345
0.00555735370902172
0.00459443270174894
0.00396783564145367
0.00320685815823727
0.00243106980585535
0.00185370139058215
0.00148735823562004
0.00111860600909505
0.000807305471229597
0.000579011198853685
0.0004218102400454
0.000346403412961949
0.0170483129676864
0.0157568935405329
0.0144891994543116
0.0132595549886641
0.0121268416084399
0.0110886021408626
0.010126819116039
0.00917062953057669
0.00837255842343629
0.00757092276256978
0.00676930159669921
0.0060010669499573
0.00493837324062755
0.00389706055209609
0.00296547828482916
0.00212351596008547
0.00139020820548273
0.00073658415229592
0.000202437209139284
-0.000336320304617748
-0.000812433403198124
-0.00120056818592917
-0.00150584142660219
-0.00173894245671186
-0.00189037398800992
-0.00197093392036258
0.0302013548043823
0.029149682942348
0.0277448694540856
0.0303548026883251
0.0299186310931894
0.0297276760627416
0.0269946355638203
0.0260390272514953
0.0247596087531319
0.0272726684642585
0.0269475047068542
0.0269070489359012
0.0271421238282844
0.0275536536101933
0.028191392100758
0.0291013382835967
0.0302271320773712
0.0314417569948623
0.0328005254952625
0.0341594538998242
0.035445918225782
0.0366662477284666
0.0379059489982083
0.0387186018987901
0.0384650669398859
0.0365891472808884
0.0335347131912247
0.0291533025066978
0.0246873187976677
0.0200018637154492
0.0159387178299087
0.0126521014445167
0.00984472382151438
0.00748090906025709
0.00552993856717699
0.0039013409527792
0.00264961378546697
0.00164427867587197
0.000735727589949938
7.9886534082961e-05
-0.000374885174779164
-0.00066944992288009
-0.000820689327820311
0.0221416150901798
0.0188621379268948
0.0155723942865615
0.0126267184485834
0.0101585135591394
0.00802952871929843
0.00621436953251856
0.00465768222484607
0.00342001700707049
0.0024470283406788
0.00173082197254165
0.00126480718491558
0.00102357237903559
0.0210593142026896
0.0180048375475588
0.0146697225860247
0.0133164476199541
0.0119655225941201
0.0105868101392751
0.0133833155446043
0.0120659129932572
0.0106692792306087
0.00953920760192619
0.00861659329889774
0.00787501935542507
0.0073351723325636
0.0069892948361118
0.006826794513175
0.00684865879105499
0.00704894382763992
0.0074329737420301
0.00799560950154598
0.00875804341616716
0.00970895681401856
0.0108470589211578
0.0121414449723003
0.0136059175145338
0.0151475676672734
0.0167325356066466
0.0183593626299134
0.0201478300118346
0.0219030389359309
0.0234356438808537
0.02464408229813
0.0254027841796492
0.0258516880482296
0.00965641482602246
0.00869808068800843
0.00773935041380685
0.00687836483389667
0.00622623852274842
0.00569567036325939
0.00526029790929009
0.00497605250096483
0.00481643636269738
0.00473714938381842
0.00476996272155705
0.00492752488167567
0.00518334320800461
0.00549022223528545
0.00592931248040599
0.00645743713479405
0.00707686931194974
0.00774409702466857
0.00841869298881295
0.00897182219354244
0.00946490474803137
0.00996612168692216
0.010373442877026
0.0105729319706346
0.00931453515926936
0.00811323467913196
0.00711746514617518
0.0061717921351642
0.00540774694795499
0.00466172980068126
0.0040090937923292
0.00353395055932114
0.00314090028968855
0.00280009295032242
0.002565070542454
0.0024269028969493
0.0296738956276318
0.0298753892029918
0.030337719225287
0.031086329490551
0.0319608587681009
0.0328387082301166
0.0338501209552823
0.034982691350469
0.036145169586055
0.037391926275409
0.0387147757221481
0.040003368691977
0.0411850053006284
0.0424343284732837
0.0437194844755695
0.0448523138177768
0.0457708798894031
0.0465182834747452
0.0471112020490665
0.0475528440705099
0.0478528788685404
0.048039706213889
0.0481439978169221
0.0298345659745667
0.0301964551714286
0.0307922279964712
0.0315960573997555
0.0323948621892298
0.0329252918098796
0.0330428511344845
0.0326498445683953
0.0316885006887304
0.030174945881604
0.0281943443951891
0.0259796019847521
0.0235384846709317
0.0210034331632419
0.0186433953514138
0.0165231973657233
0.0146109231656272
0.0128764462480168
0.0113119416943058
0.00992860115097175
0.00869373255790135
0.00759339011562695
0.00664016554059985
0.00577573822916846
0.00486589360938722
0.00397719713470708
0.00318061055976317
0.00247537339859219
0.00188047598197255
0.00138162596113092
0.000964013852632291
0.000643725203712147
0.000393414098471051
0.000240170149313242
0.000156070173298262
0.0324882067955948
0.0341021464034862
0.0360956227990937
0.0304041156260842
0.0297043043654712
0.0293256117535095
0.0379525829231604
0.0396982173387682
0.0412433208690974
0.0425796829121775
0.0435805603581639
0.0444091694935767
0.045026149846156
0.0454267283302597
0.0456252643506445
0.0369221271539098
0.0368336822440472
0.035495453168244
0.0326415583084865
0.0294738983562551
0.026228049243559
0.0227495780486812
0.0194432755572412
0.016566240378439
0.0139842626389218
0.0117286447682194
0.00976141049630063
0.00803169600438596
0.00651044472162524
0.0051548371892426
0.00395305069916719
0.00290204446061537
0.00200603461217788
0.00124110289222855
0.000514839057461133
-0.000191350625183548
-0.000813100662299274
-0.00136335438666959
-0.00183990784890339
-0.00223495856919543
-0.00255611789783431
-0.00281526401296634
-0.00300742784206293
-0.00313318720027066
-0.00319807595199225
0.0322981206718036
0.0314769637036321
0.0305332498026147
0.0292680938382647
0.0285969890438789
0.0280731573892941
0.0149210289414573
0.0154449079490112
0.0165978049008552
0.018390602776339
0.0207169209816719
0.0234569563744861
0.0264588412923042
0.0295814276722038
0.0327502516234099
0.0357964680563853
0.0384095646784866
0.0403990174436138
0.0417366166815786
0.0421377535720285
0.041239921185162
0.0387198399502694
0.0344504405823968
0.0290488171234868
0.0235855944968615
0.0187599524958969
0.0147551772266119
0.0115010623546682
0.0088919455059911
0.00683527500369769
0.00524357834335141
0.00404683099591921
0.00319538745733646
0.00265317815559547
0.00238147919418041
0.0150868820168027
0.0156645765347496
0.0166900237713945
0.0181545021948197
0.0200147918566753
0.0220271732643603
0.0241765557915189
0.0267017484613189
0.0294355357134986
0.0319931828684308
0.034292566690911
0.0365105531599508
0.0386602827945396
0.0406900682891398
0.0420820960339738
0.0425418652242785
0.0418515777891852
0.0397153490061406
0.0359524106021039
0.0307542145298693
0.0254723858708079
0.0200248897582093
0.0167122444606441
0.0136802861927676
0.010574437710188
0.00820845348970629
0.00627693697008459
0.0046907217675595
0.00354618885439818
0.00271243376076329
0.00217534814422027
0.00189944354480886
0.0280691880853125
0.0264616445853067
0.0246361482696986
0.022781245753018
0.0207745913058237
0.0294728916301253
0.0303896531259653
0.0318740255703127
0.0330745830937673
0.0341485028151397
0.0349638335695749
0.0353110907512381
0.0352837464776768
0.0348505475011106
0.0338860904946436
0.0325986048601121
0.0309653657302555
0.0290925467970017
0.0270935675978848
0.0251055087521109
0.0232354723286388
0.0215085908922614
0.0200678242379011
0.0183983015129077
0.0169436272235094
0.0158389323380443
0.014920404574127
0.0141807079475645
0.0136550254373434
0.0133312499998394
0.0131505654513115
0.0190149598588328
0.0160965527183683
0.0123725149921634
0.0197035965269419
0.0180609991031613
0.0160567964098398
0.013875632574748
0.0104730660822726
0.00913658840323443
0.00815374937032558
0.0110107704368922
0.00980614565617618
0.0085921452115006
0.00765027352019933
0.00643276516267541
0.00786581518345327
0.00732580282558861
0.00665306685071541
0.00601399267088527
0.00706803905874453
0.00609298880247571
0.00512454731742009
0.00603080445271227
0.00613509976630005
0.00632737906017311
0.00656261618751232
0.00686904391871631
0.00724613916727023
0.00767227052716532
0.00821348040680856
0.00889281723546223
0.00974108485459217
0.0107872591198721
0.0122302759517193
0.00543042428316845
0.0048687605052906
0.00432112417823769
0.00395094050056645
0.00352550252416097
0.00323698598684355
0.00293853056210644
0.00269682178035662
0.00253449835341893
0.0024196600809461
0.00235000634589883
0.00233018264190073
0.00235988376694434
0.00243451943894873
0.00257232340946209
0.00274414990340034
0.00297538745138826
0.0032235762110233
0.00350721948928488
0.00380924694872735
0.00409093612881742
0.00435747929586357
0.00458667239402821
0.00473701820996353
0.00481593194837659
0.0115153937703496
0.0110514385430719
0.0107963868606709
0.0106892795391109
0.0106517700320739
0.0106538154100343
0.0106638379906588
0.0145400199075435
0.0171128303845739
0.0200137728537695
0.0229660627785711
0.0260499544178829
0.0292482861446555
0.0324025008896024
0.0354504641633997
0.0382753492030313
0.0407955463586853
0.043068667586701
0.0450013675633335
0.0465035347695239
0.0475595663852494
0.0482555862766089
0.0487180735339995
0.0489947265757768
0.0491212125270987
0.00478289327608208
0.00439358819524196
0.0039461250593021
0.0034503539870163
0.00295406892653751
0.0024884465105308
0.00205062023128453
0.00163873656579883
0.00125174225122938
0.000889184131756146
0.000551035393439321
0.000237320064885342
-5.1762880644e-05
-0.000329391491998785
0.00459011174147465
0.00403768570111901
0.00348072254374184
0.0029304496245976
0.00244857130017617
0.00198207914187591
0.00153606831987046
0.0011253316880926
0.000741542466432673
0.000351729190814341
-4.77923734455884e-05
-0.000418250945599597
-0.000727831335026381
-0.000982757716751049
-0.00117701437819984
-0.00133086793798444
-0.0014298217746307
-0.00148528706070198
-0.00020232722026827
-4.8134861404189e-05
0.000126268495655784
0.000353349342616506
0.000598345118570944
0.00084929214220848
0.00119490255514434
0.00165847427317116
0.00215363480567048
0.00262800995766699
0.00307409191581173
0.00350379912324171
0.0039329367968543
0.0043415129248398
0.0046939137625436
0.00495735090405873
0.00513979662746545
0.00524475106021673
-0.000693473896759871
-0.00101999574378614
-0.00131289393596426
-0.00157851577118988
-0.00182426307705649
-0.00205424058744461
-0.0022603022733028
-0.00242903706074299
-0.0025557461716314
-0.00264008966685744
-0.0026835375996265
0.00591043708305475
0.00537350030691038
0.00483183155517264
0.00435941884984158
0.00394705873214347
0.00357122524741742
0.00324753722020328
0.00295120354530025
0.00271383583334194
0.00253784465944227
0.00242240446251693
0.00556760959820295
0.00460943625808977
0.00378574001682807
0.00292297496299769
0.00224199567936254
0.00149943996203177
0.000893152040731918
0.000385462602909717
-8.35232218774031e-05
-0.000349777234002169
-0.000606075736781106
-0.000767349855474021
-0.000848316830750554
0.00162841589512767
0.00096271627047538
0.000401498841258239
-0.000133451089018919
-0.000551474600233789
-0.000898088661972393
-0.00113943278175321
-0.00131758555870539
-0.0014212460851687
0.0030457685248456
0.00374474040066857
0.00452708791272265
0.00540656556399969
0.00640073550121668
0.00751651261950036
0.00876504323431226
0.0101841824467904
0.0117539136411356
0.0134578509558985
0.0153692019162652
0.0173703415062123
0.019417205111516
0.0215131856347206
0.023606726226819
0.0257193082703695
0.0277562215585664
0.0295455020380335
0.0309375625433295
0.0320238003147951
0.0327753623500945
0.0331532094406299
0.0128848908790023
0.011759212689594
0.0106033160709996
0.0095133067656825
0.00849403355879767
0.00751392004062963
0.0064951841559694
0.00555771212995302
0.00490790927677683
0.00411253900580562
0.0032359861397174
0.00250526886578677
0.00178250367029901
0.00104933122996772
0.000378997448392373
-0.000296361670556837
0.0129147297697209
0.0119277465855008
0.0109822659866535
0.01010164612001
0.00926304932845533
0.00844740852044349
0.0076340776408766
0.00682020313406954
0.00604847535088566
0.00535935162727101
0.00477628704458432
0.00429603821141394
0.00386833448099467
0.00338338416746626
-0.000704445289354385
-0.00117622233821077
-0.00162116997273019
-0.002018603937121
-0.00242009576132459
-0.00277346274336122
-0.00309712710456425
-0.00344827607417287
-0.00372507633338845
-0.00397590597899314
-0.00418751379298406
-0.00437130394613615
-0.00451877091120969
-0.00462926822410169
-0.00470450390861629
-0.00474396374022499
-0.000706073628212046
-0.00110287976859721
-0.00150854173330357
-0.00186958854942163
-0.00218144867769774
-0.00250133655597066
-0.0027841907664432
-0.00301855816301814
-0.00321288405350476
-0.00338145880042856
-0.00353073710479934
-0.00365753255798803
-0.00375304078314008
-0.00380615579588572
0.00305043239490413
0.00277750519782336
0.00253904254517186
0.00231930671682156
0.00212892166194267
0.00196599859587306
0.00183768838997422
0.00173664526971594
0.0016604804511737
0.00161667928656085
0.00160783544843402
0.00163157084690316
0.00168953288101501
0.00179033131219123
0.00323729470716709
0.00310705104628886
0.00301330338166635
0.00293929307087927
0.00287989705179179
0.00285488185917112
0.00286715379239396
0.00292153350303938
0.00302240386468418
0.00317164010066969
0.00337705812425526
0.00361936807956452
0.00394238703311923
0.00434780412707201
0.00484888430986339
0.00542738728709777
0.0061144378862263
0.00697298062550757
0.00798431873579598
0.00916923514189978
0.0105757421541582
0.0122515715268055
0.0142408624968076
0.0165591638967565
0.0192276585089993
0.0223406581399687
0.0257952441949526
0.029343035799795
0.0329686566003285
0.0364281677722025
0.0397723708269046
0.00205845166924995
0.00239346074045872
0.00280834094528809
0.00331770176395589
0.00393225110864364
0.0046017388745966
0.00526502823250911
0.00602661297523542
0.00694418452498465
0.00795525766705519
0.00911930632241382
0.0104111802179977
0.0119304420681977
0.0138169822654478
0.0158565486526436
0.0179721627350019
0.0204888439847983
0.0232821912024138
0.0261189392299732
0.0288339706495283
0.031479387122202
0.0341761969904082
0.0367661309371701
0.039090805669583
0.0411652968331141
0.0430448240117451
0.00162294918121667
0.00150148097705141
0.00142109656648704
0.0439240625891151
0.0443294869277468
0.0437881180998614
0.0416608875496492
0.0371280974479375
0.0298418163786727
0.0444841735930294
0.0458395543062284
0.0465895143346581
0.0470281668377538
0.0243958392212571
0.0201358623913826
0.0174252537874382
0.0160568665972692
0.0264958796098476
0.0240094741515755
0.0227736652614584
0.0410255857187876
0.0416113863108852
0.0412877433754962
0.0397250023542394
0.0361539957816104
0.0304389238458247
0.0416155869577394
0.0429917604524736
0.0439593837152307
0.0444230522422543
0.0442330892614311
0.0432636233962219
0.0410725119032978
0.0376389647070178
0.0329614686776187
0.0277274331387675
0.022814248252571
0.0184001743986445
0.0147232885751482
0.0115792889091339
0.00897430892779666
0.00686341722068805
0.00496400078446109
0.0262926837572473
0.0226255279949484
0.0190536770169056
0.0160213947939615
0.0132517342741717
0.0109046391415604
0.00891222103165148
0.00722671698118072
0.0057949121600704
0.00460283309044563
0.00357988243345187
0.00270185067148884
0.001966268875273
0.00137117365628596
0.000903947567938071
0.000547684387049948
0.00029025182800785
0.000123832810204695
3.95978606386468e-05
0.0279785409359398
0.0255420870530071
0.0231864255800919
0.0213876066864927
0.0202041141904041
0.0195908546814728
0.00374542782683969
0.00265359853769402
0.00178223780317
0.00115189226326369
0.000681705881125244
0.000384805765060209
0.000234249699328706
0.0038863586433048
0.00302855362696324
0.00246662719529176
0.00219745824589438
