7.65387033885384e-05
7.65387033885384e-05
7.65387033885384e-05
7.65387033885384e-05
7.65387033885384e-05
7.65387033885385e-05
7.65387033885386e-05
7.65387033885384e-05
7.65387033885384e-05
7.65387033885385e-05
7.65387033885386e-05
7.65387033885386e-05
7.65387033885387e-05
7.65387033885388e-05
7.65387033885388e-05
7.65387033885383e-05
7.65387033885383e-05
7.65387033885381e-05
7.65387033885381e-05
7.65387033885381e-05
7.65387033885381e-05
7.65387033885381e-05
7.65387033885381e-05
7.65387033885382e-05
7.65387033885382e-05
7.65387033885383e-05
7.65387033885384e-05
7.65387033885385e-05
7.65387033885386e-05
7.65387033885387e-05
7.65387033885387e-05
7.65387033885387e-05
7.65387033885383e-05
7.65387033885383e-05
7.65387033885383e-05
7.65387033885383e-05
7.65387033885383e-05
7.65387033885382e-05
7.65387033885382e-05
7.65387033885382e-05
7.65387033885385e-05
7.65387033885386e-05
7.65387033885388e-05
7.65387033885389e-05
7.6538703388539e-05
7.65387033885384e-05
7.65387033885385e-05
7.65387033885386e-05
7.65387033885391e-05
7.65387033885392e-05
7.65387033885392e-05
7.65387033885393e-05
7.65387033885393e-05
7.65387033885394e-05
7.65387033885395e-05
7.65387033885395e-05
7.65387033885395e-05
7.65387033885395e-05
7.65387033885395e-05
7.65387033885395e-05
7.65387033885396e-05
7.65387033885396e-05
7.65387033885396e-05
7.65387033885396e-05
7.65387033885396e-05
7.65387033885397e-05
7.65387033885397e-05
7.65387033885397e-05
7.65387033885397e-05
7.65387033885397e-05
7.65387033885397e-05
7.65387033885397e-05
7.65387033885397e-05
7.65387033885396e-05
7.65387033885396e-05
7.65387033885397e-05
7.65387033885397e-05
7.65387033885397e-05
7.65387033885397e-05
7.65387033885397e-05
7.65387033885397e-05
7.65387033885397e-05
7.65387033885392e-05
7.65387033885393e-05
7.65387033885393e-05
7.65387033885394e-05
7.65387033885395e-05
7.65387033885396e-05
7.65387033885396e-05
7.65387033885396e-05
7.65387033885395e-05
7.65387033885395e-05
7.65387033885395e-05
7.65387033885386e-05
7.65387033885387e-05
7.65387033885389e-05
7.65387033885386e-05
7.65387033885387e-05
7.65387033885388e-05
7.65387033885389e-05
7.65387033885391e-05
7.65387033885391e-05
7.6538703388539e-05
7.65387033885391e-05
7.65387033885391e-05
7.65387033885392e-05
7.65387033885392e-05
7.65387033885392e-05
7.65387033885392e-05
7.65387033885392e-05
7.65387033885392e-05
7.65387033885392e-05
7.65387033885393e-05
7.65387033885393e-05
7.65387033885394e-05
7.65387033885394e-05
7.65387033885394e-05
7.65387033885394e-05
7.65387033885392e-05
7.65387033885393e-05
7.65387033885395e-05
7.65387033885396e-05
7.65387033885398e-05
7.653870338854e-05
7.65387033885392e-05
7.65387033885393e-05
7.65387033885394e-05
7.65387033885401e-05
7.65387033885402e-05
7.65387033885404e-05
7.65387033885405e-05
7.65387033885407e-05
7.65387033885407e-05
7.65387033885408e-05
7.65387033885408e-05
7.65387033885409e-05
7.65387033885408e-05
7.65387033885408e-05
7.65387033885408e-05
7.65387033885408e-05
7.65387033885407e-05
7.65387033885407e-05
7.65387033885407e-05
7.65387033885406e-05
7.65387033885406e-05
7.65387033885406e-05
7.65387033885406e-05
7.65387033885406e-05
7.65387033885406e-05
7.65387033885406e-05
7.65387033885407e-05
7.65387033885407e-05
7.65387033885408e-05
7.65387033885409e-05
7.6538703388541e-05
7.6538703388541e-05
7.6538703388541e-05
7.65387033885411e-05
7.65387033885411e-05
7.65387033885411e-05
7.65387033885411e-05
7.65387033885401e-05
7.65387033885401e-05
7.65387033885401e-05
7.65387033885402e-05
7.65387033885402e-05
7.65387033885403e-05
7.65387033885404e-05
7.65387033885405e-05
7.65387033885406e-05
7.65387033885406e-05
7.65387033885407e-05
7.65387033885407e-05
7.65387033885408e-05
7.65387033885408e-05
7.65387033885408e-05
7.65387033885408e-05
7.65387033885409e-05
7.65387033885409e-05
7.65387033885409e-05
7.65387033885409e-05
7.65387033885409e-05
7.65387033885409e-05
7.65387033885409e-05
7.65387033885394e-05
7.65387033885395e-05
7.65387033885395e-05
7.65387033885395e-05
7.65387033885395e-05
7.65387033885396e-05
7.65387033885396e-05
7.65387033885397e-05
7.65387033885397e-05
7.65387033885398e-05
7.65387033885398e-05
7.65387033885398e-05
7.65387033885398e-05
7.65387033885395e-05
7.65387033885396e-05
7.65387033885397e-05
7.65387033885398e-05
7.65387033885399e-05
7.653870338854e-05
7.653870338854e-05
7.653870338854e-05
7.65387033885401e-05
7.65387033885401e-05
7.653870338854e-05
7.653870338854e-05
7.653870338854e-05
7.653870338854e-05
7.653870338854e-05
7.653870338854e-05
7.653870338854e-05
7.653870338854e-05
7.653870338854e-05
7.653870338854e-05
7.653870338854e-05
7.65387033885401e-05
7.65387033885401e-05
7.65387033885402e-05
7.65387033885402e-05
7.65387033885402e-05
7.65387033885403e-05
7.65387033885403e-05
7.65387033885404e-05
7.65387033885404e-05
7.65387033885404e-05
7.65387033885404e-05
7.65387033885404e-05
7.65387033885404e-05
7.65387033885405e-05
7.65387033885405e-05
7.65387033885405e-05
7.65387033885388e-05
7.65387033885388e-05
7.65387033885388e-05
7.65387033885387e-05
7.65387033885387e-05
7.65387033885387e-05
7.65387033885387e-05
7.65387033885387e-05
7.65387033885388e-05
7.65387033885388e-05
7.65387033885389e-05
7.65387033885389e-05
7.6538703388539e-05
7.65387033885391e-05
7.65387033885391e-05
7.65387033885391e-05
7.65387033885391e-05
7.65387033885391e-05
7.65387033885391e-05
7.6538703388539e-05
7.6538703388539e-05
7.6538703388539e-05
7.65387033885389e-05
7.6538703388539e-05
7.6538703388539e-05
7.65387033885391e-05
7.65387033885391e-05
7.6538703388539e-05
7.6538703388539e-05
7.6538703388539e-05
7.6538703388539e-05
7.6538703388539e-05
7.6538703388539e-05
7.6538703388539e-05
7.6538703388539e-05
7.65387033885391e-05
7.65387033885391e-05
7.65387033885391e-05
7.65387033885392e-05
7.65387033885392e-05
7.65387033885392e-05
7.65387033885392e-05
7.65387033885392e-05
7.65387033885392e-05
7.65387033885391e-05
7.65387033885391e-05
7.65387033885391e-05
7.65387033885391e-05
7.65387033885386e-05
7.65387033885386e-05
7.65387033885387e-05
7.65387033885387e-05
7.65387033885388e-05
7.65387033885389e-05
7.65387033885387e-05
7.65387033885387e-05
7.65387033885387e-05
7.65387033885387e-05
7.65387033885388e-05
7.65387033885389e-05
7.6538703388539e-05
7.6538703388539e-05
7.65387033885391e-05
7.65387033885392e-05
7.65387033885393e-05
7.65387033885394e-05
7.65387033885394e-05
7.65387033885395e-05
7.65387033885396e-05
7.65387033885397e-05
7.65387033885398e-05
7.65387033885399e-05
7.653870338854e-05
7.65387033885402e-05
7.65387033885403e-05
7.65387033885404e-05
7.65387033885405e-05
7.65387033885406e-05
7.65387033885406e-05
7.65387033885407e-05
7.65387033885407e-05
7.65387033885407e-05
7.65387033885407e-05
7.65387033885407e-05
7.65387033885407e-05
7.65387033885407e-05
7.65387033885407e-05
7.65387033885407e-05
7.65387033885407e-05
7.65387033885407e-05
7.65387033885407e-05
7.65387033885388e-05
7.65387033885388e-05
7.65387033885389e-05
7.65387033885389e-05
7.6538703388539e-05
7.6538703388539e-05
7.65387033885391e-05
7.65387033885391e-05
7.65387033885391e-05
7.65387033885392e-05
7.65387033885391e-05
7.65387033885391e-05
7.65387033885391e-05
7.65387033885389e-05
7.6538703388539e-05
7.65387033885391e-05
7.65387033885392e-05
7.65387033885393e-05
7.65387033885393e-05
7.6538703388539e-05
7.65387033885389e-05
7.65387033885388e-05
7.65387033885387e-05
7.65387033885386e-05
7.65387033885386e-05
7.65387033885385e-05
7.65387033885384e-05
7.65387033885384e-05
7.65387033885384e-05
7.65387033885384e-05
7.65387033885384e-05
7.65387033885384e-05
7.65387033885384e-05
7.65387033885384e-05
7.65387033885384e-05
7.65387033885384e-05
7.65387033885384e-05
7.65387033885384e-05
7.65387033885384e-05
7.65387033885385e-05
7.65387033885385e-05
7.65387033885386e-05
7.65387033885386e-05
7.65387033885386e-05
7.65387033885386e-05
7.65387033885386e-05
7.65387033885394e-05
7.65387033885394e-05
7.65387033885395e-05
7.65387033885396e-05
7.65387033885398e-05
7.65387033885399e-05
7.65387033885401e-05
7.65387033885402e-05
7.65387033885403e-05
7.65387033885403e-05
7.65387033885404e-05
7.65387033885404e-05
7.65387033885405e-05
7.65387033885405e-05
7.65387033885406e-05
7.65387033885407e-05
7.65387033885408e-05
7.65387033885409e-05
7.6538703388541e-05
7.6538703388541e-05
7.6538703388541e-05
7.6538703388541e-05
7.6538703388541e-05
7.6538703388541e-05
7.65387033885394e-05
7.65387033885395e-05
7.65387033885396e-05
7.65387033885396e-05
7.65387033885396e-05
7.65387033885397e-05
7.65387033885397e-05
7.65387033885398e-05
7.65387033885398e-05
7.65387033885398e-05
7.65387033885399e-05
7.65387033885399e-05
7.65387033885389e-05
7.6538703388539e-05
7.6538703388539e-05
7.65387033885391e-05
7.65387033885392e-05
7.65387033885392e-05
7.65387033885392e-05
7.65387033885393e-05
7.65387033885393e-05
7.65387033885393e-05
7.65387033885393e-05
7.65387033885393e-05
7.65387033885394e-05
7.65387033885394e-05
7.65387033885395e-05
7.65387033885395e-05
7.65387033885396e-05
7.65387033885396e-05
7.65387033885396e-05
7.65387033885397e-05
7.65387033885397e-05
7.65387033885397e-05
7.65387033885397e-05
7.65387033885389e-05
7.6538703388539e-05
7.6538703388539e-05
7.65387033885391e-05
7.65387033885391e-05
7.65387033885392e-05
7.65387033885393e-05
7.65387033885393e-05
7.65387033885393e-05
7.65387033885394e-05
7.65387033885394e-05
7.65387033885394e-05
7.65387033885394e-05
7.65387033885394e-05
7.65387033885394e-05
7.65387033885395e-05
7.65387033885395e-05
7.65387033885396e-05
7.65387033885396e-05
7.65387033885396e-05
7.65387033885397e-05
7.65387033885397e-05
7.65387033885398e-05
7.65387033885398e-05
7.65387033885398e-05
7.65387033885399e-05
7.65387033885399e-05
7.65387033885399e-05
7.65387033885399e-05
7.653870338854e-05
7.653870338854e-05
7.653870338854e-05
7.653870338854e-05
7.653870338854e-05
7.653870338854e-05
7.65387033885388e-05
7.65387033885388e-05
7.65387033885388e-05
7.65387033885388e-05
7.65387033885388e-05
7.65387033885388e-05
7.65387033885388e-05
7.65387033885388e-05
7.65387033885387e-05
7.65387033885387e-05
7.65387033885387e-05
7.65387033885386e-05
7.65387033885386e-05
7.65387033885385e-05
7.65387033885385e-05
7.65387033885388e-05
7.65387033885388e-05
7.65387033885388e-05
7.65387033885387e-05
7.65387033885387e-05
7.65387033885387e-05
7.65387033885387e-05
7.65387033885387e-05
7.65387033885386e-05
7.65387033885386e-05
7.65387033885386e-05
7.65387033885386e-05
7.65387033885385e-05
7.65387033885385e-05
7.65387033885385e-05
7.65387033885385e-05
7.65387033885386e-05
7.65387033885386e-05
7.65387033885387e-05
7.65387033885388e-05
7.65387033885388e-05
7.65387033885388e-05
7.65387033885388e-05
7.65387033885388e-05
7.65387033885388e-05
7.65387033885387e-05
7.65387033885387e-05
7.65387033885387e-05
7.65387033885386e-05
7.65387033885386e-05
7.65387033885386e-05
7.65387033885386e-05
7.65387033885385e-05
7.65387033885385e-05
7.65387033885385e-05
7.65387033885385e-05
7.65387033885387e-05
7.65387033885387e-05
7.65387033885388e-05
7.65387033885388e-05
7.65387033885388e-05
7.65387033885388e-05
7.65387033885388e-05
7.65387033885388e-05
7.65387033885388e-05
7.65387033885388e-05
7.65387033885388e-05
7.65387033885388e-05
7.65387033885387e-05
7.65387033885388e-05
7.65387033885388e-05
7.65387033885388e-05
7.65387033885389e-05
7.6538703388539e-05
7.6538703388539e-05
7.6538703388539e-05
7.6538703388539e-05
7.6538703388539e-05
7.6538703388539e-05
7.65387033885389e-05
7.65387033885389e-05
7.6538703388539e-05
7.6538703388539e-05
7.6538703388539e-05
7.6538703388539e-05
7.65387033885388e-05
7.65387033885388e-05
7.65387033885387e-05
7.65387033885387e-05
7.65387033885387e-05
7.65387033885387e-05
7.65387033885388e-05
7.65387033885388e-05
7.65387033885388e-05
7.65387033885388e-05
7.65387033885388e-05
7.65387033885389e-05
7.65387033885389e-05
7.65387033885388e-05
7.65387033885388e-05
7.65387033885388e-05
7.65387033885388e-05
7.65387033885387e-05
7.65387033885387e-05
7.65387033885387e-05
7.65387033885387e-05
7.65387033885387e-05
7.65387033885387e-05
7.65387033885386e-05
7.65387033885387e-05
7.65387033885388e-05
7.65387033885388e-05
7.65387033885388e-05
7.65387033885388e-05
7.65387033885388e-05
7.65387033885389e-05
7.65387033885389e-05
7.65387033885382e-05
7.65387033885381e-05
7.65387033885381e-05
7.65387033885381e-05
7.65387033885381e-05
7.65387033885382e-05
7.65387033885381e-05
7.65387033885381e-05
7.65387033885381e-05
7.6538703388538e-05
7.6538703388538e-05
7.65387033885379e-05
7.65387033885379e-05
7.65387033885379e-05
7.65387033885378e-05
7.65387033885378e-05
7.65387033885378e-05
7.65387033885378e-05
7.65387033885378e-05
7.65387033885378e-05
7.65387033885378e-05
7.65387033885379e-05
7.65387033885379e-05
7.6538703388538e-05
7.6538703388538e-05
7.65387033885381e-05
7.65387033885381e-05
7.65387033885381e-05
7.65387033885381e-05
7.65387033885381e-05
7.65387033885381e-05
7.65387033885381e-05
7.6538703388538e-05
7.6538703388538e-05
7.65387033885382e-05
7.65387033885383e-05
7.65387033885385e-05
7.65387033885387e-05
7.65387033885379e-05
7.65387033885377e-05
7.65387033885376e-05
7.65387033885383e-05
7.65387033885385e-05
7.65387033885387e-05
7.65387033885389e-05
7.65387033885392e-05
7.65387033885376e-05
7.65387033885378e-05
7.65387033885379e-05
7.65387033885381e-05
7.65387033885374e-05
7.65387033885373e-05
7.65387033885371e-05
7.65387033885382e-05
7.65387033885384e-05
7.65387033885385e-05
7.65387033885387e-05
7.65387033885388e-05
7.65387033885389e-05
7.6538703388539e-05
7.65387033885391e-05
7.65387033885392e-05
7.65387033885394e-05
7.65387033885395e-05
7.65387033885397e-05
7.65387033885382e-05
7.65387033885383e-05
7.65387033885384e-05
7.65387033885384e-05
7.65387033885385e-05
7.65387033885385e-05
7.65387033885386e-05
7.65387033885387e-05
7.65387033885387e-05
7.65387033885388e-05
7.65387033885388e-05
7.65387033885389e-05
7.6538703388539e-05
7.65387033885391e-05
7.65387033885392e-05
7.65387033885392e-05
7.65387033885393e-05
7.65387033885394e-05
7.65387033885394e-05
7.65387033885394e-05
7.65387033885395e-05
7.65387033885394e-05
7.65387033885395e-05
7.65387033885395e-05
7.65387033885395e-05
7.65387033885397e-05
7.65387033885397e-05
7.65387033885397e-05
7.65387033885397e-05
7.65387033885397e-05
7.65387033885398e-05
7.65387033885397e-05
7.65387033885398e-05
7.65387033885398e-05
7.65387033885399e-05
7.65387033885399e-05
7.65387033885398e-05
7.65387033885398e-05
7.65387033885398e-05
7.65387033885399e-05
7.65387033885399e-05
7.653870338854e-05
7.653870338854e-05
7.653870338854e-05
7.653870338854e-05
7.653870338854e-05
7.653870338854e-05
7.653870338854e-05
7.653870338854e-05
7.653870338854e-05
7.65387033885371e-05
7.6538703388537e-05
7.65387033885371e-05
7.65387033885371e-05
7.65387033885371e-05
7.65387033885371e-05
7.65387033885372e-05
7.65387033885372e-05
7.65387033885372e-05
7.65387033885373e-05
7.65387033885373e-05
7.65387033885373e-05
7.65387033885373e-05
7.65387033885373e-05
7.65387033885371e-05
7.6538703388537e-05
7.6538703388537e-05
7.65387033885369e-05
7.65387033885368e-05
7.65387033885368e-05
7.65387033885367e-05
7.65387033885367e-05
7.65387033885366e-05
7.65387033885365e-05
7.65387033885365e-05
7.65387033885364e-05
7.65387033885364e-05
7.65387033885365e-05
7.65387033885365e-05
7.65387033885365e-05
7.65387033885365e-05
7.65387033885365e-05
7.65387033885373e-05
7.65387033885373e-05
7.65387033885374e-05
7.65387033885374e-05
7.65387033885375e-05
7.65387033885375e-05
7.65387033885375e-05
7.65387033885376e-05
7.65387033885377e-05
7.65387033885378e-05
7.65387033885378e-05
7.65387033885378e-05
7.65387033885378e-05
7.65387033885378e-05
7.65387033885377e-05
7.65387033885378e-05
7.65387033885378e-05
7.65387033885378e-05
7.65387033885373e-05
7.65387033885373e-05
7.65387033885374e-05
7.65387033885374e-05
7.65387033885375e-05
7.65387033885375e-05
7.65387033885376e-05
7.65387033885376e-05
7.65387033885376e-05
7.65387033885376e-05
7.65387033885376e-05
7.65387033885394e-05
7.65387033885396e-05
7.65387033885399e-05
7.65387033885401e-05
7.65387033885402e-05
7.65387033885404e-05
7.65387033885405e-05
7.65387033885407e-05
7.65387033885408e-05
7.65387033885409e-05
7.65387033885411e-05
7.65387033885393e-05
7.65387033885394e-05
7.65387033885395e-05
7.65387033885395e-05
7.65387033885396e-05
7.65387033885396e-05
7.65387033885397e-05
7.65387033885397e-05
7.65387033885398e-05
7.65387033885399e-05
7.65387033885399e-05
7.653870338854e-05
7.653870338854e-05
7.65387033885412e-05
7.65387033885413e-05
7.65387033885413e-05
7.65387033885414e-05
7.65387033885415e-05
7.65387033885415e-05
7.65387033885415e-05
7.65387033885415e-05
7.65387033885415e-05
7.65387033885411e-05
7.65387033885411e-05
7.65387033885412e-05
7.65387033885412e-05
7.65387033885412e-05
7.65387033885413e-05
7.65387033885413e-05
7.65387033885413e-05
7.65387033885414e-05
7.65387033885414e-05
7.65387033885413e-05
7.65387033885414e-05
7.65387033885414e-05
7.65387033885414e-05
7.65387033885415e-05
7.65387033885416e-05
7.65387033885418e-05
7.65387033885419e-05
7.6538703388542e-05
7.6538703388542e-05
7.6538703388542e-05
7.6538703388542e-05
7.65387033885389e-05
7.65387033885389e-05
7.6538703388539e-05
7.65387033885392e-05
7.65387033885392e-05
7.65387033885394e-05
7.65387033885395e-05
7.65387033885396e-05
7.65387033885397e-05
7.65387033885397e-05
7.65387033885398e-05
7.65387033885398e-05
7.65387033885399e-05
7.653870338854e-05
7.65387033885401e-05
7.65387033885402e-05
7.65387033885388e-05
7.65387033885389e-05
7.65387033885391e-05
7.65387033885392e-05
7.65387033885394e-05
7.65387033885395e-05
7.65387033885396e-05
7.65387033885397e-05
7.65387033885398e-05
7.65387033885398e-05
7.65387033885399e-05
7.653870338854e-05
7.653870338854e-05
7.65387033885401e-05
7.65387033885403e-05
7.65387033885404e-05
7.65387033885404e-05
7.65387033885405e-05
7.65387033885405e-05
7.65387033885405e-05
7.65387033885405e-05
7.65387033885405e-05
7.65387033885405e-05
7.65387033885406e-05
7.65387033885406e-05
7.65387033885407e-05
7.65387033885407e-05
7.65387033885407e-05
7.65387033885407e-05
7.65387033885407e-05
7.65387033885402e-05
7.65387033885402e-05
7.65387033885402e-05
7.65387033885402e-05
7.65387033885402e-05
7.65387033885402e-05
7.65387033885402e-05
7.65387033885402e-05
7.65387033885402e-05
7.65387033885402e-05
7.65387033885402e-05
7.65387033885402e-05
7.65387033885402e-05
7.65387033885402e-05
7.65387033885402e-05
7.65387033885402e-05
7.65387033885403e-05
7.65387033885403e-05
7.65387033885404e-05
7.65387033885405e-05
7.65387033885406e-05
7.65387033885406e-05
7.65387033885407e-05
7.65387033885407e-05
7.65387033885407e-05
7.65387033885407e-05
7.65387033885407e-05
7.65387033885407e-05
7.65387033885401e-05
7.65387033885401e-05
7.65387033885402e-05
7.65387033885402e-05
7.65387033885403e-05
7.65387033885404e-05
7.65387033885405e-05
7.65387033885406e-05
7.65387033885406e-05
7.65387033885407e-05
7.65387033885408e-05
7.65387033885408e-05
7.65387033885408e-05
7.65387033885408e-05
7.65387033885409e-05
7.6538703388541e-05
7.65387033885411e-05
7.65387033885412e-05
7.65387033885413e-05
7.65387033885414e-05
7.65387033885414e-05
7.65387033885415e-05
7.65387033885415e-05
7.65387033885416e-05
7.65387033885417e-05
7.65387033885417e-05
7.65387033885418e-05
7.65387033885419e-05
7.6538703388542e-05
7.6538703388542e-05
7.6538703388542e-05
7.65387033885406e-05
7.65387033885406e-05
7.65387033885406e-05
7.65387033885406e-05
7.65387033885406e-05
7.65387033885406e-05
7.65387033885406e-05
7.65387033885406e-05
7.65387033885406e-05
7.65387033885406e-05
7.65387033885406e-05
7.65387033885405e-05
7.65387033885405e-05
7.65387033885405e-05
7.65387033885404e-05
7.65387033885403e-05
7.65387033885403e-05
7.65387033885403e-05
7.65387033885403e-05
7.65387033885403e-05
7.65387033885403e-05
7.65387033885403e-05
7.65387033885402e-05
7.65387033885401e-05
7.653870338854e-05
7.653870338854e-05
7.65387033885406e-05
7.65387033885406e-05
7.65387033885406e-05
7.65387033885399e-05
7.65387033885399e-05
7.65387033885399e-05
7.65387033885399e-05
7.65387033885398e-05
7.65387033885398e-05
7.65387033885399e-05
7.65387033885398e-05
7.65387033885398e-05
7.65387033885397e-05
7.65387033885397e-05
7.65387033885397e-05
7.65387033885396e-05
7.65387033885397e-05
7.65387033885398e-05
7.65387033885397e-05
7.65387033885397e-05
7.65387033885421e-05
7.65387033885423e-05
7.65387033885423e-05
7.65387033885425e-05
7.65387033885426e-05
7.65387033885428e-05
7.6538703388542e-05
7.6538703388542e-05
7.6538703388542e-05
7.6538703388542e-05
7.6538703388542e-05
7.65387033885419e-05
7.65387033885419e-05
7.65387033885418e-05
7.65387033885418e-05
7.65387033885418e-05
7.65387033885417e-05
7.65387033885417e-05
7.65387033885417e-05
7.65387033885416e-05
7.65387033885416e-05
7.65387033885415e-05
7.65387033885415e-05
7.6538703388543e-05
7.65387033885432e-05
7.65387033885434e-05
7.65387033885435e-05
7.65387033885437e-05
7.65387033885438e-05
7.65387033885439e-05
7.65387033885439e-05
7.6538703388544e-05
7.65387033885441e-05
7.65387033885442e-05
7.65387033885442e-05
7.65387033885442e-05
7.65387033885442e-05
7.65387033885443e-05
7.65387033885443e-05
7.65387033885443e-05
7.65387033885443e-05
7.65387033885443e-05
7.65387033885427e-05
7.65387033885426e-05
7.65387033885426e-05
7.65387033885425e-05
7.65387033885425e-05
7.65387033885424e-05
7.65387033885415e-05
7.65387033885415e-05
7.65387033885414e-05
7.65387033885414e-05
7.65387033885414e-05
7.65387033885414e-05
7.65387033885414e-05
7.65387033885415e-05
7.65387033885416e-05
7.65387033885416e-05
7.65387033885415e-05
