0.05
0.0371291781248346
0.0350267072188749
0.0318365665359233
0.0351229620165374
0.0324200123490287
0.0292852752931334
0.0369951839333778
0.0340536200095054
0.0287508629108932
0.0249519869530155
0.0219735782814997
0.0198409890969438
0.0172018465770912
0.0143526921910165
0.0372096053545506
0.0336855795739886
0.0309385119133268
0.0306126730711503
0.0295270873963169
0.0283674317433476
0.0280003650675245
0.0277057245966522
0.0272527489448209
0.0262703602733622
0.0240410199413806
0.0209471545857244
0.0179599731582355
0.015232827320146
0.0127726617690304
0.0105531018297812
0.0084413180214499
0.0369201887857951
0.035179925781202
0.0328988922975273
0.0310851864427189
0.0296370014684161
0.0285725001744301
0.0277943987238925
0.0271078079163808
0.0282117183485684
0.0248299994664307
0.0211997557843933
0.0180469102944399
0.0147813234903331
0.0309915207581905
0.0305431757824905
0.0303639172002064
0.0146570193524844
0.0148882542426004
0.0154933329840781
0.0163636970527316
0.0175845744763568
0.0191666922211677
0.0208897384367333
0.0228566400106014
0.0250938222042955
0.0273371154627476
0.0296460841631558
0.0319218883592414
0.0341789345045697
0.0362555439674338
0.0380980231240567
0.0397847773219654
0.0411923527627137
0.0423201890608444
0.0431094722655957
0.043411908459824
0.0430863494357015
0.0420272443525216
0.0401850963254998
0.0377116538672963
0.0339919238522747
0.0292047962580027
0.0245720076401866
0.0204227993115157
0.0171164520457509
0.014476166214469
0.0124739219652789
0.011059149170323
0.0101551804337477
0.00970077438967776
0.0122269696535536
0.0104906863670944
0.00885650621128785
0.00734614365565507
0.00611657488570366
0.00512126322238038
0.00424802496985629
0.00364394727712936
0.00319197836786546
0.00286823733631145
0.00270113346885854
0.029957199216049
0.0296369397481764
0.029411880018995
0.0315065493121885
0.033560317079039
0.0360372068715393
0.0294069319882281
0.0294189011742424
0.029449590581301
0.029198298590401
0.0293120812363738
0.0299725723429357
0.0308309778066988
0.0318696796397087
0.0332691994161082
0.0349256460021482
0.0364070648964757
0.037782545457543
0.039200073982247
0.0404654618507894
0.0415944762789745
0.0425011826513903
0.0431469820774727
0.0435542659827557
0.0437804749230912
0.030136015495948
0.0317498047868485
0.0341493746779541
0.0366017372919214
0.0383872217887664
0.0392417811145468
0.0294264088846516
0.0294416617795612
0.0294942006378087
0.0390428359082897
0.0373398804529221
0.0341948635886021
0.0300543178432495
0.0254489719979372
0.0212505318576424
0.0178691579302739
0.0150883340221195
0.0127339920451257
0.0107772596209703
0.0091964925083323
0.00793946977477804
0.00692716889081003
0.00608025899617922
0.00535271466847851
0.00471686112167571
0.00415441538975821
0.00364637532947033
0.00316858454424444
0.00273065322559743
0.00229281570620035
0.00187565089630645
0.00147430412197219
0.00106538893981894
0.000766271692526668
0.000405250433460473
0.000101908825900563
-0.00017088950236943
-0.000397821153275635
-0.000570725299805024
-0.000707067108137169
-0.000807624525519656
-0.000861980362833911
-0.000898702203061872
0.0389232342515976
0.0371651215709822
0.0340286286338922
0.0291874726528175
0.0239013096806326
0.0191079156686482
0.0152741179421113
0.0119309180439413
0.00924810213251364
0.00702595543535054
0.00519895266281589
0.00366068744425509
0.002349170480975
0.00124886862034784
0.000331034051115076
-0.000484261883319411
-0.00116998196561433
-0.00172483672578102
-0.00217971705402184
-0.00255435762902982
-0.00284696306875542
-0.00304776985622325
-0.0031527041619313
0.029191463028151
0.0291386850369615
0.0292946443175477
0.0296029942254974
0.0300147309043615
0.0304982243800775
0.031029607876874
0.0315607488644599
0.0320501034034664
0.0324769776838808
0.0328207839315252
0.0330612055015477
0.033188708402235
0.0301661283064352
0.0311018700532821
0.03224561765544
0.0334831736860225
0.0348085539908886
0.03615938497649
0.0374270105791455
0.0386323775084173
0.039899950320895
0.0410795699935554
0.04192474094699
0.0421986178754046
0.0417502443324526
0.040399534290069
0.0381121716150708
0.0350035529136244
0.0315737288704735
0.0283337137246407
0.0252024655208804
0.0212533766048603
0.0170039151938636
0.0137101021888326
0.0106188660654179
0.00827955147689996
0.00632274212718281
0.00460529629046499
0.00313615572101218
0.00193665065337673
0.00100129466060888
0.000283061818880337
-0.00029536408027802
-0.000776419760911738
-0.00113775394332039
-0.00143610272447598
-0.00168731320960858
-0.00185041146150769
-0.00193520752262112
0.0372096509630202
0.0383682458038801
0.0394916517717831
0.0406534062220552
0.0416551359569363
0.0426729584553223
0.043460024974054
0.0439841825708657
0.0442966063637035
0.0442652950562328
0.0439964585914201
0.0430954497856008
0.0420272677604821
0.0400187849766849
0.0369232396698334
0.0338391641161618
0.0315528631624907
0.0290032257022278
0.026699243141635
0.0249474068630251
0.0237198567712819
0.0231270278267737
0.0369957447720962
0.038024683569397
0.0391031537891865
0.0401970849416716
0.041222159082696
0.0421449626203997
0.0429473434539654
0.0436439301435796
0.0440887809161206
0.0443296217256141
0.0442565603683077
0.0438113054368809
0.0425634015973011
0.0404643497111962
0.0375446428934357
0.0338858203666148
0.0300073298579774
0.0262066094371575
0.0230201202383661
0.0198509216856018
0.0171709205201975
0.0151004819692558
0.0135478570568692
0.0124090970067807
0.0116913547507839
0.0113170725458777
0.0286252181900274
0.0278469667943876
0.0268349696560149
0.0271598349010664
0.0249912896843995
0.0226009853695614
0.0265405083524812
0.0261797153506275
0.025710253403161
0.0251626366272063
0.0224199104773427
0.0189380170771557
0.0161296678827248
0.0141310891481919
0.0124829287284099
0.0111392974527774
0.0101798893786117
0.00962149790637192
0.00938637615436376
0.0094834000162683
0.00990534956821819
0.0107180648732368
0.0122359417491837
0.0146009567791036
0.0170706096228653
0.0205409767675649
0.0237547630266425
0.0273135408155845
0.0306213731497312
0.0340862421332821
0.0371903158325396
0.0397131846691013
0.0417114924261374
0.0430057013908086
0.0434194509776894
0.0427784930145136
0.0410468877463393
0.0382465003207797
0.0340543697807872
0.0299315205819961
0.0265887586909609
0.0242567622509751
0.0230199863566733
0.0241815688919624
0.0222043404596006
0.0200805959115579
0.0180424511354776
0.0162400298048045
0.014621967451289
0.0131996163509214
0.0119494399537219
0.0109355761604263
0.010125699283381
0.00952202774350058
0.00912565429198386
0.00891927800768271
0.0248651828058447
0.0241277275991759
0.0231497441789096
0.0229174952167527
0.0226134116325157
0.0222294294441152
0.0222131961236521
0.0209336718795447
0.0192486830883281
0.0175999376987934
0.0159769391991505
0.0143700036886278
0.0128539435050595
0.0114433877085323
0.0101089900733846
0.00889019220192977
0.00775809201349873
0.00669785209400165
0.00572567171340473
0.00481106213155463
0.0039729884662171
0.00320656907792004
0.00251931998080592
0.0018905080913946
0.00134428967882695
0.00087279408454123
0.000458156665663293
5.73776575101251e-05
-0.000299597216449974
-0.000589521793250536
-0.000806842015063956
-0.00093925955394448
-0.00101615477963216
0.0209981099364617
0.0194442252207277
0.0176166687299426
0.0157308772456785
0.0141027726993609
0.0125715572492195
0.0110470658369812
0.00974264549114014
0.00867062892648027
0.00754589382015005
0.0064348389621676
0.00540481680924631
0.00453672226932618
0.00384429350955945
0.00312875392588489
0.00248538869780692
0.00190082217385333
0.00139767068284831
0.000977710306403903
0.000681007376328814
0.000446419991064469
0.000232266697878845
7.19963872875846e-05
-2.86517616559277e-06
0.0226333765245165
0.0229256666906545
0.0230784511631408
0.0231276461979418
0.0230867968754213
0.0229661246962513
0.022787976110543
0.0226110167959239
0.0224288094826165
0.0222440267584355
0.0221041052810633
0.0220167396946959
0.0209201249341293
0.018933223218665
0.0166669058943368
0.0141246587400001
0.011895740010724
0.0101587359180134
0.00857997625363545
0.00716556844587672
0.00596816499858937
0.00488044096746739
0.00388679468352602
0.00303835708067694
0.00234101264940644
0.00166551520900841
0.00101024556931529
0.000450049737684727
-1.59900889957048e-06
-0.000374167353738225
-0.000678406874202165
-0.000913977557139999
-0.0010806273669569
-0.00118806469328908
-0.00124967405142043
0.0214902688075354
0.0203388611099024
0.0191620070145461
0.0179615197202351
0.0169424293942707
0.0162592724474046
0.0159224246567677
0.0159191231250046
0.0162446650535299
0.0168870372361773
0.0178345015594921
0.0190231237068101
0.0205134246458383
0.0223070344814365
0.0242543590940293
0.0262760672231277
0.0283536325818331
0.0304693826119433
0.0325802783541841
0.0346109559971948
0.0365485163564033
0.038358669222926
0.039967556881038
0.0414251895769902
0.0429006637590925
0.0442200098035366
0.0452237773772741
0.045889640372886
0.046212075091862
0.0462411845045684
0.0460258463369494
0.0456565670893853
0.0451998872505611
0.0448318429087165
0.0445932993005892
0.0133690721815875
0.0123220307030208
0.0111700262799377
0.0135428275946352
0.012919722014442
0.012602932082124
0.00926918971692295
0.00748124061353071
0.00593353439533711
0.00463197833237052
0.00367706003764387
0.00289589968194609
0.00231662339618296
0.0019401452033224
0.00175309494641818
0.0116145186215785
0.0123933867354379
0.0135385706091384
0.0150983193440234
0.0180133785779562
0.0208752299372867
0.0240423040817141
0.0272767220401434
0.0303139931485206
0.0332095168897476
0.0358176903716118
0.0380549200182929
0.0398451774240428
0.041078840176855
0.0416438262459014
0.041386851635053
0.0401592505426068
0.0379238416283931
0.0348347590286845
0.030862054428262
0.026323723625475
0.0221045084055708
0.0183959734825823
0.0152984973222364
0.0128448037531545
0.0109363870974887
0.00945614617322926
0.00839349240455355
0.00771434324221518
0.00736914999373475
0.0138882870677779
0.0130201544307651
0.0124202337012912
0.0118685951164874
0.0116272002669316
0.0114624633597979
0.00753723911135349
0.00667347495659602
0.00585857402106431
0.00514528597972075
0.0045777168368222
0.0041559013359509
0.00386895569979668
0.00370340586699827
0.00365089759894951
0.00371463870905708
0.00389042026261243
0.00416542375322144
0.00456127556254205
0.00510571057572663
0.00578820724624449
0.0066307989942205
0.0076553731433405
0.00887755241076221
0.0103060259362988
0.0119371619733617
0.0137524022281068
0.0157195241784968
0.0177704475220267
0.019799069548682
0.0216915453257291
0.0233385657917844
0.0246436175574892
0.0255374273990552
0.0260050517689124
0.00721262764297629
0.00624122017632155
0.00536800043530528
0.00462250393080718
0.004007586852787
0.0035490670853447
0.00319907290818942
0.002911452521684
0.00271085785960089
0.00260968710225088
0.00258851245030608
0.00264091760913467
0.00277901892495164
0.0030264422732898
0.00336388410251255
0.00377427611762393
0.00427671932087478
0.00488190275857077
0.00560564165218447
0.00648880085468871
0.00747362015011998
0.00875693420891677
0.00978063525569197
0.0109909939435202
0.0127063113051477
0.0145208254570749
0.0164206523712436
0.018338843447293
0.0199692275136968
0.0213127484839484
0.0222558041602744
0.0227664725187648
0.0269811391858408
0.0271023541061122
0.0274963378068124
0.028098385747612
0.0289180034582759
0.0261457587953211
0.0239668779402789
0.0209153440493312
0.0185418794226609
0.0163176846655235
0.0142701277685297
0.0127700232331981
0.0114960323936172
0.0102864608187721
0.00915778095272338
0.00834505156918809
0.00770774608025035
0.00722842030040548
0.00688988538477218
0.00667998727506514
0.00658143938221937
0.00657656380219752
0.00664296469504344
0.00680656295013357
0.00702823980002112
0.00725375512699834
0.00748676151199051
0.00770963340739403
0.00788950763644892
0.00800993707065263
0.00808091591704291
0.0307030735772421
0.0336975528790803
0.0373131008711564
0.0283445657514244
0.0277832860821457
0.0274632809200929
0.027559908841237
0.0385073298499141
0.0391097764544822
0.0393269043309581
0.0393466563135172
0.0407145399281998
0.0416543412566838
0.0420007016848649
0.0418040756893328
0.0391304790300406
0.0374261100085332
0.0336798774913405
0.0283916089611342
0.0392468910057477
0.0385610577853453
0.0372183712480188
0.0253191185822457
0.0217094059478298
0.0180702424185226
0.0151835375712079
0.012570810259307
0.0102956977428609
0.008449213504237
0.00677353717302316
0.00530452271995605
0.00402745738605064
0.0029063054901363
0.00177011580201191
0.0254147443092465
0.022225315530543
0.018980453781564
0.0167694522289027
0.0142227271498636
0.0124752741444409
0.0106112503860603
0.00898500901164945
0.00773855019707589
0.00664542471582008
0.00565451691404
0.00476696060259834
0.00404365466881759
0.00341501415931377
0.00276451454707175
0.00221976542440818
0.00169183560143048
0.00126503555914103
0.000882591606681563
0.000554533318279246
0.000298613312849825
8.94287153754494e-05
-7.03908044111201e-05
-0.000167180460734366
-0.00021563310313505
0.00144117763719138
0.00117228474663455
0.000962256092608026
0.000819697146086292
0.000698631442092221
0.000627488396127233
0.000588983483235684
0.00109829889988317
0.000494602610585671
-6.3718010435286e-05
-0.000546057548260878
-0.000989096856816728
-0.00140459404780548
-0.00178453614246759
-0.00213241051065326
-0.00244433791731619
-0.00271997003203643
-0.00297319350207149
-0.0032005169271081
-0.00339471674727528
-0.00354985315733961
-0.00366793185241192
-0.00375884182639491
-0.00382104403571928
-0.00385232005079574
0.0361899573738658
0.0345340739943061
0.0321339101593788
0.0290643772310343
0.0257667583234538
0.0226247844856042
0.0197386026840662
0.017146189642364
0.0148432733885375
0.0128035129844966
0.0109923473469103
0.00937350199404762
0.00791387954280371
0.00651685374277172
0.0365677490132608
0.035484238931789
0.0340370861530055
0.0323044826268303
0.0305712530905816
0.0287313082482021
0.0268672515587261
0.0251092075807908
0.0234722520191401
0.0218446630080161
0.020230184777296
0.0187903831489413
0.0176348485804351
0.0167194653014439
0.016045463836664
0.0155268397471919
0.0152000947868961
0.015019485352723
0.00568391334022964
0.00496923889502736
0.00433937935770428
0.00368884567517861
0.00313298991890874
0.0026708305514775
0.00214230766524201
0.00154438055178922
0.000997946566903579
0.000544863688224276
0.000171452733723189
-0.000147056639536395
-0.000430350930376853
-0.000672259705618208
-0.000862128250802908
-0.000994191938542845
-0.00108108562065339
-0.00112936058999977
0.00584899670640308
0.00529132343803801
0.00482176881552605
0.00441923548942984
0.00406484712461462
0.00374700933544747
0.00347189964999967
0.00325265703835981
0.00309137552758412
0.00298556631246043
0.00293154491897653
0.0404513463171939
0.0379841024736807
0.0341283215166375
0.0296440337015069
0.0251684987033955
0.0209344901869387
0.0173145906273375
0.0140167240831171
0.0112565070032646
0.00889388902960011
0.00670951908449933
0.0419861633507227
0.0413790158007782
0.0401132523991676
0.037875064304766
0.0353687304182937
0.0318751914300826
0.0285843515873651
0.025661385968535
0.0229347650595892
0.0214133497171877
0.0199848499520332
0.0191084238645241
0.0186760748082187
0.0057557524433622
0.00502692729468772
0.00445493527369676
0.0039426312292354
0.00356186932680346
0.00325832634746108
0.00305285448618489
0.00290427732986726
0.00281906094024171
0.00551371247714649
0.00447465028655408
0.00356502552839799
0.0027600376493857
0.00204091336174228
0.00140089308552242
0.000830421375656603
0.000312145182461436
-0.000148740977003392
-0.00055588981213164
-0.000932058546950161
-0.00126170642476297
-0.0015497080534956
-0.00180609245158218
-0.00203324751669132
-0.0022414853333863
-0.00242819513103212
-0.0025835619840169
-0.00270007336223261
-0.00278877040517995
-0.00284916128881219
-0.00287925631840592
0.0279091859394413
0.0286682436058761
0.0297975128007229
0.0311739474596792
0.032715986802045
0.0343960565414418
0.0362865907133801
0.0380644770050674
0.0392480264531503
0.0405653618555173
0.0416939950354482
0.0421882060613417
0.0420683718481218
0.0410237260533822
0.038881357038365
0.0353225117287311
0.0276594899099488
0.0281045680291194
0.028861839023326
0.0298765993601864
0.0311339868839587
0.0326327765385959
0.0343881590620546
0.0363727743941645
0.038397956140486
0.040222163009631
0.0416572739302702
0.0426508065463265
0.0432858863223305
0.0435828986151105
0.0324071090003656
0.0280771990227948
0.0236815322414763
0.019870225476428
0.016320678457648
0.013506071896404
0.0111877672197984
0.00894507263595134
0.00735561841697213
0.00604257426097574
0.00502120732353084
0.00419445052014532
0.00356902990812146
0.0031214789795869
0.00282686375713708
0.0026756414657839
0.0325461163660367
0.0290694430058573
0.0251251092047013
0.0215873833077435
0.0186565545305505
0.0158463865005994
0.013553371715347
0.0117949610500191
0.0104348571917158
0.00932624244180374
0.00839826794925062
0.00764798010906946
0.00710466430216659
0.00681023543035837
0.0429388229326078
0.0416946544535285
0.039781822364392
0.0370380638628849
0.0336683438809278
0.0299156820030201
0.0263038312975675
0.0228900677390951
0.0196352898165628
0.0167499173797282
0.0143556384905947
0.0123605506888024
0.0106028183201339
0.00896181508976976
0.0439669963214952
0.0438186639975847
0.0431157977409386
0.0416489865659083
0.0389079851771193
0.0353025934288998
0.0316150441845335
0.0274754334731653
0.0234897533863504
0.0200144001245975
0.0170627405591713
0.0148149342558493
0.0128313177623239
0.0111806247077407
0.00981100046949044
0.00872368782532947
0.00781239103911346
0.00700066620608337
0.00630995720184294
0.00571140848372186
0.00517460412384599
0.00468223274299117
0.00422361575553184
0.00379478490308888
0.00338808377790172
0.00298543931204391
0.00259093589375897
0.00221336604779263
0.00183209944754493
0.00145040464277918
0.00104096859460992
0.00801241247111868
0.00712277932631508
0.00628285476331057
0.00548950500195388
0.00475173932726214
0.0041286377593844
0.003640200097701
0.00319172415509567
0.00276322477687909
0.00238807907812209
0.00204153243126856
0.00173008007361409
0.00143097754899237
0.00112514812479731
0.00084540355094478
0.000592371902054532
0.000324793465829086
5.52975927251949e-05
-0.00020082906660078
-0.000437501104420307
-0.000665708563244793
-0.000900814747675313
-0.00113433969524902
-0.00135696504039778
-0.00157493506086867
-0.00180135715568747
0.00830544188516004
0.00785230977492493
0.00756355411291359
-0.00207909673097368
-0.00242029364180076
-0.0028096059954222
-0.0032031272196721
-0.00357506949756485
-0.00393745790787486
-0.0018214538202588
-0.00183979389523629
-0.00184976955087948
-0.001855542629843
-0.00417570751338265
-0.00435170945301268
-0.00446528859960949
-0.00452395619747937
-0.00407287142420646
-0.00415916387794907
-0.00419979583588413
0.000763920097594956
0.000487587152189805
0.000227552362583954
-3.60688637580636e-05
-0.000318163428619029
-0.000607548444589345
0.000876389126382066
0.000712107696341532
0.000537239073628852
0.000349446489012509
0.000144567757763309
-6.17109552962181e-05
-0.000303159323201946
-0.000550610106839886
-0.000818096427550687
-0.00110162406969624
-0.00139017368649743
-0.00169237541858116
-0.00199391285356823
-0.00230313543880351
-0.00260685306676133
-0.00289200010753902
-0.0031822747564678
-0.000839453594308518
-0.00104157370081208
-0.0012549946342189
-0.00146194294850243
-0.00168301909117691
-0.00190444653657892
-0.00212595098087167
-0.00234505792434949
-0.00256045160065801
-0.0027652372304891
-0.002963357324806
-0.00315289822587488
-0.00332764386811667
-0.00348096737716645
-0.00360958451957815
-0.00371292633221548
-0.00379062911219032
-0.00384229019789906
-0.00386889464555347
-0.000666102640666912
-0.000715894554914879
-0.000761995962360834
-0.000797419780442705
-0.000821200884659697
-0.000833746105302701
-0.0034357757374918
-0.003695354158182
-0.00392705116313229
-0.00411027423629536
-0.00425683322274753
-0.00435411170610593
-0.00440499282169746
-0.0033093718464621
-0.00342034212972386
-0.00349806063445519
-0.00353682890936327
