3.74735100489701e-05
3.74735100489701e-05
3.74735100489701e-05
3.74735100489701e-05
3.74735100489701e-05
3.74735100489702e-05
3.74735100489702e-05
3.74735100489701e-05
3.74735100489701e-05
3.74735100489702e-05
3.74735100489702e-05
3.74735100489703e-05
3.74735100489703e-05
3.74735100489703e-05
3.74735100489704e-05
3.74735100489701e-05
3.74735100489701e-05
3.747351004897e-05
3.747351004897e-05
3.747351004897e-05
3.747351004897e-05
3.747351004897e-05
3.747351004897e-05
3.74735100489701e-05
3.74735100489701e-05
3.74735100489701e-05
3.74735100489702e-05
3.74735100489702e-05
3.74735100489702e-05
3.74735100489703e-05
3.74735100489703e-05
3.74735100489703e-05
3.74735100489701e-05
3.74735100489701e-05
3.74735100489701e-05
3.74735100489701e-05
3.74735100489701e-05
3.74735100489701e-05
3.74735100489701e-05
3.747351004897e-05
3.74735100489702e-05
3.74735100489702e-05
3.74735100489703e-05
3.74735100489703e-05
3.74735100489704e-05
3.74735100489701e-05
3.74735100489702e-05
3.74735100489702e-05
3.74735100489704e-05
3.74735100489704e-05
3.74735100489705e-05
3.74735100489705e-05
3.74735100489705e-05
3.74735100489705e-05
3.74735100489705e-05
3.74735100489706e-05
3.74735100489706e-05
3.74735100489705e-05
3.74735100489705e-05
3.74735100489705e-05
3.74735100489706e-05
3.74735100489706e-05
3.74735100489705e-05
3.74735100489705e-05
3.74735100489706e-05
3.74735100489706e-05
3.74735100489706e-05
3.74735100489706e-05
3.74735100489706e-05
3.74735100489706e-05
3.74735100489706e-05
3.74735100489706e-05
3.74735100489705e-05
3.74735100489705e-05
3.74735100489705e-05
3.74735100489705e-05
3.74735100489705e-05
3.74735100489705e-05
3.74735100489705e-05
3.74735100489705e-05
3.74735100489705e-05
3.74735100489705e-05
3.74735100489705e-05
3.74735100489705e-05
3.74735100489705e-05
3.74735100489706e-05
3.74735100489706e-05
3.74735100489706e-05
3.74735100489706e-05
3.74735100489706e-05
3.74735100489706e-05
3.74735100489706e-05
3.74735100489706e-05
3.74735100489702e-05
3.74735100489703e-05
3.74735100489703e-05
3.74735100489702e-05
3.74735100489703e-05
3.74735100489703e-05
3.74735100489703e-05
3.74735100489704e-05
3.74735100489704e-05
3.74735100489703e-05
3.74735100489704e-05
3.74735100489704e-05
3.74735100489704e-05
3.74735100489704e-05
3.74735100489704e-05
3.74735100489704e-05
3.74735100489704e-05
3.74735100489704e-05
3.74735100489705e-05
3.74735100489705e-05
3.74735100489705e-05
3.74735100489705e-05
3.74735100489705e-05
3.74735100489706e-05
3.74735100489706e-05
3.74735100489704e-05
3.74735100489705e-05
3.74735100489705e-05
3.74735100489705e-05
3.74735100489706e-05
3.74735100489707e-05
3.74735100489704e-05
3.74735100489705e-05
3.74735100489705e-05
3.74735100489707e-05
3.74735100489708e-05
3.74735100489708e-05
3.74735100489709e-05
3.74735100489709e-05
3.74735100489709e-05
3.74735100489709e-05
3.74735100489709e-05
3.74735100489709e-05
3.74735100489709e-05
3.74735100489709e-05
3.74735100489709e-05
3.74735100489708e-05
3.74735100489708e-05
3.74735100489708e-05
3.74735100489708e-05
3.74735100489708e-05
3.74735100489707e-05
3.74735100489707e-05
3.74735100489707e-05
3.74735100489707e-05
3.74735100489707e-05
3.74735100489707e-05
3.74735100489707e-05
3.74735100489708e-05
3.74735100489708e-05
3.74735100489709e-05
3.74735100489709e-05
3.74735100489709e-05
3.74735100489709e-05
3.74735100489709e-05
3.74735100489709e-05
3.7473510048971e-05
3.74735100489709e-05
3.74735100489707e-05
3.74735100489707e-05
3.74735100489707e-05
3.74735100489707e-05
3.74735100489707e-05
3.74735100489707e-05
3.74735100489707e-05
3.74735100489708e-05
3.74735100489708e-05
3.74735100489708e-05
3.74735100489708e-05
3.74735100489708e-05
3.74735100489708e-05
3.74735100489709e-05
3.74735100489709e-05
3.74735100489709e-05
3.74735100489709e-05
3.74735100489709e-05
3.74735100489709e-05
3.74735100489709e-05
3.74735100489709e-05
3.74735100489709e-05
3.74735100489709e-05
3.74735100489705e-05
3.74735100489705e-05
3.74735100489705e-05
3.74735100489706e-05
3.74735100489706e-05
3.74735100489706e-05
3.74735100489706e-05
3.74735100489706e-05
3.74735100489706e-05
3.74735100489707e-05
3.74735100489707e-05
3.74735100489707e-05
3.74735100489707e-05
3.74735100489706e-05
3.74735100489706e-05
3.74735100489706e-05
3.74735100489707e-05
3.74735100489707e-05
3.74735100489707e-05
3.74735100489708e-05
3.74735100489708e-05
3.74735100489708e-05
3.74735100489707e-05
3.74735100489707e-05
3.74735100489707e-05
3.74735100489707e-05
3.74735100489707e-05
3.74735100489707e-05
3.74735100489707e-05
3.74735100489707e-05
3.74735100489707e-05
3.74735100489707e-05
3.74735100489707e-05
3.74735100489707e-05
3.74735100489707e-05
3.74735100489707e-05
3.74735100489707e-05
3.74735100489707e-05
3.74735100489707e-05
3.74735100489707e-05
3.74735100489707e-05
3.74735100489708e-05
3.74735100489708e-05
3.74735100489708e-05
3.74735100489708e-05
3.74735100489708e-05
3.74735100489708e-05
3.74735100489708e-05
3.74735100489708e-05
3.74735100489708e-05
3.74735100489703e-05
3.74735100489703e-05
3.74735100489703e-05
3.74735100489703e-05
3.74735100489703e-05
3.74735100489703e-05
3.74735100489703e-05
3.74735100489703e-05
3.74735100489703e-05
3.74735100489703e-05
3.74735100489704e-05
3.74735100489704e-05
3.74735100489704e-05
3.74735100489704e-05
3.74735100489705e-05
3.74735100489705e-05
3.74735100489705e-05
3.74735100489705e-05
3.74735100489705e-05
3.74735100489705e-05
3.74735100489704e-05
3.74735100489704e-05
3.74735100489704e-05
3.74735100489704e-05
3.74735100489704e-05
3.74735100489705e-05
3.74735100489705e-05
3.74735100489704e-05
3.74735100489704e-05
3.74735100489704e-05
3.74735100489704e-05
3.74735100489704e-05
3.74735100489704e-05
3.74735100489704e-05
3.74735100489704e-05
3.74735100489704e-05
3.74735100489705e-05
3.74735100489705e-05
3.74735100489705e-05
3.74735100489705e-05
3.74735100489705e-05
3.74735100489705e-05
3.74735100489705e-05
3.74735100489705e-05
3.74735100489705e-05
3.74735100489704e-05
3.74735100489704e-05
3.74735100489704e-05
3.74735100489702e-05
3.74735100489702e-05
3.74735100489702e-05
3.74735100489703e-05
3.74735100489703e-05
3.74735100489704e-05
3.74735100489702e-05
3.74735100489702e-05
3.74735100489703e-05
3.74735100489703e-05
3.74735100489703e-05
3.74735100489703e-05
3.74735100489703e-05
3.74735100489704e-05
3.74735100489704e-05
3.74735100489704e-05
3.74735100489705e-05
3.74735100489705e-05
3.74735100489705e-05
3.74735100489705e-05
3.74735100489706e-05
3.74735100489706e-05
3.74735100489706e-05
3.74735100489707e-05
3.74735100489707e-05
3.74735100489707e-05
3.74735100489708e-05
3.74735100489708e-05
3.74735100489709e-05
3.74735100489709e-05
3.74735100489709e-05
3.74735100489709e-05
3.74735100489709e-05
3.74735100489709e-05
3.74735100489709e-05
3.74735100489709e-05
3.74735100489709e-05
3.74735100489708e-05
3.74735100489708e-05
3.74735100489709e-05
3.74735100489709e-05
3.74735100489709e-05
3.74735100489709e-05
3.74735100489703e-05
3.74735100489703e-05
3.74735100489703e-05
3.74735100489703e-05
3.74735100489704e-05
3.74735100489704e-05
3.74735100489704e-05
3.74735100489704e-05
3.74735100489704e-05
3.74735100489704e-05
3.74735100489704e-05
3.74735100489704e-05
3.74735100489704e-05
3.74735100489703e-05
3.74735100489704e-05
3.74735100489704e-05
3.74735100489704e-05
3.74735100489705e-05
3.74735100489705e-05
3.74735100489704e-05
3.74735100489703e-05
3.74735100489703e-05
3.74735100489703e-05
3.74735100489702e-05
3.74735100489702e-05
3.74735100489702e-05
3.74735100489701e-05
3.74735100489701e-05
3.74735100489701e-05
3.74735100489701e-05
3.74735100489701e-05
3.74735100489702e-05
3.74735100489702e-05
3.74735100489702e-05
3.74735100489702e-05
3.74735100489702e-05
3.74735100489702e-05
3.74735100489702e-05
3.74735100489702e-05
3.74735100489702e-05
3.74735100489702e-05
3.74735100489703e-05
3.74735100489703e-05
3.74735100489703e-05
3.74735100489703e-05
3.74735100489703e-05
3.74735100489705e-05
3.74735100489705e-05
3.74735100489705e-05
3.74735100489705e-05
3.74735100489706e-05
3.74735100489707e-05
3.74735100489707e-05
3.74735100489707e-05
3.74735100489708e-05
3.74735100489708e-05
3.74735100489708e-05
3.74735100489708e-05
3.74735100489708e-05
3.74735100489708e-05
3.74735100489709e-05
3.74735100489709e-05
3.74735100489709e-05
3.7473510048971e-05
3.7473510048971e-05
3.7473510048971e-05
3.7473510048971e-05
3.7473510048971e-05
3.7473510048971e-05
3.7473510048971e-05
3.74735100489705e-05
3.74735100489705e-05
3.74735100489706e-05
3.74735100489706e-05
3.74735100489706e-05
3.74735100489706e-05
3.74735100489706e-05
3.74735100489706e-05
3.74735100489706e-05
3.74735100489706e-05
3.74735100489707e-05
3.74735100489707e-05
3.74735100489704e-05
3.74735100489704e-05
3.74735100489704e-05
3.74735100489705e-05
3.74735100489705e-05
3.74735100489705e-05
3.74735100489705e-05
3.74735100489705e-05
3.74735100489705e-05
3.74735100489705e-05
3.74735100489705e-05
3.74735100489705e-05
3.74735100489705e-05
3.74735100489705e-05
3.74735100489706e-05
3.74735100489706e-05
3.74735100489706e-05
3.74735100489706e-05
3.74735100489706e-05
3.74735100489706e-05
3.74735100489706e-05
3.74735100489706e-05
3.74735100489706e-05
3.74735100489704e-05
3.74735100489704e-05
3.74735100489704e-05
3.74735100489704e-05
3.74735100489704e-05
3.74735100489705e-05
3.74735100489705e-05
3.74735100489705e-05
3.74735100489705e-05
3.74735100489705e-05
3.74735100489705e-05
3.74735100489705e-05
3.74735100489705e-05
3.74735100489705e-05
3.74735100489705e-05
3.74735100489705e-05
3.74735100489705e-05
3.74735100489705e-05
3.74735100489705e-05
3.74735100489706e-05
3.74735100489706e-05
3.74735100489706e-05
3.74735100489706e-05
3.74735100489706e-05
3.74735100489706e-05
3.74735100489706e-05
3.74735100489706e-05
3.74735100489706e-05
3.74735100489706e-05
3.74735100489706e-05
3.74735100489707e-05
3.74735100489707e-05
3.74735100489707e-05
3.74735100489707e-05
3.74735100489706e-05
3.74735100489704e-05
3.74735100489704e-05
3.74735100489704e-05
3.74735100489704e-05
3.74735100489703e-05
3.74735100489703e-05
3.74735100489703e-05
3.74735100489703e-05
3.74735100489703e-05
3.74735100489703e-05
3.74735100489703e-05
3.74735100489703e-05
3.74735100489703e-05
3.74735100489702e-05
3.74735100489702e-05
3.74735100489703e-05
3.74735100489703e-05
3.74735100489703e-05
3.74735100489703e-05
3.74735100489703e-05
3.74735100489703e-05
3.74735100489703e-05
3.74735100489703e-05
3.74735100489703e-05
3.74735100489703e-05
3.74735100489703e-05
3.74735100489703e-05
3.74735100489702e-05
3.74735100489702e-05
3.74735100489702e-05
3.74735100489702e-05
3.74735100489702e-05
3.74735100489703e-05
3.74735100489703e-05
3.74735100489703e-05
3.74735100489704e-05
3.74735100489704e-05
3.74735100489704e-05
3.74735100489703e-05
3.74735100489703e-05
3.74735100489703e-05
3.74735100489703e-05
3.74735100489703e-05
3.74735100489703e-05
3.74735100489703e-05
3.74735100489703e-05
3.74735100489702e-05
3.74735100489702e-05
3.74735100489702e-05
3.74735100489702e-05
3.74735100489702e-05
3.74735100489703e-05
3.74735100489703e-05
3.74735100489703e-05
3.74735100489703e-05
3.74735100489703e-05
3.74735100489703e-05
3.74735100489703e-05
3.74735100489703e-05
3.74735100489703e-05
3.74735100489703e-05
3.74735100489703e-05
3.74735100489703e-05
3.74735100489703e-05
3.74735100489703e-05
3.74735100489703e-05
3.74735100489703e-05
3.74735100489703e-05
3.74735100489704e-05
3.74735100489704e-05
3.74735100489704e-05
3.74735100489704e-05
3.74735100489704e-05
3.74735100489704e-05
3.74735100489703e-05
3.74735100489704e-05
3.74735100489704e-05
3.74735100489704e-05
3.74735100489704e-05
3.74735100489704e-05
3.74735100489703e-05
3.74735100489703e-05
3.74735100489703e-05
3.74735100489703e-05
3.74735100489703e-05
3.74735100489703e-05
3.74735100489703e-05
3.74735100489703e-05
3.74735100489703e-05
3.74735100489703e-05
3.74735100489704e-05
3.74735100489704e-05
3.74735100489703e-05
3.74735100489703e-05
3.74735100489703e-05
3.74735100489703e-05
3.74735100489703e-05
3.74735100489703e-05
3.74735100489703e-05
3.74735100489703e-05
3.74735100489703e-05
3.74735100489703e-05
3.74735100489703e-05
3.74735100489703e-05
3.74735100489703e-05
3.74735100489703e-05
3.74735100489703e-05
3.74735100489703e-05
3.74735100489703e-05
3.74735100489703e-05
3.74735100489703e-05
3.74735100489704e-05
3.747351004897e-05
3.747351004897e-05
3.747351004897e-05
3.747351004897e-05
3.747351004897e-05
3.747351004897e-05
3.747351004897e-05
3.747351004897e-05
3.747351004897e-05
3.747351004897e-05
3.747351004897e-05
3.747351004897e-05
3.747351004897e-05
3.74735100489699e-05
3.74735100489699e-05
3.74735100489699e-05
3.74735100489699e-05
3.74735100489699e-05
3.74735100489699e-05
3.747351004897e-05
3.747351004897e-05
3.747351004897e-05
3.747351004897e-05
3.747351004897e-05
3.74735100489701e-05
3.74735100489701e-05
3.74735100489701e-05
3.74735100489701e-05
3.74735100489701e-05
3.74735100489702e-05
3.74735100489702e-05
3.747351004897e-05
3.747351004897e-05
3.747351004897e-05
3.74735100489701e-05
3.74735100489701e-05
3.74735100489702e-05
3.74735100489702e-05
3.747351004897e-05
3.74735100489699e-05
3.74735100489699e-05
3.74735100489701e-05
3.74735100489702e-05
3.74735100489703e-05
3.74735100489703e-05
3.74735100489705e-05
3.74735100489699e-05
3.74735100489699e-05
3.747351004897e-05
3.74735100489701e-05
3.74735100489698e-05
3.74735100489697e-05
3.74735100489697e-05
3.74735100489701e-05
3.74735100489702e-05
3.74735100489702e-05
3.74735100489703e-05
3.74735100489703e-05
3.74735100489704e-05
3.74735100489704e-05
3.74735100489704e-05
3.74735100489705e-05
3.74735100489705e-05
3.74735100489706e-05
3.74735100489706e-05
3.74735100489701e-05
3.74735100489701e-05
3.74735100489702e-05
3.74735100489702e-05
3.74735100489702e-05
3.74735100489702e-05
3.74735100489702e-05
3.74735100489703e-05
3.74735100489703e-05
3.74735100489703e-05
3.74735100489703e-05
3.74735100489704e-05
3.74735100489704e-05
3.74735100489704e-05
3.74735100489705e-05
3.74735100489705e-05
3.74735100489705e-05
3.74735100489706e-05
3.74735100489706e-05
3.74735100489706e-05
3.74735100489706e-05
3.74735100489706e-05
3.74735100489706e-05
3.74735100489706e-05
3.74735100489706e-05
3.74735100489706e-05
3.74735100489706e-05
3.74735100489706e-05
3.74735100489706e-05
3.74735100489706e-05
3.74735100489707e-05
3.74735100489706e-05
3.74735100489707e-05
3.74735100489707e-05
3.74735100489707e-05
3.74735100489707e-05
3.74735100489706e-05
3.74735100489706e-05
3.74735100489706e-05
3.74735100489706e-05
3.74735100489706e-05
3.74735100489707e-05
3.74735100489706e-05
3.74735100489706e-05
3.74735100489706e-05
3.74735100489706e-05
3.74735100489707e-05
3.74735100489707e-05
3.74735100489707e-05
3.74735100489707e-05
3.74735100489697e-05
3.74735100489697e-05
3.74735100489697e-05
3.74735100489697e-05
3.74735100489697e-05
3.74735100489697e-05
3.74735100489698e-05
3.74735100489698e-05
3.74735100489698e-05
3.74735100489698e-05
3.74735100489698e-05
3.74735100489699e-05
3.74735100489699e-05
3.74735100489699e-05
3.74735100489697e-05
3.74735100489697e-05
3.74735100489696e-05
3.74735100489696e-05
3.74735100489696e-05
3.74735100489696e-05
3.74735100489696e-05
3.74735100489695e-05
3.74735100489695e-05
3.74735100489695e-05
3.74735100489695e-05
3.74735100489695e-05
3.74735100489695e-05
3.74735100489695e-05
3.74735100489695e-05
3.74735100489696e-05
3.74735100489695e-05
3.74735100489695e-05
3.74735100489699e-05
3.74735100489699e-05
3.74735100489699e-05
3.747351004897e-05
3.747351004897e-05
3.747351004897e-05
3.747351004897e-05
3.747351004897e-05
3.74735100489701e-05
3.74735100489701e-05
3.74735100489702e-05
3.74735100489702e-05
3.74735100489702e-05
3.74735100489701e-05
3.74735100489701e-05
3.74735100489701e-05
3.74735100489701e-05
3.74735100489702e-05
3.74735100489699e-05
3.74735100489699e-05
3.74735100489699e-05
3.74735100489699e-05
3.747351004897e-05
3.747351004897e-05
3.747351004897e-05
3.747351004897e-05
3.74735100489701e-05
3.74735100489701e-05
3.74735100489701e-05
3.74735100489705e-05
3.74735100489706e-05
3.74735100489707e-05
3.74735100489707e-05
3.74735100489708e-05
3.74735100489708e-05
3.74735100489709e-05
3.74735100489709e-05
3.74735100489709e-05
3.7473510048971e-05
3.7473510048971e-05
3.74735100489705e-05
3.74735100489705e-05
3.74735100489706e-05
3.74735100489706e-05
3.74735100489706e-05
3.74735100489706e-05
3.74735100489706e-05
3.74735100489707e-05
3.74735100489707e-05
3.74735100489707e-05
3.74735100489707e-05
3.74735100489707e-05
3.74735100489707e-05
3.7473510048971e-05
3.74735100489711e-05
3.74735100489711e-05
3.74735100489711e-05
3.74735100489711e-05
3.74735100489712e-05
3.74735100489712e-05
3.74735100489712e-05
3.74735100489712e-05
3.7473510048971e-05
3.7473510048971e-05
3.7473510048971e-05
3.7473510048971e-05
3.7473510048971e-05
3.7473510048971e-05
3.7473510048971e-05
3.7473510048971e-05
3.7473510048971e-05
3.7473510048971e-05
3.7473510048971e-05
3.7473510048971e-05
3.7473510048971e-05
3.7473510048971e-05
3.7473510048971e-05
3.74735100489711e-05
3.74735100489711e-05
3.74735100489712e-05
3.74735100489712e-05
3.74735100489713e-05
3.74735100489713e-05
3.74735100489713e-05
3.74735100489703e-05
3.74735100489703e-05
3.74735100489703e-05
3.74735100489704e-05
3.74735100489704e-05
3.74735100489704e-05
3.74735100489705e-05
3.74735100489705e-05
3.74735100489705e-05
3.74735100489706e-05
3.74735100489706e-05
3.74735100489706e-05
3.74735100489706e-05
3.74735100489707e-05
3.74735100489707e-05
3.74735100489707e-05
3.74735100489703e-05
3.74735100489703e-05
3.74735100489703e-05
3.74735100489704e-05
3.74735100489704e-05
3.74735100489705e-05
3.74735100489705e-05
3.74735100489706e-05
3.74735100489706e-05
3.74735100489706e-05
3.74735100489706e-05
3.74735100489706e-05
3.74735100489706e-05
3.74735100489707e-05
3.74735100489708e-05
3.74735100489708e-05
3.74735100489708e-05
3.74735100489708e-05
3.74735100489708e-05
3.74735100489708e-05
3.74735100489708e-05
3.74735100489708e-05
3.74735100489708e-05
3.74735100489709e-05
3.74735100489709e-05
3.74735100489709e-05
3.74735100489709e-05
3.74735100489709e-05
3.74735100489709e-05
3.74735100489709e-05
3.74735100489707e-05
3.74735100489707e-05
3.74735100489707e-05
3.74735100489707e-05
3.74735100489707e-05
3.74735100489707e-05
3.74735100489707e-05
3.74735100489707e-05
3.74735100489707e-05
3.74735100489707e-05
3.74735100489707e-05
3.74735100489707e-05
3.74735100489707e-05
3.74735100489707e-05
3.74735100489707e-05
3.74735100489707e-05
3.74735100489707e-05
3.74735100489707e-05
3.74735100489708e-05
3.74735100489708e-05
3.74735100489708e-05
3.74735100489708e-05
3.74735100489709e-05
3.74735100489709e-05
3.74735100489709e-05
3.74735100489709e-05
3.74735100489709e-05
3.74735100489709e-05
3.74735100489706e-05
3.74735100489707e-05
3.74735100489707e-05
3.74735100489707e-05
3.74735100489707e-05
3.74735100489707e-05
3.74735100489707e-05
3.74735100489708e-05
3.74735100489708e-05
3.74735100489708e-05
3.74735100489708e-05
3.74735100489708e-05
3.74735100489708e-05
3.74735100489708e-05
3.74735100489708e-05
3.74735100489709e-05
3.74735100489709e-05
3.74735100489709e-05
3.74735100489709e-05
3.7473510048971e-05
3.7473510048971e-05
3.7473510048971e-05
3.7473510048971e-05
3.7473510048971e-05
3.7473510048971e-05
3.7473510048971e-05
3.74735100489711e-05
3.74735100489711e-05
3.74735100489711e-05
3.74735100489711e-05
3.74735100489711e-05
3.74735100489708e-05
3.74735100489708e-05
3.74735100489708e-05
3.74735100489708e-05
3.74735100489708e-05
3.74735100489708e-05
3.74735100489708e-05
3.74735100489708e-05
3.74735100489708e-05
3.74735100489708e-05
3.74735100489708e-05
3.74735100489708e-05
3.74735100489708e-05
3.74735100489708e-05
3.74735100489707e-05
3.74735100489707e-05
3.74735100489707e-05
3.74735100489707e-05
3.74735100489707e-05
3.74735100489707e-05
3.74735100489707e-05
3.74735100489707e-05
3.74735100489707e-05
3.74735100489706e-05
3.74735100489706e-05
3.74735100489706e-05
3.74735100489708e-05
3.74735100489708e-05
3.74735100489708e-05
3.74735100489705e-05
3.74735100489705e-05
3.74735100489705e-05
3.74735100489705e-05
3.74735100489705e-05
3.74735100489705e-05
3.74735100489705e-05
3.74735100489705e-05
3.74735100489705e-05
3.74735100489705e-05
3.74735100489705e-05
3.74735100489705e-05
3.74735100489705e-05
3.74735100489705e-05
3.74735100489705e-05
3.74735100489705e-05
3.74735100489705e-05
3.74735100489711e-05
3.74735100489712e-05
3.74735100489712e-05
3.74735100489712e-05
3.74735100489712e-05
3.74735100489713e-05
3.74735100489711e-05
3.74735100489711e-05
3.74735100489711e-05
3.74735100489711e-05
3.74735100489711e-05
3.74735100489711e-05
3.74735100489711e-05
3.7473510048971e-05
3.7473510048971e-05
3.7473510048971e-05
3.7473510048971e-05
3.7473510048971e-05
3.7473510048971e-05
3.7473510048971e-05
3.74735100489709e-05
3.74735100489709e-05
3.74735100489709e-05
3.74735100489714e-05
3.74735100489715e-05
3.74735100489715e-05
3.74735100489716e-05
3.74735100489717e-05
3.74735100489717e-05
3.74735100489717e-05
3.74735100489717e-05
3.74735100489718e-05
3.74735100489718e-05
3.74735100489718e-05
3.74735100489718e-05
3.74735100489718e-05
3.74735100489718e-05
3.74735100489718e-05
3.74735100489718e-05
3.74735100489718e-05
3.74735100489718e-05
3.74735100489718e-05
3.74735100489713e-05
3.74735100489712e-05
3.74735100489712e-05
3.74735100489712e-05
3.74735100489711e-05
3.74735100489711e-05
3.74735100489709e-05
3.74735100489709e-05
3.74735100489709e-05
3.74735100489709e-05
3.74735100489709e-05
3.74735100489709e-05
3.74735100489709e-05
3.74735100489709e-05
3.7473510048971e-05
3.74735100489709e-05
3.74735100489709e-05
