0.05
0.0372593603493951
0.0355054405906847
0.0329600812346557
0.0352319435478822
0.032552899713727
0.0294920492824635
0.0371032936771411
0.0343717591706469
0.0296684892876843
0.0266200362443659
0.0245270985495639
0.0232341201689527
0.0219515914833832
0.0211182628612887
0.0372746097764185
0.0321936311072079
0.0278954346708506
0.0274239830706389
0.0262755096779054
0.0254121055720691
0.0253183887644275
0.0253801883318426
0.0256174343298643
0.0263161452066612
0.0281371926452547
0.0308677903718687
0.0336814858817729
0.0363683990703033
0.0388062119708058
0.0408701234058216
0.0425015342038293
0.0370098797896405
0.0352442789668028
0.0329107672283582
0.0310225920547682
0.029467624276702
0.0282679622835651
0.0273192740203087
0.0263825949846576
0.0324121980703389
0.0326130257898585
0.0333779196932831
0.0344337823198328
0.0358836661075967
0.0313948470629764
0.0301159337645896
0.0288598417201749
0.0370777940447746
0.038272255004116
0.0392151374391116
0.0396976357417664
0.0396793164173092
0.0389591826501321
0.0375509980758015
0.035357314354136
0.0323373475578331
0.0290200501340236
0.0255490162332462
0.0222412812547581
0.0191532739084091
0.0164917144365312
0.0142476363929263
0.0122420242945554
0.0105223121989991
0.0089745186798582
0.00752268384302863
0.00618684937930224
0.00502481997262492
0.00403349652921771
0.00321201164073083
0.00254867862233578
0.00185416175022496
0.00114241643606815
0.00051901576298288
-2.7623319312686e-05
-0.000472315964924176
-0.000840504405038693
-0.00113072429912315
-0.00134284920235654
-0.00148192727622928
-0.00155301020046523
0.0358556630504153
0.0358422948204169
0.0358545310265999
0.0359075734853786
0.0359946864901425
0.0361028041443023
0.0362317033995281
0.0363413039234802
0.0364356201732988
0.0365103578249402
0.0365514105062667
0.0283335399687948
0.0276041884409671
0.0265300215899207
0.0268916601454953
0.0240677415153541
0.0208058805264806
0.0261718791900143
0.0257623270160002
0.0252930448553991
0.0259692456209336
0.0246985847124384
0.0227502018935898
0.0211025523918303
0.019532262659256
0.0177734911424327
0.0160054963620305
0.0146177658839201
0.01345242560331
0.0123493641987534
0.011428210137005
0.0106446952649876
0.0100348074070033
0.00960834103390341
0.00934209369781927
0.00919501599527392
0.0243024677802634
0.0223456628108708
0.0196060441744227
0.0167646704895793
0.0142483255548935
0.0117499989878351
0.0246795961561683
0.0240691020649126
0.0234029996812572
0.0105974285473781
0.00949347106060005
0.0085611735095012
0.00778771199713468
0.00713225500281424
0.00661955911791462
0.00625043646011447
0.00598886699405832
0.00582541343233467
0.00577406204166627
0.005847883842776
0.00605178995073165
0.00639106449397912
0.00688792575068101
0.00757652429491562
0.00849669913440161
0.00968653852023317
0.0111934906102292
0.0131090617009378
0.0153877126817832
0.0182293054429361
0.0214604155845252
0.0249865321261562
0.0288938471646957
0.0318821722618978
0.0355996319013344
0.0387832124488354
0.0416611149199475
0.0440168207245703
0.0457387924477386
0.0470117673066949
0.0478750834528457
0.0483075818767418
0.0485809027123141
0.0105239711967782
0.00944412437571598
0.00851637747127694
0.00757331179320795
0.00670975077221266
0.00594906079269933
0.00531432162450868
0.00472197577842751
0.00421114770360924
0.00376056607863268
0.00337300411455927
0.00304069237705394
0.00276353742056763
0.00254973595381085
0.002400878116847
0.00230990438482453
0.00228251403247508
0.0023093735529686
0.00237673906693928
0.00247233428520072
0.00257824500027934
0.00266966133401431
0.00272437544272356
0.0224463370945338
0.0213668293677043
0.0202591744319883
0.0191960380523083
0.0182048853916221
0.0172859581763715
0.0164389306768597
0.0156998719547213
0.0150863931585917
0.0145922181925941
0.0142172387508084
0.0139657517678696
0.0138357556012334
0.0221983383718309
0.020827476326364
0.019389218009533
0.0180216303970561
0.0167066360293314
0.0154778360371098
0.0143927520904485
0.013386494891703
0.0122974936797021
0.0111519670297566
0.0100337393556402
0.00902309248050564
0.0081219501813193
0.00728353311214934
0.00654048587947516
0.00588682527219416
0.00533876566039607
0.00488285856335383
0.00444914108856318
0.00386878029139049
0.00317389480766078
0.00255942615013361
0.0018877670627759
0.00129399640344505
0.000719800871583611
0.000138189406811644
-0.000434726549779559
-0.000968190393131039
-0.00143429883205219
-0.0018269859552767
-0.00216799797333475
-0.00247032115690931
-0.00270957509305742
-0.00291568500703423
-0.00309521795875288
-0.00321448591839569
-0.00327737206332756
0.0193079491643297
0.0178763716473621
0.0165174445680075
0.015118307315667
0.0138839092009477
0.0125483372560507
0.0113632825019637
0.0103466907590926
0.00927671375963612
0.00829355368517202
0.00760124861398845
0.0065882769701761
0.0059303157364655
0.00513258995363155
0.00432077715542341
0.00371746254501797
0.00333501279810771
0.00295033779148206
0.00262580896657663
0.00238793136937652
0.00222418931426056
0.00214566084966071
0.0195533521267121
0.0182631741378386
0.0169586696944013
0.0156673091375912
0.0144619088171498
0.0133482820340552
0.0123122614767788
0.0112803820434109
0.0104192171767474
0.00955536982571964
0.00869362517404601
0.0078699882952033
0.00673363380307249
0.00562297166420412
0.00463173910298312
0.00373783469622338
0.0029607289427232
0.0022691248883036
0.00170463735109473
0.0011359151270996
0.000633826019813485
0.000224831123323319
-9.66774971394457e-05
-0.000342081361809026
-0.000501463999572943
-0.000586240315466284
0.0285305603271044
0.0273409032734072
0.0257268459659102
0.028148127339778
0.0269506033526187
0.0258206548184645
0.0250438469332254
0.024177367881693
0.0230219435717064
0.0241072816991653
0.0215376890205703
0.0183666876821144
0.0158868678385782
0.0141993388430919
0.0129049681499929
0.0119807937554661
0.0114895783837203
0.0114167606348365
0.0117313283115597
0.0124149754652923
0.0134668007478569
0.0150142784463824
0.0175589939889805
0.0211790923395694
0.0245772233449741
0.0287637172067495
0.032079933828098
0.0352001808294249
0.0375703931790084
0.0393637945369045
0.0400336438456185
0.0393749596301095
0.0371780087024524
0.0334229018635813
0.0287380105953798
0.0239073191460751
0.0198748287309325
0.0165591451547795
0.0135647246192541
0.0114259724763269
0.00995937582773797
0.00901795217839231
0.00853749965268633
0.0213157215962678
0.0192674156839295
0.0172052090830999
0.0153136045864886
0.0136826986995954
0.012236991277798
0.0109729258185133
0.00986345721326879
0.00896321041389285
0.00824317224818843
0.00770572702466269
0.00735243824574197
0.00716835416814226
0.0192614089917678
0.0162236476589504
0.0129763102132673
0.0116161795676659
0.0102737372386686
0.00891856730823989
0.0118641509550713
0.0108010887792706
0.00975877959472357
0.00900388639840015
0.00849120001313106
0.00821065678383426
0.00817319485810556
0.00837344558454028
0.0088207860189075
0.00950432138052428
0.0104358509468514
0.0116349778546017
0.0130821799357304
0.0148176897872828
0.0167891939141348
0.0189605357675127
0.0212358844983007
0.023602774807981
0.0258878805066348
0.0280441582914126
0.0300881494668443
0.032185973698736
0.0341353943065138
0.0357661146870636
0.037012000795089
0.0377788205537449
0.038226789918058
0.00826253182366285
0.00766764287848001
0.00717186603683131
0.00684446565787004
0.00671798957250984
0.00675974047559042
0.00699882469807374
0.00740497413326745
0.00791659893383499
0.00867341498879106
0.00970780227112625
0.0110026171341131
0.0124208694746765
0.0138212964258167
0.0155770946868094
0.0174709925685821
0.0194897797527557
0.0214762191998732
0.0233187027309668
0.0247200661672209
0.0258899139008215
0.0270067627942886
0.0278687874946729
0.028277896942364
0.00745828974252654
0.00608733589852591
0.00495689405540709
0.00388855686970585
0.00302916273834021
0.00219342964396494
0.00146510273310011
0.000936572513514194
0.000500620063986329
0.000123540995776097
-0.000136063405377987
-0.000288506314514514
0.0244919572659415
0.0230418158733021
0.0215246126711027
0.0200017305205397
0.0188779034959664
0.0182111300171757
0.0178416312684961
0.0177714547680742
0.0179603670009235
0.018382872467781
0.0190366546831439
0.0198599888746746
0.0207786408911833
0.021924270820152
0.0232862184162003
0.0246645971919349
0.0259407917572531
0.0271211493221207
0.0281818126760961
0.0290692201301544
0.029734567283429
0.0301811311100115
0.0304444617192616
0.0259885433917383
0.0265247530737354
0.0274733517571364
0.028919688487108
0.0307001959944176
0.0325111502873948
0.0342056201878679
0.035731189240286
0.0370019258417083
0.037934797988955
0.0384406289423773
0.0384250636766465
0.0377868644763415
0.0363655134176715
0.0342187233495509
0.0315356901028064
0.0285207733065761
0.0253896637522327
0.0223579681308058
0.0196103756746791
0.0171684642227744
0.0150383457572745
0.0132488721621655
0.0116850323574899
0.0101021966356204
0.00860841094080492
0.00731155538605648
0.00619657459461086
0.0052798486249527
0.00452767877351173
0.00390946620742272
0.00344221684038652
0.00308126352985437
0.00286201554621683
0.00274230043411944
0.0218166342839649
0.0229403300830068
0.0246218377770241
0.0197691838904392
0.018693802781229
0.0181361636735799
0.023655221042131
0.0228909402373167
0.0224117758896622
0.0221896819611402
0.0221555764692268
0.0222254191925814
0.0223410937877546
0.0224482637961118
0.0225116111962789
0.0284271783242871
0.0320088666092252
0.0354040434477363
0.0385723131869138
0.039799988336003
0.0404645378847139
0.0405337615053931
0.0397399761202937
0.0379654328631107
0.0350848574804762
0.031333049428407
0.0271776168400652
0.0230630249094163
0.0192960510467139
0.0159534870760414
0.0130687236155188
0.010639945769217
0.00865781228746801
0.0070413065704652
0.0055758845154205
0.0042134721737906
0.00306338855834238
0.00208459019058883
0.00126672860529309
0.00060968064872667
8.94821670578268e-05
-0.000321123801968506
-0.000620362905013398
-0.000813783168170787
-0.000912811832617888
0.0399615308398525
0.0409880990888316
0.0417424960901594
0.0424979882704751
0.0428491790366686
0.0431012884073588
0.0431283058956452
0.0430751663562529
0.0420000996399095
0.0395237939779609
0.0355379681284558
0.03051556180986
0.0253771152626445
0.0207679593931701
0.0168296216636922
0.0135836634296754
0.0110465065266912
0.00908528392726476
0.0074434962346645
0.00604220590333918
0.00489886615900977
0.00394175279048375
0.00312939087564319
0.00243617547176887
0.00184263886273731
0.00133374694366065
0.000897032005788114
0.000521481577842194
0.000200922092822043
-6.76494883709314e-05
-0.000287387394903252
-0.000460732582473259
-0.000588950867832667
-0.000672968082237061
-0.000715834401483345
0.0429766747201863
0.042700253521187
0.0415248238023161
0.0392142574367338
0.0357181432235047
0.0317303042789345
0.0276564924712179
0.0233937905045274
0.0194959089977245
0.0164379134909077
0.0140805524851569
0.0120847124343922
0.0103026190659367
0.00858966473711315
0.00712633074023602
0.00593996023577663
0.00494396539928699
0.00410029088954488
0.00337201003929926
0.00272051520958532
0.00217826413534949
0.00164813429510234
0.00131628093081967
0.000997318780030079
0.000644331032295449
0.000350553198807703
9.2410298207474e-05
-0.000133908615156482
-0.00030651868983898
-0.000438024368658241
-0.000525617244565229
-0.000571599956096617
0.0247859085355825
0.0226512403490743
0.0204223463361627
0.0183705316764083
0.0163554545770745
0.0266368409044049
0.0276851423778869
0.0295321623469591
0.0311821462416856
0.032899595066032
0.0346235167896883
0.0359964344875631
0.0372738998828778
0.03860962368499
0.0400088345462262
0.0411653377126199
0.0422188075945044
0.043153296720915
0.0439530883977788
0.0445921521306756
0.0450556951786984
0.0453428260083588
0.0454425675129179
0.0453495423307162
0.0450221860264809
0.0445451362191513
0.0439245689015682
0.0432159594070806
0.0425634732353082
0.0420868467400725
0.0417894743422771
0.0148611546165062
0.0125714976459148
0.00980997099357834
0.0152113728061475
0.0137096063868584
0.0120471139222439
0.0103547018467841
0.00858095747269107
0.00777783196755735
0.00723983296430199
0.00862943084401998
0.00774350576657873
0.00701125673019635
0.00656872371056533
0.00618114667503532
0.00729465821769934
0.0077402017084247
0.00867485020781645
0.0100307416868866
0.00660905070954866
0.00616398914473926
0.00584957649201358
0.0110792935926908
0.0127571180981904
0.0151030846681519
0.0176898452844173
0.0208691101441287
0.0245263718237333
0.0282268878937822
0.0321814146035378
0.0360120330101223
0.0393803837388396
0.0419886559354924
0.0437592504961355
0.0108019386380484
0.011935772314175
0.0135275643724622
0.0149843186218198
0.01721097762051
0.0191963935028184
0.021873755871144
0.0247910744403253
0.0274515670405098
0.0301222523801817
0.0328276303176255
0.0354827248802268
0.0378009880028577
0.0399035737807193
0.0421022705886408
0.0438814914794764
0.0454650080709133
0.046562633482818
0.0473353694629706
0.0477758368458445
0.047926204996011
0.0478757813464264
0.0476920915185119
0.0475018392718858
0.0473780808804467
0.0450257638747615
0.0453496447813072
0.0449193194633965
0.0440975166699405
0.0428591526033156
0.0418258363623589
0.0411369635452275
0.0429995215693552
0.0407866831199844
0.0367656084478884
0.0316677946144056
0.0262067186644575
0.0210715542702296
0.0167378761456805
0.0131918923302121
0.0103675561448229
0.00813751179189678
0.00629380532292684
0.00479282615674315
0.00361690625883078
0.00274266480477006
0.00211368823594721
0.00165031771665238
0.0013435238600805
0.00119235889794474
0.00627376057649292
0.00691452820396743
0.00784158326953204
0.00908799785269371
0.010569923198236
0.0122107083304247
0.0140204148169953
0.0160035184587895
0.0181548215497619
0.0204562924543363
0.0228763821609145
0.0253744379547879
0.0279047597784733
0.030553458017493
0.0052104082592061
0.00460484923690665
0.00404296562411807
0.00353272423230128
0.00312390522057801
0.00276564176771214
0.00246153251957041
0.00221753126036296
0.00202121838390844
0.0018506562660803
0.00170217445029976
0.00158606634953576
0.00150476553879116
0.00144908387791255
0.00141385523932581
0.00139060572241724
0.0013777516108016
0.00137133514592484
0.0322902750977185
0.0339600321426533
0.0355627715829579
0.0373485457716244
0.0389768516278391
0.0403887552023109
0.0420294794820077
0.0438414130117839
0.0453660286964237
0.0464534155596334
0.0471654904325512
0.047590080648601
0.0477758971547816
0.0477379833491259
0.0475301960330084
0.0472594229724608
0.0470067432322577
0.0468330160516849
0.0318669192915077
0.0331072133393539
0.0342820708105295
0.0354054501419985
0.0364960301267674
0.0375586516915686
0.0385401564402774
0.0393610322021595
0.0399860246598968
0.0404055236731206
0.0406225934566085
0.00707287373995316
0.00831632477275557
0.00998875379199115
0.0119224156944119
0.0141136509394556
0.0166779862556616
0.0194927797895536
0.0227893872248942
0.0262377777588548
0.0297483118180205
0.033424637807447
0.00506462835789497
0.00393778769313925
0.00304978789329121
0.00220028097381615
0.00158652813373326
0.000976566584762372
0.000523332847185146
0.000175285645164162
-0.000119644678854272
-0.000276643247889596
-0.000419465758638076
-0.000505387343657567
-0.000547324449548092
0.0351010636533669
0.0366598935499012
0.0381013583093216
0.0395932977684572
0.0408348802854144
0.0419106089190135
0.0426793681751883
0.0432556583245796
0.0435938975254068
0.035662630539852
0.0378231563686632
0.0398503944230282
0.0416792583517106
0.0432321980930721
0.0444106798576328
0.0451330088184769
0.0453131785420322
0.0448165898155858
0.0434881586591321
0.0410110333122954
0.0373741935214222
0.0329196184433474
0.0281657495508608
0.0236933703694242
0.0196507294645701
0.0161978012103299
0.0134909701107147
0.0115694181343442
0.010171997687188
0.00925364216789708
0.00880603392086333
0.00968000895441026
0.00896082694795828
0.00826282384249807
0.00763933358310785
0.00708664184745587
0.00658361661278082
0.00609208679212021
0.00567040022571733
0.00539721213199535
0.00508688836054403
0.00478038153912952
0.00455903934483595
0.00437706781090106
0.00423806732494627
0.00415979321974976
0.00413593691647313
0.00957028499518085
0.00880123427252975
0.00809347399259749
0.00745852938759716
0.0068763373149558
0.00633306979128862
0.00581745397203006
0.00533338379882661
0.00491220037934414
0.00457734143137304
0.00433450911763803
0.00417096338879677
0.00406068143686452
0.00398543563748815
0.00449818477145185
0.00503049796441116
0.00565799676946166
0.00634556620828096
0.00718978722908086
0.00808483712850992
0.00905635632993062
0.010310315285758
0.0114726542253846
0.0126832560981632
0.0138368742580399
0.0149489043032072
0.0159205662245356
0.016697170159795
0.0172506890857917
0.0175493626185668
0.00388142491410515
0.00368443515825827
0.0035362376436324
0.00345415535087665
0.00342607820542943
0.00344434646677551
0.00350477378682494
0.00359031231040326
0.00368876058476843
0.00379666105415701
0.00391113399280903
0.00402310731166558
0.00411666761699742
0.00417215932900737
0.00406553981083768
0.0042029626454364
0.00439959814479841
0.00467272670597071
0.00501839614838342
0.00544606343606379
0.00593543385753751
0.00651091368145529
0.00722097350874922
0.00805815139442142
0.00898233789568371
0.00999019530369564
0.0111357195631784
0.0124982053541968
0.00388770661029493
0.00385018356429029
0.00388576248825919
0.00400834598959537
0.00426697479921422
0.00464020381669727
0.00508394506559346
0.00570090092017909
0.00648210960253203
0.00741996904476143
0.00854653158687205
0.0097543696945328
0.0112474953435459
0.0129949617551613
0.0150081312317356
0.0171608011316229
0.0195024330487185
0.0221278290528265
0.0248287942947242
0.0275252134376273
0.0301817638635676
0.0327287956852818
0.0350672100917559
0.0370560975069975
0.0385589503391974
0.0394150673427914
0.0392970558776537
0.0378609165499684
0.0346136591001881
0.0294833607877487
0.0228650102190734
0.0143306036730232
0.0164693381054737
0.0189443358378927
0.0217544605131652
0.0248231513320972
0.0277696295345045
0.0303008026649418
0.0327842766933454
0.0352674420968275
0.0374768763965143
0.0394783841985747
0.0411595394655962
0.0425646428300107
0.0436591793275863
0.0442321333443308
0.0442627962706757
0.04360374915679
0.0419356978371238
0.0391019729481177
0.0353096800109502
0.0308649215412739
0.0260074908716405
0.0213940727159772
0.0174263429484596
0.0139993664080471
0.0108782306115725
0.0120495666789406
0.0117358435899206
0.0115350158878042
0.00877671348534219
0.00669647254443368
0.00473236840257474
0.00304342895493174
0.00165141482509065
0.000430679135313836
0.00901113761657864
0.00723076121555466
0.00622799256896389
0.00563088803395237
-0.00024491717809768
-0.000695279341872789
-0.000965600514172473
-0.00109912743019196
-7.08769663761687e-05
-0.000371384402022597
-0.000507949554674013
0.0190888231892775
0.0155885707587638
0.0126214096327992
0.00992100146329597
0.00732800842369656
0.00492218779851219
0.0194829070997751
0.0164519510847576
0.0137138745330344
0.0112905176520533
0.00914631686859315
0.00739628466415882
0.00574205694274932
0.00437472708116702
0.00317319468963753
0.00213209122503925
0.00125544938519584
0.000486446266095939
-0.000165415445881749
-0.000741689827061843
-0.00123754301749822
-0.00165397317656938
-0.00204067290365471
0.00363070769213017
0.00265499897340461
0.00176451007523396
0.00102041250017236
0.00033644899832589
-0.000252788203859429
-0.000763039727513237
-0.00120371381321971
-0.00158579131522908
-0.0019101865044689
-0.00219381186503186
-0.0024416718475117
-0.00265286282162211
-0.00282635394733865
-0.00296438428605371
-0.00307080038636185
-0.00314836841474852
-0.00319883069801234
-0.00322447416625063
0.00396439511205913
0.00326548705001197
0.00269469308098955
0.00229620436941234
0.0020457091522404
0.00191879019680343
-0.00230597420393492
-0.00255299717228087
-0.0027569121094308
-0.00290861426544154
-0.00302437518937182
-0.00309870037082929
-0.00313678873187421
-0.00225323490104884
-0.00242662975944481
-0.00254228971470421
-0.00259830767046746
