5.86375226222713e-05
5.86375226222714e-05
5.86375226222714e-05
5.86375226222714e-05
5.86375226222714e-05
5.86375226222715e-05
5.86375226222715e-05
5.86375226222714e-05
5.86375226222714e-05
5.86375226222715e-05
5.86375226222716e-05
5.86375226222717e-05
5.86375226222717e-05
5.86375226222718e-05
5.86375226222718e-05
5.86375226222713e-05
5.86375226222713e-05
5.86375226222712e-05
5.86375226222712e-05
5.86375226222712e-05
5.86375226222713e-05
5.86375226222713e-05
5.86375226222713e-05
5.86375226222713e-05
5.86375226222713e-05
5.86375226222714e-05
5.86375226222715e-05
5.86375226222715e-05
5.86375226222716e-05
5.86375226222716e-05
5.86375226222717e-05
5.86375226222717e-05
5.86375226222713e-05
5.86375226222713e-05
5.86375226222714e-05
5.86375226222713e-05
5.86375226222713e-05
5.86375226222713e-05
5.86375226222713e-05
5.86375226222713e-05
5.86375226222715e-05
5.86375226222716e-05
5.86375226222717e-05
5.86375226222718e-05
5.86375226222719e-05
5.86375226222715e-05
5.86375226222715e-05
5.86375226222716e-05
5.8637522622272e-05
5.8637522622272e-05
5.8637522622272e-05
5.86375226222721e-05
5.86375226222721e-05
5.86375226222722e-05
5.86375226222722e-05
5.86375226222722e-05
5.86375226222722e-05
5.86375226222722e-05
5.86375226222722e-05
5.86375226222722e-05
5.86375226222723e-05
5.86375226222723e-05
5.86375226222723e-05
5.86375226222723e-05
5.86375226222723e-05
5.86375226222723e-05
5.86375226222724e-05
5.86375226222724e-05
5.86375226222724e-05
5.86375226222724e-05
5.86375226222723e-05
5.86375226222723e-05
5.86375226222723e-05
5.86375226222723e-05
5.86375226222723e-05
5.86375226222723e-05
5.86375226222723e-05
5.86375226222723e-05
5.86375226222723e-05
5.86375226222723e-05
5.86375226222723e-05
5.86375226222723e-05
5.86375226222721e-05
5.86375226222721e-05
5.86375226222722e-05
5.86375226222722e-05
5.86375226222723e-05
5.86375226222723e-05
5.86375226222723e-05
5.86375226222723e-05
5.86375226222723e-05
5.86375226222723e-05
5.86375226222723e-05
5.86375226222716e-05
5.86375226222717e-05
5.86375226222718e-05
5.86375226222716e-05
5.86375226222717e-05
5.86375226222718e-05
5.86375226222718e-05
5.8637522622272e-05
5.8637522622272e-05
5.86375226222719e-05
5.86375226222719e-05
5.8637522622272e-05
5.8637522622272e-05
5.8637522622272e-05
5.8637522622272e-05
5.8637522622272e-05
5.8637522622272e-05
5.8637522622272e-05
5.86375226222721e-05
5.86375226222721e-05
5.86375226222722e-05
5.86375226222722e-05
5.86375226222722e-05
5.86375226222722e-05
5.86375226222722e-05
5.8637522622272e-05
5.86375226222721e-05
5.86375226222722e-05
5.86375226222723e-05
5.86375226222724e-05
5.86375226222726e-05
5.8637522622272e-05
5.86375226222721e-05
5.86375226222721e-05
5.86375226222726e-05
5.86375226222727e-05
5.86375226222728e-05
5.86375226222729e-05
5.8637522622273e-05
5.86375226222731e-05
5.86375226222731e-05
5.86375226222731e-05
5.86375226222731e-05
5.86375226222731e-05
5.8637522622273e-05
5.8637522622273e-05
5.8637522622273e-05
5.8637522622273e-05
5.86375226222729e-05
5.86375226222729e-05
5.86375226222729e-05
5.86375226222729e-05
5.86375226222729e-05
5.86375226222729e-05
5.86375226222728e-05
5.86375226222728e-05
5.86375226222729e-05
5.86375226222729e-05
5.86375226222729e-05
5.8637522622273e-05
5.86375226222731e-05
5.86375226222731e-05
5.86375226222732e-05
5.86375226222732e-05
5.86375226222732e-05
5.86375226222732e-05
5.86375226222733e-05
5.86375226222732e-05
5.86375226222726e-05
5.86375226222726e-05
5.86375226222726e-05
5.86375226222726e-05
5.86375226222727e-05
5.86375226222727e-05
5.86375226222728e-05
5.86375226222728e-05
5.86375226222729e-05
5.86375226222729e-05
5.86375226222729e-05
5.8637522622273e-05
5.8637522622273e-05
5.8637522622273e-05
5.86375226222731e-05
5.86375226222731e-05
5.86375226222731e-05
5.86375226222731e-05
5.86375226222731e-05
5.86375226222731e-05
5.86375226222731e-05
5.86375226222731e-05
5.86375226222731e-05
5.86375226222722e-05
5.86375226222722e-05
5.86375226222722e-05
5.86375226222722e-05
5.86375226222723e-05
5.86375226222723e-05
5.86375226222723e-05
5.86375226222724e-05
5.86375226222724e-05
5.86375226222725e-05
5.86375226222725e-05
5.86375226222725e-05
5.86375226222725e-05
5.86375226222722e-05
5.86375226222723e-05
5.86375226222724e-05
5.86375226222725e-05
5.86375226222725e-05
5.86375226222726e-05
5.86375226222726e-05
5.86375226222726e-05
5.86375226222726e-05
5.86375226222726e-05
5.86375226222726e-05
5.86375226222726e-05
5.86375226222726e-05
5.86375226222726e-05
5.86375226222726e-05
5.86375226222726e-05
5.86375226222726e-05
5.86375226222726e-05
5.86375226222726e-05
5.86375226222726e-05
5.86375226222726e-05
5.86375226222726e-05
5.86375226222726e-05
5.86375226222727e-05
5.86375226222727e-05
5.86375226222727e-05
5.86375226222727e-05
5.86375226222728e-05
5.86375226222728e-05
5.86375226222728e-05
5.86375226222728e-05
5.86375226222728e-05
5.86375226222728e-05
5.86375226222728e-05
5.86375226222728e-05
5.86375226222729e-05
5.86375226222728e-05
5.86375226222718e-05
5.86375226222718e-05
5.86375226222718e-05
5.86375226222718e-05
5.86375226222718e-05
5.86375226222718e-05
5.86375226222717e-05
5.86375226222718e-05
5.86375226222718e-05
5.86375226222718e-05
5.86375226222719e-05
5.86375226222719e-05
5.8637522622272e-05
5.8637522622272e-05
5.8637522622272e-05
5.8637522622272e-05
5.8637522622272e-05
5.8637522622272e-05
5.8637522622272e-05
5.8637522622272e-05
5.8637522622272e-05
5.8637522622272e-05
5.86375226222719e-05
5.86375226222719e-05
5.8637522622272e-05
5.86375226222721e-05
5.8637522622272e-05
5.8637522622272e-05
5.8637522622272e-05
5.8637522622272e-05
5.8637522622272e-05
5.8637522622272e-05
5.8637522622272e-05
5.8637522622272e-05
5.8637522622272e-05
5.8637522622272e-05
5.86375226222721e-05
5.86375226222721e-05
5.86375226222721e-05
5.86375226222722e-05
5.86375226222722e-05
5.86375226222722e-05
5.86375226222721e-05
5.86375226222721e-05
5.86375226222721e-05
5.86375226222721e-05
5.86375226222721e-05
5.86375226222721e-05
5.86375226222716e-05
5.86375226222716e-05
5.86375226222717e-05
5.86375226222717e-05
5.86375226222718e-05
5.86375226222718e-05
5.86375226222717e-05
5.86375226222717e-05
5.86375226222717e-05
5.86375226222717e-05
5.86375226222717e-05
5.86375226222718e-05
5.86375226222718e-05
5.86375226222719e-05
5.86375226222719e-05
5.8637522622272e-05
5.86375226222721e-05
5.86375226222721e-05
5.86375226222722e-05
5.86375226222722e-05
5.86375226222723e-05
5.86375226222724e-05
5.86375226222724e-05
5.86375226222725e-05
5.86375226222726e-05
5.86375226222727e-05
5.86375226222728e-05
5.86375226222729e-05
5.86375226222729e-05
5.86375226222729e-05
5.8637522622273e-05
5.8637522622273e-05
5.8637522622273e-05
5.8637522622273e-05
5.8637522622273e-05
5.8637522622273e-05
5.8637522622273e-05
5.86375226222729e-05
5.8637522622273e-05
5.8637522622273e-05
5.8637522622273e-05
5.8637522622273e-05
5.8637522622273e-05
5.86375226222717e-05
5.86375226222718e-05
5.86375226222718e-05
5.86375226222718e-05
5.86375226222719e-05
5.86375226222719e-05
5.86375226222719e-05
5.8637522622272e-05
5.8637522622272e-05
5.8637522622272e-05
5.8637522622272e-05
5.8637522622272e-05
5.8637522622272e-05
5.86375226222718e-05
5.86375226222719e-05
5.86375226222719e-05
5.8637522622272e-05
5.8637522622272e-05
5.86375226222721e-05
5.86375226222719e-05
5.86375226222718e-05
5.86375226222718e-05
5.86375226222717e-05
5.86375226222716e-05
5.86375226222716e-05
5.86375226222715e-05
5.86375226222715e-05
5.86375226222715e-05
5.86375226222715e-05
5.86375226222715e-05
5.86375226222715e-05
5.86375226222715e-05
5.86375226222715e-05
5.86375226222715e-05
5.86375226222715e-05
5.86375226222715e-05
5.86375226222715e-05
5.86375226222715e-05
5.86375226222715e-05
5.86375226222716e-05
5.86375226222716e-05
5.86375226222716e-05
5.86375226222717e-05
5.86375226222717e-05
5.86375226222717e-05
5.86375226222717e-05
5.86375226222721e-05
5.86375226222721e-05
5.86375226222722e-05
5.86375226222723e-05
5.86375226222724e-05
5.86375226222725e-05
5.86375226222726e-05
5.86375226222727e-05
5.86375226222727e-05
5.86375226222727e-05
5.86375226222728e-05
5.86375226222728e-05
5.86375226222729e-05
5.86375226222729e-05
5.8637522622273e-05
5.8637522622273e-05
5.86375226222731e-05
5.86375226222732e-05
5.86375226222732e-05
5.86375226222733e-05
5.86375226222733e-05
5.86375226222733e-05
5.86375226222733e-05
5.86375226222733e-05
5.86375226222721e-05
5.86375226222722e-05
5.86375226222722e-05
5.86375226222722e-05
5.86375226222723e-05
5.86375226222723e-05
5.86375226222723e-05
5.86375226222724e-05
5.86375226222724e-05
5.86375226222724e-05
5.86375226222724e-05
5.86375226222724e-05
5.86375226222719e-05
5.86375226222719e-05
5.86375226222719e-05
5.8637522622272e-05
5.8637522622272e-05
5.86375226222721e-05
5.86375226222721e-05
5.86375226222721e-05
5.86375226222721e-05
5.86375226222721e-05
5.86375226222721e-05
5.86375226222721e-05
5.86375226222722e-05
5.86375226222722e-05
5.86375226222722e-05
5.86375226222723e-05
5.86375226222723e-05
5.86375226222724e-05
5.86375226222724e-05
5.86375226222724e-05
5.86375226222724e-05
5.86375226222724e-05
5.86375226222724e-05
5.86375226222718e-05
5.86375226222719e-05
5.86375226222719e-05
5.86375226222719e-05
5.8637522622272e-05
5.8637522622272e-05
5.86375226222721e-05
5.86375226222721e-05
5.86375226222721e-05
5.86375226222722e-05
5.86375226222722e-05
5.86375226222722e-05
5.86375226222722e-05
5.86375226222722e-05
5.86375226222722e-05
5.86375226222722e-05
5.86375226222722e-05
5.86375226222723e-05
5.86375226222723e-05
5.86375226222723e-05
5.86375226222723e-05
5.86375226222724e-05
5.86375226222724e-05
5.86375226222724e-05
5.86375226222724e-05
5.86375226222725e-05
5.86375226222725e-05
5.86375226222725e-05
5.86375226222725e-05
5.86375226222725e-05
5.86375226222725e-05
5.86375226222725e-05
5.86375226222725e-05
5.86375226222725e-05
5.86375226222725e-05
5.86375226222718e-05
5.86375226222718e-05
5.86375226222718e-05
5.86375226222718e-05
5.86375226222718e-05
5.86375226222718e-05
5.86375226222718e-05
5.86375226222717e-05
5.86375226222717e-05
5.86375226222717e-05
5.86375226222717e-05
5.86375226222717e-05
5.86375226222716e-05
5.86375226222716e-05
5.86375226222716e-05
5.86375226222718e-05
5.86375226222718e-05
5.86375226222718e-05
5.86375226222717e-05
5.86375226222717e-05
5.86375226222718e-05
5.86375226222717e-05
5.86375226222717e-05
5.86375226222717e-05
5.86375226222717e-05
5.86375226222717e-05
5.86375226222717e-05
5.86375226222716e-05
5.86375226222716e-05
5.86375226222716e-05
5.86375226222716e-05
5.86375226222716e-05
5.86375226222717e-05
5.86375226222717e-05
5.86375226222718e-05
5.86375226222718e-05
5.86375226222718e-05
5.86375226222718e-05
5.86375226222718e-05
5.86375226222718e-05
5.86375226222718e-05
5.86375226222717e-05
5.86375226222717e-05
5.86375226222717e-05
5.86375226222717e-05
5.86375226222717e-05
5.86375226222716e-05
5.86375226222716e-05
5.86375226222716e-05
5.86375226222716e-05
5.86375226222716e-05
5.86375226222717e-05
5.86375226222717e-05
5.86375226222717e-05
5.86375226222717e-05
5.86375226222717e-05
5.86375226222717e-05
5.86375226222718e-05
5.86375226222718e-05
5.86375226222718e-05
5.86375226222718e-05
5.86375226222718e-05
5.86375226222717e-05
5.86375226222717e-05
5.86375226222717e-05
5.86375226222717e-05
5.86375226222718e-05
5.86375226222718e-05
5.86375226222719e-05
5.86375226222719e-05
5.86375226222719e-05
5.86375226222719e-05
5.86375226222719e-05
5.86375226222719e-05
5.86375226222719e-05
5.86375226222719e-05
5.86375226222719e-05
5.86375226222719e-05
5.86375226222719e-05
5.86375226222719e-05
5.86375226222717e-05
5.86375226222717e-05
5.86375226222717e-05
5.86375226222717e-05
5.86375226222717e-05
5.86375226222717e-05
5.86375226222717e-05
5.86375226222717e-05
5.86375226222718e-05
5.86375226222718e-05
5.86375226222718e-05
5.86375226222718e-05
5.86375226222718e-05
5.86375226222718e-05
5.86375226222718e-05
5.86375226222718e-05
5.86375226222717e-05
5.86375226222717e-05
5.86375226222717e-05
5.86375226222717e-05
5.86375226222717e-05
5.86375226222717e-05
5.86375226222717e-05
5.86375226222717e-05
5.86375226222717e-05
5.86375226222718e-05
5.86375226222718e-05
5.86375226222718e-05
5.86375226222718e-05
5.86375226222718e-05
5.86375226222718e-05
5.86375226222719e-05
5.86375226222713e-05
5.86375226222713e-05
5.86375226222713e-05
5.86375226222713e-05
5.86375226222713e-05
5.86375226222713e-05
5.86375226222713e-05
5.86375226222713e-05
5.86375226222712e-05
5.86375226222712e-05
5.86375226222711e-05
5.86375226222711e-05
5.86375226222711e-05
5.86375226222711e-05
5.8637522622271e-05
5.8637522622271e-05
5.8637522622271e-05
5.8637522622271e-05
5.8637522622271e-05
5.8637522622271e-05
5.86375226222711e-05
5.86375226222711e-05
5.86375226222711e-05
5.86375226222712e-05
5.86375226222712e-05
5.86375226222712e-05
5.86375226222713e-05
5.86375226222713e-05
5.86375226222713e-05
5.86375226222713e-05
5.86375226222713e-05
5.86375226222712e-05
5.86375226222712e-05
5.86375226222712e-05
5.86375226222713e-05
5.86375226222714e-05
5.86375226222716e-05
5.86375226222717e-05
5.86375226222711e-05
5.8637522622271e-05
5.86375226222709e-05
5.86375226222714e-05
5.86375226222715e-05
5.86375226222717e-05
5.86375226222718e-05
5.8637522622272e-05
5.8637522622271e-05
5.8637522622271e-05
5.86375226222712e-05
5.86375226222713e-05
5.86375226222708e-05
5.86375226222707e-05
5.86375226222706e-05
5.86375226222714e-05
5.86375226222715e-05
5.86375226222716e-05
5.86375226222717e-05
5.86375226222718e-05
5.86375226222719e-05
5.8637522622272e-05
5.8637522622272e-05
5.86375226222721e-05
5.86375226222722e-05
5.86375226222723e-05
5.86375226222724e-05
5.86375226222713e-05
5.86375226222714e-05
5.86375226222715e-05
5.86375226222715e-05
5.86375226222716e-05
5.86375226222716e-05
5.86375226222716e-05
5.86375226222717e-05
5.86375226222717e-05
5.86375226222717e-05
5.86375226222718e-05
5.86375226222718e-05
5.86375226222719e-05
5.8637522622272e-05
5.8637522622272e-05
5.86375226222721e-05
5.86375226222721e-05
5.86375226222722e-05
5.86375226222722e-05
5.86375226222722e-05
5.86375226222722e-05
5.86375226222722e-05
5.86375226222722e-05
5.86375226222723e-05
5.86375226222723e-05
5.86375226222724e-05
5.86375226222724e-05
5.86375226222724e-05
5.86375226222724e-05
5.86375226222724e-05
5.86375226222725e-05
5.86375226222724e-05
5.86375226222725e-05
5.86375226222725e-05
5.86375226222725e-05
5.86375226222725e-05
5.86375226222725e-05
5.86375226222725e-05
5.86375226222725e-05
5.86375226222725e-05
5.86375226222725e-05
5.86375226222725e-05
5.86375226222725e-05
5.86375226222725e-05
5.86375226222725e-05
5.86375226222725e-05
5.86375226222725e-05
5.86375226222725e-05
5.86375226222725e-05
5.86375226222725e-05
5.86375226222706e-05
5.86375226222706e-05
5.86375226222706e-05
5.86375226222706e-05
5.86375226222706e-05
5.86375226222706e-05
5.86375226222707e-05
5.86375226222707e-05
5.86375226222707e-05
5.86375226222708e-05
5.86375226222708e-05
5.86375226222708e-05
5.86375226222708e-05
5.86375226222708e-05
5.86375226222706e-05
5.86375226222705e-05
5.86375226222705e-05
5.86375226222704e-05
5.86375226222704e-05
5.86375226222704e-05
5.86375226222704e-05
5.86375226222703e-05
5.86375226222703e-05
5.86375226222702e-05
5.86375226222702e-05
5.86375226222702e-05
5.86375226222702e-05
5.86375226222702e-05
5.86375226222702e-05
5.86375226222702e-05
5.86375226222702e-05
5.86375226222702e-05
5.86375226222709e-05
5.86375226222709e-05
5.86375226222709e-05
5.86375226222709e-05
5.8637522622271e-05
5.8637522622271e-05
5.8637522622271e-05
5.86375226222711e-05
5.86375226222711e-05
5.86375226222712e-05
5.86375226222713e-05
5.86375226222713e-05
5.86375226222713e-05
5.86375226222712e-05
5.86375226222712e-05
5.86375226222712e-05
5.86375226222712e-05
5.86375226222713e-05
5.86375226222709e-05
5.86375226222709e-05
5.86375226222709e-05
5.86375226222709e-05
5.8637522622271e-05
5.8637522622271e-05
5.86375226222711e-05
5.86375226222711e-05
5.86375226222711e-05
5.86375226222711e-05
5.86375226222711e-05
5.86375226222722e-05
5.86375226222723e-05
5.86375226222725e-05
5.86375226222726e-05
5.86375226222727e-05
5.86375226222728e-05
5.86375226222729e-05
5.8637522622273e-05
5.86375226222731e-05
5.86375226222732e-05
5.86375226222733e-05
5.86375226222721e-05
5.86375226222722e-05
5.86375226222722e-05
5.86375226222722e-05
5.86375226222723e-05
5.86375226222723e-05
5.86375226222724e-05
5.86375226222724e-05
5.86375226222725e-05
5.86375226222725e-05
5.86375226222725e-05
5.86375226222726e-05
5.86375226222726e-05
5.86375226222733e-05
5.86375226222734e-05
5.86375226222735e-05
5.86375226222735e-05
5.86375226222735e-05
5.86375226222736e-05
5.86375226222736e-05
5.86375226222736e-05
5.86375226222736e-05
5.86375226222733e-05
5.86375226222733e-05
5.86375226222733e-05
5.86375226222733e-05
5.86375226222734e-05
5.86375226222734e-05
5.86375226222734e-05
5.86375226222734e-05
5.86375226222735e-05
5.86375226222734e-05
5.86375226222734e-05
5.86375226222734e-05
5.86375226222734e-05
5.86375226222735e-05
5.86375226222735e-05
5.86375226222736e-05
5.86375226222737e-05
5.86375226222738e-05
5.86375226222739e-05
5.86375226222739e-05
5.86375226222739e-05
5.86375226222739e-05
5.86375226222718e-05
5.86375226222718e-05
5.86375226222719e-05
5.86375226222719e-05
5.8637522622272e-05
5.86375226222721e-05
5.86375226222722e-05
5.86375226222723e-05
5.86375226222723e-05
5.86375226222724e-05
5.86375226222724e-05
5.86375226222724e-05
5.86375226222725e-05
5.86375226222726e-05
5.86375226222726e-05
5.86375226222727e-05
5.86375226222718e-05
5.86375226222718e-05
5.86375226222719e-05
5.8637522622272e-05
5.86375226222721e-05
5.86375226222722e-05
5.86375226222723e-05
5.86375226222723e-05
5.86375226222724e-05
5.86375226222724e-05
5.86375226222725e-05
5.86375226222725e-05
5.86375226222725e-05
5.86375226222726e-05
5.86375226222727e-05
5.86375226222728e-05
5.86375226222728e-05
5.86375226222728e-05
5.86375226222729e-05
5.86375226222729e-05
5.86375226222729e-05
5.86375226222729e-05
5.86375226222729e-05
5.86375226222729e-05
5.8637522622273e-05
5.8637522622273e-05
5.8637522622273e-05
5.8637522622273e-05
5.8637522622273e-05
5.8637522622273e-05
5.86375226222727e-05
5.86375226222727e-05
5.86375226222727e-05
5.86375226222727e-05
5.86375226222726e-05
5.86375226222726e-05
5.86375226222726e-05
5.86375226222727e-05
5.86375226222727e-05
5.86375226222727e-05
5.86375226222726e-05
5.86375226222726e-05
5.86375226222726e-05
5.86375226222726e-05
5.86375226222726e-05
5.86375226222726e-05
5.86375226222727e-05
5.86375226222728e-05
5.86375226222728e-05
5.86375226222729e-05
5.86375226222729e-05
5.8637522622273e-05
5.8637522622273e-05
5.8637522622273e-05
5.8637522622273e-05
5.8637522622273e-05
5.8637522622273e-05
5.8637522622273e-05
5.86375226222726e-05
5.86375226222726e-05
5.86375226222726e-05
5.86375226222726e-05
5.86375226222727e-05
5.86375226222727e-05
5.86375226222728e-05
5.86375226222728e-05
5.86375226222729e-05
5.86375226222729e-05
5.8637522622273e-05
5.86375226222729e-05
5.86375226222729e-05
5.8637522622273e-05
5.8637522622273e-05
5.86375226222731e-05
5.86375226222731e-05
5.86375226222732e-05
5.86375226222733e-05
5.86375226222733e-05
5.86375226222733e-05
5.86375226222734e-05
5.86375226222734e-05
5.86375226222735e-05
5.86375226222735e-05
5.86375226222736e-05
5.86375226222736e-05
5.86375226222736e-05
5.86375226222737e-05
5.86375226222737e-05
5.86375226222737e-05
5.86375226222729e-05
5.86375226222729e-05
5.86375226222729e-05
5.86375226222729e-05
5.8637522622273e-05
5.8637522622273e-05
5.8637522622273e-05
5.86375226222729e-05
5.86375226222729e-05
5.86375226222729e-05
5.86375226222729e-05
5.86375226222729e-05
5.86375226222729e-05
5.86375226222729e-05
5.86375226222728e-05
5.86375226222727e-05
5.86375226222727e-05
5.86375226222727e-05
5.86375226222727e-05
5.86375226222727e-05
5.86375226222727e-05
5.86375226222727e-05
5.86375226222727e-05
5.86375226222726e-05
5.86375226222725e-05
5.86375226222725e-05
5.86375226222729e-05
5.86375226222729e-05
5.86375226222729e-05
5.86375226222725e-05
5.86375226222724e-05
5.86375226222724e-05
5.86375226222724e-05
5.86375226222724e-05
5.86375226222724e-05
5.86375226222724e-05
5.86375226222723e-05
5.86375226222723e-05
5.86375226222723e-05
5.86375226222723e-05
5.86375226222723e-05
5.86375226222723e-05
5.86375226222723e-05
5.86375226222723e-05
5.86375226222723e-05
5.86375226222723e-05
5.86375226222738e-05
5.86375226222738e-05
5.86375226222739e-05
5.8637522622274e-05
5.86375226222741e-05
5.86375226222742e-05
5.86375226222737e-05
5.86375226222737e-05
5.86375226222737e-05
5.86375226222737e-05
5.86375226222737e-05
5.86375226222737e-05
5.86375226222736e-05
5.86375226222736e-05
5.86375226222735e-05
5.86375226222735e-05
5.86375226222735e-05
5.86375226222735e-05
5.86375226222735e-05
5.86375226222734e-05
5.86375226222734e-05
5.86375226222734e-05
5.86375226222734e-05
5.86375226222743e-05
5.86375226222745e-05
5.86375226222746e-05
5.86375226222747e-05
5.86375226222748e-05
5.86375226222749e-05
5.8637522622275e-05
5.8637522622275e-05
5.86375226222751e-05
5.86375226222751e-05
5.86375226222752e-05
5.86375226222752e-05
5.86375226222752e-05
5.86375226222752e-05
5.86375226222752e-05
5.86375226222753e-05
5.86375226222753e-05
5.86375226222753e-05
5.86375226222753e-05
5.86375226222741e-05
5.86375226222741e-05
5.8637522622274e-05
5.86375226222739e-05
5.86375226222739e-05
5.86375226222739e-05
5.86375226222734e-05
5.86375226222733e-05
5.86375226222733e-05
5.86375226222733e-05
5.86375226222733e-05
5.86375226222733e-05
5.86375226222733e-05
5.86375226222734e-05
5.86375226222734e-05
5.86375226222734e-05
5.86375226222734e-05
