0.05
0.0372790498046866
0.034909586400641
0.0311128770770896
0.0357333649456121
0.0336675142488642
0.0317227682215001
0.0372268795434502
0.0351492603027222
0.032032724320427
0.0302395781236062
0.0289697607095528
0.0280003235354853
0.026556151204427
0.02439561751186
0.0373280894778313
0.0307812180499137
0.0247257099439964
0.0237972926862716
0.0198439597726565
0.0158887208357753
0.0149458356201206
0.0144425415356227
0.0139365358727376
0.013180833941501
0.0118659835120972
0.0103017933628245
0.00894257890801058
0.00779071992499552
0.00680939845382981
0.00596564377094669
0.00519640060007777
0.0370708883316687
0.03521893111414
0.0327395486251478
0.0307064270860985
0.0290114134104404
0.0276909957943129
0.0266393862851276
0.0255979833166805
0.0293443908982005
0.0277006727923237
0.0257470129663931
0.0236834847341724
0.0209713349131824
0.0288068872577979
0.026761999094155
0.0246780233884292
0.0194728299472696
0.0177999189055907
0.0161315196911341
0.0146765815313774
0.0132538777813
0.0118864975166549
0.0107127598857688
0.00960550475961771
0.00853407554336397
0.00758976304555515
0.00670969873469482
0.00590443982491209
0.00514578191122426
0.00446560187330085
0.00386030308991796
0.00328388913818304
0.00275394278165607
0.00224189401479899
0.00172736097896428
0.00122208763730756
0.00075459025452841
0.00033108596222359
-4.13350076056791e-05
-0.000359245730835108
-0.00071000261803411
-0.00108667484212275
-0.00142930327576565
-0.00173912560834766
-0.00199716865746411
-0.00221453121390214
-0.00238795765182157
-0.00251574615680865
-0.00259995790974585
-0.00264312285800532
0.0200399287241432
0.0192986934873515
0.0185109232085369
0.0177006648888336
0.0169823553647202
0.016362176862646
0.0157890648043059
0.0153776601748046
0.01506172320618
0.0148310314210161
0.0147105221380227
0.0235556486755647
0.0221172205867864
0.0201979170770362
0.0220997096600772
0.0188072813002666
0.0154055790037074
0.0196546207470942
0.0190542247545306
0.0183874382077557
0.0189819868176535
0.0170534263953125
0.0147777630436337
0.0131602821539912
0.0117618270554904
0.0102845108993897
0.00884320512343277
0.00772102720769099
0.00677691617474842
0.00587713145458353
0.00511871934667068
0.00446744592944839
0.0039561068287093
0.0035960525735864
0.00337011545314849
0.0032448796301665
0.0172115263513406
0.0154682395751521
0.0133523197675636
0.0113407780224743
0.00965005728059049
0.00804195336645256
0.017546749292782
0.0167547597062629
0.0159313380673895
0.00730101067634804
0.00666112630371651
0.00620520484283898
0.00592937358291553
0.00582958677371539
0.00592255012904103
0.00619581769672317
0.00666260293752563
0.00738165746116947
0.00841351380668436
0.00979745705325345
0.0115471028421524
0.0136830719864594
0.0162668042651566
0.0193158552982216
0.0227544567343384
0.0264047305807705
0.0300853812261783
0.0337070383320661
0.0369698052969075
0.0399630733270962
0.0423207349061771
0.0438756264129428
0.0444116624391808
0.0437842201073566
0.041233676072816
0.0366430694621576
0.030304166128913
0.0240432392316146
0.0191159053913769
0.0152639774372
0.0124587522483437
0.0109518724113655
0.00993445227279229
0.00731574271235716
0.00675285449915491
0.00636022443319814
0.00608612535209974
0.00598026271982695
0.0060592041738348
0.0063162955991522
0.00679898047447321
0.00750762839500832
0.00848661653378589
0.00975410124432994
0.0113617806934701
0.0133543458413598
0.0156886158040186
0.0182778201458108
0.0212055765302032
0.0241984199864284
0.0269994988643098
0.0295537012068651
0.031829072059319
0.0337087847794077
0.0350469126703028
0.0357607946189907
0.0146600589754544
0.013457378886382
0.0123628002600664
0.0113938630710486
0.010537879400484
0.00977202779045812
0.00908227686508718
0.00848888014633022
0.0080001375697861
0.00760796479261154
0.00731086145987703
0.00711168777040809
0.00700872944872526
0.0147464493096154
0.0135651777448504
0.0124354168903029
0.0114292114977963
0.0105054857715858
0.00967189814933397
0.00895716235973426
0.00831301845575712
0.00763704870363125
0.00695026105934177
0.00630736601482355
0.00575840988675821
0.00530567035967621
0.00492670100734783
0.00463640695272468
0.00443153977613995
0.00431537805384715
0.00427595219073213
0.00429835706139942
0.00440902974464183
0.00462966183964104
0.00490493171564891
0.00531000434534614
0.00577857163748275
0.00635366031845919
0.00709189220040192
0.00801987920742915
0.00912138812167828
0.0103288725025449
0.0115704384797659
0.0128525574915316
0.0141820060551805
0.0153877879551619
0.0165527088384338
0.0176658924489247
0.0184524415336664
0.0188828272728278
0.0139093747746094
0.0125587015764598
0.0113187966531532
0.0100680142083629
0.00897634023363548
0.00780120782796181
0.00675925641100968
0.0058638486726136
0.00491843263911878
0.00404638221525948
0.0034304076503465
0.00252614248777092
0.00193701932610367
0.00122088281261478
0.000490221914543736
-5.38281616015539e-05
-0.000399111111518815
-0.000746712141715904
-0.00104017742487477
-0.00125539613208722
-0.00140359243621888
-0.00147467903700454
0.014172264175306
0.0129783049786693
0.0118197255056455
0.010703324573878
0.00967817650955019
0.00873938649676663
0.007869329683067
0.0070031646180529
0.00627885076667018
0.00554962088983951
0.00481845113756288
0.00411602727908363
0.00314229796807039
0.00218633670094993
0.00132963537617527
0.000554163349681313
-0.000122088299581722
-0.000725472715062922
-0.00121895941145922
-0.00171705525510941
-0.00215749511622023
-0.00251669959392739
-0.00279929524268022
-0.00301511962938312
-0.00315534415764482
-0.00322994728912318
0.0311533844836632
0.0304944475259198
0.0296439223754817
0.0309605106858626
0.0303719514051743
0.0298392374697838
0.0292244565844108
0.0286922942199333
0.0279787994593117
0.0291961807184
0.0285957236515812
0.0276963457096053
0.0266073512613361
0.0253935287176499
0.0238830192632199
0.0220812592985677
0.0202025970296003
0.0184745388496753
0.0167981033319362
0.0153042567515937
0.013991566618107
0.0127457052529488
0.0112781355667345
0.00963848847736217
0.00834355935663671
0.00692147379716868
0.005831975906684
0.00476899162126013
0.0038505640192259
0.0029166685792907
0.00206408862994593
0.00131466525416659
0.000612817756834759
-3.61106728986094e-05
-0.000621644202237584
-0.00115228779251855
-0.00158985740177273
-0.00196240711407495
-0.00231731114633539
-0.00258456586124339
-0.00277561019663289
-0.00290198699381395
-0.00296772640501673
0.0283387834033841
0.0287554285714206
0.0289238748541614
0.0286721533471776
0.0280225560675193
0.0270479821368565
0.0258673411008523
0.024581309801013
0.0233813258282164
0.022332411802598
0.0215051262202505
0.020943487322299
0.0206456842244631
0.0245366539665661
0.0214761678039196
0.0179293721021589
0.0164537765285715
0.0149475354741381
0.0133845811520334
0.0165066052248048
0.0149294230233557
0.0131318235506983
0.0115514025452851
0.01011569770787
0.00877829864197524
0.00757381126946182
0.00649419048411166
0.00550535781266207
0.00462801395257359
0.00383448303410295
0.00310975206655635
0.00246080988673965
0.00186408446661688
0.00132939528507126
0.000851234903774289
0.000432162900586163
5.79228975244825e-05
-0.000258488151863261
-0.00052316266807875
-0.000747617475948578
-0.000956142963403555
-0.00113474249302644
-0.00127430141989021
-0.00137530126653873
-0.00143526928969784
-0.00146943638521154
0.012180464983017
0.0108673692576123
0.00946636687868926
0.00810612761879329
0.00697226217524899
0.00592872465166015
0.0049048163507169
0.00403655857764442
0.00332663310124279
0.00258419354319263
0.00185206906667984
0.00117364184211282
0.000601745380452707
0.000145556624920308
-0.000325536198400929
-0.000748140905832197
-0.00113037361072736
-0.0014569976980131
-0.00172702618013241
-0.00191587246898146
-0.00206365215615041
-0.00219708232230616
-0.0022960021820426
-0.00234194420100539
0.0120402049862027
0.0107490250664603
0.00966596996628252
0.00862814418988012
0.00778399548875049
0.00695520498609349
0.00622670236355713
0.00569431681933572
0.00525247920035929
0.00486833293352362
0.00460295182529545
0.00444674564930691
0.0295867755702562
0.0291807054274127
0.0284879161510974
0.0273446671951767
0.0259271095145267
0.024477993089744
0.0228497110643039
0.0211325172629278
0.019501111103563
0.0178895673465143
0.0163173443350216
0.0149011050820232
0.0136831686976414
0.0124538796032267
0.0112168906973257
0.0101226645006378
0.00921196412010743
0.00843798996472283
0.00778800721769022
0.00727190879185076
0.00689922008923202
0.00665527798544202
0.00651384890293335
0.0294671710427264
0.0289437916687031
0.0281514436666123
0.0269151860856685
0.0252495976164265
0.0233643170148929
0.0214014343722699
0.0194160483720143
0.0174845973201156
0.0156506339105113
0.0139276398588116
0.0123740152129172
0.0108788445966226
0.00944140957937777
0.00814423514718572
0.00698119842432781
0.00591744285713741
0.00493065657028516
0.00401644821338158
0.00318498446479737
0.00242165588085101
0.00172273413338383
0.0011010671749546
0.000522253859264153
-0.000102356800606678
-0.000725000934209103
-0.0012932771580528
-0.00180449845452654
-0.00224164598324793
-0.00261237652457803
-0.00292564799544953
-0.00316768097307072
-0.00335792391428004
-0.00347484594908351
-0.00353917208182925
0.0227432032733729
0.0206322074593546
0.0179148329433839
0.0247601799456428
0.0250538434298728
0.0252070492660523
0.0164811577646408
0.0150630313349403
0.0137883186767539
0.0126858594922131
0.01186104048543
0.0111763554546404
0.0106629609767153
0.0103267062724088
0.0101588623665285
0.0152834740836822
0.0130063269183473
0.0109084778839917
0.00890051679365741
0.00794465509779867
0.00717139873806262
0.00644754502119777
0.00580596394986614
0.00526495420712838
0.00478775272746006
0.00437825008205485
0.00403109498063567
0.00374005842289675
0.00350318214252165
0.00331661895432226
0.00318139630251288
0.00309898087178643
0.00306917273300322
0.00308695893050604
0.00315319562390852
0.00327336405251585
0.00343540993325895
0.00363516278026471
0.00386223485154424
0.00409719767460122
0.00432544469971497
0.00453792108601836
0.00471372711070969
0.00483796306621269
0.00490518260082378
0.00808555341026594
0.00746036843005143
0.00699787825274502
0.00653768234389855
0.0063252483849316
0.00617378943451812
0.00488825842192334
0.00462303206670835
0.0044058733723157
0.00425243176495654
0.00417253618194598
0.00416449597564059
0.00422515900868661
0.00435395253153536
0.00455953721515721
0.00485399440332162
0.00523465363106115
0.0056975868428069
0.00628938520629081
0.0070544031241405
0.00798483082064498
0.00911871073410945
0.0104909660825909
0.0121236942082411
0.0140219913787525
0.0161637681611984
0.0184971713430944
0.0209494434730272
0.0234119520850114
0.0257526956568158
0.0278567963579068
0.0296320480346824
0.0310061870050615
0.0319326183184339
0.0324129060812454
0.0047554583817039
0.00442808129556912
0.0041564429372512
0.0039502385321442
0.00380974827856063
0.00373617914147658
0.00371467552225392
0.00374625708753082
0.00384174857899953
0.00399147864334338
0.00418715154319714
0.00445371115974644
0.00482441919115528
0.00535094480008767
0.005993973557266
0.00673279031570167
0.00761252149868931
0.00866064033972952
0.00991044250302509
0.0114332462404522
0.0131219167459772
0.0152909628443786
0.0169755021351777
0.0189026041330267
0.021491041942017
0.024040055630041
0.0265376078119813
0.0289013712526039
0.0307987524924485
0.032293015397626
0.0333085498889243
0.0338476758527017
0.0243409793812595
0.0227474398438938
0.021176091708776
0.019824072367824
0.0186021992478892
0.0252241203553967
0.0245448515904276
0.0236570341971069
0.0229115392264643
0.0220723769211013
0.0210810210791794
0.0201399460914492
0.0191270290460412
0.0179483398127679
0.016602806256384
0.0154083888457913
0.0142458387079487
0.0131326447271552
0.0120773697672298
0.0110991251293268
0.0102082605921843
0.00938950313023745
0.00869637209860267
0.00787135736886334
0.00712662998169223
0.00654071087785902
0.00603715130531169
0.00561916474705088
0.00531471516216814
0.00512396480621159
0.00501627829091937
0.0184638357513569
0.0184978157210864
0.0188030499908794
0.0172146203978791
0.015465140910846
0.0136385718374515
0.0119273171519488
0.0194459837226902
0.020024316507156
0.0205583751867215
0.0183109424145896
0.0182127599131759
0.0184746396537183
0.0189616774415997
0.0199975026019874
0.0211970081179604
0.0231014502041032
0.0261686349690595
0.0297611254268516
0.0210432515899279
0.0217264024410663
0.0226553792306624
0.0317715975208537
0.0342434939380501
0.0369607675094349
0.0392657805820363
0.0413455351797375
0.0428654439961928
0.0434660538428789
0.0428617084133287
0.0403685606539234
0.0353256223786712
0.0282374825098238
0.0197520065591007
0.0317187251063302
0.0338951322420149
0.0363104185042747
0.0381105761046495
0.0403542236721274
0.0419505282088021
0.0436228915103409
0.0448904650785607
0.0455543761182073
0.0457059694239612
0.0452064397073135
0.0437917686172782
0.0413636071408218
0.0377813152348942
0.0325066836018871
0.0273266590804049
0.0221204111862623
0.0180815011678206
0.014713592847582
0.0120545957770522
0.0101352409827769
0.00867056598683752
0.00761505931157404
0.00700154027593608
0.0067019826397669
0.0162310247976757
0.0133279762342702
0.0110871641345572
0.00959161303797862
0.00834425268951621
0.00762182461031582
0.00723474848998759
0.015766454503761
0.0124383332138262
0.00964676710774326
0.0074750957865726
0.00568095143279838
0.00417099697996391
0.00293160945904943
0.00191006254798658
0.00108113332869821
0.000413178003297415
-0.000149951236247073
-0.000616736341053658
-0.000988269440624114
-0.0012681367171992
-0.00147158201802794
-0.00162269218062675
-0.00172335967424138
-0.00177315173157216
0.0234857364034162
0.0246501050034303
0.0262269538294801
0.0282084470902483
0.0303905379467484
0.0325947926010689
0.0347826323699164
0.0369133656890808
0.0389426388124655
0.0408211380643565
0.0424946035207321
0.0439072710752519
0.0450062691938958
0.045789749514884
0.0228218202030484
0.0231340267539905
0.0235762151442805
0.0241331756629234
0.0247240905197544
0.025398838959106
0.0261495511193277
0.0269396603693338
0.0277637328657833
0.0286771795201476
0.0296808065894703
0.0306640495053
0.031522021966542
0.0322532196275525
0.0328254567241016
0.0332880181345736
0.0335895729460524
0.0337600876093262
0.0458211100321251
0.0453838778958162
0.0445025742460521
0.0428448796204725
0.0404688146272664
0.037579508981106
0.0332905295276832
0.0276985200179468
0.0224752709346999
0.0183476658686859
0.0151843731184077
0.0126869781752322
0.0106303207849382
0.0089974986358293
0.00779400149954042
0.00699598496898326
0.00648840315010687
0.00621278527230703
0.0461851260660892
0.0462306151903159
0.0459472443879102
0.0453232768992711
0.0443108789161316
0.0428552629539242
0.0410291182107729
0.0390930311400047
0.0373383538340374
0.0360142097573501
0.0352802948458186
0.0216566667478638
0.0238436448719951
0.0265640940162591
0.0293819612049823
0.0321785095704333
0.0349817625924685
0.0375570515663283
0.0399940369768273
0.0419043277319882
0.0431193778557555
0.0434498757964184
0.0199700669581386
0.0202642849340398
0.0207755883149824
0.0215858344792225
0.022430429356533
0.0235742802593544
0.0246819610949027
0.0257331665970071
0.0268083922388486
0.0274588407810863
0.0281163064944642
0.0285445111244947
0.0287638066219274
0.0436422056612912
0.0427198475453318
0.0408838628653919
0.0378670904427243
0.0344757606607618
0.0309548316988238
0.028191883460576
0.0260206531853937
0.0247187408665318
0.04250829219
0.0403577713204588
0.0369068231553654
0.0324062404364309
0.0274777220610448
0.0227967895883244
0.0187048668130285
0.0152117717866927
0.0123456078408443
0.010019427850206
0.00804566284741809
0.00645253409840488
0.00516467668813886
0.00410092936893084
0.00322314376690599
0.00246870321937195
0.00182924691567281
0.0013225506172779
0.000957164426799696
0.000687397225994666
0.000507880516454402
0.000419671413235107
0.0112894541419468
0.010740389250749
0.0103555256315331
0.010175145008035
0.0101921736941887
0.0104066239182427
0.0108729274373865
0.0115633535711412
0.0122149781468602
0.0132356762836523
0.0146896019831267
0.0162043915584628
0.0180043449431943
0.0201563196233691
0.0224105665296032
0.0249353282253295
0.0112152013706189
0.0106424959353306
0.0102459546173485
0.0100270775177889
0.0099768014575846
0.010105211619508
0.0104467339946921
0.0110570710453593
0.0119555809473929
0.0130997274551738
0.0143896688034587
0.0157249739265365
0.017159472253246
0.0191003777726575
0.026773164200684
0.0291572751571546
0.031617825325021
0.0339639665572997
0.0364456872760879
0.0386843591070025
0.0407409899350452
0.042925264631086
0.04455779337882
0.0459266152857802
0.0469693735283128
0.0477713686097544
0.0483349256679786
0.0487065331057293
0.0489333551757947
0.0490434709734849
0.0264451317333215
0.0281095239718041
0.030002813299503
0.0318423565936292
0.0335448257878337
0.0353972095485604
0.0371155109503049
0.0385885234396323
0.0398372857436904
0.040934755947179
0.0419117793272709
0.0427404711743492
0.0433608921798017
0.0437035765333016
0.020770361734784
0.0224685804770755
0.0242697689403567
0.0262688432457947
0.0283540460144562
0.0305137435716969
0.0325998673140196
0.0346778662990908
0.0368282002969713
0.0389165234381224
0.0407844050845364
0.0424063765080527
0.0438294718036407
0.0450707884283812
0.0196765167913338
0.0205283186395511
0.0215300852938413
0.0228650554971967
0.0247988554872676
0.0269538323506787
0.0289972518615773
0.031300682582131
0.033673805070222
0.0359690045191277
0.0381473255491034
0.0399559178974243
0.0416240117142376
0.0429588440274967
0.0438509494713188
0.044177227479451
0.0438764761173194
0.0427227536951975
0.0405162430617261
0.037159844081089
0.0328049567767317
0.0279678771020867
0.0232381490116046
0.0190149828065212
0.0153843968139621
0.012214174883532
0.0095112205947528
0.00726137761131236
0.00527691567711819
0.00352796513002527
0.00185529564124711
0.0453902359527246
0.0454059880638684
0.0449762642196978
0.0438699966016631
0.0417493394398564
0.0385817863755147
0.0349191472101422
0.0306411791763748
0.0260059428640634
0.0218451392172319
0.0181451879774658
0.0150626107405813
0.0123847448000105
0.00995762753517202
0.00799898860117976
0.00643336701043547
0.00498175451138621
0.00371552153404024
0.00267581211627161
0.00184056755703461
0.00113555207295556
0.00049902434891651
-5.60095820328863e-05
-0.000524414799682126
-0.000934388117071759
-0.00131845119906393
0.0458901286644328
0.0464343229324965
0.0467719448735414
-0.00163204082814007
-0.00197233498466199
-0.00232420094212902
-0.00265361531287579
-0.00294691627615412
-0.00322072040148573
-0.00149765335976095
-0.00166890722893331
-0.00176565921643508
-0.00182343655561962
-0.0033884359528185
-0.00350791043761007
-0.00358316427794964
-0.00362147956116861
-0.00332800444052732
-0.0033947984692258
-0.00342584764939463
0.00100743040322765
0.000296572333840887
-0.000277995999930552
-0.000789664020211948
-0.00127790571395929
-0.00173385860483596
0.00106460735968034
0.000427031362210967
-0.00011992045181709
-0.000594345335561696
-0.00101465088167527
-0.00136384031850179
-0.00170452063471087
-0.0019990541340326
-0.00227246730209715
-0.00252503915305569
-0.00275304052957884
-0.00296825395897239
-0.00316479720848743
-0.00335188456767349
-0.00352473483089006
-0.00367949556846659
-0.00383143845382727
-0.00205633465284678
-0.00231444102836995
-0.00256517315328161
-0.00278905011369093
-0.00300960969934372
-0.00321371813809466
-0.0034033810206224
-0.00357875486646433
-0.00374103638783812
-0.00388741613775886
-0.00402277400835076
-0.00414737568367666
-0.00425866405905182
-0.0043539095023328
-0.00443232243192981
-0.00449446181101015
-0.00454072333866416
-0.00457127401003959
-0.00458694350977149
-0.00184070692799337
-0.00191420479172704
-0.00197117073577381
-0.00200929034405917
-0.00203253567833987
-0.00204408941450263
-0.00395358354741382
-0.00407517437633459
-0.00418147704589975
-0.00426433921932014
-0.00432996672765086
-0.00437325009210233
-0.00439580626175404
-0.00390422500959354
-0.00396610603827038
-0.00400868642215024
-0.00402971035495823
