0.05
0.0375651472662207
0.0360352104186518
0.0339698489210633
0.0356939521602737
0.0333049685538648
0.0309294501971077
0.0374130616426546
0.0351666001899005
0.0317930370027899
0.0301126705331926
0.0293789536921687
0.0292076100546595
0.0294772446476705
0.0304449209291181
0.0375648830547016
0.0329220372460454
0.029127856895696
0.0287586050590781
0.0281390593294737
0.0277923664476438
0.0277788291114271
0.0278257975353104
0.0279435128920351
0.0282251882363579
0.0287947898307628
0.0292897455838063
0.0291444590909316
0.0281103471337724
0.0261699368047595
0.0235337486405669
0.0203772879677996
0.0373112004747515
0.0356303631234182
0.0334696024496371
0.0318010350490355
0.0305237184608211
0.0296387462420104
0.0290508212012093
0.0286052523878218
0.0332510115346165
0.033370464065702
0.0341221522869059
0.0352306238387532
0.0367944815968274
0.0329595743253829
0.0322677249824537
0.0316883661488751
0.0377805320140294
0.0387336035982629
0.0394090566747185
0.0396199012067912
0.0392842185077355
0.0381991077350101
0.0364426118709235
0.0339354899736694
0.0307024686128002
0.0273291708216026
0.0239277274295708
0.020763207286218
0.0178485755414282
0.0153509828814545
0.0132475635657302
0.0113649015700058
0.00974548964752865
0.00828193709420928
0.00690280086727297
0.00562781847506385
0.00451340293347904
0.00355803751942677
0.00276234138618715
0.00211665738575717
0.00143733658409776
0.000738014604292838
0.000123132718635113
-0.000417863462850068
-0.000859233711417031
-0.00122554601172464
-0.00151484672958322
-0.00172661145184319
-0.00186559741615736
-0.00193667861511894
0.0371258943967917
0.0373885860379588
0.0376848569976357
0.0380207095012018
0.0383513170003148
0.0386644858026831
0.0389786097371594
0.0392187141046524
0.0394117859521089
0.039557777706039
0.0396357552638385
0.0316830182591004
0.0316561410000245
0.0315324804172773
0.0303311950634448
0.0282621765737203
0.0255322281219953
0.03141903600268
0.0312757504083856
0.0310963702340232
0.0316825860805299
0.0313882770297507
0.0302403877515383
0.0287740240533432
0.027039313672936
0.0248019258853597
0.0223394578742091
0.0203213889099857
0.0185989926733363
0.0169652026271719
0.0156103659316104
0.0144705388654638
0.0135936195945753
0.012986700094586
0.0126107713560874
0.0124042208850916
0.0303302776678525
0.0282992698938484
0.0250061582890154
0.0212589251272574
0.0178155369625796
0.0143733490423516
0.0308772295389204
0.0306166900564718
0.0302884694240244
0.0128154753171402
0.0113343168369179
0.0100869810015316
0.00904687434853884
0.00815039293433962
0.00742375849317015
0.00686630779704093
0.00642397912028296
0.00607261893477422
0.00582051071365058
0.00567818584682278
0.00564784744513463
0.00572730683634781
0.00592304277026422
0.0062521300183163
0.00673726378278161
0.00740184434602822
0.00827703844982365
0.00942638132686178
0.0108421283913951
0.0126893663796666
0.0149296180612254
0.0175860307271386
0.020828348490534
0.0235288685056732
0.0271515756826189
0.030484358773976
0.0337290607003205
0.0366443008482391
0.0390285526388395
0.0410306967825878
0.0425857127933715
0.0434513249919953
0.0440508743309823
0.0126666841827835
0.0111701533061752
0.00988712050713534
0.0085805120552702
0.00737578460596194
0.00630063259146489
0.00538558735067455
0.00450757438227831
0.00372074099163269
0.00299058870353484
0.0023189571257373
0.00168915523686985
0.00109494903272257
0.000548918211971673
5.67993006221926e-05
-0.00040962106627084
-0.00082224472201191
-0.00116786290337592
-0.00145721237830992
-0.00169804068594759
-0.00188666493942222
-0.00201589904139134
-0.00208324178393559
0.0299966470443429
0.0293014139971543
0.0283055620540272
0.0271363856572438
0.0258898122399044
0.0246207058413786
0.0233705741547056
0.0222289234499975
0.0212527245411372
0.0204515305216307
0.0198366368489281
0.0194215603741852
0.0192062835783596
0.0292481949229723
0.0277996997397872
0.0260572697506397
0.0242369181141379
0.0223785410258339
0.0205820757060808
0.0189728913939001
0.0174799010532627
0.0158787067113725
0.0142193694094152
0.0126270114933597
0.0112130160017908
0.0099730440671873
0.00883627376414023
0.0078414899708074
0.00697636105604492
0.00625922751557944
0.00566969141230771
0.00511563927212807
0.00438338127910248
0.00351706549442935
0.00276070928862419
0.00194592369797572
0.00123660334970369
0.00056054872098321
-0.000114560595657201
-0.000770659467286253
-0.00137453496057334
-0.00189757586161031
-0.00233570318917603
-0.00271490233070361
-0.00305057178951862
-0.00331623147619719
-0.00354534067166182
-0.00374522764452827
-0.00387820274918235
-0.00394838596670606
0.0241482013107651
0.0226754358833255
0.0211805682414403
0.0195720808287169
0.0181159875833649
0.0165185809573769
0.0150960629701691
0.0138794103265063
0.0126079489047561
0.0114509111720488
0.0106430113131295
0.00947202967753326
0.00871848441893804
0.00781269087955023
0.00689932643497617
0.00622568452443914
0.00580081626874926
0.00537526470070128
0.00501759709823736
0.00475618543137959
0.00457662198002387
0.00449061174196362
0.0244016983850714
0.0230963851532201
0.0216702889803818
0.0201818631213745
0.0187451583134237
0.0173930185597982
0.0161250582151319
0.0148614696760849
0.013812397125242
0.0127696763121405
0.0117426747967432
0.0107736394495228
0.00945262679393104
0.00817598036975675
0.00704855041280603
0.00604153161583295
0.00517317844440951
0.0044056081695198
0.00378261987804369
0.00315823405523688
0.00260968186492202
0.00216458174680264
0.00181566900893273
0.00154990131171416
0.00137754112235171
0.00128594472726396
0.0302945229700426
0.029583748462721
0.0287093115831556
0.0298722673926941
0.029078119126255
0.0285029054182325
0.028300358144622
0.0277975085754662
0.0271418428062738
0.0282997293662713
0.0282421644687803
0.028706085171209
0.0294898613886027
0.0304100911152142
0.0315761327167859
0.0330094450915267
0.0345705359013431
0.0360680683712115
0.037554234047297
0.0388481355917462
0.0398587549133567
0.0405347846675572
0.0407378717971458
0.0399048423955981
0.0379187075202271
0.0337671306925681
0.0292551426979911
0.0242121498387387
0.0198448534464381
0.0156855366712105
0.0122537742900805
0.0095468815185777
0.0072706522682787
0.00537586814675381
0.00382560904176852
0.00254008848107615
0.00155659968183868
0.000769087561364394
5.88251699774516e-05
-0.000453369492286872
-0.00080841854217602
-0.00103838999140061
-0.00115647682275137
0.0249262665831033
0.0222424640292416
0.0196665014448001
0.0175175423888669
0.0158836575531131
0.0146311690131266
0.0136993449551748
0.013013951867656
0.0125512150961669
0.0122431325666116
0.0120498069429446
0.0119400746347166
0.0118886290422448
0.0260127456404956
0.0249485632230802
0.0234158301978273
0.0226495877116525
0.0217369138840606
0.0206697381600496
0.0226650845868387
0.0214329346143318
0.0196624472300145
0.0178469792279897
0.01601387141459
0.014174680984151
0.0124287744296759
0.0108007070559239
0.00926069266822084
0.00785656194949454
0.00655616220032119
0.00534302873495331
0.00423567252512421
0.00319900099431469
0.0022538948110199
0.00139390904326276
0.000626395690458909
-7.27879675214552e-05
-0.000677689874893462
-0.00119788187631892
-0.00165375984687828
-0.00209304727322938
-0.00248333975513093
-0.00279966545522201
-0.00303638817538693
-0.00318047197318547
-0.00326408041185439
0.0194051147372807
0.0177945226715168
0.0158950633800659
0.0139303098544791
0.0122270101705022
0.0106164527213709
0.00900310708417799
0.00761494688734093
0.00646948693899145
0.00526407508131749
0.00407095302529015
0.00296402298938281
0.00203143367128517
0.00128829637252906
0.000521461312636492
-0.000166726830031403
-0.000790687039369759
-0.00132654927217121
-0.0017728510279568
-0.00208759562276781
-0.0023360643119315
-0.00256256155317173
-0.00273187618273364
-0.0028109095855476
0.0199576827847222
0.0190953293726969
0.0182465279728062
0.0173340723891996
0.016530540252786
0.0156944544967251
0.0149274432343776
0.0143509159106657
0.0138626889551724
0.0134321738998878
0.0131323716489407
0.0129550423612863
0.0280851343264716
0.0279011765103008
0.0279875651005837
0.0283994716662267
0.0290640862793528
0.0298439162431696
0.0308243784446369
0.0319801380281235
0.0332027497687816
0.0345411836537999
0.0359864378136695
0.0374195354192152
0.0387594641996066
0.0402075091525102
0.0417336978875215
0.0431164407736424
0.0442709907847332
0.0452391637951658
0.0460309705881473
0.0466381583486261
0.0470611344356478
0.0473296484977985
0.047481683682085
0.0285578669580279
0.0289654821318167
0.0297594270811329
0.0310117459337499
0.0325811932852607
0.0341957853103676
0.0357119709292003
0.0370609708056238
0.0381365900854719
0.0388334326287521
0.039041511012903
0.0386656430937303
0.0375758325968241
0.0356234557792213
0.0329656312909244
0.0298834665185159
0.0266245098288682
0.0233999532264798
0.020386983258729
0.0177198711193228
0.0153830613637135
0.0133611149648277
0.0116701989076082
0.0101965056275435
0.00870744615601223
0.00730360244069839
0.00608587936941979
0.00503986005284965
0.00418063704475192
0.00347631692159863
0.00289797139866379
0.00246121975002793
0.00212407121619206
0.00191939046147164
0.001807669011232
0.0317557963004597
0.0334418420916093
0.0355474428648794
0.0295666128129993
0.0288215939468306
0.0284206698146311
0.0373618997765515
0.0390892082112389
0.0406399619127927
0.0420004189410792
0.0430318845410977
0.0438947540843671
0.04454280665127
0.0449662462412027
0.0451769413152745
0.0366210886446496
0.0368128287646215
0.0358093341226963
0.0333289752064799
0.0302192777584864
0.0269672850112935
0.0234308547508149
0.0200389540999075
0.0170751403213428
0.0144118919975706
0.0120859253461816
0.0100594340816789
0.00828012260692993
0.00671778476800417
0.00532802566696565
0.0040982995975202
0.00302504233719475
0.0021120342941682
0.00133431139799357
0.00059753821587319
-0.000117334945322576
-0.00074546266672559
-0.00130031922355579
-0.00178003392999248
-0.00217710775020355
-0.00249950290871969
-0.00275937224798944
-0.0029519126511189
-0.00307784382910685
-0.00314279715959954
0.0332397825959495
0.0326003444694007
0.03177402906173
0.0306001896390896
0.0299617100311833
0.0294552575259546
0.0188655199650534
0.0171341710127075
0.0152531659789778
0.0133938200112286
0.0117120400835857
0.0102450972739976
0.00898938262904521
0.00791832142661655
0.00698937961063711
0.00619326828211696
0.00554743388225617
0.00503776500517384
0.00461254101444408
0.00426412808826533
0.00400728498336851
0.00383195335505221
0.00373542313854983
0.00371791348576541
0.00377965457640282
0.00391958059577767
0.00413443708623149
0.00441891962535374
0.00476187828173049
0.00514309338249856
0.00553598124964507
0.00590875778647034
0.00622628909064741
0.00645613008715602
0.00658078784437105
0.0183302934790272
0.0164998331683104
0.0146923909349236
0.0130140232619344
0.0115065806754545
0.0102724339721745
0.00922015545817358
0.00820962798430151
0.00729959137933477
0.00656850033587221
0.00598547724567534
0.00547490939080907
0.00500716634444136
0.00455371415528451
0.00417317771106542
0.00388194960534058
0.0036659511963007
0.00352263534361051
0.00344938508140094
0.00344827893194055
0.00352007194856825
0.00368781156349138
0.00386259521795913
0.00410416467711847
0.00449721259047825
0.00495910038358337
0.00547660139800631
0.00602984226190674
0.00652546018952061
0.00695364454458622
0.00726620648538303
0.00744017066175252
0.0281706386438097
0.02786914673629
0.0278150157314971
0.0280050138148882
0.0284325561398082
0.0285969486762781
0.0291211114003816
0.0303173275505754
0.0315502240699724
0.0329978147457884
0.034614814812523
0.0360099332595432
0.0373697476068978
0.0388065613010144
0.0402677427875006
0.0413753504296119
0.0422403770114373
0.0428188445318002
0.0430683116703656
0.0429432236654807
0.0424143325623985
0.0414370924986611
0.0401075746523325
0.0378189488329632
0.0350643879458484
0.0324367285933927
0.0298750002590411
0.0275720376867524
0.0258198536831872
0.0246992124699092
0.0240603264592884
0.0302162196892106
0.0333335599304335
0.0373509870774141
0.0273586128328829
0.0261342826914541
0.0250796862864039
0.0244313620227204
0.039537610675281
0.0410641693301849
0.0421718527898868
0.0385375673785892
0.0396798487259363
0.0409460627328314
0.0419923749957669
0.043377889055373
0.0425284092178743
0.0430947573578221
0.0435070554400449
0.0432045098350086
0.043334620842495
0.0443141400457447
0.0451881570142129
0.042450036290377
0.0401206167997603
0.0358425118070378
0.0308199280462677
0.0252430021488829
0.0200687308238313
0.0159567974087642
0.0124325348890311
0.00955869839851886
0.00723630473065045
0.00532649828106216
0.00349532181448862
0.0425419883051622
0.040777265830325
0.0375216136323259
0.0342264674090537
0.0292347126640468
0.0253147753070558
0.0209067647657658
0.0171081195564453
0.0143280037600979
0.0120265198312613
0.010070540033268
0.00843496811854407
0.00719070242911667
0.00617796943363155
0.00519348387494709
0.00441152468977944
0.00368930589908598
0.0031294374203316
0.00264552229938018
0.00224320315160844
0.00193710277120444
0.00169185273680107
0.00150740880124051
0.00139687130332817
0.00134187612546861
0.0028733177715113
0.00238735844060276
0.00202259353552023
0.00178235697387826
0.00158346688395228
0.00146864701845012
0.00140720679448171
0.00255683067850917
0.00176272622857815
0.00106771127341822
0.000495099285876705
-9.88906552040857e-06
-0.000466720123985172
-0.0008714633929472
-0.00123202512294596
-0.00154781172587536
-0.00182135563222526
-0.00206837401744228
-0.00228683188286764
-0.00247112475894398
-0.00261688164315705
-0.00272698386531817
-0.00281126405080467
-0.00286868666116549
-0.00289748519347285
0.0453416670111898
0.0453711214184824
0.045176830780252
0.0446133086997737
0.0435545739076769
0.0418842031183977
0.0394579031435043
0.0362377904238776
0.0323897566424157
0.028245397093885
0.0241415954896538
0.0202968637462743
0.0167978393645664
0.0134813153171802
0.0457271486658794
0.0461972606534971
0.04658641599691
0.0468798967679212
0.0470440616226724
0.0470910711340034
0.0469904543077034
0.0467174010317987
0.0462480848769829
0.045504582139202
0.0444014926391562
0.0429854461069779
0.0414178573240693
0.0397867228521804
0.0382934005336572
0.0369354496363396
0.0359795333974291
0.0354123266973143
0.011648326450721
0.0101494325290593
0.00888763856065219
0.00764973022102513
0.00665308814203537
0.00587284494369592
0.0050325705018677
0.00413576737595648
0.00335775012858335
0.0027406547793651
0.0022503878374958
0.00184481172039185
0.0014935176560839
0.0012002895352543
0.000974298263001118
0.000819158732318002
0.000717991011026511
0.000662115625940926
0.0118312815676595
0.010489658286478
0.00939390930823377
0.00848487883086594
0.00771117652171039
0.00703977702681282
0.00647569453067641
0.00603746335009749
0.00572166758303127
0.00551762449194503
0.00541445284139189
0.0439492499748136
0.0443394894862818
0.0442878689144088
0.0434818490613201
0.041681760917486
0.0385098852476994
0.0340931328597594
0.0285088156253794
0.0229895963525815
0.0179809850594558
0.0133161353967028
0.0443046969202505
0.0452616967107016
0.0460092266011582
0.0466833835440441
0.0471031514018333
0.0474018913234321
0.0474721885496116
0.0473570120495721
0.047040708598573
0.0467395285066232
0.046326201750806
0.0459909819594286
0.0457958487742215
0.0111106551684439
0.00945366551559099
0.00818046581973697
0.00706830953420069
0.00626268017553227
0.00563578735573272
0.00521983947318865
0.0049239024272314
0.00475623424359882
0.0109517775735889
0.00897456419049366
0.00731971452074792
0.00592500763565149
0.00474076989639638
0.0037390979390266
0.00288928690951772
0.00215287972347312
0.00152629126266703
0.000994396613315508
0.000520453902240964
0.000118270053256347
-0.000223360068957245
-0.000519930091284058
-0.000776928761704932
-0.0010081583425466
-0.00121234429394541
-0.00138014667174183
-0.00150479901315008
-0.00159902378508765
-0.00166285092354453
-0.00169456085585192
0.0244667197791251
0.0248988999538407
0.0257317655306215
0.0268827180486038
0.0282845649841882
0.029922028291418
0.0319029552230286
0.0339353046765207
0.0354273679238838
0.0373115802186165
0.0393834981591501
0.0410113166614683
0.0424335286212222
0.043555222685775
0.0441477651313341
0.044165606661084
0.0242080238092228
0.0243451458361021
0.0248349884010327
0.0256369523601278
0.0267409451227616
0.0281582679882826
0.0299282373260939
0.0320656507831842
0.0344231069758344
0.0367718513322567
0.0388929896891443
0.0406808598351402
0.0422528502549592
0.0439444992511366
0.0435955305510011
0.0418073182610255
0.0387420710765078
0.0347420258831382
0.0297667241565661
0.0251349043677264
0.0210466767976187
0.0170077616982377
0.0141705144490951
0.0118683956230764
0.0101135261988589
0.00872050253075359
0.00768469437337685
0.00695363606057688
0.00647730606110909
0.00623441952701331
0.0438478943082721
0.0426831888565608
0.040419150485688
0.037293926169169
0.0337332758733257
0.0294241667245786
0.0253688131070274
0.0220386231663209
0.0193928964462418
0.017223496691165
0.0154160486548284
0.013968809640398
0.0129318260296983
0.0123743669786709
0.0446907948031683
0.0450791886392471
0.0451385846111571
0.0447985913050603
0.0439512320236816
0.0424499263722561
0.0402776644500633
0.0373342139517319
0.0335164067917274
0.0292555381394829
0.0251823711643943
0.0215234144738585
0.0181828150331258
0.0150250711819731
0.0447265752758253
0.0453442037959344
0.0456879411387037
0.0457866848009765
0.0455197009993826
0.0447368945372503
0.0434091863078797
0.0410795351071237
0.0376730336947584
0.0334554497576163
0.0288546476384955
0.0248058006652788
0.020938745675575
0.0176058802869218
0.0148216709564533
0.0126344937308704
0.0108396535570977
0.0092880242291255
0.00801588290662676
0.00695877466638052
0.0060529248224172
0.00526102819575648
0.00455865138205355
0.00393251214837064
0.00336464820643752
0.00282510712920147
0.00231549673460892
0.00184253542781223
0.00137693023838973
0.000920408082198513
0.000438907433735781
0.0132523805579334
0.0116137258612696
0.0100955262454715
0.00869387297730689
0.00742394126722975
0.00638057765201097
0.00558420520443677
0.00487223398235369
0.00421131530743075
0.00364963331529092
0.00314607207992979
0.00270701567926077
0.00229836006784176
0.00189400273741324
0.00153551760067963
0.00122057283513285
0.00089725854733873
0.000581708285197433
0.000291059598484164
3.03291556940785e-05
-0.000214126519558242
-0.000459053014463603
-0.000695644462612077
-0.000915243011746445
-0.00112484740106439
-0.00133728023981658
0.013695228572799
0.0127718295469746
0.012181775728495
-0.00156697178921568
-0.00184175301456299
-0.00214882138635478
-0.00245424123960798
-0.00273933861806826
-0.00301465612323182
-0.00138750269040266
-0.00143753760441955
-0.00146657888696115
-0.0014842542589749
-0.00319186831670363
-0.00332168813576088
-0.00340499945519068
-0.00344789048371757
-0.00311964152818137
-0.00318632375792102
-0.00321766902390855
0.000164949957299611
-0.000104536546164012
-0.00035662572074524
-0.00061206629570924
-0.000886335392713406
-0.00116935318948132
0.000201089049165054
-2.62212508193616e-05
-0.000256793681047998
-0.000491928861995553
-0.000734980188120061
-0.000967041332464583
-0.00122473174192897
-0.00147545459938089
-0.00173364416857021
-0.00199512811882825
-0.00225054939795281
-0.00250852257588496
-0.00275802749158262
-0.00300733410862248
-0.0032471996867377
-0.00346903606069703
-0.00369251200477779
-0.00146856063828124
-0.00172779948539421
-0.00199746752747276
-0.0022530880277632
-0.00251858441989307
-0.00277608279119327
-0.00302526009402136
-0.00326387668047196
-0.00349145422341577
-0.00370208636587576
-0.0039012036450689
-0.00408803268461843
-0.00425763352563812
-0.00440473928269406
-0.00452714406131368
-0.00462495009533225
-0.00469821612229394
-0.00474680932226367
-0.00477179856622487
-0.00115236359667432
-0.00113883524903507
-0.00112700072197832
-0.00111831192806498
-0.00111266427492461
-0.00110974475052565
-0.00388803848071676
-0.00408751893311433
-0.00426533803120421
-0.00440600575699708
-0.00451866337600872
-0.00459354092564091
-0.00463274578091252
-0.00378801562000567
-0.00387037171125822
-0.00392758848288818
-0.00395599667152181
