8.77062035408843e-05
8.77062035408844e-05
8.77062035408843e-05
8.77062035408844e-05
8.77062035408844e-05
8.77062035408845e-05
8.77062035408846e-05
8.77062035408844e-05
8.77062035408844e-05
8.77062035408845e-05
8.77062035408846e-05
8.77062035408847e-05
8.77062035408848e-05
8.77062035408849e-05
8.77062035408849e-05
8.77062035408843e-05
8.77062035408842e-05
8.77062035408841e-05
8.7706203540884e-05
8.77062035408841e-05
8.77062035408841e-05
8.77062035408841e-05
8.77062035408841e-05
8.77062035408842e-05
8.77062035408843e-05
8.77062035408843e-05
8.77062035408845e-05
8.77062035408845e-05
8.77062035408846e-05
8.77062035408847e-05
8.77062035408847e-05
8.77062035408848e-05
8.77062035408843e-05
8.77062035408844e-05
8.77062035408843e-05
8.77062035408843e-05
8.77062035408842e-05
8.77062035408842e-05
8.77062035408842e-05
8.77062035408842e-05
8.77062035408846e-05
8.77062035408847e-05
8.77062035408849e-05
8.7706203540885e-05
8.77062035408852e-05
8.77062035408845e-05
8.77062035408845e-05
8.77062035408846e-05
8.77062035408852e-05
8.77062035408853e-05
8.77062035408854e-05
8.77062035408854e-05
8.77062035408855e-05
8.77062035408856e-05
8.77062035408857e-05
8.77062035408858e-05
8.77062035408858e-05
8.77062035408858e-05
8.77062035408858e-05
8.77062035408858e-05
8.77062035408859e-05
8.77062035408859e-05
8.77062035408859e-05
8.77062035408859e-05
8.7706203540886e-05
8.7706203540886e-05
8.7706203540886e-05
8.77062035408861e-05
8.7706203540886e-05
8.77062035408861e-05
8.7706203540886e-05
8.7706203540886e-05
8.77062035408859e-05
8.77062035408859e-05
8.77062035408859e-05
8.77062035408859e-05
8.7706203540886e-05
8.7706203540886e-05
8.7706203540886e-05
8.7706203540886e-05
8.7706203540886e-05
8.7706203540886e-05
8.77062035408854e-05
8.77062035408854e-05
8.77062035408855e-05
8.77062035408856e-05
8.77062035408857e-05
8.77062035408858e-05
8.77062035408858e-05
8.77062035408857e-05
8.77062035408857e-05
8.77062035408857e-05
8.77062035408857e-05
8.77062035408847e-05
8.77062035408848e-05
8.7706203540885e-05
8.77062035408847e-05
8.77062035408848e-05
8.77062035408849e-05
8.77062035408851e-05
8.77062035408852e-05
8.77062035408853e-05
8.77062035408851e-05
8.77062035408852e-05
8.77062035408853e-05
8.77062035408853e-05
8.77062035408853e-05
8.77062035408853e-05
8.77062035408853e-05
8.77062035408853e-05
8.77062035408853e-05
8.77062035408854e-05
8.77062035408855e-05
8.77062035408855e-05
8.77062035408856e-05
8.77062035408856e-05
8.77062035408857e-05
8.77062035408857e-05
8.77062035408854e-05
8.77062035408855e-05
8.77062035408857e-05
8.77062035408859e-05
8.77062035408861e-05
8.77062035408864e-05
8.77062035408854e-05
8.77062035408855e-05
8.77062035408856e-05
8.77062035408866e-05
8.77062035408867e-05
8.77062035408869e-05
8.7706203540887e-05
8.77062035408872e-05
8.77062035408873e-05
8.77062035408874e-05
8.77062035408874e-05
8.77062035408874e-05
8.77062035408874e-05
8.77062035408874e-05
8.77062035408874e-05
8.77062035408874e-05
8.77062035408874e-05
8.77062035408873e-05
8.77062035408873e-05
8.77062035408873e-05
8.77062035408872e-05
8.77062035408872e-05
8.77062035408872e-05
8.77062035408872e-05
8.77062035408872e-05
8.77062035408872e-05
8.77062035408873e-05
8.77062035408874e-05
8.77062035408875e-05
8.77062035408876e-05
8.77062035408877e-05
8.77062035408877e-05
8.77062035408877e-05
8.77062035408878e-05
8.77062035408878e-05
8.77062035408879e-05
8.77062035408878e-05
8.77062035408865e-05
8.77062035408865e-05
8.77062035408866e-05
8.77062035408866e-05
8.77062035408867e-05
8.77062035408868e-05
8.77062035408869e-05
8.7706203540887e-05
8.77062035408871e-05
8.77062035408872e-05
8.77062035408872e-05
8.77062035408873e-05
8.77062035408874e-05
8.77062035408875e-05
8.77062035408875e-05
8.77062035408875e-05
8.77062035408876e-05
8.77062035408876e-05
8.77062035408876e-05
8.77062035408876e-05
8.77062035408876e-05
8.77062035408876e-05
8.77062035408876e-05
8.77062035408856e-05
8.77062035408857e-05
8.77062035408857e-05
8.77062035408857e-05
8.77062035408857e-05
8.77062035408858e-05
8.77062035408858e-05
8.77062035408859e-05
8.77062035408859e-05
8.7706203540886e-05
8.7706203540886e-05
8.77062035408861e-05
8.77062035408861e-05
8.77062035408857e-05
8.77062035408858e-05
8.77062035408859e-05
8.77062035408861e-05
8.77062035408862e-05
8.77062035408863e-05
8.77062035408863e-05
8.77062035408864e-05
8.77062035408864e-05
8.77062035408864e-05
8.77062035408864e-05
8.77062035408864e-05
8.77062035408863e-05
8.77062035408864e-05
8.77062035408864e-05
8.77062035408864e-05
8.77062035408864e-05
8.77062035408864e-05
8.77062035408864e-05
8.77062035408864e-05
8.77062035408865e-05
8.77062035408865e-05
8.77062035408866e-05
8.77062035408866e-05
8.77062035408867e-05
8.77062035408868e-05
8.77062035408868e-05
8.77062035408869e-05
8.7706203540887e-05
8.7706203540887e-05
8.7706203540887e-05
8.7706203540887e-05
8.7706203540887e-05
8.77062035408871e-05
8.77062035408871e-05
8.77062035408871e-05
8.77062035408871e-05
8.77062035408849e-05
8.77062035408849e-05
8.77062035408849e-05
8.77062035408848e-05
8.77062035408848e-05
8.77062035408848e-05
8.77062035408849e-05
8.77062035408849e-05
8.77062035408849e-05
8.7706203540885e-05
8.7706203540885e-05
8.77062035408851e-05
8.77062035408851e-05
8.77062035408852e-05
8.77062035408853e-05
8.77062035408853e-05
8.77062035408853e-05
8.77062035408853e-05
8.77062035408853e-05
8.77062035408852e-05
8.77062035408852e-05
8.77062035408852e-05
8.7706203540885e-05
8.77062035408851e-05
8.77062035408852e-05
8.77062035408853e-05
8.77062035408853e-05
8.77062035408852e-05
8.77062035408852e-05
8.77062035408852e-05
8.77062035408852e-05
8.77062035408852e-05
8.77062035408852e-05
8.77062035408852e-05
8.77062035408853e-05
8.77062035408853e-05
8.77062035408853e-05
8.77062035408854e-05
8.77062035408854e-05
8.77062035408855e-05
8.77062035408855e-05
8.77062035408855e-05
8.77062035408855e-05
8.77062035408854e-05
8.77062035408854e-05
8.77062035408853e-05
8.77062035408853e-05
8.77062035408853e-05
8.77062035408846e-05
8.77062035408847e-05
8.77062035408848e-05
8.77062035408848e-05
8.77062035408849e-05
8.7706203540885e-05
8.77062035408848e-05
8.77062035408848e-05
8.77062035408849e-05
8.77062035408848e-05
8.77062035408849e-05
8.7706203540885e-05
8.77062035408851e-05
8.77062035408852e-05
8.77062035408853e-05
8.77062035408854e-05
8.77062035408855e-05
8.77062035408856e-05
8.77062035408857e-05
8.77062035408858e-05
8.77062035408859e-05
8.7706203540886e-05
8.77062035408861e-05
8.77062035408863e-05
8.77062035408864e-05
8.77062035408866e-05
8.77062035408868e-05
8.77062035408869e-05
8.7706203540887e-05
8.77062035408871e-05
8.77062035408871e-05
8.77062035408872e-05
8.77062035408872e-05
8.77062035408873e-05
8.77062035408873e-05
8.77062035408873e-05
8.77062035408872e-05
8.77062035408872e-05
8.77062035408872e-05
8.77062035408873e-05
8.77062035408873e-05
8.77062035408874e-05
8.77062035408874e-05
8.77062035408849e-05
8.7706203540885e-05
8.7706203540885e-05
8.77062035408851e-05
8.77062035408851e-05
8.77062035408852e-05
8.77062035408852e-05
8.77062035408853e-05
8.77062035408853e-05
8.77062035408853e-05
8.77062035408853e-05
8.77062035408853e-05
8.77062035408853e-05
8.7706203540885e-05
8.77062035408852e-05
8.77062035408853e-05
8.77062035408854e-05
8.77062035408855e-05
8.77062035408856e-05
8.77062035408852e-05
8.77062035408851e-05
8.7706203540885e-05
8.77062035408848e-05
8.77062035408847e-05
8.77062035408847e-05
8.77062035408846e-05
8.77062035408845e-05
8.77062035408844e-05
8.77062035408844e-05
8.77062035408844e-05
8.77062035408845e-05
8.77062035408844e-05
8.77062035408845e-05
8.77062035408845e-05
8.77062035408844e-05
8.77062035408844e-05
8.77062035408844e-05
8.77062035408844e-05
8.77062035408844e-05
8.77062035408845e-05
8.77062035408846e-05
8.77062035408846e-05
8.77062035408847e-05
8.77062035408847e-05
8.77062035408846e-05
8.77062035408846e-05
8.77062035408856e-05
8.77062035408857e-05
8.77062035408858e-05
8.77062035408859e-05
8.77062035408861e-05
8.77062035408863e-05
8.77062035408865e-05
8.77062035408866e-05
8.77062035408867e-05
8.77062035408867e-05
8.77062035408868e-05
8.77062035408869e-05
8.7706203540887e-05
8.77062035408871e-05
8.77062035408872e-05
8.77062035408872e-05
8.77062035408874e-05
8.77062035408875e-05
8.77062035408876e-05
8.77062035408877e-05
8.77062035408877e-05
8.77062035408877e-05
8.77062035408877e-05
8.77062035408877e-05
8.77062035408856e-05
8.77062035408857e-05
8.77062035408858e-05
8.77062035408858e-05
8.77062035408859e-05
8.77062035408859e-05
8.7706203540886e-05
8.7706203540886e-05
8.77062035408861e-05
8.77062035408861e-05
8.77062035408861e-05
8.77062035408861e-05
8.77062035408851e-05
8.77062035408852e-05
8.77062035408852e-05
8.77062035408853e-05
8.77062035408853e-05
8.77062035408854e-05
8.77062035408854e-05
8.77062035408855e-05
8.77062035408855e-05
8.77062035408855e-05
8.77062035408855e-05
8.77062035408855e-05
8.77062035408856e-05
8.77062035408856e-05
8.77062035408857e-05
8.77062035408858e-05
8.77062035408858e-05
8.77062035408859e-05
8.77062035408859e-05
8.77062035408859e-05
8.77062035408859e-05
8.77062035408859e-05
8.77062035408859e-05
8.77062035408851e-05
8.77062035408851e-05
8.77062035408852e-05
8.77062035408853e-05
8.77062035408853e-05
8.77062035408854e-05
8.77062035408855e-05
8.77062035408855e-05
8.77062035408856e-05
8.77062035408856e-05
8.77062035408856e-05
8.77062035408857e-05
8.77062035408857e-05
8.77062035408857e-05
8.77062035408857e-05
8.77062035408858e-05
8.77062035408858e-05
8.77062035408859e-05
8.77062035408859e-05
8.77062035408859e-05
8.7706203540886e-05
8.77062035408861e-05
8.77062035408861e-05
8.77062035408861e-05
8.77062035408862e-05
8.77062035408863e-05
8.77062035408863e-05
8.77062035408863e-05
8.77062035408863e-05
8.77062035408864e-05
8.77062035408864e-05
8.77062035408864e-05
8.77062035408863e-05
8.77062035408864e-05
8.77062035408863e-05
8.77062035408849e-05
8.77062035408849e-05
8.77062035408849e-05
8.77062035408849e-05
8.77062035408849e-05
8.77062035408849e-05
8.77062035408848e-05
8.77062035408848e-05
8.77062035408848e-05
8.77062035408848e-05
8.77062035408848e-05
8.77062035408847e-05
8.77062035408846e-05
8.77062035408846e-05
8.77062035408846e-05
8.77062035408849e-05
8.77062035408848e-05
8.77062035408848e-05
8.77062035408847e-05
8.77062035408847e-05
8.77062035408848e-05
8.77062035408847e-05
8.77062035408847e-05
8.77062035408847e-05
8.77062035408847e-05
8.77062035408847e-05
8.77062035408846e-05
8.77062035408846e-05
8.77062035408845e-05
8.77062035408845e-05
8.77062035408845e-05
8.77062035408846e-05
8.77062035408847e-05
8.77062035408847e-05
8.77062035408848e-05
8.77062035408848e-05
8.77062035408849e-05
8.77062035408849e-05
8.77062035408849e-05
8.77062035408848e-05
8.77062035408848e-05
8.77062035408847e-05
8.77062035408847e-05
8.77062035408847e-05
8.77062035408846e-05
8.77062035408846e-05
8.77062035408845e-05
8.77062035408845e-05
8.77062035408845e-05
8.77062035408845e-05
8.77062035408845e-05
8.77062035408848e-05
8.77062035408848e-05
8.77062035408848e-05
8.77062035408848e-05
8.77062035408849e-05
8.77062035408849e-05
8.77062035408849e-05
8.77062035408849e-05
8.77062035408849e-05
8.77062035408849e-05
8.77062035408849e-05
8.77062035408849e-05
8.77062035408849e-05
8.77062035408849e-05
8.77062035408849e-05
8.77062035408849e-05
8.7706203540885e-05
8.77062035408851e-05
8.77062035408851e-05
8.77062035408852e-05
8.77062035408852e-05
8.77062035408852e-05
8.77062035408851e-05
8.77062035408851e-05
8.77062035408851e-05
8.77062035408851e-05
8.77062035408852e-05
8.77062035408852e-05
8.77062035408852e-05
8.77062035408848e-05
8.77062035408848e-05
8.77062035408848e-05
8.77062035408848e-05
8.77062035408848e-05
8.77062035408848e-05
8.77062035408848e-05
8.77062035408848e-05
8.77062035408849e-05
8.77062035408849e-05
8.77062035408849e-05
8.7706203540885e-05
8.77062035408849e-05
8.77062035408849e-05
8.77062035408849e-05
8.77062035408849e-05
8.77062035408848e-05
8.77062035408848e-05
8.77062035408848e-05
8.77062035408848e-05
8.77062035408848e-05
8.77062035408848e-05
8.77062035408848e-05
8.77062035408848e-05
8.77062035408848e-05
8.77062035408848e-05
8.77062035408849e-05
8.77062035408849e-05
8.77062035408849e-05
8.77062035408849e-05
8.7706203540885e-05
8.7706203540885e-05
8.77062035408842e-05
8.77062035408841e-05
8.77062035408841e-05
8.77062035408841e-05
8.7706203540884e-05
8.77062035408842e-05
8.77062035408841e-05
8.7706203540884e-05
8.7706203540884e-05
8.77062035408839e-05
8.77062035408839e-05
8.77062035408838e-05
8.77062035408838e-05
8.77062035408837e-05
8.77062035408837e-05
8.77062035408837e-05
8.77062035408837e-05
8.77062035408836e-05
8.77062035408836e-05
8.77062035408837e-05
8.77062035408837e-05
8.77062035408838e-05
8.77062035408838e-05
8.77062035408839e-05
8.77062035408839e-05
8.7706203540884e-05
8.7706203540884e-05
8.7706203540884e-05
8.77062035408841e-05
8.77062035408841e-05
8.77062035408841e-05
8.7706203540884e-05
8.7706203540884e-05
8.77062035408839e-05
8.77062035408842e-05
8.77062035408843e-05
8.77062035408845e-05
8.77062035408848e-05
8.77062035408837e-05
8.77062035408835e-05
8.77062035408835e-05
8.77062035408842e-05
8.77062035408845e-05
8.77062035408848e-05
8.7706203540885e-05
8.77062035408853e-05
8.77062035408835e-05
8.77062035408836e-05
8.77062035408838e-05
8.7706203540884e-05
8.77062035408832e-05
8.7706203540883e-05
8.77062035408829e-05
8.77062035408842e-05
8.77062035408843e-05
8.77062035408846e-05
8.77062035408847e-05
8.77062035408849e-05
8.77062035408851e-05
8.77062035408852e-05
8.77062035408853e-05
8.77062035408854e-05
8.77062035408856e-05
8.77062035408858e-05
8.77062035408859e-05
8.77062035408841e-05
8.77062035408842e-05
8.77062035408843e-05
8.77062035408844e-05
8.77062035408845e-05
8.77062035408845e-05
8.77062035408846e-05
8.77062035408847e-05
8.77062035408848e-05
8.77062035408848e-05
8.77062035408849e-05
8.7706203540885e-05
8.77062035408851e-05
8.77062035408852e-05
8.77062035408853e-05
8.77062035408854e-05
8.77062035408855e-05
8.77062035408856e-05
8.77062035408856e-05
8.77062035408857e-05
8.77062035408857e-05
8.77062035408857e-05
8.77062035408857e-05
8.77062035408857e-05
8.77062035408857e-05
8.77062035408859e-05
8.77062035408859e-05
8.7706203540886e-05
8.7706203540886e-05
8.7706203540886e-05
8.7706203540886e-05
8.7706203540886e-05
8.77062035408861e-05
8.77062035408862e-05
8.77062035408862e-05
8.77062035408862e-05
8.77062035408862e-05
8.77062035408862e-05
8.77062035408862e-05
8.77062035408863e-05
8.77062035408863e-05
8.77062035408864e-05
8.77062035408864e-05
8.77062035408864e-05
8.77062035408864e-05
8.77062035408864e-05
8.77062035408864e-05
8.77062035408864e-05
8.77062035408864e-05
8.77062035408864e-05
8.77062035408828e-05
8.77062035408828e-05
8.77062035408828e-05
8.77062035408828e-05
8.77062035408828e-05
8.77062035408829e-05
8.77062035408829e-05
8.7706203540883e-05
8.7706203540883e-05
8.7706203540883e-05
8.7706203540883e-05
8.7706203540883e-05
8.77062035408831e-05
8.77062035408831e-05
8.77062035408828e-05
8.77062035408827e-05
8.77062035408827e-05
8.77062035408825e-05
8.77062035408824e-05
8.77062035408824e-05
8.77062035408824e-05
8.77062035408823e-05
8.77062035408822e-05
8.77062035408822e-05
8.77062035408821e-05
8.7706203540882e-05
8.77062035408821e-05
8.77062035408821e-05
8.77062035408821e-05
8.77062035408821e-05
8.77062035408821e-05
8.77062035408821e-05
8.77062035408831e-05
8.77062035408831e-05
8.77062035408831e-05
8.77062035408832e-05
8.77062035408832e-05
8.77062035408833e-05
8.77062035408833e-05
8.77062035408834e-05
8.77062035408835e-05
8.77062035408836e-05
8.77062035408837e-05
8.77062035408837e-05
8.77062035408837e-05
8.77062035408836e-05
8.77062035408836e-05
8.77062035408836e-05
8.77062035408836e-05
8.77062035408836e-05
8.77062035408831e-05
8.77062035408831e-05
8.77062035408831e-05
8.77062035408832e-05
8.77062035408833e-05
8.77062035408833e-05
8.77062035408834e-05
8.77062035408834e-05
8.77062035408834e-05
8.77062035408835e-05
8.77062035408834e-05
8.77062035408856e-05
8.77062035408859e-05
8.77062035408862e-05
8.77062035408865e-05
8.77062035408867e-05
8.77062035408869e-05
8.77062035408871e-05
8.77062035408872e-05
8.77062035408874e-05
8.77062035408875e-05
8.77062035408877e-05
8.77062035408855e-05
8.77062035408856e-05
8.77062035408857e-05
8.77062035408857e-05
8.77062035408858e-05
8.77062035408859e-05
8.77062035408859e-05
8.7706203540886e-05
8.77062035408861e-05
8.77062035408862e-05
8.77062035408862e-05
8.77062035408863e-05
8.77062035408863e-05
8.77062035408878e-05
8.77062035408879e-05
8.7706203540888e-05
8.77062035408881e-05
8.77062035408882e-05
8.77062035408882e-05
8.77062035408882e-05
8.77062035408882e-05
8.77062035408882e-05
8.77062035408878e-05
8.77062035408878e-05
8.77062035408878e-05
8.77062035408879e-05
8.7706203540888e-05
8.7706203540888e-05
8.77062035408881e-05
8.77062035408881e-05
8.77062035408882e-05
8.77062035408882e-05
8.77062035408881e-05
8.77062035408882e-05
8.77062035408882e-05
8.77062035408882e-05
8.77062035408883e-05
8.77062035408885e-05
8.77062035408886e-05
8.77062035408888e-05
8.77062035408889e-05
8.7706203540889e-05
8.7706203540889e-05
8.7706203540889e-05
8.7706203540885e-05
8.77062035408851e-05
8.77062035408852e-05
8.77062035408853e-05
8.77062035408855e-05
8.77062035408856e-05
8.77062035408857e-05
8.77062035408859e-05
8.7706203540886e-05
8.77062035408861e-05
8.77062035408862e-05
8.77062035408862e-05
8.77062035408863e-05
8.77062035408864e-05
8.77062035408865e-05
8.77062035408866e-05
8.77062035408849e-05
8.77062035408851e-05
8.77062035408853e-05
8.77062035408855e-05
8.77062035408856e-05
8.77062035408858e-05
8.77062035408859e-05
8.77062035408861e-05
8.77062035408862e-05
8.77062035408862e-05
8.77062035408863e-05
8.77062035408864e-05
8.77062035408865e-05
8.77062035408866e-05
8.77062035408867e-05
8.77062035408868e-05
8.77062035408869e-05
8.77062035408869e-05
8.7706203540887e-05
8.7706203540887e-05
8.7706203540887e-05
8.7706203540887e-05
8.7706203540887e-05
8.77062035408871e-05
8.77062035408872e-05
8.77062035408872e-05
8.77062035408872e-05
8.77062035408872e-05
8.77062035408873e-05
8.77062035408873e-05
8.77062035408866e-05
8.77062035408867e-05
8.77062035408867e-05
8.77062035408867e-05
8.77062035408866e-05
8.77062035408866e-05
8.77062035408866e-05
8.77062035408867e-05
8.77062035408867e-05
8.77062035408867e-05
8.77062035408867e-05
8.77062035408867e-05
8.77062035408866e-05
8.77062035408866e-05
8.77062035408866e-05
8.77062035408867e-05
8.77062035408868e-05
8.77062035408869e-05
8.7706203540887e-05
8.77062035408871e-05
8.77062035408872e-05
8.77062035408872e-05
8.77062035408873e-05
8.77062035408873e-05
8.77062035408873e-05
8.77062035408873e-05
8.77062035408873e-05
8.77062035408873e-05
8.77062035408866e-05
8.77062035408866e-05
8.77062035408867e-05
8.77062035408868e-05
8.77062035408868e-05
8.77062035408869e-05
8.77062035408871e-05
8.77062035408872e-05
8.77062035408873e-05
8.77062035408874e-05
8.77062035408874e-05
8.77062035408874e-05
8.77062035408875e-05
8.77062035408875e-05
8.77062035408876e-05
8.77062035408877e-05
8.77062035408879e-05
8.7706203540888e-05
8.77062035408881e-05
8.77062035408882e-05
8.77062035408883e-05
8.77062035408884e-05
8.77062035408885e-05
8.77062035408886e-05
8.77062035408887e-05
8.77062035408888e-05
8.77062035408888e-05
8.77062035408889e-05
8.7706203540889e-05
8.7706203540889e-05
8.77062035408891e-05
8.77062035408872e-05
8.77062035408872e-05
8.77062035408872e-05
8.77062035408872e-05
8.77062035408872e-05
8.77062035408873e-05
8.77062035408872e-05
8.77062035408872e-05
8.77062035408872e-05
8.77062035408872e-05
8.77062035408872e-05
8.77062035408872e-05
8.77062035408871e-05
8.77062035408871e-05
8.7706203540887e-05
8.77062035408869e-05
8.77062035408869e-05
8.77062035408869e-05
8.77062035408868e-05
8.77062035408869e-05
8.77062035408869e-05
8.77062035408868e-05
8.77062035408867e-05
8.77062035408866e-05
8.77062035408865e-05
8.77062035408864e-05
8.77062035408873e-05
8.77062035408872e-05
8.77062035408872e-05
8.77062035408864e-05
8.77062035408864e-05
8.77062035408863e-05
8.77062035408863e-05
8.77062035408863e-05
8.77062035408862e-05
8.77062035408863e-05
8.77062035408862e-05
8.77062035408861e-05
8.77062035408861e-05
8.77062035408862e-05
8.77062035408861e-05
8.77062035408861e-05
8.77062035408861e-05
8.77062035408862e-05
8.77062035408861e-05
8.77062035408861e-05
8.77062035408893e-05
8.77062035408894e-05
8.77062035408895e-05
8.77062035408897e-05
8.77062035408899e-05
8.77062035408901e-05
8.77062035408891e-05
8.77062035408891e-05
8.77062035408891e-05
8.77062035408891e-05
8.7706203540889e-05
8.7706203540889e-05
8.77062035408889e-05
8.77062035408889e-05
8.77062035408888e-05
8.77062035408888e-05
8.77062035408887e-05
8.77062035408887e-05
8.77062035408886e-05
8.77062035408886e-05
8.77062035408886e-05
8.77062035408886e-05
8.77062035408885e-05
8.77062035408903e-05
8.77062035408906e-05
8.77062035408908e-05
8.7706203540891e-05
8.77062035408911e-05
8.77062035408913e-05
8.77062035408914e-05
8.77062035408915e-05
8.77062035408916e-05
8.77062035408916e-05
8.77062035408917e-05
8.77062035408918e-05
8.77062035408918e-05
8.77062035408918e-05
8.77062035408919e-05
8.77062035408919e-05
8.77062035408919e-05
8.77062035408919e-05
8.77062035408919e-05
8.77062035408899e-05
8.77062035408898e-05
8.77062035408897e-05
8.77062035408897e-05
8.77062035408896e-05
8.77062035408896e-05
8.77062035408885e-05
8.77062035408885e-05
8.77062035408885e-05
8.77062035408884e-05
8.77062035408884e-05
8.77062035408884e-05
8.77062035408884e-05
8.77062035408886e-05
8.77062035408886e-05
8.77062035408886e-05
8.77062035408886e-05
