3.43938621983185e-05
3.43938621983185e-05
3.43938621983185e-05
3.43938621983185e-05
3.43938621983185e-05
3.43938621983185e-05
3.43938621983186e-05
3.43938621983185e-05
3.43938621983185e-05
3.43938621983185e-05
3.43938621983186e-05
3.43938621983186e-05
3.43938621983186e-05
3.43938621983187e-05
3.43938621983187e-05
3.43938621983185e-05
3.43938621983184e-05
3.43938621983184e-05
3.43938621983184e-05
3.43938621983184e-05
3.43938621983184e-05
3.43938621983184e-05
3.43938621983184e-05
3.43938621983184e-05
3.43938621983184e-05
3.43938621983185e-05
3.43938621983185e-05
3.43938621983185e-05
3.43938621983186e-05
3.43938621983186e-05
3.43938621983186e-05
3.43938621983186e-05
3.43938621983185e-05
3.43938621983185e-05
3.43938621983185e-05
3.43938621983184e-05
3.43938621983184e-05
3.43938621983184e-05
3.43938621983184e-05
3.43938621983184e-05
3.43938621983185e-05
3.43938621983186e-05
3.43938621983186e-05
3.43938621983187e-05
3.43938621983187e-05
3.43938621983185e-05
3.43938621983185e-05
3.43938621983185e-05
3.43938621983187e-05
3.43938621983187e-05
3.43938621983188e-05
3.43938621983188e-05
3.43938621983188e-05
3.43938621983188e-05
3.43938621983188e-05
3.43938621983188e-05
3.43938621983188e-05
3.43938621983188e-05
3.43938621983188e-05
3.43938621983188e-05
3.43938621983188e-05
3.43938621983188e-05
3.43938621983188e-05
3.43938621983189e-05
3.43938621983189e-05
3.43938621983189e-05
3.43938621983189e-05
3.43938621983189e-05
3.43938621983189e-05
3.43938621983189e-05
3.43938621983189e-05
3.43938621983188e-05
3.43938621983188e-05
3.43938621983188e-05
3.43938621983188e-05
3.43938621983188e-05
3.43938621983188e-05
3.43938621983188e-05
3.43938621983188e-05
3.43938621983188e-05
3.43938621983188e-05
3.43938621983188e-05
3.43938621983188e-05
3.43938621983188e-05
3.43938621983188e-05
3.43938621983189e-05
3.43938621983189e-05
3.43938621983189e-05
3.43938621983189e-05
3.43938621983189e-05
3.43938621983189e-05
3.43938621983189e-05
3.43938621983189e-05
3.43938621983185e-05
3.43938621983186e-05
3.43938621983186e-05
3.43938621983186e-05
3.43938621983186e-05
3.43938621983187e-05
3.43938621983186e-05
3.43938621983187e-05
3.43938621983187e-05
3.43938621983187e-05
3.43938621983187e-05
3.43938621983187e-05
3.43938621983187e-05
3.43938621983187e-05
3.43938621983187e-05
3.43938621983188e-05
3.43938621983187e-05
3.43938621983187e-05
3.43938621983188e-05
3.43938621983188e-05
3.43938621983188e-05
3.43938621983188e-05
3.43938621983188e-05
3.43938621983188e-05
3.43938621983189e-05
3.43938621983187e-05
3.43938621983188e-05
3.43938621983188e-05
3.43938621983188e-05
3.43938621983189e-05
3.4393862198319e-05
3.43938621983188e-05
3.43938621983188e-05
3.43938621983188e-05
3.4393862198319e-05
3.4393862198319e-05
3.43938621983191e-05
3.43938621983191e-05
3.43938621983191e-05
3.43938621983192e-05
3.43938621983192e-05
3.43938621983192e-05
3.43938621983192e-05
3.43938621983191e-05
3.43938621983191e-05
3.43938621983191e-05
3.43938621983191e-05
3.43938621983191e-05
3.43938621983191e-05
3.4393862198319e-05
3.4393862198319e-05
3.4393862198319e-05
3.4393862198319e-05
3.4393862198319e-05
3.4393862198319e-05
3.4393862198319e-05
3.4393862198319e-05
3.4393862198319e-05
3.4393862198319e-05
3.43938621983191e-05
3.43938621983191e-05
3.43938621983191e-05
3.43938621983191e-05
3.43938621983192e-05
3.43938621983192e-05
3.43938621983192e-05
3.43938621983192e-05
3.43938621983192e-05
3.4393862198319e-05
3.4393862198319e-05
3.4393862198319e-05
3.4393862198319e-05
3.4393862198319e-05
3.4393862198319e-05
3.4393862198319e-05
3.4393862198319e-05
3.43938621983191e-05
3.43938621983191e-05
3.43938621983191e-05
3.43938621983191e-05
3.43938621983191e-05
3.43938621983191e-05
3.43938621983191e-05
3.43938621983191e-05
3.43938621983191e-05
3.43938621983191e-05
3.43938621983191e-05
3.43938621983191e-05
3.43938621983191e-05
3.43938621983191e-05
3.43938621983191e-05
3.43938621983188e-05
3.43938621983188e-05
3.43938621983188e-05
3.43938621983189e-05
3.43938621983189e-05
3.43938621983189e-05
3.43938621983189e-05
3.43938621983189e-05
3.43938621983189e-05
3.43938621983189e-05
3.43938621983189e-05
3.4393862198319e-05
3.43938621983189e-05
3.43938621983189e-05
3.43938621983189e-05
3.43938621983189e-05
3.4393862198319e-05
3.4393862198319e-05
3.4393862198319e-05
3.4393862198319e-05
3.4393862198319e-05
3.4393862198319e-05
3.4393862198319e-05
3.4393862198319e-05
3.4393862198319e-05
3.4393862198319e-05
3.4393862198319e-05
3.4393862198319e-05
3.43938621983189e-05
3.4393862198319e-05
3.43938621983189e-05
3.43938621983189e-05
3.43938621983189e-05
3.43938621983189e-05
3.43938621983189e-05
3.43938621983189e-05
3.4393862198319e-05
3.4393862198319e-05
3.4393862198319e-05
3.4393862198319e-05
3.4393862198319e-05
3.4393862198319e-05
3.4393862198319e-05
3.43938621983191e-05
3.43938621983191e-05
3.4393862198319e-05
3.4393862198319e-05
3.4393862198319e-05
3.4393862198319e-05
3.4393862198319e-05
3.43938621983186e-05
3.43938621983186e-05
3.43938621983186e-05
3.43938621983186e-05
3.43938621983186e-05
3.43938621983186e-05
3.43938621983186e-05
3.43938621983186e-05
3.43938621983186e-05
3.43938621983187e-05
3.43938621983187e-05
3.43938621983187e-05
3.43938621983187e-05
3.43938621983188e-05
3.43938621983188e-05
3.43938621983188e-05
3.43938621983188e-05
3.43938621983188e-05
3.43938621983188e-05
3.43938621983188e-05
3.43938621983188e-05
3.43938621983187e-05
3.43938621983187e-05
3.43938621983187e-05
3.43938621983188e-05
3.43938621983188e-05
3.43938621983188e-05
3.43938621983188e-05
3.43938621983187e-05
3.43938621983187e-05
3.43938621983187e-05
3.43938621983188e-05
3.43938621983187e-05
3.43938621983187e-05
3.43938621983187e-05
3.43938621983187e-05
3.43938621983188e-05
3.43938621983188e-05
3.43938621983188e-05
3.43938621983188e-05
3.43938621983188e-05
3.43938621983188e-05
3.43938621983188e-05
3.43938621983188e-05
3.43938621983188e-05
3.43938621983188e-05
3.43938621983188e-05
3.43938621983188e-05
3.43938621983186e-05
3.43938621983186e-05
3.43938621983186e-05
3.43938621983186e-05
3.43938621983187e-05
3.43938621983187e-05
3.43938621983186e-05
3.43938621983186e-05
3.43938621983186e-05
3.43938621983186e-05
3.43938621983186e-05
3.43938621983186e-05
3.43938621983187e-05
3.43938621983187e-05
3.43938621983187e-05
3.43938621983187e-05
3.43938621983188e-05
3.43938621983188e-05
3.43938621983188e-05
3.43938621983188e-05
3.43938621983188e-05
3.43938621983189e-05
3.43938621983189e-05
3.43938621983189e-05
3.4393862198319e-05
3.4393862198319e-05
3.43938621983191e-05
3.43938621983191e-05
3.43938621983191e-05
3.43938621983191e-05
3.43938621983191e-05
3.43938621983191e-05
3.43938621983191e-05
3.43938621983191e-05
3.43938621983191e-05
3.43938621983191e-05
3.43938621983191e-05
3.43938621983191e-05
3.43938621983191e-05
3.43938621983191e-05
3.43938621983191e-05
3.43938621983191e-05
3.43938621983191e-05
3.43938621983186e-05
3.43938621983187e-05
3.43938621983187e-05
3.43938621983187e-05
3.43938621983187e-05
3.43938621983187e-05
3.43938621983187e-05
3.43938621983188e-05
3.43938621983188e-05
3.43938621983188e-05
3.43938621983188e-05
3.43938621983188e-05
3.43938621983188e-05
3.43938621983187e-05
3.43938621983187e-05
3.43938621983187e-05
3.43938621983187e-05
3.43938621983188e-05
3.43938621983188e-05
3.43938621983187e-05
3.43938621983187e-05
3.43938621983186e-05
3.43938621983186e-05
3.43938621983186e-05
3.43938621983185e-05
3.43938621983185e-05
3.43938621983185e-05
3.43938621983185e-05
3.43938621983185e-05
3.43938621983185e-05
3.43938621983185e-05
3.43938621983185e-05
3.43938621983185e-05
3.43938621983185e-05
3.43938621983185e-05
3.43938621983185e-05
3.43938621983185e-05
3.43938621983185e-05
3.43938621983185e-05
3.43938621983185e-05
3.43938621983186e-05
3.43938621983186e-05
3.43938621983186e-05
3.43938621983186e-05
3.43938621983186e-05
3.43938621983186e-05
3.43938621983188e-05
3.43938621983188e-05
3.43938621983188e-05
3.43938621983188e-05
3.43938621983189e-05
3.43938621983189e-05
3.4393862198319e-05
3.4393862198319e-05
3.4393862198319e-05
3.4393862198319e-05
3.4393862198319e-05
3.43938621983191e-05
3.43938621983191e-05
3.43938621983191e-05
3.43938621983191e-05
3.43938621983191e-05
3.43938621983192e-05
3.43938621983192e-05
3.43938621983192e-05
3.43938621983193e-05
3.43938621983193e-05
3.43938621983193e-05
3.43938621983193e-05
3.43938621983193e-05
3.43938621983188e-05
3.43938621983188e-05
3.43938621983189e-05
3.43938621983189e-05
3.43938621983189e-05
3.43938621983189e-05
3.43938621983189e-05
3.43938621983189e-05
3.43938621983189e-05
3.43938621983189e-05
3.43938621983189e-05
3.43938621983189e-05
3.43938621983187e-05
3.43938621983187e-05
3.43938621983188e-05
3.43938621983188e-05
3.43938621983188e-05
3.43938621983188e-05
3.43938621983188e-05
3.43938621983188e-05
3.43938621983188e-05
3.43938621983188e-05
3.43938621983188e-05
3.43938621983188e-05
3.43938621983188e-05
3.43938621983189e-05
3.43938621983189e-05
3.43938621983189e-05
3.43938621983189e-05
3.43938621983189e-05
3.43938621983189e-05
3.43938621983189e-05
3.43938621983189e-05
3.43938621983189e-05
3.43938621983189e-05
3.43938621983187e-05
3.43938621983187e-05
3.43938621983187e-05
3.43938621983187e-05
3.43938621983188e-05
3.43938621983188e-05
3.43938621983188e-05
3.43938621983188e-05
3.43938621983188e-05
3.43938621983188e-05
3.43938621983188e-05
3.43938621983188e-05
3.43938621983188e-05
3.43938621983188e-05
3.43938621983188e-05
3.43938621983188e-05
3.43938621983188e-05
3.43938621983188e-05
3.43938621983188e-05
3.43938621983188e-05
3.43938621983188e-05
3.43938621983189e-05
3.43938621983189e-05
3.43938621983189e-05
3.43938621983189e-05
3.43938621983189e-05
3.43938621983189e-05
3.43938621983189e-05
3.43938621983189e-05
3.43938621983189e-05
3.43938621983189e-05
3.43938621983189e-05
3.43938621983189e-05
3.43938621983189e-05
3.43938621983189e-05
3.43938621983187e-05
3.43938621983187e-05
3.43938621983187e-05
3.43938621983187e-05
3.43938621983187e-05
3.43938621983187e-05
3.43938621983186e-05
3.43938621983186e-05
3.43938621983186e-05
3.43938621983186e-05
3.43938621983186e-05
3.43938621983186e-05
3.43938621983186e-05
3.43938621983186e-05
3.43938621983186e-05
3.43938621983187e-05
3.43938621983187e-05
3.43938621983187e-05
3.43938621983186e-05
3.43938621983186e-05
3.43938621983186e-05
3.43938621983186e-05
3.43938621983186e-05
3.43938621983186e-05
3.43938621983186e-05
3.43938621983186e-05
3.43938621983186e-05
3.43938621983186e-05
3.43938621983185e-05
3.43938621983186e-05
3.43938621983186e-05
3.43938621983186e-05
3.43938621983186e-05
3.43938621983186e-05
3.43938621983187e-05
3.43938621983187e-05
3.43938621983187e-05
3.43938621983187e-05
3.43938621983187e-05
3.43938621983187e-05
3.43938621983186e-05
3.43938621983186e-05
3.43938621983186e-05
3.43938621983186e-05
3.43938621983186e-05
3.43938621983186e-05
3.43938621983186e-05
3.43938621983186e-05
3.43938621983186e-05
3.43938621983186e-05
3.43938621983186e-05
3.43938621983186e-05
3.43938621983186e-05
3.43938621983186e-05
3.43938621983186e-05
3.43938621983186e-05
3.43938621983186e-05
3.43938621983186e-05
3.43938621983186e-05
3.43938621983186e-05
3.43938621983186e-05
3.43938621983186e-05
3.43938621983186e-05
3.43938621983186e-05
3.43938621983186e-05
3.43938621983186e-05
3.43938621983186e-05
3.43938621983187e-05
3.43938621983187e-05
3.43938621983187e-05
3.43938621983187e-05
3.43938621983187e-05
3.43938621983187e-05
3.43938621983187e-05
3.43938621983187e-05
3.43938621983187e-05
3.43938621983187e-05
3.43938621983187e-05
3.43938621983187e-05
3.43938621983187e-05
3.43938621983186e-05
3.43938621983186e-05
3.43938621983186e-05
3.43938621983186e-05
3.43938621983186e-05
3.43938621983186e-05
3.43938621983186e-05
3.43938621983186e-05
3.43938621983186e-05
3.43938621983187e-05
3.43938621983187e-05
3.43938621983187e-05
3.43938621983187e-05
3.43938621983187e-05
3.43938621983186e-05
3.43938621983186e-05
3.43938621983186e-05
3.43938621983186e-05
3.43938621983186e-05
3.43938621983186e-05
3.43938621983186e-05
3.43938621983186e-05
3.43938621983186e-05
3.43938621983186e-05
3.43938621983186e-05
3.43938621983186e-05
3.43938621983186e-05
3.43938621983186e-05
3.43938621983186e-05
3.43938621983187e-05
3.43938621983187e-05
3.43938621983187e-05
3.43938621983184e-05
3.43938621983184e-05
3.43938621983184e-05
3.43938621983184e-05
3.43938621983184e-05
3.43938621983184e-05
3.43938621983184e-05
3.43938621983184e-05
3.43938621983184e-05
3.43938621983183e-05
3.43938621983183e-05
3.43938621983183e-05
3.43938621983183e-05
3.43938621983183e-05
3.43938621983183e-05
3.43938621983183e-05
3.43938621983183e-05
3.43938621983183e-05
3.43938621983183e-05
3.43938621983183e-05
3.43938621983183e-05
3.43938621983184e-05
3.43938621983184e-05
3.43938621983184e-05
3.43938621983184e-05
3.43938621983185e-05
3.43938621983185e-05
3.43938621983185e-05
3.43938621983185e-05
3.43938621983185e-05
3.43938621983185e-05
3.43938621983184e-05
3.43938621983184e-05
3.43938621983184e-05
3.43938621983184e-05
3.43938621983184e-05
3.43938621983185e-05
3.43938621983186e-05
3.43938621983183e-05
3.43938621983183e-05
3.43938621983182e-05
3.43938621983184e-05
3.43938621983185e-05
3.43938621983186e-05
3.43938621983187e-05
3.43938621983188e-05
3.43938621983182e-05
3.43938621983183e-05
3.43938621983183e-05
3.43938621983184e-05
3.43938621983182e-05
3.43938621983181e-05
3.43938621983181e-05
3.43938621983185e-05
3.43938621983185e-05
3.43938621983186e-05
3.43938621983186e-05
3.43938621983187e-05
3.43938621983187e-05
3.43938621983187e-05
3.43938621983187e-05
3.43938621983188e-05
3.43938621983188e-05
3.43938621983189e-05
3.43938621983189e-05
3.43938621983184e-05
3.43938621983185e-05
3.43938621983185e-05
3.43938621983185e-05
3.43938621983186e-05
3.43938621983186e-05
3.43938621983186e-05
3.43938621983186e-05
3.43938621983186e-05
3.43938621983186e-05
3.43938621983187e-05
3.43938621983187e-05
3.43938621983187e-05
3.43938621983188e-05
3.43938621983188e-05
3.43938621983188e-05
3.43938621983188e-05
3.43938621983189e-05
3.43938621983189e-05
3.43938621983189e-05
3.43938621983189e-05
3.43938621983189e-05
3.43938621983189e-05
3.43938621983189e-05
3.43938621983189e-05
3.43938621983189e-05
3.43938621983189e-05
3.43938621983189e-05
3.43938621983189e-05
3.43938621983189e-05
3.43938621983189e-05
3.43938621983189e-05
3.43938621983189e-05
3.4393862198319e-05
3.43938621983189e-05
3.43938621983189e-05
3.43938621983189e-05
3.43938621983189e-05
3.43938621983189e-05
3.43938621983189e-05
3.43938621983189e-05
3.43938621983189e-05
3.43938621983189e-05
3.43938621983189e-05
3.43938621983189e-05
3.43938621983189e-05
3.43938621983189e-05
3.43938621983189e-05
3.43938621983189e-05
3.43938621983189e-05
3.43938621983181e-05
3.43938621983181e-05
3.43938621983181e-05
3.43938621983181e-05
3.43938621983181e-05
3.43938621983181e-05
3.43938621983182e-05
3.43938621983182e-05
3.43938621983182e-05
3.43938621983182e-05
3.43938621983183e-05
3.43938621983183e-05
3.43938621983183e-05
3.43938621983183e-05
3.43938621983181e-05
3.43938621983181e-05
3.4393862198318e-05
3.4393862198318e-05
3.4393862198318e-05
3.4393862198318e-05
3.4393862198318e-05
3.4393862198318e-05
3.43938621983179e-05
3.43938621983179e-05
3.43938621983179e-05
3.43938621983179e-05
3.43938621983179e-05
3.43938621983179e-05
3.4393862198318e-05
3.4393862198318e-05
3.4393862198318e-05
3.4393862198318e-05
3.43938621983183e-05
3.43938621983183e-05
3.43938621983183e-05
3.43938621983183e-05
3.43938621983184e-05
3.43938621983184e-05
3.43938621983184e-05
3.43938621983184e-05
3.43938621983185e-05
3.43938621983185e-05
3.43938621983185e-05
3.43938621983185e-05
3.43938621983185e-05
3.43938621983185e-05
3.43938621983185e-05
3.43938621983185e-05
3.43938621983185e-05
3.43938621983185e-05
3.43938621983183e-05
3.43938621983183e-05
3.43938621983183e-05
3.43938621983183e-05
3.43938621983184e-05
3.43938621983184e-05
3.43938621983184e-05
3.43938621983184e-05
3.43938621983184e-05
3.43938621983184e-05
3.43938621983184e-05
3.43938621983188e-05
3.43938621983189e-05
3.4393862198319e-05
3.4393862198319e-05
3.4393862198319e-05
3.43938621983191e-05
3.43938621983191e-05
3.43938621983191e-05
3.43938621983192e-05
3.43938621983192e-05
3.43938621983192e-05
3.43938621983188e-05
3.43938621983188e-05
3.43938621983189e-05
3.43938621983189e-05
3.43938621983189e-05
3.43938621983189e-05
3.43938621983189e-05
3.43938621983189e-05
3.4393862198319e-05
3.4393862198319e-05
3.4393862198319e-05
3.4393862198319e-05
3.4393862198319e-05
3.43938621983193e-05
3.43938621983193e-05
3.43938621983193e-05
3.43938621983193e-05
3.43938621983194e-05
3.43938621983194e-05
3.43938621983194e-05
3.43938621983194e-05
3.43938621983194e-05
3.43938621983192e-05
3.43938621983192e-05
3.43938621983192e-05
3.43938621983192e-05
3.43938621983192e-05
3.43938621983192e-05
3.43938621983192e-05
3.43938621983192e-05
3.43938621983192e-05
3.43938621983192e-05
3.43938621983192e-05
3.43938621983192e-05
3.43938621983192e-05
3.43938621983192e-05
3.43938621983193e-05
3.43938621983193e-05
3.43938621983193e-05
3.43938621983194e-05
3.43938621983194e-05
3.43938621983194e-05
3.43938621983194e-05
3.43938621983194e-05
3.43938621983186e-05
3.43938621983186e-05
3.43938621983187e-05
3.43938621983187e-05
3.43938621983187e-05
3.43938621983188e-05
3.43938621983188e-05
3.43938621983188e-05
3.43938621983189e-05
3.43938621983189e-05
3.43938621983189e-05
3.43938621983189e-05
3.43938621983189e-05
3.4393862198319e-05
3.4393862198319e-05
3.4393862198319e-05
3.43938621983186e-05
3.43938621983186e-05
3.43938621983187e-05
3.43938621983187e-05
3.43938621983188e-05
3.43938621983188e-05
3.43938621983188e-05
3.43938621983189e-05
3.43938621983189e-05
3.43938621983189e-05
3.43938621983189e-05
3.43938621983189e-05
3.43938621983189e-05
3.43938621983189e-05
3.4393862198319e-05
3.43938621983191e-05
3.43938621983191e-05
3.43938621983191e-05
3.43938621983191e-05
3.43938621983191e-05
3.43938621983191e-05
3.43938621983191e-05
3.43938621983191e-05
3.43938621983191e-05
3.43938621983191e-05
3.43938621983191e-05
3.43938621983191e-05
3.43938621983191e-05
3.43938621983191e-05
3.43938621983191e-05
3.4393862198319e-05
3.4393862198319e-05
3.4393862198319e-05
3.4393862198319e-05
3.4393862198319e-05
3.4393862198319e-05
3.4393862198319e-05
3.4393862198319e-05
3.4393862198319e-05
3.4393862198319e-05
3.4393862198319e-05
3.4393862198319e-05
3.43938621983189e-05
3.43938621983189e-05
3.43938621983189e-05
3.43938621983189e-05
3.43938621983189e-05
3.4393862198319e-05
3.4393862198319e-05
3.43938621983191e-05
3.43938621983191e-05
3.43938621983191e-05
3.43938621983191e-05
3.43938621983191e-05
3.43938621983191e-05
3.43938621983191e-05
3.43938621983191e-05
3.43938621983191e-05
3.43938621983189e-05
3.43938621983189e-05
3.43938621983189e-05
3.43938621983189e-05
3.43938621983189e-05
3.4393862198319e-05
3.4393862198319e-05
3.4393862198319e-05
3.4393862198319e-05
3.43938621983191e-05
3.4393862198319e-05
3.4393862198319e-05
3.4393862198319e-05
3.4393862198319e-05
3.43938621983191e-05
3.43938621983191e-05
3.43938621983191e-05
3.43938621983191e-05
3.43938621983192e-05
3.43938621983192e-05
3.43938621983192e-05
3.43938621983192e-05
3.43938621983192e-05
3.43938621983192e-05
3.43938621983192e-05
3.43938621983193e-05
3.43938621983193e-05
3.43938621983193e-05
3.43938621983193e-05
3.43938621983193e-05
3.43938621983193e-05
3.43938621983191e-05
3.43938621983191e-05
3.43938621983191e-05
3.43938621983191e-05
3.43938621983191e-05
3.43938621983191e-05
3.43938621983191e-05
3.43938621983191e-05
3.43938621983191e-05
3.43938621983191e-05
3.43938621983191e-05
3.43938621983191e-05
3.4393862198319e-05
3.4393862198319e-05
3.4393862198319e-05
3.4393862198319e-05
3.4393862198319e-05
3.4393862198319e-05
3.4393862198319e-05
3.4393862198319e-05
3.4393862198319e-05
3.4393862198319e-05
3.43938621983189e-05
3.43938621983189e-05
3.43938621983189e-05
3.43938621983188e-05
3.43938621983191e-05
3.43938621983191e-05
3.43938621983191e-05
3.43938621983188e-05
3.43938621983188e-05
3.43938621983188e-05
3.43938621983188e-05
3.43938621983188e-05
3.43938621983188e-05
3.43938621983188e-05
3.43938621983188e-05
3.43938621983188e-05
3.43938621983187e-05
3.43938621983188e-05
3.43938621983188e-05
3.43938621983188e-05
3.43938621983188e-05
3.43938621983188e-05
3.43938621983188e-05
3.43938621983188e-05
3.43938621983193e-05
3.43938621983193e-05
3.43938621983194e-05
3.43938621983194e-05
3.43938621983194e-05
3.43938621983195e-05
3.43938621983193e-05
3.43938621983193e-05
3.43938621983193e-05
3.43938621983193e-05
3.43938621983193e-05
3.43938621983193e-05
3.43938621983193e-05
3.43938621983192e-05
3.43938621983192e-05
3.43938621983192e-05
3.43938621983192e-05
3.43938621983192e-05
3.43938621983192e-05
3.43938621983192e-05
3.43938621983192e-05
3.43938621983192e-05
3.43938621983192e-05
3.43938621983196e-05
3.43938621983196e-05
3.43938621983197e-05
3.43938621983197e-05
3.43938621983198e-05
3.43938621983198e-05
3.43938621983198e-05
3.43938621983199e-05
3.43938621983199e-05
3.43938621983199e-05
3.43938621983199e-05
3.43938621983199e-05
3.43938621983199e-05
3.43938621983199e-05
3.43938621983199e-05
3.43938621983199e-05
3.43938621983199e-05
3.43938621983199e-05
3.43938621983199e-05
3.43938621983194e-05
3.43938621983194e-05
3.43938621983194e-05
3.43938621983193e-05
3.43938621983193e-05
3.43938621983193e-05
3.43938621983191e-05
3.43938621983191e-05
3.43938621983191e-05
3.43938621983191e-05
3.43938621983191e-05
3.43938621983191e-05
3.43938621983191e-05
3.43938621983192e-05
3.43938621983192e-05
3.43938621983192e-05
3.43938621983192e-05
