0.05
0.0379418036861997
0.0362104380391371
0.0337347700189605
0.0363951253723223
0.0344519779198321
0.0329012681630056
0.0378430821800932
0.0361179585086411
0.0340389241768414
0.033476237826147
0.0336336761739299
0.0340089688001005
0.0346752637761623
0.0352512631713313
0.0379523784423008
0.0328320909644283
0.0285165152329066
0.0280492280386463
0.0269486970121799
0.0261226273672753
0.0260128697094662
0.026032634938832
0.0261661181935564
0.0265669851504111
0.027544325324536
0.0287767931617677
0.0295390152679726
0.029464072477272
0.0283433726349415
0.0261958767872047
0.0231563295829382
0.0377280532619812
0.0361350739338757
0.0341112690909545
0.0325578659474557
0.031358028571183
0.0304942947166282
0.0298607429472368
0.029273830573094
0.0329050009855158
0.0327331925008737
0.0329230109872787
0.0331903377546194
0.0332619937556159
0.0323599868515404
0.0312860890959375
0.0302742765029505
0.0317618845075203
0.0296966246407875
0.0272561329926373
0.0248699129315137
0.0223666252865875
0.0198760170234376
0.0177249748732533
0.0157145280509473
0.0138041654720715
0.0121565476694149
0.0106538958435473
0.00930669634168608
0.00806092434221622
0.00696237699697086
0.00599887015185831
0.00509387013505621
0.00427299072108687
0.00349025409874521
0.00271390883617923
0.0019614532863743
0.00127460801831152
0.000661302011932579
0.000130230683613687
-0.000316230139797723
-0.000801544741836195
-0.00131571403753848
-0.00177845118072763
-0.00219364583518884
-0.00253787342198511
-0.00282729329449331
-0.00305822340365154
-0.00322856001227633
-0.00334095117549442
-0.0033986175356588
0.0346395348683894
0.0354132166228591
0.0359553883770189
0.0362305600175329
0.0362429163299596
0.0360767230913297
0.0357701039815438
0.0354589822643856
0.0351650874972425
0.0349182108146096
0.0347780480378966
0.0298114965241228
0.0291828505374222
0.0282523257718899
0.028843235843514
0.0267172791171816
0.0240401567790173
0.0279156286871633
0.0275281505121972
0.0270811027499458
0.0278882734654674
0.0268748209306112
0.0251065768662457
0.0234700690812367
0.0218254370395033
0.0199182241211577
0.0179601923625812
0.0164095401624079
0.0151040901079947
0.0138692915456702
0.0128408583187978
0.0119690172910003
0.0112926182759092
0.0108209654486905
0.010527126457187
0.0103650371647066
0.0260860807960051
0.0239802629977733
0.0209128439276558
0.0176449820863497
0.0147056816807316
0.0117533242122732
0.0264936951053961
0.0258999088970033
0.0252424092579121
0.0103993403113486
0.00907084166653711
0.00791072280628665
0.00690304801237355
0.00599220762291459
0.00521052111108318
0.00456817760783308
0.0040118901581643
0.00351080688930809
0.00306893902160828
0.00269570335628041
0.00239290318652654
0.00215202008402997
0.00196104763744716
0.00181443404686909
0.00170986376720534
0.0016457834876206
0.00162001863814195
0.0016319374440358
0.0016808125482521
0.00177322537875511
0.00190980899361571
0.00209567561762755
0.00235416675971769
0.00260083302264322
0.00298423935696897
0.00340731053217584
0.00390245145744489
0.00443701284353904
0.00495516788220605
0.00546408222888331
0.005920669066931
0.00620225271749647
0.00641469504641909
0.0102678075738035
0.00892606182755075
0.00773806124270565
0.00648782717376681
0.00530102960360133
0.00421429593176823
0.00326970727189561
0.00234804862090603
0.00151224667039036
0.000731233487546439
1.07512178670439e-05
-0.000664960166279008
-0.0013019322866379
-0.00188730262355208
-0.00241633922472712
-0.0029212116201757
-0.00337334453879251
-0.00375859240435864
-0.00408790673442899
-0.00436851013461936
-0.00459365534216125
-0.00475124522853206
-0.00483462493943705
0.0243312747337137
0.0232298763563941
0.022049638342957
0.0208845458292773
0.0197784655419649
0.0187410235409421
0.017777822357012
0.0169339420856866
0.0162320400344475
0.0156661943610999
0.0152367772576632
0.0149488255487492
0.0148000095168294
0.0239624821429293
0.0224523878663961
0.0208278996908652
0.0192571637162
0.0177310316212088
0.0162960199994392
0.0150240647015412
0.0138414749820302
0.0125589164449193
0.0112069970939133
0.00988424771451837
0.00868543358286649
0.00761328352747392
0.00661300794838963
0.0057248324978008
0.00494317393897248
0.00428914154084577
0.00374809406394987
0.0032380455139987
0.00256379670332392
0.00176812978554044
0.00107691594984684
0.000337649120609781
-0.000300419817988454
-0.000903343999668102
-0.00150018001978249
-0.00207530211612363
-0.0026007001680352
-0.00305309846526762
-0.00343045635265426
-0.00375610206504122
-0.0040437755303789
-0.00427115516473051
-0.00446710024748457
-0.00463797926545959
-0.00475163250924505
-0.00481161225076052
0.0227230181016952
0.0213584803620326
0.0199931399275386
0.0185352326862851
0.0172191501521487
0.0157750355921797
0.0144857174951703
0.0133789303313184
0.0122171224250259
0.011154925154345
0.0104105965215812
0.00932768611841122
0.00862838727781294
0.00778516753692285
0.00693212216094302
0.0063012910609352
0.00590271960239522
0.00550292355755516
0.00516646233314115
0.00492030137285678
0.00475108879901892
0.0046700015039367
0.0229532585007972
0.0217345971595426
0.0204257843580199
0.0190728725220787
0.0177724988816511
0.0165492656067066
0.015399951188107
0.0142503803097974
0.0132913854995758
0.0123327804315356
0.0113824696889544
0.0104805227702055
0.00924468003001441
0.00804494140274068
0.00698109810132999
0.00602736722345436
0.00520238283759106
0.00447120865645689
0.00387643807847228
0.00327906844594409
0.00275318952653054
0.0023257778931837
0.00199032481145998
0.00173457538353854
0.00156860600530262
0.00148036999513258
0.0325352062564701
0.0321932328358845
0.0318567393160274
0.0323380837339012
0.0321073712355106
0.0321827251471432
0.0317019953296402
0.0315277476156852
0.0313149975539658
0.0319150137814527
0.032649621801807
0.0340194929650837
0.0352630170838707
0.0360716170076958
0.03646634299369
0.0362563371651903
0.0352973188005874
0.03368994567757
0.0314106267107385
0.0288014003730719
0.0261198061775389
0.023359278724319
0.0200511643236354
0.0164582445421738
0.013763217442416
0.0109827933649268
0.00898208794366642
0.00714004945839323
0.00563295944301779
0.00417940766206837
0.00291881096910735
0.00186071069579262
0.00091031393542976
6.42785968214278e-05
-0.000674309118449529
-0.00132531800076262
-0.00185077661065992
-0.00229119135867786
-0.00270566438229001
-0.00301527141119111
-0.00323553987966925
-0.00338084710283988
-0.00345632226816406
0.0328966243432016
0.0351926030228918
0.0376043497283954
0.0397574901889809
0.0415101161812663
0.0429567021279351
0.0441208486306335
0.0450493376897984
0.0457273423122039
0.0462133914726528
0.0465397084281011
0.0467357074990911
0.0468314662678983
0.0293705881212757
0.0274672526098334
0.0248656206611918
0.0236084213513896
0.0221979278167944
0.0206297183574985
0.023752126608
0.0221340799651647
0.0199721867006078
0.0178755271866854
0.0158516733042614
0.0138947711227564
0.0120916219605955
0.0104503554149918
0.00892892595008669
0.00756493720403555
0.00631942724887659
0.00517144118934706
0.0041342955309525
0.00317197426904865
0.00230143244337623
0.00151462418052413
0.000816518822290766
0.000183823583740663
-0.000361052712992006
-0.00082766916696375
-0.00123504826417021
-0.00162630721517639
-0.00197301044758259
-0.00225340994648526
-0.00246290412872311
-0.00259027765206621
-0.00266413639549815
0.01911172810855
0.0173039936070416
0.0152726335029966
0.0132445118589142
0.0115307014008304
0.00994240717448911
0.00837884187247929
0.00705250975260559
0.00596980765185535
0.00484107476613346
0.00373364367551865
0.00271417611532061
0.00186070877767253
0.00118391191370502
0.000488487952995123
-0.000133243886999588
-0.000695115315293589
-0.00117634217078107
-0.00157626010982286
-0.00185784244829949
-0.00207985838721007
-0.00228202613332862
-0.002433032349544
-0.00250348726389592
0.0194147667515947
0.0181371591329076
0.0170034323724449
0.0158783954843991
0.0149457545509563
0.0140209796167726
0.0132053035585315
0.0126096440961239
0.0121165982836479
0.0116893952905569
0.0113951184993267
0.0112222932713542
0.0325910414788115
0.0333746086707639
0.0344766768518029
0.0358141270790358
0.0369332854324066
0.0376361794754297
0.0379906703149061
0.0379000383322736
0.0373510207160479
0.0363079054653648
0.0347299573005043
0.032766911804333
0.0306417903681078
0.0281248246284469
0.0253371841126153
0.0227538409527805
0.0205763117864815
0.0187375546954438
0.0172184631413875
0.01603609278967
0.0151979360016179
0.0146571847763422
0.0143469898497717
0.0321805928637094
0.0323735486460724
0.0327161952418101
0.033137436364561
0.0334259892674666
0.0333618804718638
0.032827100425801
0.0317459003239755
0.0301245880479455
0.0280579118088607
0.0256934985362672
0.023290070752441
0.0208196122272984
0.0183794079274477
0.0161784285581722
0.0142359027634853
0.0124996908165901
0.0109310896409744
0.00951757065126327
0.00826692251825167
0.00714893480956985
0.00615105711864549
0.00528509370383271
0.00449844431742765
0.00366916160066646
0.00285817874677481
0.00213054325230141
0.00148585267929041
0.000941714093925486
0.000485236755076308
0.000102982319870154
-0.000190247973666397
-0.000419443967793412
-0.000559772374479938
-0.000636787966198468
0.0343464163710452
0.032777501189657
0.0301969106269679
0.0365775976617282
0.0375793007890081
0.0380775485802513
0.029365772094476
0.0278975277725869
0.0260700140316705
0.0241473787329615
0.0225444395820188
0.0211283173605316
0.0200290546959602
0.0192964088115971
0.0189278325981325
0.0263386861310121
0.0223774452785015
0.018431389587637
0.0145517533627642
0.0124778471478471
0.010771595414765
0.00914503724847022
0.00766941953351596
0.00638766432213769
0.00521331107394507
0.0041544093932551
0.00319712378266959
0.00232356659613814
0.00152643934743885
0.000790244988938746
0.000114816822656193
-0.000495618288072712
-0.00103265352561456
-0.00150477772795351
-0.00196539210256139
-0.00242440348921196
-0.00283739167102347
-0.00320996193338818
-0.00353810030126553
-0.00381400007245075
-0.00404090636323177
-0.0042257248861404
-0.00436376804738597
-0.00445457029824805
-0.00450157028535971
0.0131909666596402
0.0121638292479022
0.0114159750463472
0.0106846727295707
0.0103508722161642
0.0101149661645288
0.0216149916394453
0.0196365131750137
0.017345172562632
0.0149958334664968
0.0128158181065711
0.0108686787632041
0.00915678296045573
0.00764824665148931
0.00628475932303709
0.00505226661475562
0.00398252258204658
0.00306519597520128
0.00221464244817397
0.00140979931137242
0.000683554801958223
1.42187208676157e-05
-0.000608677997588995
-0.00118877291220299
-0.00172781232228893
-0.00222613348919603
-0.00268388542104491
-0.00310202419812372
-0.00347814002343344
-0.00380747160290955
-0.00408677299505185
-0.00431341103601833
-0.004484635694315
-0.00459850107611507
-0.00465712150514451
0.0209856112973007
0.0188887089151278
0.0167216115301527
0.0146489504029396
0.0127461043170737
0.0111577463367374
0.0097761895353739
0.00841687316257299
0.00715308917104964
0.00609715734699485
0.00521520083419117
0.004396051943361
0.00358728375772039
0.00273115959855278
0.0019319737785914
0.00122728277754876
0.000584843116997073
-4.6093130594508e-06
-0.000553672362827499
-0.0010825285924498
-0.00155466798504767
-0.00204965633633833
-0.00237791108173487
-0.00270959741581014
-0.00309950996963169
-0.00344359875031386
-0.0037593250670926
-0.00404596608570968
-0.00427059287306702
-0.0044452465653238
-0.00456326415961375
-0.00462577833466537
0.0283307983639176
0.0270335467025192
0.0255565444059819
0.0240134752685502
0.0222738886804008
0.0293912069877453
0.029952949454494
0.0309324237699354
0.0317342780179664
0.0324145802421633
0.0328190152192168
0.0327998429572428
0.0323873170779126
0.0315164103893765
0.0300874196785512
0.0284628796596504
0.0266115937037064
0.0246585477462857
0.0227078453751839
0.0208643593091463
0.0191921627546287
0.0176846540336206
0.0164435084257187
0.0150142000560415
0.013768113516374
0.0128176081680435
0.0120225077587118
0.0113779517777958
0.0109171332400381
0.0106320493137393
0.0104724636394498
0.0205968857008178
0.0177171517835825
0.0139644227883265
0.0214024417435476
0.0199198163219002
0.0179901028536559
0.015793981754793
0.0120152244348677
0.0106285610816202
0.00959807747558755
0.0126017762623018
0.0113526028475851
0.0100577717880456
0.00903078866688694
0.00767614059869907
0.00917052194323995
0.00827470772398104
0.00706167370024357
0.00580073541168984
0.00852622329097338
0.00754834132315947
0.00656367191056099
0.00520725525726676
0.00455416430960928
0.0038738822716438
0.00328713624161567
0.0026983895758557
0.00212478362466565
0.00160763619483235
0.00109187828328565
0.000601934334060649
0.000149867726260318
-0.000261722551209356
-0.000684885373963142
0.00510231636449909
0.00439104400936659
0.00364826129213091
0.00310677542072811
0.00242581348647063
0.00191050220111401
0.00130238190131752
0.000709866921423851
0.000207424125680734
-0.000275461308005617
-0.000753676563326754
-0.00122116871181626
-0.0016356787527113
-0.00202528041272987
-0.00245890794733608
-0.00284522884439867
-0.00324143358695894
-0.00357828366210452
-0.00389364756070704
-0.00417480943455268
-0.00440112479252505
-0.00459085887630477
-0.00473878270532178
-0.00482959948783167
-0.00487543144334025
-0.00108157256513319
-0.00144110501065676
-0.00174717866162408
-0.00196841346389261
-0.00216624278632091
-0.00228668389574978
-0.00235335244259018
-0.000663269224505081
-0.000620182383556805
-0.000560534754483031
-0.000494727971243268
-0.00042323306333481
-0.000346612896244089
-0.000267555090101274
-0.000185564385821754
-0.000101031341654396
-1.36227741736958e-05
8.20544414642837e-05
0.000185895748242711
0.000293129671115316
0.000394724530158722
0.000483626616116947
0.000560114979364185
0.000616989659520873
0.000647084338195719
0.00612094972914921
0.00559927173171908
0.00498146349340209
0.00427934283015586
0.00356129395671664
0.00287466107029495
0.00221771642738209
0.00158930267990366
0.000988533884649821
0.000414565655427273
-0.000133511962241026
-0.000657035603977398
-0.00115728025406754
-0.00165969222356175
0.00611277573542959
0.00564583393014194
0.00517454099101518
0.004708624538269
0.00430050881298451
0.00390540922800294
0.00352771355913851
0.00317999009322327
0.00285519401909902
0.0025254163164112
0.00218753677890622
0.0018743264701918
0.00161264881422118
0.00139720897805599
0.00123306472467387
0.00110307394789239
0.00101947336913673
0.000972615718144722
-0.00197276702084656
-0.00225844485295285
-0.00252335315836715
-0.00281164143153459
-0.00307255458842174
-0.00330203717944922
-0.00357915258361292
-0.0039095762979828
-0.00422646865039765
-0.00450071644528079
-0.00473519662751734
-0.00494164630825566
-0.00513054676698661
-0.00529594205543989
-0.00542846626021916
-0.0055220631952598
-0.00558430618380206
-0.00561913313144214
-0.00190648845240564
-0.0021251260990756
-0.0023194664310127
-0.00249453787111922
-0.00265575507592285
-0.00280616882303766
-0.00294070383095715
-0.00305077087661981
-0.00313339464282305
-0.00318838846862443
-0.00321671823762722
0.00685791646854476
0.00597384167864836
0.00503852199483913
0.00418475157823799
0.00340651737374777
0.00266277146469249
0.00198235811366374
0.00130183003570127
0.000673219443259539
8.51808257280268e-05
-0.000500091074698086
0.00692798526647421
0.00609834245836464
0.00538526604445566
0.00463908123681922
0.00405093397994078
0.0034106348926269
0.002888704257514
0.00245228260782219
0.00204966083856414
0.00182128561012698
0.00160160592753046
0.00146344587725292
0.00139410450373139
-0.000866349991083738
-0.00118283182946586
-0.00145712618779006
-0.00172589242563132
-0.00194130532080771
-0.00212391119046115
-0.00225328335229038
-0.00235008745389014
-0.00240698346755377
-0.000756129844464779
-0.000993031942880088
-0.00121556727165537
-0.00142887906887878
-0.00163737380031166
-0.00184222193224833
-0.00204507513569544
-0.00225076758975606
-0.00245521632901509
-0.00265645805998815
-0.00286290301709235
-0.00306262675827354
-0.00325375952128883
-0.0034389592790125
-0.00361611257678886
-0.00378949598727217
-0.00395352012766217
-0.0040961257477557
-0.00420666785962738
-0.00429292774967503
-0.00435272005809925
-0.0043828405412124
0.0147811363087397
0.0135952326940403
0.0123508528048781
0.0111582837930541
0.0100297200063461
0.00893485337099519
0.00778910814816009
0.00672991699771159
0.00599410814454026
0.00509243912059792
0.00409875041616516
0.0032715431278811
0.00245522932277105
0.00162991204833745
0.000878448925989118
0.000124869263348888
0.0147962470611771
0.0137374607483363
0.0126976096917191
0.0117094842545359
0.0107524455603544
0.0098074178669622
0.00885146171805234
0.00788111107453999
0.00694770331088438
0.0061023443073471
0.00537738485522935
0.00477275012059972
0.00422780464243728
0.00360169170987113
-0.000355544136111713
-0.000907066854112476
-0.00142230812981799
-0.0018773675649004
-0.00233118052910148
-0.00272510138048211
-0.00308103204320713
-0.0034615942479336
-0.00375752781658641
-0.00402258106266411
-0.00424394598991014
-0.00443457284616778
-0.00458645779221464
-0.0046996544861429
-0.00477642777060917
-0.00481659438681549
-0.000307781534596446
-0.000721888423959393
-0.00114046228317626
-0.00150897451302311
-0.00182416156072369
-0.00214435769963864
-0.00242488203428735
-0.00265545947147776
-0.0028453434711658
-0.00300909694823862
-0.0031533563418432
-0.00327534568977977
-0.0033669133987502
-0.00341772144523342
0.00317786987027998
0.00282239138897791
0.0025032859865555
0.00219905832727137
0.00192340132984157
0.00167289146459852
0.00145864497779857
0.0012687219103133
0.00109461101483618
0.000946200044522421
0.000830816868810471
0.000745339766119625
0.000684759527800599
0.000648872907972355
0.00339752863159567
0.00320303174892566
0.00304838681286817
0.00290505445828192
0.00275482592542798
0.00263427383741155
0.0025580374129607
0.00251175544834758
0.00250400016576693
0.00253834680041065
0.00261825438467317
0.00273380264880143
0.00290464541899356
0.00313165300415465
0.00341996162850993
0.00375528494605057
0.00415149147802098
0.00463976586638057
0.00520328973318604
0.00584798274508828
0.00659431145836552
0.00746224391861308
0.00847142982148825
0.00963226353845419
0.0109686468903856
0.0125609443431662
0.0144249465131205
0.0165272523279286
0.0189862404081532
0.0217756385202936
0.0250668976006149
0.000735206610288342
0.000858252720456909
0.00102457325129951
0.00124172429624701
0.00151555561895222
0.00182299283916576
0.00213324759513451
0.00249345920787545
0.00293019466545017
0.00341261651997868
0.00396827137730387
0.00458516251540748
0.00531236870620943
0.00622198968031005
0.00722111324468278
0.00828570885392132
0.00960661207438853
0.0111719309550924
0.0129069405753666
0.0147429264074281
0.016731634939192
0.0189977130449065
0.0214410052992444
0.0239072842453452
0.0264014056588142
0.0290175371670967
0.000526538884692963
0.000437956175724578
0.000379424112175796
0.0316276149049464
0.0347592781888523
0.0382137224098954
0.0415266906752767
0.0443950366186815
0.0468353131277186
0.0299889548048907
0.0311140842155813
0.0318329122739663
0.0323006913777431
0.0480918170726287
0.0488079420344527
0.0491744955751762
0.0493345244021952
0.0477595367878879
0.0482599454336138
0.0484731997026253
0.0275716776772295
0.030314308634593
0.0330718631880451
0.0359757499182284
0.0391013204513201
0.0421817787303293
0.0263596594641097
0.0278757076561721
0.0296459784590968
0.0316174527282582
0.0337492477965367
0.0357998504337998
0.0380224733383687
0.0400569674564051
0.0419525876345965
0.0435975390877286
0.0448707850102224
0.0457509428569233
0.0461220722892343
0.0458705188796024
0.0447563961247265
0.0424864682832701
0.0384292954348759
0.0438176734632362
0.0450057851555684
0.0459701275212645
0.0465822653726701
0.046845907717836
0.0466384158981178
0.0458278425852462
0.0441928512937473
0.0414397043206488
0.0375377895765034
0.0327186172338037
0.0276242481786734
0.0229601382891346
0.0191215598185478
0.0161537383629061
0.0139480846595972
0.0123944405196918
0.0114104761940604
0.0109191214037758
0.0434517575944948
0.0444205195944003
0.0452437960805401
0.0458335032949288
0.046209045207561
0.046400402097525
0.0339868872042254
0.028353281856115
0.0231051851183948
0.0191235906715734
0.0161397177800573
0.0142726332539423
0.0133347021485302
0.0353040136202293
0.0312433666162487
0.02786092153144
0.0260615233391116
