0.05
0.0372124432657052
0.0343261844491585
0.0295010122919073
0.0354837759936547
0.0330593374540309
0.0303654799860201
0.0371930966712179
0.0347897592117225
0.0307806141294792
0.0280380547496172
0.0258195823473893
0.0241002974554848
0.0217206558654677
0.0187238126190685
0.0373392970818615
0.0321382433551794
0.0275040335059916
0.0267954501503846
0.0237267063787814
0.0205952284032015
0.0198241363158521
0.0193910217497707
0.0189252533312266
0.0181774019844887
0.0168047016939701
0.0151428015670413
0.0137298265223102
0.0126217421692463
0.0118233200773744
0.0113375622529191
0.0111612157341868
0.0371119528105952
0.0355072699892527
0.0334310916696991
0.0317938350092808
0.0304824211109062
0.0294955381061295
0.0287298147989904
0.0279774786650265
0.0271249728268893
0.0247855287463372
0.0220633647995372
0.0194224730813871
0.0162983390402166
0.0265147288455433
0.0238564129696837
0.0211949761110547
0.0149301967543582
0.0135117317681157
0.0121750425939392
0.011060359286449
0.0100143094097599
0.00905213041763853
0.00826481008823131
0.00756172445723236
0.0069273918687847
0.00641642735348861
0.00599272565039431
0.00566249938647674
0.00541673570528329
0.00526642775382695
0.00520521398170606
0.00523103238441511
0.00534966139935202
0.00557107820813471
0.0059149273552881
0.00638756749595426
0.00697040520218417
0.00765819587688745
0.0084360869347237
0.0092694050768777
0.0103974635791062
0.0118522019805449
0.013402160669569
0.0150186459400819
0.0165433752268353
0.0179685348198112
0.019204592029841
0.0201735513393825
0.0208396391587599
0.0211898132659795
0.0150031853292364
0.0140770542688735
0.0131678891580269
0.0122935730217084
0.011557182958566
0.0109444186903059
0.010393904547496
0.0100061683128827
0.0097121868008122
0.00949945750136839
0.00938893540413988
0.0197623984765338
0.0180150490383235
0.015780863855186
0.0181329441321058
0.0145578784982635
0.0111049378369641
0.0151897014296391
0.0145442078429762
0.0138347551378595
0.0142420541085534
0.0119822011566767
0.0094684296214327
0.00775272476399497
0.00630877812790288
0.00481558686283965
0.00338520050559337
0.00228770341527621
0.00137532509190083
0.000515407868274657
-0.000202137540461267
-0.000812973163052902
-0.00128910019940195
-0.00162247077300964
-0.00183080724886568
-0.00194597168359203
0.0128888633773379
0.0117204663958177
0.0105106433686654
0.00959117381423579
0.00906559411659279
0.0088809194805422
0.012905167039583
0.0120426020663733
0.011157330058423
0.00886836806371845
0.00925591325471291
0.0100584863487035
0.0112870818731858
0.0130401332319973
0.0152713721323452
0.0178294353959997
0.0207659136465592
0.0241448520581819
0.0278142058777563
0.0314770729301187
0.0348401089127455
0.0377175666502635
0.0399783048075612
0.0413868396481919
0.0416130290935226
0.0402649238483914
0.036990451460191
0.0318345354874338
0.0261046632610366
0.0204704553978144
0.0157503637159861
0.011907153067967
0.00863303268638954
0.00657262216015621
0.00441520261945666
0.00281796211155609
0.0015157116409489
0.000504552840192784
-0.000236728764605933
-0.000812246800268303
-0.00123721817380725
-0.00146873170832454
-0.00162704936269546
0.00907875501782593
0.00967426991072821
0.0106833969169491
0.0123847606287651
0.0147020287291133
0.0175764001911049
0.020762198137981
0.0245024133123798
0.0283341892135917
0.0321383751563166
0.0356658023838879
0.0387984482725321
0.0413588102994109
0.0430894095399387
0.0438136655906907
0.0433144728202256
0.0412142740612156
0.0374661321526028
0.0325333136398603
0.0273429606128313
0.0228979370973519
0.0198037151575983
0.0182031285874594
0.00965354475724619
0.00827439323497908
0.0070464747299866
0.00597646620022287
0.00504202976585095
0.0042133015970898
0.00347210715187062
0.00283797756781137
0.0023179417264503
0.00190205685235116
0.00158779089077555
0.00137749215794
0.00126890460386072
0.010077957312294
0.00906763140595621
0.00815976879129559
0.00740438006004137
0.00676300102869179
0.00623770665331504
0.00584213448493743
0.00554579746641204
0.00531198467104107
0.00516839895783944
0.00514280890311956
0.00525040570700314
0.00549479496024048
0.00589456617801228
0.00643961395690307
0.00713859081301169
0.00797750649223711
0.00894798640109779
0.0101695116472433
0.0122221879411488
0.0151504925453339
0.01814456402837
0.0218467482622204
0.0253996934836604
0.0289759161317007
0.032633457058463
0.0361842901130551
0.0393726244356777
0.0419929338329141
0.0440130121851288
0.0455726493067215
0.0467589104794793
0.0475384746367219
0.0480802155145558
0.0484500106592605
0.048645088503375
0.0487307980257825
0.00960183959330066
0.00830634356185621
0.00716167190456496
0.00604732593705047
0.00510694813916705
0.00412878146144567
0.00329140913365058
0.00259559778868226
0.00188652138195201
0.00125523087455865
0.000821356136988232
0.000203150361679309
-0.000187791626389256
-0.00064957200972782
-0.00110538358422595
-0.00143461385672305
-0.00163894147206877
-0.00184059043280221
-0.00200759291643488
-0.00212814854261727
-0.00221016161377708
-0.00224921394567499
0.00992629741775714
0.00884762865344465
0.00785483445558229
0.00694831992512302
0.00616185112211057
0.00548366304831883
0.00489480605571425
0.00435126076014511
0.00393427404563044
0.0035559722301231
0.00322329572621442
0.00294428227477685
0.00260746002005293
0.00232353082982006
0.00211184591639039
0.00196076950699834
0.00186446059298827
0.00181021927899625
0.00179167876143371
0.00180202818527498
0.00184022306599235
0.00189393833190844
0.00195069555180947
0.0020031626679753
0.0020416833234253
0.00206374233325957
0.0295758029208728
0.0286010717953242
0.0272776105292496
0.0290431532800272
0.0277477666774755
0.026306485895717
0.0266479053932627
0.0258443892827718
0.0247677852550094
0.026326986086449
0.0248098600240812
0.0227579360157892
0.0208844982685368
0.0193294314410383
0.0178040217888567
0.016279732355634
0.0148703091708576
0.0136707437771848
0.0125677327281233
0.0116232591484377
0.0108223414009494
0.0100902287414724
0.0092614001446406
0.00837376920208281
0.00770981292435956
0.00703525195420236
0.00657454750043123
0.00619181032441816
0.00593479790777602
0.00576956419705817
0.0057342589760712
0.00582613253943034
0.00605043617580799
0.0064138401715025
0.00690912254904551
0.00753507260531481
0.00821146758171548
0.00892981176534564
0.00976641920561261
0.0105110043180756
0.0111130120791702
0.0115472931162566
0.0117858378090918
0.023875037394989
0.0228180761302867
0.0216889826928543
0.0205513901901971
0.0194750360410738
0.0184439334109396
0.0174861750155484
0.0166066143260563
0.0158699490658059
0.0152679837153024
0.0148122996653054
0.0145101434894231
0.0143519261634357
0.0207066829532572
0.0173811190592811
0.0138208425574864
0.0123388679167157
0.010886125420064
0.00943088619061839
0.0126058132951257
0.0114734714828501
0.010401342912835
0.00966867771404482
0.00922755958703053
0.00907064645866289
0.0092048906646106
0.00962276464335382
0.0103392358708375
0.0113344392402004
0.0126227059147429
0.0142221472865851
0.0160928195743338
0.0182652396297668
0.0206464114698009
0.023168897371339
0.025710305893893
0.0282592115292613
0.0306440021659062
0.0328374822884425
0.0348744046006894
0.0369292157336616
0.0388094271783989
0.0403578376457292
0.0415226305736142
0.0422305718881094
0.0426401639555837
0.00884331184919108
0.00837646935031223
0.00808044718413508
0.00801815096152804
0.00818149098359936
0.00856560153087318
0.00923698281268555
0.0101098060801783
0.011090885557283
0.012444179239116
0.0141935303280817
0.016274901289346
0.0184402712744669
0.0204705817752662
0.0228778068099184
0.0253153999869462
0.0277550453857412
0.0300221935082782
0.0320294363242486
0.033507335015363
0.0347129391297213
0.0358430627098384
0.0367043267378743
0.0371102823608741
0.00777870194494577
0.00624328076302743
0.004989727071698
0.0038163438140438
0.00288069615124531
0.00197829898838959
0.00119807755467631
0.000635696562417425
0.000174608962657663
-0.000222169418340534
-0.000494393681895142
-0.000653863715398621
0.0254006884820722
0.0241798793837324
0.022597602049738
0.0206057410008433
0.0186747904050857
0.0170432757279778
0.015454370658578
0.0139410838419861
0.0125908201349651
0.0113043126697421
0.0100721124859344
0.00896820323974549
0.00801615757820155
0.00704801731813227
0.00606431073661168
0.00518496989602873
0.00444581541555724
0.00381202445403282
0.00327561191816026
0.0028469302703356
0.0025358419988647
0.0023315215312031
0.00221278355796761
0.0254325524077211
0.0243292820003343
0.0229381076457824
0.0211586310276314
0.0191787425086212
0.0172656214381368
0.0154954136276252
0.0138494030829503
0.0123379060254974
0.0109578294638481
0.00969684393169184
0.00858380718965311
0.00753265165272269
0.00654114219406733
0.00566406886494209
0.00489397906902414
0.00420513498332148
0.0035813585589991
0.00301848229855633
0.00252093757376114
0.00207793694994402
0.00168547827147137
0.00134883171659109
0.00104809663971739
0.000737793229669148
0.000441422099302433
0.000183139202934038
-3.7594130720731e-05
-0.000216172896586276
-0.000359121610176355
-0.000472994897720737
-0.000556213393108417
-0.000618396789697363
-0.00065518488100281
-0.00067489488532341
0.0172124779453935
0.0153967416762963
0.0131473425861758
0.018353058516795
0.0180565481360453
0.0179019812249979
0.0117897843696706
0.0104787915566373
0.00931559509452645
0.00831530682023015
0.0075678848934583
0.00694705907462885
0.00648087954494296
0.00617510088803145
0.00602230961809587
0.011216442320106
0.00960963971570149
0.00818776368090022
0.0068913060562894
0.006726932036678
0.0066944593138307
0.00678134686745529
0.00699777526115333
0.00733447086750969
0.00781307573967476
0.00843945265998262
0.00922661028079555
0.0101966168539692
0.0113652541871233
0.0127613970489573
0.0143866366561384
0.0162156546777721
0.0181768064407555
0.0202198800829904
0.0225147443376531
0.0250711890116632
0.0275745751921931
0.0299831464890421
0.0322115572262003
0.0341551583639305
0.035796364505827
0.0371579562998245
0.0381867711173562
0.0388678206508672
0.0392214473474852
0.00596094860681829
0.00524195291730796
0.00470698818491882
0.00417171935406748
0.00392381333740967
0.00374662895327424
0.0112082349485526
0.0116634428608554
0.0126343321306734
0.0141512019864479
0.0161639735175375
0.0186223974093075
0.021443622205509
0.0245345136086476
0.027851457677194
0.0312557477991089
0.034453013136014
0.0372695820988665
0.0397934885645081
0.0418814589695658
0.0432283668476979
0.0436779021451989
0.0429790146680345
0.0407730299071055
0.0367788540860468
0.0313858988109764
0.0256856632395404
0.0205431098930623
0.0162862425032301
0.0129236289934287
0.0103411504031082
0.0084183992266856
0.00706269117812314
0.00620536718265087
0.00577770150371151
0.0112804103904868
0.0117182929648742
0.0125232861494543
0.0137081770155054
0.015265084627428
0.0170150686034103
0.0189615887209282
0.0213530569114869
0.0240730543583146
0.026745586335433
0.0292684101762097
0.0318496249632842
0.0345698587383415
0.0374977237113241
0.0400956195371959
0.0420660311227875
0.0433390325757502
0.0437632236571113
0.0431485106106099
0.0411187959440152
0.0375741736861996
0.0319480152323946
0.0276578196023726
0.0232513968625815
0.018436341310011
0.0147153806352429
0.0116910216242175
0.00923048950698507
0.00747225624721886
0.00620214949727678
0.00538922272606012
0.00497337382809097
0.0273548625579769
0.026536954585833
0.0256214389230209
0.0246500577401088
0.0235102590606806
0.0273144741833887
0.0256794109864396
0.0232133996101409
0.0211324535326164
0.0189994700582336
0.0168397931067786
0.0150965130178499
0.0134623500764655
0.011751473178197
0.00996371702778415
0.00848664963576101
0.00712634652380115
0.00587966511493854
0.00473945181500571
0.00371395137374112
0.00280398525768678
0.00198686951480254
0.001309035154006
0.000517282965524295
-0.000185675904534223
-0.000731420659234228
-0.00119529416087362
-0.00157673175806293
-0.00185253738955875
-0.00202448759397922
-0.00212124042689146
0.0221182574817415
0.0196511165029923
0.0163704543042885
0.0231722047364907
0.0224075270669691
0.0212313811132845
0.019710311557993
0.0146229784248344
0.0133705906410397
0.0124346594431744
0.0152200142742031
0.0141348793168295
0.0129881776112513
0.0120669584575929
0.0108391028849279
0.0119778403131253
0.0109937989015382
0.00964168990093805
0.00822148237162635
0.0115001069561913
0.0106420531802898
0.0097736416512933
0.00750544645556926
0.00670449006057639
0.00585914183533452
0.00512253579374226
0.00437745151362019
0.00364656166450042
0.00298328862641268
0.00231629652726817
0.00167441404525525
0.00107005428230509
0.000503495926328618
-0.000102840139786636
0.00746787067384701
0.00669581121028945
0.00588585956849035
0.00529393792656348
0.00454877933445718
0.00398556949634102
0.00332302755108525
0.00268161442990961
0.0021425929169655
0.00163018466325554
0.00112949464783037
0.000647932830971892
0.000228812641406355
-0.000157539724604402
-0.000579150677378466
-0.000947990735607712
-0.00131964986527434
-0.001630465441948
-0.00191718944585923
-0.00216945154428137
-0.00237030924334701
-0.00253721930269234
-0.00266642928282029
-0.00274537574957316
-0.00278510305840684
-0.000253811892847349
-0.000388313553521947
-0.000501535525174362
-0.000582845457255385
-0.000655241926876389
-0.000699211871523523
-0.000723519132667695
-0.000506049643533336
-0.000891237595813553
-0.00127117794013772
-0.00162128500800809
-0.0019639735157672
-0.00230668642138486
-0.00264068621012725
-0.00296587253699004
-0.00327476006852056
-0.00356236979146847
-0.00383948813052317
-0.00409920326603177
-0.00432944665950064
-0.00451894410952366
-0.00466649127102918
-0.0047820831406098
-0.00486219076222908
-0.00490278601533376
0.00932131305291079
0.00878176278491745
0.00813593857122323
0.00739528365048215
0.0066318449193355
0.00589647963604962
0.00518815615789349
0.00450638037647807
0.00385090655517393
0.00322150051564831
0.00261782593687596
0.0020390468340916
0.00148436930602175
0.00092612229275478
0.00943874396140205
0.0090933785477735
0.00874600114478926
0.00840362238004553
0.00810451765759731
0.00781566251411689
0.0075401735991142
0.00728707092681595
0.00705105851512343
0.00681174756436632
0.00656681489385728
0.00633994823229698
0.006150522247116
0.00599463708750376
0.00587590572291249
0.00578190010770072
0.00572145115194262
0.00568757279657404
0.000541600629620467
0.000188550475773179
-0.000139605300048432
-0.000496475310617605
-0.000817871042708605
-0.00109815771852984
-0.00143291097401573
-0.00182669845523249
-0.00219866839461258
-0.00251562711621187
-0.00278269978603587
-0.00301471843381561
-0.00322438036019412
-0.00340587237930356
-0.00354989788062019
-0.00365087913093115
-0.00371768726772441
-0.00375493856532585
0.000680905460433184
0.000465327289210375
0.000275173860339685
0.000105172746222548
-5.02262561843651e-05
-0.000194223236425923
-0.000322253667296174
-0.000426479941884909
-0.000504410007509547
-0.000556129608903908
-0.000582724003545496
0.00995422366233397
0.00898214434541621
0.00793742331080498
0.00696892061627223
0.00607320827762547
0.00520514780043973
0.0044003241096353
0.00358484483140477
0.00282220879864229
0.00210084480299779
0.00137598423515274
0.0102945035931388
0.00969206881933035
0.00917539821892749
0.00863583498450545
0.00821126720053135
0.00774972874708507
0.00737394401538565
0.00705997207354987
0.00677048037110989
0.00660632368451316
0.00644844739960356
0.00634916728573255
0.00629934199910116
0.00111731733397611
0.000900156400281878
0.000716204792702151
0.000539607571024841
0.000400453880484101
0.000284098276783954
0.000202491443303616
0.000141886997205104
0.000106458113055289
0.000890736490867452
0.000429727352289471
-8.37281644028462e-06
-0.000426500187453012
-0.000827041453040419
-0.00120724124294979
-0.00156681187684259
-0.00191199107037689
-0.00223503371740301
-0.00253402663447457
-0.00282249578821458
-0.00308558260522761
-0.0033239654821372
-0.00354355204412549
-0.00374433154003079
-0.00393356309706789
-0.00410727185233216
-0.00425474503533458
-0.00436709085604724
-0.00445366021542937
-0.00451313360952609
-0.00454293423197077
0.0188895036335007
0.0178330180849309
0.0166494449308768
0.0154620696136662
0.0143038693959377
0.0131583197792042
0.0119449618772526
0.0108163811818381
0.0100308828038687
0.00906800455623042
0.00800802792019112
0.00712749049181606
0.00626067849683292
0.00538679565876678
0.00459350864786939
0.00380039072052249
0.0190242410821769
0.0182033852891439
0.0173223703191751
0.0164269252564191
0.0155140210285159
0.0145763626339894
0.0135985476626367
0.0125824989361689
0.0115879494145329
0.0106756203595842
0.00988556196937551
0.00922135602325143
0.00861835384950474
0.007919929731823
0.00327338477217942
0.00267000114353866
0.0021084541634378
0.00161484465348855
0.00112537948749708
0.000703234084324385
0.000324323396289852
-7.77933793759196e-05
-0.000388195345436227
-0.000664366714094483
-0.000893635887207754
-0.00109002175082176
-0.00124578890703704
-0.00136146327061056
-0.0014397082155951
-0.00148057440704012
0.00336500013838445
0.00295172871257322
0.00253735185694904
0.00217537754046123
0.00186801240307261
0.00155801372814986
0.00128834742960544
0.00106809931129902
0.000887723990958574
0.00073293210235634
0.000597167987355382
0.000482805174508699
0.000397227269596842
0.000349839564784105
0.00740614906644277
0.00696628033228043
0.00656237743112546
0.00616694916781244
0.00579695298722629
0.00544730131459885
0.00513374453535991
0.0048391816917463
0.00454774055254486
0.00427200728849328
0.00402518718611586
0.00380350934466632
0.00359384232941722
0.00338500887299617
0.0077283063474513
0.00754410377464796
0.0073948752285379
0.00725183269897372
0.00709368134426445
0.00695438523781633
0.00684876970151582
0.00675313484751163
0.00667297135526733
0.00660892681280988
0.00655731212402707
0.00651849678781905
0.00648280384307125
0.00644892418405534
0.00641316465832955
0.00637387552061339
0.00632658558778872
0.00626503915436331
0.00618920862302241
0.00609732812879212
0.00598646349288402
0.00585481736779018
0.00570231618181144
0.00553242643011826
0.00534884363421771
0.00515079882364471
0.00494986927830081
0.00476247956889329
0.004591116109436
0.00445155743408004
0.00435088844908215
0.00323987714640346
0.00309288961345039
0.00294310407771923
0.0027905023276232
0.00263735485192297
0.00249793503937644
0.0023807447375554
0.00226551633875433
0.00214704226285056
0.0020352003125746
0.00192380749191657
0.00181588437662577
0.00170412414764376
0.00158085872681409
0.00146012675050871
0.00134422042186847
0.00121461176400411
0.00107694992107099
0.000939945989215578
0.000808591342137564
0.000678248782986623
0.000540923085200597
0.000402293629993124
0.00026881454095857
0.000137464888681147
8.02799642944156e-07
0.00332079861397181
0.00327446705819103
0.00324392616763622
-0.000110913408742585
-0.000250520774238743
-0.000415528579904828
-0.000587803369747972
-0.000752888134523499
-0.000912938934611107
-8.38032093463795e-05
-0.00018394667489891
-0.000248526337291555
-0.000290763561001733
-0.000984101054384913
-0.00102869538256017
-0.0010529767025859
-0.0010639188030454
-0.00100149382439696
-0.00105878419447679
-0.00108581650941282
0.00427023258604507
0.0042758185023848
0.00436972857798078
0.00456199378078966
0.0048879807156452
0.00536174412221808
0.00439074688796834
0.0045042513311282
0.00470059813654866
0.00498772252385673
0.00537951496556794
0.00584764325068373
0.00648085149736358
0.00722149766960651
0.0081258915563595
0.00920701741631238
0.0104464341544869
0.0119084413542783
0.0135505765723737
0.0154395756133063
0.0175053272611199
0.0196295326357728
0.0219508164028297
0.00678542576358264
0.0081563915568266
0.00974224425786163
0.0114184951867007
0.0133607729200846
0.0154603383605235
0.0177055236935851
0.0200521858313902
0.0224591444105979
0.0248175085671945
0.0271457040320274
0.0294023842634592
0.0314995911757055
0.0333476440006538
0.0349000883526351
0.0361462499806154
0.0370807868698766
0.0377001470577178
0.0380182946501544
0.00451132791578167
0.00387845116343053
0.0033541142873075
0.00298435986172338
0.00275040618908026
0.00263141041674989
0.0242301850900901
0.0266752838284378
0.0289274557098427
0.0307424753574475
0.0322097131729763
0.033187933196958
0.0337003382502038
0.0228550779087961
0.0237319378277362
0.0243936039787589
0.0247382070170796
