4.87526249834842e-05
4.87526249834842e-05
4.87526249834842e-05
4.87526249834843e-05
4.87526249834843e-05
4.87526249834843e-05
4.87526249834844e-05
4.87526249834842e-05
4.87526249834843e-05
4.87526249834844e-05
4.87526249834844e-05
4.87526249834845e-05
4.87526249834845e-05
4.87526249834845e-05
4.87526249834846e-05
4.87526249834842e-05
4.87526249834842e-05
4.87526249834841e-05
4.87526249834841e-05
4.87526249834841e-05
4.87526249834841e-05
4.87526249834841e-05
4.87526249834841e-05
4.87526249834842e-05
4.87526249834842e-05
4.87526249834842e-05
4.87526249834843e-05
4.87526249834843e-05
4.87526249834844e-05
4.87526249834844e-05
4.87526249834844e-05
4.87526249834845e-05
4.87526249834842e-05
4.87526249834842e-05
4.87526249834842e-05
4.87526249834842e-05
4.87526249834842e-05
4.87526249834842e-05
4.87526249834842e-05
4.87526249834842e-05
4.87526249834843e-05
4.87526249834844e-05
4.87526249834845e-05
4.87526249834846e-05
4.87526249834847e-05
4.87526249834843e-05
4.87526249834843e-05
4.87526249834844e-05
4.87526249834847e-05
4.87526249834847e-05
4.87526249834847e-05
4.87526249834847e-05
4.87526249834848e-05
4.87526249834848e-05
4.87526249834848e-05
4.87526249834848e-05
4.87526249834849e-05
4.87526249834849e-05
4.87526249834849e-05
4.87526249834849e-05
4.87526249834849e-05
4.87526249834849e-05
4.87526249834849e-05
4.87526249834849e-05
4.87526249834849e-05
4.87526249834849e-05
4.87526249834849e-05
4.87526249834849e-05
4.87526249834849e-05
4.87526249834849e-05
4.87526249834849e-05
4.87526249834849e-05
4.87526249834849e-05
4.87526249834848e-05
4.87526249834848e-05
4.87526249834849e-05
4.87526249834849e-05
4.87526249834849e-05
4.87526249834849e-05
4.87526249834849e-05
4.87526249834849e-05
4.87526249834849e-05
4.87526249834847e-05
4.87526249834848e-05
4.87526249834848e-05
4.87526249834849e-05
4.87526249834849e-05
4.8752624983485e-05
4.8752624983485e-05
4.8752624983485e-05
4.87526249834849e-05
4.87526249834849e-05
4.87526249834849e-05
4.87526249834844e-05
4.87526249834844e-05
4.87526249834845e-05
4.87526249834844e-05
4.87526249834845e-05
4.87526249834845e-05
4.87526249834846e-05
4.87526249834846e-05
4.87526249834847e-05
4.87526249834846e-05
4.87526249834846e-05
4.87526249834847e-05
4.87526249834847e-05
4.87526249834847e-05
4.87526249834847e-05
4.87526249834847e-05
4.87526249834847e-05
4.87526249834847e-05
4.87526249834847e-05
4.87526249834847e-05
4.87526249834848e-05
4.87526249834848e-05
4.87526249834848e-05
4.87526249834848e-05
4.87526249834848e-05
4.87526249834847e-05
4.87526249834847e-05
4.87526249834848e-05
4.87526249834849e-05
4.8752624983485e-05
4.87526249834851e-05
4.87526249834847e-05
4.87526249834848e-05
4.87526249834848e-05
4.87526249834851e-05
4.87526249834852e-05
4.87526249834852e-05
4.87526249834853e-05
4.87526249834854e-05
4.87526249834854e-05
4.87526249834855e-05
4.87526249834855e-05
4.87526249834855e-05
4.87526249834854e-05
4.87526249834854e-05
4.87526249834854e-05
4.87526249834854e-05
4.87526249834853e-05
4.87526249834853e-05
4.87526249834853e-05
4.87526249834853e-05
4.87526249834853e-05
4.87526249834852e-05
4.87526249834852e-05
4.87526249834852e-05
4.87526249834852e-05
4.87526249834852e-05
4.87526249834853e-05
4.87526249834853e-05
4.87526249834853e-05
4.87526249834854e-05
4.87526249834854e-05
4.87526249834855e-05
4.87526249834855e-05
4.87526249834855e-05
4.87526249834855e-05
4.87526249834855e-05
4.87526249834855e-05
4.87526249834851e-05
4.87526249834851e-05
4.87526249834851e-05
4.87526249834851e-05
4.87526249834851e-05
4.87526249834851e-05
4.87526249834852e-05
4.87526249834852e-05
4.87526249834853e-05
4.87526249834853e-05
4.87526249834853e-05
4.87526249834854e-05
4.87526249834854e-05
4.87526249834854e-05
4.87526249834854e-05
4.87526249834854e-05
4.87526249834854e-05
4.87526249834854e-05
4.87526249834854e-05
4.87526249834854e-05
4.87526249834854e-05
4.87526249834854e-05
4.87526249834854e-05
4.87526249834848e-05
4.87526249834848e-05
4.87526249834848e-05
4.87526249834848e-05
4.87526249834849e-05
4.87526249834849e-05
4.87526249834849e-05
4.87526249834849e-05
4.8752624983485e-05
4.8752624983485e-05
4.8752624983485e-05
4.8752624983485e-05
4.8752624983485e-05
4.87526249834849e-05
4.87526249834849e-05
4.8752624983485e-05
4.8752624983485e-05
4.87526249834851e-05
4.87526249834851e-05
4.87526249834851e-05
4.87526249834851e-05
4.87526249834852e-05
4.87526249834852e-05
4.87526249834851e-05
4.87526249834851e-05
4.87526249834851e-05
4.87526249834851e-05
4.87526249834851e-05
4.87526249834851e-05
4.87526249834851e-05
4.87526249834851e-05
4.87526249834851e-05
4.87526249834851e-05
4.87526249834851e-05
4.87526249834851e-05
4.87526249834851e-05
4.87526249834851e-05
4.87526249834852e-05
4.87526249834852e-05
4.87526249834852e-05
4.87526249834852e-05
4.87526249834853e-05
4.87526249834853e-05
4.87526249834853e-05
4.87526249834853e-05
4.87526249834853e-05
4.87526249834853e-05
4.87526249834853e-05
4.87526249834853e-05
4.87526249834853e-05
4.87526249834845e-05
4.87526249834845e-05
4.87526249834845e-05
4.87526249834845e-05
4.87526249834845e-05
4.87526249834845e-05
4.87526249834845e-05
4.87526249834845e-05
4.87526249834845e-05
4.87526249834845e-05
4.87526249834846e-05
4.87526249834846e-05
4.87526249834846e-05
4.87526249834847e-05
4.87526249834847e-05
4.87526249834847e-05
4.87526249834847e-05
4.87526249834847e-05
4.87526249834847e-05
4.87526249834847e-05
4.87526249834847e-05
4.87526249834847e-05
4.87526249834846e-05
4.87526249834846e-05
4.87526249834847e-05
4.87526249834847e-05
4.87526249834847e-05
4.87526249834847e-05
4.87526249834847e-05
4.87526249834847e-05
4.87526249834847e-05
4.87526249834847e-05
4.87526249834847e-05
4.87526249834847e-05
4.87526249834847e-05
4.87526249834847e-05
4.87526249834847e-05
4.87526249834847e-05
4.87526249834848e-05
4.87526249834848e-05
4.87526249834848e-05
4.87526249834848e-05
4.87526249834848e-05
4.87526249834848e-05
4.87526249834847e-05
4.87526249834847e-05
4.87526249834847e-05
4.87526249834847e-05
4.87526249834844e-05
4.87526249834844e-05
4.87526249834845e-05
4.87526249834845e-05
4.87526249834845e-05
4.87526249834846e-05
4.87526249834845e-05
4.87526249834845e-05
4.87526249834845e-05
4.87526249834845e-05
4.87526249834845e-05
4.87526249834845e-05
4.87526249834846e-05
4.87526249834846e-05
4.87526249834846e-05
4.87526249834847e-05
4.87526249834847e-05
4.87526249834848e-05
4.87526249834848e-05
4.87526249834848e-05
4.87526249834849e-05
4.87526249834849e-05
4.8752624983485e-05
4.8752624983485e-05
4.87526249834851e-05
4.87526249834852e-05
4.87526249834852e-05
4.87526249834853e-05
4.87526249834853e-05
4.87526249834854e-05
4.87526249834854e-05
4.87526249834854e-05
4.87526249834854e-05
4.87526249834854e-05
4.87526249834854e-05
4.87526249834854e-05
4.87526249834854e-05
4.87526249834854e-05
4.87526249834854e-05
4.87526249834854e-05
4.87526249834854e-05
4.87526249834854e-05
4.87526249834854e-05
4.87526249834845e-05
4.87526249834845e-05
4.87526249834846e-05
4.87526249834846e-05
4.87526249834846e-05
4.87526249834846e-05
4.87526249834846e-05
4.87526249834847e-05
4.87526249834847e-05
4.87526249834847e-05
4.87526249834847e-05
4.87526249834847e-05
4.87526249834847e-05
4.87526249834845e-05
4.87526249834846e-05
4.87526249834846e-05
4.87526249834847e-05
4.87526249834847e-05
4.87526249834847e-05
4.87526249834846e-05
4.87526249834845e-05
4.87526249834845e-05
4.87526249834844e-05
4.87526249834844e-05
4.87526249834843e-05
4.87526249834843e-05
4.87526249834843e-05
4.87526249834842e-05
4.87526249834842e-05
4.87526249834842e-05
4.87526249834843e-05
4.87526249834843e-05
4.87526249834843e-05
4.87526249834843e-05
4.87526249834843e-05
4.87526249834843e-05
4.87526249834843e-05
4.87526249834843e-05
4.87526249834843e-05
4.87526249834843e-05
4.87526249834844e-05
4.87526249834844e-05
4.87526249834844e-05
4.87526249834844e-05
4.87526249834844e-05
4.87526249834844e-05
4.87526249834848e-05
4.87526249834848e-05
4.87526249834848e-05
4.87526249834849e-05
4.8752624983485e-05
4.8752624983485e-05
4.87526249834851e-05
4.87526249834852e-05
4.87526249834852e-05
4.87526249834852e-05
4.87526249834852e-05
4.87526249834853e-05
4.87526249834853e-05
4.87526249834853e-05
4.87526249834854e-05
4.87526249834854e-05
4.87526249834855e-05
4.87526249834855e-05
4.87526249834856e-05
4.87526249834856e-05
4.87526249834856e-05
4.87526249834856e-05
4.87526249834856e-05
4.87526249834856e-05
4.87526249834848e-05
4.87526249834848e-05
4.87526249834849e-05
4.87526249834849e-05
4.87526249834849e-05
4.87526249834849e-05
4.87526249834849e-05
4.8752624983485e-05
4.8752624983485e-05
4.8752624983485e-05
4.8752624983485e-05
4.8752624983485e-05
4.87526249834846e-05
4.87526249834846e-05
4.87526249834847e-05
4.87526249834847e-05
4.87526249834847e-05
4.87526249834847e-05
4.87526249834848e-05
4.87526249834848e-05
4.87526249834848e-05
4.87526249834848e-05
4.87526249834848e-05
4.87526249834848e-05
4.87526249834848e-05
4.87526249834848e-05
4.87526249834849e-05
4.87526249834849e-05
4.87526249834849e-05
4.8752624983485e-05
4.8752624983485e-05
4.8752624983485e-05
4.8752624983485e-05
4.8752624983485e-05
4.8752624983485e-05
4.87526249834846e-05
4.87526249834846e-05
4.87526249834847e-05
4.87526249834847e-05
4.87526249834847e-05
4.87526249834847e-05
4.87526249834848e-05
4.87526249834848e-05
4.87526249834848e-05
4.87526249834848e-05
4.87526249834848e-05
4.87526249834848e-05
4.87526249834848e-05
4.87526249834848e-05
4.87526249834848e-05
4.87526249834848e-05
4.87526249834848e-05
4.87526249834848e-05
4.87526249834849e-05
4.87526249834849e-05
4.87526249834849e-05
4.87526249834849e-05
4.87526249834849e-05
4.8752624983485e-05
4.8752624983485e-05
4.8752624983485e-05
4.8752624983485e-05
4.8752624983485e-05
4.8752624983485e-05
4.8752624983485e-05
4.87526249834851e-05
4.87526249834851e-05
4.8752624983485e-05
4.8752624983485e-05
4.8752624983485e-05
4.87526249834846e-05
4.87526249834845e-05
4.87526249834845e-05
4.87526249834846e-05
4.87526249834845e-05
4.87526249834845e-05
4.87526249834845e-05
4.87526249834845e-05
4.87526249834845e-05
4.87526249834845e-05
4.87526249834845e-05
4.87526249834844e-05
4.87526249834844e-05
4.87526249834844e-05
4.87526249834844e-05
4.87526249834845e-05
4.87526249834845e-05
4.87526249834845e-05
4.87526249834845e-05
4.87526249834845e-05
4.87526249834845e-05
4.87526249834845e-05
4.87526249834845e-05
4.87526249834845e-05
4.87526249834845e-05
4.87526249834844e-05
4.87526249834844e-05
4.87526249834844e-05
4.87526249834844e-05
4.87526249834844e-05
4.87526249834844e-05
4.87526249834844e-05
4.87526249834845e-05
4.87526249834845e-05
4.87526249834845e-05
4.87526249834846e-05
4.87526249834846e-05
4.87526249834846e-05
4.87526249834846e-05
4.87526249834845e-05
4.87526249834845e-05
4.87526249834845e-05
4.87526249834845e-05
4.87526249834845e-05
4.87526249834845e-05
4.87526249834844e-05
4.87526249834844e-05
4.87526249834844e-05
4.87526249834844e-05
4.87526249834844e-05
4.87526249834844e-05
4.87526249834844e-05
4.87526249834845e-05
4.87526249834845e-05
4.87526249834845e-05
4.87526249834845e-05
4.87526249834845e-05
4.87526249834845e-05
4.87526249834845e-05
4.87526249834845e-05
4.87526249834845e-05
4.87526249834845e-05
4.87526249834845e-05
4.87526249834845e-05
4.87526249834845e-05
4.87526249834845e-05
4.87526249834845e-05
4.87526249834845e-05
4.87526249834846e-05
4.87526249834846e-05
4.87526249834846e-05
4.87526249834846e-05
4.87526249834846e-05
4.87526249834846e-05
4.87526249834846e-05
4.87526249834846e-05
4.87526249834846e-05
4.87526249834846e-05
4.87526249834847e-05
4.87526249834847e-05
4.87526249834845e-05
4.87526249834845e-05
4.87526249834845e-05
4.87526249834845e-05
4.87526249834845e-05
4.87526249834845e-05
4.87526249834845e-05
4.87526249834845e-05
4.87526249834845e-05
4.87526249834845e-05
4.87526249834845e-05
4.87526249834846e-05
4.87526249834845e-05
4.87526249834845e-05
4.87526249834845e-05
4.87526249834845e-05
4.87526249834845e-05
4.87526249834845e-05
4.87526249834845e-05
4.87526249834845e-05
4.87526249834845e-05
4.87526249834844e-05
4.87526249834844e-05
4.87526249834844e-05
4.87526249834845e-05
4.87526249834845e-05
4.87526249834845e-05
4.87526249834845e-05
4.87526249834845e-05
4.87526249834845e-05
4.87526249834845e-05
4.87526249834846e-05
4.87526249834841e-05
4.87526249834841e-05
4.87526249834841e-05
4.87526249834841e-05
4.87526249834841e-05
4.87526249834842e-05
4.87526249834841e-05
4.87526249834841e-05
4.87526249834841e-05
4.8752624983484e-05
4.8752624983484e-05
4.8752624983484e-05
4.8752624983484e-05
4.8752624983484e-05
4.87526249834839e-05
4.87526249834839e-05
4.87526249834839e-05
4.87526249834839e-05
4.87526249834839e-05
4.87526249834839e-05
4.8752624983484e-05
4.8752624983484e-05
4.8752624983484e-05
4.87526249834841e-05
4.87526249834841e-05
4.87526249834841e-05
4.87526249834842e-05
4.87526249834842e-05
4.87526249834842e-05
4.87526249834842e-05
4.87526249834842e-05
4.87526249834841e-05
4.87526249834841e-05
4.87526249834841e-05
4.87526249834841e-05
4.87526249834842e-05
4.87526249834843e-05
4.87526249834844e-05
4.8752624983484e-05
4.87526249834839e-05
4.87526249834838e-05
4.87526249834842e-05
4.87526249834843e-05
4.87526249834844e-05
4.87526249834845e-05
4.87526249834847e-05
4.87526249834839e-05
4.87526249834839e-05
4.8752624983484e-05
4.87526249834841e-05
4.87526249834838e-05
4.87526249834837e-05
4.87526249834836e-05
4.87526249834842e-05
4.87526249834843e-05
4.87526249834844e-05
4.87526249834844e-05
4.87526249834845e-05
4.87526249834846e-05
4.87526249834846e-05
4.87526249834847e-05
4.87526249834847e-05
4.87526249834848e-05
4.87526249834849e-05
4.8752624983485e-05
4.87526249834842e-05
4.87526249834842e-05
4.87526249834843e-05
4.87526249834843e-05
4.87526249834843e-05
4.87526249834844e-05
4.87526249834844e-05
4.87526249834844e-05
4.87526249834845e-05
4.87526249834845e-05
4.87526249834845e-05
4.87526249834846e-05
4.87526249834846e-05
4.87526249834847e-05
4.87526249834847e-05
4.87526249834847e-05
4.87526249834848e-05
4.87526249834848e-05
4.87526249834848e-05
4.87526249834849e-05
4.87526249834849e-05
4.87526249834849e-05
4.87526249834849e-05
4.87526249834849e-05
4.87526249834849e-05
4.8752624983485e-05
4.8752624983485e-05
4.8752624983485e-05
4.8752624983485e-05
4.8752624983485e-05
4.8752624983485e-05
4.8752624983485e-05
4.8752624983485e-05
4.87526249834851e-05
4.87526249834851e-05
4.8752624983485e-05
4.8752624983485e-05
4.8752624983485e-05
4.8752624983485e-05
4.8752624983485e-05
4.8752624983485e-05
4.87526249834851e-05
4.87526249834851e-05
4.8752624983485e-05
4.8752624983485e-05
4.87526249834851e-05
4.87526249834851e-05
4.87526249834851e-05
4.87526249834851e-05
4.87526249834851e-05
4.87526249834836e-05
4.87526249834836e-05
4.87526249834836e-05
4.87526249834836e-05
4.87526249834836e-05
4.87526249834836e-05
4.87526249834837e-05
4.87526249834837e-05
4.87526249834837e-05
4.87526249834838e-05
4.87526249834838e-05
4.87526249834838e-05
4.87526249834838e-05
4.87526249834838e-05
4.87526249834836e-05
4.87526249834835e-05
4.87526249834835e-05
4.87526249834835e-05
4.87526249834834e-05
4.87526249834834e-05
4.87526249834834e-05
4.87526249834834e-05
4.87526249834833e-05
4.87526249834833e-05
4.87526249834833e-05
4.87526249834833e-05
4.87526249834833e-05
4.87526249834833e-05
4.87526249834833e-05
4.87526249834833e-05
4.87526249834833e-05
4.87526249834833e-05
4.87526249834838e-05
4.87526249834839e-05
4.87526249834839e-05
4.87526249834839e-05
4.87526249834839e-05
4.8752624983484e-05
4.8752624983484e-05
4.8752624983484e-05
4.87526249834841e-05
4.87526249834842e-05
4.87526249834842e-05
4.87526249834842e-05
4.87526249834842e-05
4.87526249834842e-05
4.87526249834842e-05
4.87526249834842e-05
4.87526249834842e-05
4.87526249834842e-05
4.87526249834838e-05
4.87526249834838e-05
4.87526249834839e-05
4.87526249834839e-05
4.87526249834839e-05
4.8752624983484e-05
4.8752624983484e-05
4.8752624983484e-05
4.8752624983484e-05
4.8752624983484e-05
4.8752624983484e-05
4.87526249834848e-05
4.87526249834849e-05
4.8752624983485e-05
4.87526249834851e-05
4.87526249834852e-05
4.87526249834853e-05
4.87526249834854e-05
4.87526249834854e-05
4.87526249834855e-05
4.87526249834855e-05
4.87526249834856e-05
4.87526249834847e-05
4.87526249834848e-05
4.87526249834848e-05
4.87526249834848e-05
4.87526249834849e-05
4.87526249834849e-05
4.8752624983485e-05
4.8752624983485e-05
4.8752624983485e-05
4.87526249834851e-05
4.87526249834851e-05
4.87526249834851e-05
4.87526249834851e-05
4.87526249834857e-05
4.87526249834857e-05
4.87526249834858e-05
4.87526249834858e-05
4.87526249834858e-05
4.87526249834858e-05
4.87526249834859e-05
4.87526249834858e-05
4.87526249834858e-05
4.87526249834856e-05
4.87526249834856e-05
4.87526249834856e-05
4.87526249834856e-05
4.87526249834857e-05
4.87526249834857e-05
4.87526249834857e-05
4.87526249834857e-05
4.87526249834857e-05
4.87526249834857e-05
4.87526249834857e-05
4.87526249834857e-05
4.87526249834857e-05
4.87526249834857e-05
4.87526249834857e-05
4.87526249834858e-05
4.87526249834859e-05
4.8752624983486e-05
4.8752624983486e-05
4.8752624983486e-05
4.8752624983486e-05
4.8752624983486e-05
4.87526249834845e-05
4.87526249834845e-05
4.87526249834846e-05
4.87526249834846e-05
4.87526249834847e-05
4.87526249834847e-05
4.87526249834848e-05
4.87526249834849e-05
4.87526249834849e-05
4.87526249834849e-05
4.8752624983485e-05
4.8752624983485e-05
4.8752624983485e-05
4.87526249834851e-05
4.87526249834851e-05
4.87526249834852e-05
4.87526249834844e-05
4.87526249834845e-05
4.87526249834846e-05
4.87526249834847e-05
4.87526249834847e-05
4.87526249834848e-05
4.87526249834848e-05
4.87526249834849e-05
4.87526249834849e-05
4.8752624983485e-05
4.8752624983485e-05
4.8752624983485e-05
4.8752624983485e-05
4.87526249834851e-05
4.87526249834852e-05
4.87526249834853e-05
4.87526249834853e-05
4.87526249834853e-05
4.87526249834853e-05
4.87526249834853e-05
4.87526249834853e-05
4.87526249834853e-05
4.87526249834853e-05
4.87526249834853e-05
4.87526249834854e-05
4.87526249834854e-05
4.87526249834854e-05
4.87526249834854e-05
4.87526249834854e-05
4.87526249834854e-05
4.87526249834852e-05
4.87526249834852e-05
4.87526249834852e-05
4.87526249834851e-05
4.87526249834851e-05
4.87526249834851e-05
4.87526249834851e-05
4.87526249834851e-05
4.87526249834852e-05
4.87526249834851e-05
4.87526249834851e-05
4.87526249834851e-05
4.87526249834851e-05
4.87526249834851e-05
4.87526249834851e-05
4.87526249834851e-05
4.87526249834851e-05
4.87526249834852e-05
4.87526249834852e-05
4.87526249834853e-05
4.87526249834853e-05
4.87526249834854e-05
4.87526249834854e-05
4.87526249834854e-05
4.87526249834854e-05
4.87526249834854e-05
4.87526249834854e-05
4.87526249834854e-05
4.87526249834851e-05
4.87526249834851e-05
4.87526249834851e-05
4.87526249834851e-05
4.87526249834851e-05
4.87526249834852e-05
4.87526249834852e-05
4.87526249834852e-05
4.87526249834853e-05
4.87526249834853e-05
4.87526249834853e-05
4.87526249834853e-05
4.87526249834853e-05
4.87526249834853e-05
4.87526249834854e-05
4.87526249834854e-05
4.87526249834855e-05
4.87526249834855e-05
4.87526249834855e-05
4.87526249834856e-05
4.87526249834856e-05
4.87526249834856e-05
4.87526249834857e-05
4.87526249834857e-05
4.87526249834857e-05
4.87526249834857e-05
4.87526249834858e-05
4.87526249834858e-05
4.87526249834858e-05
4.87526249834858e-05
4.87526249834859e-05
4.87526249834854e-05
4.87526249834853e-05
4.87526249834853e-05
4.87526249834854e-05
4.87526249834854e-05
4.87526249834854e-05
4.87526249834854e-05
4.87526249834853e-05
4.87526249834853e-05
4.87526249834853e-05
4.87526249834853e-05
4.87526249834853e-05
4.87526249834853e-05
4.87526249834853e-05
4.87526249834852e-05
4.87526249834852e-05
4.87526249834852e-05
4.87526249834852e-05
4.87526249834852e-05
4.87526249834852e-05
4.87526249834852e-05
4.87526249834852e-05
4.87526249834851e-05
4.87526249834851e-05
4.8752624983485e-05
4.8752624983485e-05
4.87526249834854e-05
4.87526249834854e-05
4.87526249834853e-05
4.87526249834849e-05
4.87526249834849e-05
4.87526249834849e-05
4.87526249834849e-05
4.87526249834849e-05
4.87526249834849e-05
4.87526249834849e-05
4.87526249834849e-05
4.87526249834848e-05
4.87526249834848e-05
4.87526249834849e-05
4.87526249834848e-05
4.87526249834848e-05
4.87526249834848e-05
4.87526249834849e-05
4.87526249834848e-05
4.87526249834848e-05
4.87526249834859e-05
4.87526249834859e-05
4.8752624983486e-05
4.8752624983486e-05
4.87526249834861e-05
4.87526249834862e-05
4.87526249834858e-05
4.87526249834858e-05
4.87526249834858e-05
4.87526249834858e-05
4.87526249834858e-05
4.87526249834858e-05
4.87526249834858e-05
4.87526249834858e-05
4.87526249834857e-05
4.87526249834857e-05
4.87526249834857e-05
4.87526249834857e-05
4.87526249834857e-05
4.87526249834856e-05
4.87526249834856e-05
4.87526249834856e-05
4.87526249834856e-05
4.87526249834863e-05
4.87526249834864e-05
4.87526249834866e-05
4.87526249834866e-05
4.87526249834867e-05
4.87526249834868e-05
4.87526249834868e-05
4.87526249834868e-05
4.87526249834869e-05
4.87526249834869e-05
4.87526249834869e-05
4.8752624983487e-05
4.8752624983487e-05
4.8752624983487e-05
4.8752624983487e-05
4.8752624983487e-05
4.8752624983487e-05
4.8752624983487e-05
4.8752624983487e-05
4.87526249834861e-05
4.87526249834861e-05
4.8752624983486e-05
4.8752624983486e-05
4.8752624983486e-05
4.8752624983486e-05
4.87526249834856e-05
4.87526249834856e-05
4.87526249834856e-05
4.87526249834856e-05
4.87526249834856e-05
4.87526249834856e-05
4.87526249834855e-05
4.87526249834856e-05
4.87526249834856e-05
4.87526249834856e-05
4.87526249834856e-05
