0.05
0.0484419074243237
0.0472580283387227
0.0448747141380977
0.0483050318126688
0.0479123762460476
0.0469835591121337
0.0485219921455584
0.0479519832281592
0.0464055860222254
0.0443888266538819
0.0415150426364434
0.0382277148570392
0.0322330838865706
0.0236607653995365
0.0485255145943789
0.046784928404328
0.044613995618254
0.0436828766111145
0.03633373343722
0.0274682890561932
0.0251796477193135
0.0238864830379746
0.0225397061393234
0.020512827340242
0.0170668914169751
0.0131394329070084
0.00992386596134096
0.00738235296519902
0.00537477475612844
0.0037760900605988
0.00241737938222219
0.0485228613056415
0.0483587514094404
0.0480725319165344
0.0477396124162097
0.0473269771616158
0.0468432223955863
0.0462470643305664
0.045359375637544
0.0438406364906318
0.0412826107403384
0.0363885388530243
0.0298578146470471
0.0211142637563465
0.042792907586703
0.0403314623548966
0.0371134378782763
0.0177783276683534
0.0145244671699314
0.011676621845757
0.00947540209528087
0.00756559143093039
0.00594893231508842
0.00472740978205004
0.00371527005670218
0.00286526155082521
0.00222031092907696
0.00170652925343888
0.00130862797539688
0.000995216614962815
0.000762609336805484
0.000592303015374434
0.000461309015279655
0.000366262440470285
0.000295069898032196
0.000240282111774435
0.000199360233848067
0.000170738637561719
0.00015140690450325
0.000139003113512633
0.000131366333850581
0.000125460013526734
0.000121094064568469
0.000118322386514936
0.000116570921988981
0.000115539925243767
0.000114916344518818
0.000114550946231811
0.000114345204749441
0.000114235708635626
0.000114187128358055
0.0170200803327484
0.0142332518961445
0.0116486202936741
0.00932133464329898
0.00748623132393846
0.00604857492711159
0.00482868795675248
0.00400895359440388
0.00340990813431227
0.00298903033951362
0.00277459494541546
0.0348986505355852
0.0315735775274319
0.026812824807534
0.0325262504108623
0.0254068462547594
0.0180355245103267
0.0254444714167602
0.0239318349507276
0.0222568403445707
0.0238403874262028
0.019326574135389
0.0145336802204179
0.0115450927491487
0.00925818260369207
0.00712694958837987
0.00530997411966399
0.00406563225044797
0.00313535595449688
0.00234979750765497
0.0017619258730842
0.00131006825895508
0.000988535923120411
0.000779747503330151
0.000656527336947107
0.00059104833792901
0.0193688163650663
0.0156216213619161
0.0115964434040615
0.00822289735969386
0.00568998482280935
0.00349280507445916
0.0201681756155026
0.018231971109636
0.0162552974918844
0.00255205293526484
0.00178668325544137
0.00124160802182498
0.000862009394942172
0.000593277165511135
0.000416431014985234
0.000305813641199786
0.000233544748346695
0.000185538052684667
0.000155157833564011
0.000137092810633302
0.000126834460537998
0.000121094946138178
0.000117865474545159
0.000116071837920428
0.000115100424719092
0.000114588712321237
0.000114323207964038
0.000114185553131323
0.000114117655806131
0.000114082560500268
0.00011406577562663
0.000114057776450182
0.000114053911503358
0.000114052432367436
0.000114051547596307
0.000114051183787154
0.000114051020682224
0.000114050951664271
0.000114050923346124
0.000114050910875686
0.000114050905583272
0.00011405090368406
0.000114050902792712
0.00252415561810646
0.00180936590180368
0.00130809535888675
0.00090645386092065
0.000620721793701098
0.000429894600591018
0.000311322841228384
0.000231411620917984
0.000183016748754812
0.000153618431671895
0.000136415420393889
0.00012641561733258
0.000120718531259598
0.000117604137526448
0.000115934652173833
0.000115007672695205
0.000114529922272804
0.000114291888285649
0.000114170565452477
0.000114108183328148
0.000114077326012587
0.000114063225255619
0.000114057779897261
0.0132992064402377
0.0107689092927246
0.00867970044916155
0.00699448245667522
0.00563131814409957
0.00451029979282241
0.00357983609689241
0.00283883119008454
0.0022695550015928
0.001839585844678
0.00152979516792512
0.0013298720856905
0.00122903964447366
0.0135464073447893
0.0110909819050912
0.00895763953631931
0.00723653188327319
0.00580863038511146
0.00465005782492738
0.00376393231531223
0.00305883416569004
0.0024125641957597
0.00183957124746627
0.00136842414205829
0.00101375719897778
0.000753652428481622
0.000556531975805263
0.000415101917117491
0.000315984785325745
0.000251999815331033
0.000212741048876574
0.000186422298765082
0.000162822489365895
0.000143856795548646
0.000132571746066977
0.000124694231208392
0.000120325440028262
0.000117668163140871
0.000116028094507816
0.000115082176536928
0.000114577866184433
0.00011432355942765
0.000114195794824324
0.000114127760376392
0.000114090641406238
0.000114072200093611
0.000114062101582526
0.000114056430867015
0.000114053786745125
0.000114052700312128
0.0150833890994566
0.0126610470075027
0.0106345797318409
0.00877819361807375
0.0073106449696846
0.00589210849877399
0.00477335480983507
0.00391950652888583
0.00313018391289402
0.00249793489935808
0.00209974745640215
0.00158758297151874
0.00129634512054888
0.000987884840630749
0.000720990775357804
0.000550945018130025
0.000454979583800809
0.000368214973168866
0.000302345475886268
0.000258171893039534
0.000229815712016529
0.000216790145200124
0.0153513509882706
0.0129629161477856
0.01084031905446
0.00897685062591953
0.00742606293834086
0.00614387930226294
0.00507659139969301
0.00413414437956304
0.00344245948476441
0.00284424660810681
0.00234569988214226
0.00194783597765923
0.00148848665826845
0.00111337372658362
0.000835831393075286
0.000630322860400017
0.00048337184151903
0.000375402813260995
0.000302096953198651
0.000241712456897829
0.000199038234070189
0.000170945675728558
0.000152479477615706
0.000140370138965427
0.000133373145671303
0.000129935217106123
0.0465842080601637
0.0459403164361638
0.0448399254391647
0.0463666836791641
0.0453385385833582
0.0436091207628022
0.0441442621469986
0.0431671626385928
0.0417368591565364
0.0441420056207198
0.0412106623378115
0.0351033216675766
0.028452852366204
0.0229988434870738
0.0181587262425757
0.0139390031789164
0.0105545623334332
0.00804424352972871
0.00603577983416502
0.00454828673998562
0.00347708981541875
0.00267225572760439
0.00194022822518617
0.00130777972290907
0.000923221153614819
0.000611013857156046
0.00043701358064093
0.000315010767353077
0.000240509362820528
0.000188773728378644
0.000157601814281875
0.000139605949883866
0.000128668278601997
0.000122224229024231
0.000118554826132628
0.000116475078992539
0.000115383458536069
0.000114778527738123
0.000114413136691205
0.000114234755903874
0.000114146827155366
0.000114103763729875
0.000114085624240241
0.0394382041770347
0.0343404456437492
0.0277772559181382
0.0215417961510782
0.0165293472119499
0.0125263207312834
0.00939975152189215
0.0069488676361166
0.00515930547424206
0.00385597491174922
0.00295676698219797
0.0023998374078473
0.00212076763538331
0.0356409398762933
0.0290864005188684
0.021169979648803
0.0180976043640616
0.015091472577602
0.0121053033846361
0.017858180618375
0.0145764987724039
0.0112408180900394
0.00864529031316091
0.0065818691439341
0.00492366277058598
0.00365050926483091
0.00268870509247584
0.00195703583362599
0.00142477951173531
0.00103472778863525
0.000750308354852095
0.000549550184254244
0.000406064948732746
0.000307391381788345
0.000240300784682112
0.000195777818123858
0.000165761622953508
0.000146637937043275
0.000134667687355767
0.00012714186888971
0.00012199151761349
0.000118682644241498
0.00011670965136005
0.000115588266849772
0.000115032670458156
0.000114755698046337
0.00997592546477285
0.0079465446106829
0.0060691481973856
0.00450391464380953
0.00338890397630913
0.00252124182594214
0.0018201232730812
0.00133734443344903
0.00101434411016307
0.000742341421602529
0.000534126184329592
0.000388322632779379
0.000295757734015007
0.000238987767606826
0.000194524348527301
0.000164891522647216
0.000145184253821523
0.000132836411909594
0.000125288130319642
0.000121218694140165
0.000118697213776404
0.000116898298809295
0.000115810234177551
0.000115366133141401
0.00962492572873394
0.00749274051783102
0.00589372533618997
0.00452750516408169
0.0035344212437717
0.00266453682215454
0.00198517210480588
0.00153992796754401
0.00120717685447307
0.000944346565535001
0.000774822081746549
0.000679885640303467
0.0419801084013472
0.0389458377881535
0.0343840961246528
0.0284136988180163
0.0229177270093677
0.0187143398173017
0.0150848634419572
0.012053502846278
0.00967653937482411
0.00768403679856162
0.00601666692773121
0.00472195983209332
0.00375938352199078
0.00292193640030768
0.00219277193209752
0.00163319430740465
0.00122667911636349
0.000923176170705105
0.000697852108212636
0.000537914179496886
0.000432669165169257
0.000368407559326627
0.000332989254797333
0.0423096873426853
0.0399533408208313
0.0363563113227194
0.0313471060693628
0.0258067597743783
0.020823973949098
0.0166635590102941
0.0132178068525497
0.0104162296124939
0.00815983618264601
0.0063491366903223
0.00494915103155919
0.00379855658848833
0.00286554026791501
0.00216165088715147
0.00163615005724828
0.00123803499290424
0.000934782001798783
0.000706578168275839
0.000539598265478773
0.000417330753735137
0.000328841363740924
0.000267453887526202
0.000224144052737781
0.000189640611535811
0.000163822558460821
0.000146209498131546
0.000134440823416696
0.000126936201745854
0.000122139447048389
0.000119051284878357
0.000117185324860209
0.000116007935517857
0.000115394539671213
0.000115093654011153
0.0203541756948104
0.0166189518114249
0.0122574061821306
0.0212801518232608
0.0193223464841767
0.0182948615215542
0.00953170607879931
0.00716411145393172
0.00528604958343048
0.00384470246712783
0.00287281723551545
0.00213693926321053
0.00162725337900473
0.00131314129157112
0.0011623124570068
0.00894336047928595
0.00646039091083835
0.0044499046390438
0.00272717258713725
0.00204027675371163
0.00155557958565093
0.00116279389320539
0.000865319472899677
0.000652102221730794
0.000493105744776018
0.000378293192097485
0.00029635852079369
0.0002382319099403
0.000197616421581128
0.000169304470575885
0.000149960534533558
0.000137128442672559
0.000128967409594857
0.00012384023177902
0.000120325442788892
0.000117892542107531
0.000116374865553812
0.000115428947855267
0.000114854909600929
0.000114518927246493
0.000114322704081213
0.000114206715946764
0.000114141473896504
0.000114107217684582
0.000114092005795047
0.00199529678873981
0.0014902021065324
0.00114910424419635
0.000840819821229998
0.000706953333615731
0.000616001633656702
0.00183128794145736
0.00135042308806627
0.000963427037185872
0.000673233377896446
0.000473290548858265
0.000341017216272793
0.000255653753352205
0.000201162267714994
0.000166258209734829
0.000144527023123639
0.000131788867778933
0.000124462640765801
0.000119999309754682
0.000117328412125244
0.000115844051780018
0.000115018009451395
0.000114563929628226
0.000114319015710358
0.000114189201424454
0.000114121431218146
0.00011408646213355
0.000114068568765694
0.000114059545156581
0.000114055077149342
0.000114052895153842
0.000114051844081724
0.000114051348217467
0.000114051124740599
0.000114051037136063
0.00173888858386574
0.00127726188119157
0.000921559359053281
0.00066301759231309
0.000481258968493896
0.000363737220159233
0.000283951145645448
0.000223985114723867
0.000182774066464467
0.000157561525651389
0.000142145558864562
0.000132022391897922
0.000125292901022002
0.000120610932313699
0.000117754197975434
0.000116129755679157
0.000115202774776109
0.000114683754377693
0.000114393684595332
0.0001142304923525
0.000114146020463879
0.000114097208613441
0.000114077700802002
0.000114065449187738
0.000114057735675436
0.000114054276412824
0.000114052539504586
0.000114051659017576
0.000114051257812923
0.00011405106711689
0.000114050981945091
0.000114050948503954
0.0438000322445164
0.0409074745026959
0.0369575135534512
0.0325280008093455
0.0276416723809005
0.0449045623309237
0.0428227744547302
0.0386175892567669
0.0342814942684564
0.0293293908476534
0.0242404435820619
0.0203526488524429
0.0170059072422195
0.0138141319880527
0.0108148583517781
0.00861077209806366
0.00681009250347028
0.00535128008358525
0.00417689538135702
0.00325182786636195
0.00253568312217548
0.00197842656629176
0.00157846071064959
0.00117823740586856
0.00087393263786381
0.000668454507629854
0.000514792773681008
0.000402616529231436
0.000329208741768868
0.000286614770828684
0.000263816173155836
0.0241770746823509
0.0187751920343099
0.0122529139450422
0.0243802366323567
0.0199755109893264
0.015236678866844
0.0106735483832105
0.0092257015064294
0.00719704044783532
0.00577659064035737
0.00964639453121616
0.00762554547230187
0.00583574350505281
0.00460593654812805
0.00321009913490828
0.00512717882562675
0.00407183023432048
0.00288979677284809
0.00186597341586091
0.00448983188879127
0.00346286872062531
0.00255303810405805
0.00140085818080165
0.00101184150508441
0.000707796475242017
0.00051346128796809
0.000372126203307861
0.000275951954592443
0.000216237611307787
0.000176078964767056
0.000150922618297306
0.000135627532006468
0.000126259062451677
0.00011955716559136
0.00141561952157701
0.00105408131380358
0.000762467159692186
0.000596156588281605
0.000436628806587108
0.00034536412152084
0.00026569282372892
0.000210999158526462
0.000178214508375288
0.000155882438021743
0.000140494441975831
0.000130310296900727
0.000124305677921916
0.000120596955808741
0.000117952916854462
0.000116409700394809
0.000115387933080428
0.000114825520565305
0.000114483758818282
0.000114286855613579
0.00011418150955044
0.000114121313853288
0.000114088374861841
0.000114072968174701
0.000114066462568129
0.000117156206589596
0.000115757656107971
0.000114981567212505
0.00011459021390445
0.000114341339297525
0.000114225050199971
0.000114171580647739
0.000117195155038256
0.000115823886727491
0.000115029033634978
0.000114599996109006
0.000114354931319774
0.000114214918437062
0.00011413818417341
0.000114096595914592
0.000114074653716604
0.000114063211521975
0.000114057071567681
0.000114053899985172
0.000114052339727503
0.000114051601014907
0.000114051250037035
0.000114051073432285
0.000114050989401959
0.00011405095655786
0.00221299443505533
0.00187954267320463
0.00155259788909065
0.00124460468303294
0.000983029732523908
0.000776846083844216
0.000615461266513949
0.000490093637650023
0.000393411591764926
0.000319296622366707
0.000262674470134709
0.000219344036809623
0.000185884864290263
0.000158155810971881
0.00213973932016766
0.00177126327216258
0.00144764407143966
0.00116845554416269
0.000955158096873824
0.000776655445107135
0.000631860706829971
0.000520342443990033
0.000433470644715839
0.000359599764276674
0.000295837370302737
0.000245591153283757
0.000209469590380245
0.00018356313314505
0.000166082432064043
0.000153603457901305
0.000146162506419895
0.000142203274406324
0.00014482082677492
0.000135802255665572
0.000129417314881025
0.000124254506493215
0.000120939017657754
0.00011890594899093
0.000117248994582737
0.000115960734689215
0.000115158536755813
0.000114702201055863
0.000114439955532421
0.000114282257485189
0.000114183793278345
0.000114124967235908
0.000114092049384232
0.000114074838945006
0.00011406577689515
0.000114061497148744
0.000145110930891646
0.000135949810144257
0.00012951525651992
0.000124953704979041
0.000121659584477458
0.000119243360073068
0.000117517530317978
0.00011636248625531
0.000115631400296605
0.000115204951124489
0.000115003536126567
0.0025097307531873
0.00189258904831104
0.00137084406456409
0.000998535031274163
0.000735103138535386
0.000542163014465459
0.000408228948580247
0.000308360921255015
0.000240289070857555
0.000192909087088164
0.000156917480820736
0.00249723876533109
0.00185394976939192
0.00139914248200084
0.00101248152594418
0.000764042833745676
0.000546886906122865
0.000405552072082822
0.000309756245722056
0.000238360132208677
0.00020386793150686
0.000175137521614353
0.000159044996283375
0.000151541579098033
0.000140753276141329
0.000130963744422054
0.000124826727603441
0.000120515344286505
0.000117998468537693
0.000116408905035288
0.000115528509052144
0.000114992156985006
0.000114723560094833
0.000141957691638398
0.000132019538768971
0.000125496461287624
0.000121250881469676
0.000118515585319408
0.000116789974181074
0.000115715198457442
0.00011504443314137
0.000114640131498182
0.000114399478047058
0.000114251699751878
0.000114166141574151
0.000114116835929815
0.000114088294693781
0.000114072084712792
0.000114062598398317
0.000114057121195944
0.000114054159804406
0.000114052655966812
0.000114051845668801
0.000114051432902184
0.000114051263903826
0.00887364165065744
0.0071273305602106
0.00559497962400139
0.0043695141076737
0.00340413629579926
0.00262931149741084
0.00197142878809704
0.00148492786771725
0.00120648207634228
0.000926525720269318
0.000685594485485564
0.000529660474455576
0.000409488958267842
0.000316014985386003
0.000250216358219751
0.000198122952920235
0.00873279084929248
0.00700724404289468
0.00557455551505822
0.00442137035977355
0.00347794668111432
0.002697727673681
0.00204677258623229
0.00151333979824226
0.00110646921013739
0.00081551815233032
0.000615904481337873
0.000479085837287075
0.000375107173010419
0.000273519115951519
0.000172433080855126
0.00015146352657991
0.000137695771024264
0.000129144153284579
0.000123256906626054
0.000119746036332535
0.000117551747890388
0.000116003388196922
0.000115201902875552
0.000114715412748264
0.000114436334182286
0.000114269246135048
0.000114174471378396
0.000114121990815111
0.000114094031329921
0.000114081659359885
0.000171875341269558
0.000153361354117202
0.000139635631282365
0.000130777679715995
0.000125154533458466
0.000120991989317476
0.000118364896486504
0.000116785344683093
0.000115814744191239
0.000115182525638214
0.000114759449834634
0.000114484513369848
0.000114320612638091
0.000114243410068857
0.000225137330268637
0.00019310293125514
0.000170323358554258
0.000153236795306943
0.000141129510030588
0.000132541696861823
0.000126767522736511
0.00012270986388638
0.000119760828805828
0.000117747947473021
0.000116448956072475
0.000115599462937717
0.000115010121993528
0.000114571651922304
0.000231111551773909
0.000197528179283275
0.000175396605492253
0.000158531125876498
0.000143727699725407
0.000133267217777609
0.000126877078666054
0.00012225780053858
0.000119164477670571
0.000117195884345909
0.000115951756925583
0.000115232960415904
0.000114755860228046
0.000114463712014781
0.000114289012762073
0.000114190135358656
0.000114131819101889
0.000114096433971398
0.000114076490042676
0.000114065269151138
0.0001140588928229
0.000114055292506829
0.000114053287820301
0.000114052193622084
0.000114051598959944
0.000114051270607567
0.000114051095473332
0.000114051004533281
0.000114050955131366
0.000114050928574305
0.000114050912767086
0.000114396495512571
0.000114274460114638
0.000114190768409363
0.00011413486099451
0.00011409919776688
0.000114078815402416
0.000114067826698552
0.000114060939105397
0.000114056621489217
0.000114054189080464
0.000114052764748881
0.000114051964767866
0.000114051499310753
0.000114051225271607
0.00011405108005889
0.000114051002295892
0.000114050955209188
0.000114050929364736
0.000114050916173799
0.000114050909530399
0.000114050906003808
0.000114050904048869
0.000114050903027662
0.000114050902513207
0.000114050902244556
0.000114050902093227
0.000114368404322634
0.000114250900769934
0.000114186395904057
0.000114050902030232
0.000114050901997809
0.000114050901982234
0.000114050901975449
0.000114050901972657
0.000114050901971422
0.000114050902025112
0.000114050901990799
0.000114050901979134
0.000114050901974574
0.000114050901971037
0.000114050901970914
0.000114050901970875
0.000114050901970864
0.000114050901971054
0.000114050901970929
0.000114050901970891
0.000114050907081046
0.000114050904391294
0.000114050903162929
0.00011405090254815
0.000114050902231032
0.00011405090206783
0.000114050907139341
0.000114050904495153
0.000114050903194804
0.000114050902559695
0.000114050902250353
0.000114050902108133
0.000114050902034246
0.000114050902000789
0.000114050901984737
0.000114050901977233
0.000114050901973814
0.000114050901972205
0.000114050901971476
0.000114050901971135
0.000114050901970982
0.000114050901970914
0.00011405090197088
0.00011405090201528
0.000114050901992925
0.000114050901981475
0.00011405090197608
0.00011405090197333
0.000114050901972031
0.000114050901971414
0.000114050901971123
0.000114050901970985
0.000114050901970921
0.00011405090197089
0.000114050901970876
0.000114050901970869
0.000114050901970866
0.000114050901970865
0.000114050901970864
0.000114050901970864
0.000114050901970864
0.000114050901970864
0.000114050902013495
0.000114050901990509
0.000114050901979512
0.000114050901974781
0.000114050901972771
0.000114050901971998
0.000114050901970868
0.000114050901970862
0.00011405090197086
0.000114050901970859
0.000114050901970859
0.000114050901970859
0.000114050901970859
0.000114050901970867
0.000114050901970862
0.00011405090197086
0.000114050901970859
