0.05
0.0376886320516744
0.0358003914460289
0.0329989988501144
0.0359918115013904
0.0337996303777028
0.0317532743024943
0.0375933859607802
0.0356659768275142
0.0330826586838917
0.0321209175478397
0.0320207407192009
0.0323112772864681
0.0331145590610132
0.0344833590825318
0.0376740604621245
0.0303858695463564
0.0236203116746993
0.022613770703124
0.0184950872181886
0.0144516168748223
0.0135199299733772
0.0130548913168379
0.0126390539757448
0.0121248495640696
0.0114401373390441
0.0108797420430687
0.0106922407354572
0.0108770860141457
0.0114215672925585
0.012318310006205
0.0136234564968961
0.037510776215298
0.0360089318390837
0.0341387406078167
0.0327512203178944
0.0317380612197239
0.0310705507786906
0.030650324734419
0.0303436940936983
0.0328731155532168
0.0335011723402685
0.0346886009533948
0.0359757271346912
0.0373223964784953
0.0310226513974968
0.0293341744753926
0.0276359237065101
0.0361068275351538
0.034249488139974
0.0318291529157506
0.0292641702454926
0.0264056184555772
0.023444423404725
0.0208386241158226
0.0183932546438669
0.0160830866674007
0.0141141058966999
0.0123440070944969
0.0107808893748026
0.00935671319336217
0.008117648179703
0.00704333000596107
0.00604432112901468
0.00514577311921985
0.00429452841705365
0.00345406409389319
0.00264168100231192
0.00190097785732979
0.00123943438847238
0.000665772959958573
0.000182392300504168
-0.000344572988794779
-0.000904656775943564
-0.0014102917528796
-0.00186535127677998
-0.00224367773748375
-0.00256254348181406
-0.002817494936132
-0.00300585680730242
-0.00313028812851006
-0.00319417939912686
0.0395595303935232
0.0409977467159247
0.0422649864454733
0.043345378360086
0.0441527415791806
0.0447546606375668
0.0452414522150148
0.0455554692482495
0.045777486964382
0.0459292948978984
0.0460052334788737
0.0267939627505066
0.0256749502385029
0.0241166901468522
0.025306161764763
0.0221397972106242
0.0186905634488044
0.0236464270712804
0.0231190805914576
0.0225256648368926
0.0231861499542985
0.0215080519334251
0.0193199156590957
0.0176619669263333
0.0161785830897621
0.014581617503782
0.0130112863482824
0.0117882870286214
0.0107621237649458
0.0097881593154867
0.00897098883423966
0.00827228670010308
0.00772573936179791
0.00734200609280586
0.00710171003840829
0.0069686969659762
0.0213936994431568
0.0194818135759911
0.0169995171547671
0.0145349481541229
0.0123979595798509
0.0103012776693737
0.0217664597721808
0.0210352094374055
0.0202602313887819
0.00931089817824449
0.00837779823281785
0.00760977559978553
0.00699803970995852
0.0065138390704009
0.0061792611476184
0.00599169912097894
0.00592916357073081
0.00599994031770264
0.00622945301039506
0.00663831708065755
0.0072376534062396
0.00804551312009088
0.00911165109759265
0.010498782343258
0.012268064353868
0.0144578596002515
0.0170908028188966
0.0202094373095523
0.0235805993732154
0.0273147209757124
0.0310339477105228
0.0346022084925358
0.0380781670195395
0.0404044849821678
0.04282042739885
0.0443047497839666
0.044936383003289
0.0445562066619695
0.0431865367304763
0.0408059614255459
0.0377504068259104
0.035496586892499
0.033606904452629
0.00931069920020076
0.00846151974425289
0.00775906421643187
0.00708189322783011
0.00650414379302974
0.00604483629810301
0.00571606423364699
0.00547788080656866
0.00535484516349078
0.00534627992415487
0.00546027386393649
0.00570949655122991
0.00611309896044041
0.00667613418362354
0.00739320205391557
0.0083172073263739
0.009399384543794
0.0105596114878963
0.0117635675592605
0.0129725420718868
0.0140820833983215
0.0149402789880652
0.0154237884591534
0.0191023746735031
0.0179371693157557
0.0168312325337646
0.0158248772966429
0.0149201181406449
0.0141018048115623
0.0133600940727019
0.0127199227681535
0.0121920100052907
0.0117683670028189
0.0114475647552797
0.0112326294180554
0.0111215758203337
0.0190289518099608
0.0177301615964057
0.0164366242599002
0.0152493934099061
0.0141338046183233
0.0131065494505894
0.0122078658177374
0.0113796455709755
0.0104874243633164
0.00955250835088448
0.00864375704005345
0.00782731629960104
0.00710537914342865
0.0064409381411492
0.00585994222473994
0.00535734927646197
0.0049448535418639
0.00461021496911725
0.00429996616544588
0.00389444748137032
0.00341727721045958
0.00300073124714871
0.00255057249333188
0.00215700447239758
0.00178113439748563
0.00140698870578115
0.00104801478998962
0.00072633544596836
0.000459211826495455
0.000247504105672525
7.61679033862449e-05
-6.35394771736761e-05
-0.000164033083577363
-0.000242027661672441
-0.000303016371294848
-0.000340083683466353
-0.000358435255079556
0.0171518705822655
0.0157314000416223
0.0144111630622559
0.0130700134481035
0.0118956991620707
0.0106301883054176
0.0095084832502158
0.00854550498166841
0.00753007971740994
0.00659470425718437
0.00593461836088384
0.00496645678781451
0.00433611591898833
0.00357022457991534
0.0027890249539987
0.00220737460589519
0.00183820299975466
0.00146650844491731
0.00115264972371765
0.000922436356067768
0.00076389187832652
0.000687834305371317
0.0174041095889225
0.0161268673087282
0.01486718930438
0.0136408500075898
0.0125079888040721
0.0114673681822637
0.0105017412074611
0.00954035058409725
0.00873698487922827
0.00792916159016911
0.00712053684258854
0.00634498450743025
0.00527151668482535
0.00421913617793539
0.00327726395719329
0.002425694704921
0.00168379597921592
0.00102234625491938
0.000481688502796802
-6.3747892834242e-05
-0.000545858804294686
-0.00093894788372984
-0.00124815520432486
-0.00148428189533361
-0.00163768887239167
-0.00171930304552098
0.0310582929754038
0.0302542607930268
0.0292264207583261
0.0312310678952953
0.0310412706430688
0.0311675974025225
0.0285929605135126
0.0277908415325985
0.0267200873015942
0.0294815513878046
0.0305930271463061
0.0325313642538222
0.0343991645948208
0.035927904775673
0.0373656889345006
0.038697298364072
0.0397581070879672
0.0404125676975139
0.0406385433295586
0.0403115753535785
0.0393315995536024
0.0374656635614308
0.0339932398100488
0.0289228436108162
0.0244715199615419
0.0195542895422618
0.0160184410900528
0.0128502001139494
0.010355814101126
0.0080513045833994
0.00613842215618507
0.00459490120680846
0.00325623245711108
0.00210095917405409
0.00111880034328617
0.000272223631547744
-0.000399078214646453
-0.000953974412543658
-0.0014699610778032
-0.00185184257183588
-0.00212177563291795
-0.00229906600031712
-0.00239090706896237
0.0241832046608696
0.0209747516547189
0.0177900421730585
0.0150444371971572
0.0128780081609426
0.0111409074098617
0.00977423270219662
0.00869653727437306
0.00790656332903238
0.0073299011086881
0.00693156011655636
0.00668471386353362
0.00656100147534098
0.0238682238016818
0.0213595579160822
0.0184099901897666
0.0171901118187487
0.0159240562846245
0.0145907213755807
0.0171500087166297
0.0156914037161563
0.0139748430032944
0.0124259322827395
0.0109873042017519
0.00962108986127757
0.00837039272674663
0.0072339490092882
0.00618117121560355
0.0052386099687625
0.00438027518694484
0.00359262228650829
0.00288537928462607
0.00223440690479199
0.00165149473873994
0.00113127699520843
0.000676774672000891
0.000272499590354113
-6.77323271521799e-05
-0.000350869372107165
-0.000589663996297076
-0.000810289955475766
-0.000998302769359193
-0.00114454281417022
-0.00124995737146213
-0.00131236463901827
-0.00134784702728466
0.0134246440963843
0.0121043392459692
0.0106503856060611
0.00919985353146243
0.00796259624527691
0.00680040380602643
0.00563756057647751
0.00463441495448237
0.00380298446458219
0.00292292000771593
0.00204504935337465
0.0012231070209886
0.000524092373546906
-3.76128921024651e-05
-0.000621914172964685
-0.0011502908305488
-0.00163243483850197
-0.00204850206590332
-0.0023961004064862
-0.00264159603877295
-0.00283549070443884
-0.00301221733219338
-0.00314427729359835
-0.00320590430276479
0.0135376398103383
0.0124993803659102
0.011608732293223
0.0107386716306067
0.0100197136802476
0.00930423707744722
0.00866788354014764
0.0081985293959083
0.00780599460439937
0.00746259375029992
0.00722441191288493
0.00708383782804956
0.0315437039571871
0.0323116415524856
0.0334530254402738
0.0349645236482963
0.0364677330059372
0.0377675014698522
0.0390619152418127
0.0403120499645095
0.0414206777682271
0.0424406377585869
0.0433414286405036
0.0440303025061397
0.0444734892134414
0.0447132269767609
0.0446763264054284
0.0443059598694825
0.0436293013370874
0.0426625350037983
0.0414560094472167
0.0401562101578329
0.0389860804930328
0.0380986081708415
0.037530951437828
0.0312683083944878
0.031607634254408
0.0321514429853092
0.0328520074775001
0.033482558918137
0.0337849565102622
0.0336195528946399
0.0328915387377196
0.0315665662126741
0.0296993705681917
0.02741720945105
0.0249895989643432
0.0224155900714177
0.0198216831443444
0.0174569548241479
0.0153607923153518
0.0134858814910302
0.0117941178553831
0.0102731967377171
0.00893136982503592
0.00773550151154441
0.00667132463381614
0.00575054781790954
0.00491656618749496
0.00403982285363348
0.00318434529938619
0.00241828768886464
0.00174071367988215
0.00116964112191554
0.000691132842777898
0.000290816346768254
-1.60394275264535e-05
-0.0002557460312679
-0.000402452739921339
-0.000482949003266037
0.0354836082711648
0.0366140024392317
0.0377814119979696
0.0341957575770671
0.0339064902165455
0.0337373616391083
0.0401939548037243
0.0421723180125408
0.0436293022202574
0.0446365468690387
0.0452267007322169
0.0455959226474532
0.0457928919786291
0.0458806475959094
0.0459110265911654
0.0363920462279888
0.0337879893381583
0.0298069594456736
0.0247475334151114
0.0216450904620658
0.0189354780308143
0.0162965774414675
0.0139053287160355
0.0118549208580189
0.010010006659426
0.00837978034502447
0.00693574945043561
0.00564367778691396
0.00448613099755199
0.00343485063154971
0.00248473042710943
0.00163743914630633
0.00090077494705683
0.000259717840131815
-0.000360227024060198
-0.000973417619272103
-0.00152167778111438
-0.00201364285910932
-0.00244495043812287
-0.00280620592454377
-0.00310238264358998
-0.00334301175354306
-0.00352238906185003
-0.00364021759264461
-0.00370115441073864
0.0229549448717053
0.0213987239403408
0.0201692031483518
0.0188902450145017
0.018289415574012
0.0178567715662693
0.0145371497716742
0.0160028195594108
0.0181125473416983
0.020770346623455
0.0237506102344128
0.0268805352314735
0.0300131796934707
0.0330586089282662
0.036003447573054
0.0387414200985642
0.0410419107327637
0.0427864305784674
0.0440037504536982
0.0445217272231834
0.0440967183369383
0.0424658465300028
0.0392827585608308
0.034536853418017
0.0289935662444092
0.0236838349620785
0.0191711833452319
0.015542178370295
0.0127071913128038
0.010541113721993
0.00891597027070888
0.00772787396435317
0.00690206726569381
0.00638526774495654
0.00612916086981605
0.01452680276073
0.0156805528600592
0.0172134879767683
0.0190803115755624
0.0212188563922152
0.0233732723739238
0.0255609712101446
0.0280332248889583
0.0306364978594438
0.0330385054321879
0.0351949652386968
0.0372982879209582
0.0393998058039327
0.0415180550794178
0.043222925423442
0.044295402662774
0.0446575467271178
0.0441508488420148
0.0425387272219934
0.0394197247937629
0.03504513599848
0.0291897452227909
0.0251660517683637
0.0212803280458888
0.0172381664569772
0.0142179178956456
0.0118207092821183
0.0099105199052687
0.00857000537523851
0.0076161360859917
0.00701260075394946
0.00670619392780522
0.0298723791875488
0.0293153342812868
0.0286857901347537
0.0279386184448188
0.0269250924807308
0.0305369341595997
0.0314053897138906
0.0329507037667206
0.0343223863371664
0.0357225225399086
0.037057433115787
0.0379981978635288
0.0386907613777618
0.0391573722574365
0.0392518294964812
0.0388600187219337
0.0379602394329426
0.0365465550747243
0.0346554367692796
0.0324144738451882
0.0300073276102058
0.0275567551578403
0.0253754342782243
0.022735490841191
0.0203836607451242
0.0185842984716763
0.0170876252819126
0.0158862537823672
0.0150362366530485
0.0145146816389419
0.0142244517841196
0.0253281680224339
0.0223273080046413
0.0182212183142801
0.0267976695532615
0.0260547509822874
0.0246158546107545
0.0225459162913155
0.0160116496459392
0.014421578906438
0.0132317591412413
0.0167748725723968
0.0153850549128113
0.0139069882293041
0.0127203154362577
0.0111450798869179
0.0126959146720688
0.0115517812736558
0.0099921230715624
0.00836864627499614
0.0120139175089052
0.0108990413768466
0.00977584806283105
0.00758265446350826
0.00672054364740412
0.00582760190746988
0.00506350023612309
0.00430407785684163
0.00357227767741949
0.00291942866160807
0.00227389999299144
0.00166340286718676
0.00109867749955341
0.000578500436467669
3.13939289181448e-05
0.00749131885243856
0.00660241114667739
0.00568011954253653
0.00501254524756938
0.00417987294037864
0.00355575046493516
0.00282702548718272
0.00212646061634957
0.00154083501753559
0.000986243322409571
0.000445789532769618
-7.31887203967779e-05
-0.000524657282809511
-0.000941003319404234
-0.00139584033907046
-0.00179435583771752
-0.00219666119874651
-0.00253378884250328
-0.0028454146347023
-0.00312012690272766
-0.00333923870698861
-0.00352158744115732
-0.00366292386511069
-0.00374935437247404
-0.00379287065886654
-0.000241259543897927
-0.000488248659293012
-0.00069875951618078
-0.000851182422508383
-0.000987738039019381
-0.00107100304007255
-0.00111714287397643
-0.000191821257179864
-0.000398584754353945
-0.000601270254373242
-0.000791303478341865
-0.000983625709732741
-0.00118466563896493
-0.00139046959238746
-0.00160076939431573
-0.00180938083072202
-0.00201065347323605
-0.00220999219150435
-0.00240042938316504
-0.00257105887682875
-0.00271197823996162
-0.00282159659900358
-0.00290721805434467
-0.00296635280553919
-0.00299624415372153
0.00924154931304663
0.00861150365637018
0.00786552222143228
0.00701853719946955
0.00615360417456949
0.00532807011022263
0.00453994829630743
0.00378785293079578
0.00307066551954031
0.00238727521892907
0.00173646389269226
0.00111649251750257
0.000525696919112804
-6.60463434093441e-05
0.00929364937188326
0.00879750502184161
0.0082997833153533
0.00781069158813297
0.0073848506892452
0.00697516527934727
0.00658616776991931
0.00623049937549244
0.00590041504040261
0.00556717731950222
0.00522746137228115
0.0049139134201837
0.00465291924429415
0.00443871285520691
0.00427592471014166
0.00414727036124989
0.00406464557380182
0.00401837790770545
-0.000460798392879449
-0.000820500112544219
-0.0011529130295154
-0.00151249133974688
-0.00183471158318534
-0.0021145856268663
-0.00244778175068672
-0.00283882410248324
-0.00320767856590743
-0.00352176316599417
-0.00378635455145361
-0.00401623066616756
-0.00422400484703603
-0.00440392470468847
-0.00454675729058904
-0.00464693669290479
-0.00471323241663087
-0.00475020529060274
-0.000334138026438801
-0.000568847859198617
-0.000775083564424108
-0.000958814260832273
-0.00112622864803851
-0.00128092656762981
-0.00141815389535825
-0.00152966163915649
-0.00161291838650641
-0.00166811770565379
-0.00169648378426934
0.0101199836112152
0.00900924736229007
0.00783311175400425
0.00675986458730584
0.00578231860806155
0.00484883778560152
0.00399532516246149
0.00314179681368255
0.00235302272156412
0.00161433827616542
0.000877887495428747
0.0103472686534182
0.00946828075907945
0.00871820743254209
0.00793946687464509
0.00733036609915104
0.00667235504996545
0.00613990041858838
0.00569741947334228
0.0052914900805919
0.0050621182712857
0.00484216804583859
0.0047041599464332
0.00463499158330391
0.000558073657018128
0.00028790874318418
5.78338329863304e-05
-0.00016417145683726
-0.000339896226502488
-0.00048739272534441
-0.000591143120817969
-0.000668365227868527
-0.000713582463648798
0.000436259064877637
2.03325370065638e-05
-0.000373325696285249
-0.000749313731836363
-0.0011114583896991
-0.00145861998451304
-0.00179145969042584
-0.00211640989766932
-0.00242643970488157
-0.00271933782609072
-0.00300801848744662
-0.00327699710685869
-0.00352582625509668
-0.00375969911824031
-0.00397762249478851
-0.00418646679730451
-0.00438090153666698
-0.00454794390019479
-0.00467637772381234
-0.00477604345053922
-0.00484486960370203
-0.00487946561462276
0.0214397359401706
0.0199755812868871
0.0183292643632803
0.0166951066675835
0.0151296599804531
0.0136141218437174
0.0120462485394939
0.0106218444810803
0.00964876067476039
0.00847608294384799
0.00720939942365003
0.00617497452582003
0.00517160087988244
0.0041739698746474
0.00327932067764195
0.00239399800487839
0.0215314134700341
0.0202912531291272
0.01896332610601
0.0176347609143836
0.0163114833937339
0.0149894692147653
0.0136522403775926
0.0123067162029231
0.0110309760145994
0.00989441142428223
0.00893459273406041
0.00814422206476488
0.00743917057404674
0.00663641839593119
0.0018225743915581
0.00117721688725504
0.000584079197954529
6.84524811504065e-05
-0.000437632930117682
-0.000870123293285542
-0.00125525766767671
-0.00166084085620042
-0.00197185658578382
-0.00224707737356357
-0.00247452188680268
-0.00266860717266308
-0.00282207788351523
-0.00293578132488684
-0.00301256444752609
-0.00305262492405203
0.00190210740450779
0.00144085287075329
0.000983428182806459
0.000587804776281299
0.000254749316160746
-7.84285932869748e-05
-0.000366070003183041
-0.000599488967494727
-0.000789621869892924
-0.000952035365373217
-0.00109391080427729
-0.00121301156600388
-0.00130189580213385
-0.00135102889822292
0.00607382796153417
0.00560382010592816
0.0051823653066137
0.00477964376892542
0.00441221208518916
0.00407394510558225
0.00377861222066998
0.00350873984811237
0.00324973077711753
0.00301288579384897
0.00280852951067997
0.00263201296955796
0.00247206496208229
0.0023203376934747
0.00640003167526808
0.00618282092532811
0.00601751326717207
0.00587248402934207
0.00572988186680077
0.00562416037827442
0.00556492443633379
0.00553816386136231
0.00554729865974883
0.00559034030494256
0.00566507835826042
0.0057578530984424
0.00587911144850051
0.00602132390476563
0.00617977746931485
0.00634026440269004
0.00650413031934671
0.006675697222677
0.00684044014987709
0.0069946189015636
0.00713794013465505
0.00726928144358515
0.00738836884284281
0.00749666977767174
0.00760091903222713
0.00771595499739671
0.00785810071253417
0.00804585218593508
0.00831619456360754
0.00870077255490015
0.00927016334680853
0.00224461396665027
0.00217701145916921
0.0021177233673759
0.00206739675025333
0.00202723170949329
0.00199977084878198
0.00198341109755973
0.00197324060760394
0.00196850544092916
0.00196870343118355
0.00197272250080778
0.00197966271032134
0.00198960075722551
0.00200353202377311
0.00202029115266846
0.00204000926143627
0.00206768196152832
0.00210612048182087
0.00215717160953601
0.00222214213000884
0.00230655705197171
0.00242255242768862
0.00257494844339723
0.00276309515772067
0.00299616202855597
0.00329711940855292
0.0022443034531414
0.00218953614887606
0.00215348291625458
0.00414110253158155
0.00530111217539314
0.00676711219289721
0.00840948778375978
0.0101375321904342
0.0119941999363191
0.00282609197856301
0.00232119678852418
0.00201503262097997
0.00182314195210425
0.0136174873148571
0.0149635107093462
0.0159069663217917
0.016419437647781
0.0124498927155594
0.0127708635115264
0.0129316526312273
0.010048129987077
0.0110692232023505
0.0122745796516424
0.0137478559689106
0.0156028288999125
0.0177689773293712
0.0093155125931969
0.00959318462440864
0.0101217083778426
0.0109171761775934
0.0120092549399866
0.0133052307529265
0.0150288155915596
0.016984672916091
0.0192688060657279
0.0218310928555787
0.0245342351882064
0.0274177838305302
0.0303080599630904
0.0332570208185552
0.0361157606126895
0.0387398573442772
0.0413190245641843
0.0205045876959323
0.0230053265694562
0.0257058399153665
0.0283221452319539
0.031063025429244
0.0337130493041228
0.0362433562871463
0.0386087588494868
0.0407821184389557
0.042688294804377
0.0443619783404253
0.0457846458183274
0.0469236151162027
0.0477750073559256
0.0483771503520876
0.0487853441907103
0.049047984385932
0.0492018224489783
0.0492745462538147
0.0173615730917427
0.0171510332418616
0.0170531097476268
0.0170313783974202
0.017040158139022
0.0170520869745152
0.0432119886661035
0.0449883759036783
0.0464074726748242
0.0473951594475389
0.0480862664064088
0.0484929941853309
0.0486880670512525
0.0426858829220068
0.0438433932098553
0.0446340524355204
0.0450211128058661
