0.05
0.03730572129859
0.0354735396223724
0.0327645413146131
0.0353184345204067
0.0326923071803458
0.0297619923076904
0.0371735686286343
0.0347085147659609
0.0307117062356959
0.0283880080240421
0.0270229163370601
0.0263411255543617
0.0259284789431238
0.026169052850381
0.0373569425894594
0.0337727111465501
0.0310942948435325
0.0309301332350579
0.0313194185593324
0.0320155811405072
0.0322649876727655
0.0324702029138719
0.0327806407408298
0.0334319331442996
0.034843996728068
0.0366663069361889
0.0381544076411934
0.0390363501473684
0.0390726904456034
0.0380083466675725
0.0355478876446023
0.0370529257430141
0.0352397159424001
0.0328302458507983
0.0308708689306821
0.0292519311420063
0.0280026901465826
0.0270191679684366
0.0260578953164631
0.032920054659708
0.0338684565944848
0.0354467385593118
0.0371236602531434
0.0389723170913177
0.0307493514329154
0.0290160554801316
0.0272656282319443
0.0387626327382623
0.0380372462378704
0.0366573553280365
0.034776260950899
0.0322312859367499
0.029149922554589
0.0261334446297545
0.0231094188813674
0.0201450649973683
0.0175842286103042
0.0152843193291618
0.013273026455591
0.011467590376361
0.00992413764148673
0.00861017888147494
0.00741158235953606
0.0063545950094009
0.00537219866587065
0.00441924210767959
0.00351270233403012
0.00269798718935817
0.00198006254866118
0.00136543357383237
0.000853523897663423
0.000301411087973876
-0.000279879591207126
-0.00080063270129174
-0.0012662516450537
-0.0016512807024044
-0.00197438482934038
-0.0022318325203782
-0.00242154541977455
-0.00254664233881736
-0.00261080414453088
0.0405807309272429
0.0416071483155209
0.0425234894712407
0.0433315471354337
0.0439659735309207
0.0444662995945639
0.0448965686329676
0.0451901425033323
0.0454077221373157
0.0455625110872474
0.0456420727678971
0.0263942147256748
0.0252392364186496
0.0236384228741057
0.0248719079629065
0.0216453924395703
0.0181649724153346
0.0231596615449498
0.0226238305650731
0.0220219601529155
0.0226728326620594
0.0209655893073164
0.0187751242744692
0.0171338205537964
0.0156746520744811
0.0141098222516293
0.0125742186666792
0.0113790423649195
0.0103762446286782
0.00942418993633402
0.00862505444182044
0.0079414554779612
0.00740649414024634
0.0070307647648852
0.00679542040670237
0.00666512592873906
0.0208839733208488
0.0189964137751827
0.0165673838543854
0.0141672463027366
0.0120903989325471
0.0100546575399286
0.0212540062131258
0.0205167523374796
0.0197376943347811
0.00908799714309356
0.00817772981564439
0.00742931697644464
0.00683439957379771
0.00636527679321161
0.00604359617501152
0.00586664012508885
0.00581330967476875
0.00589237264610248
0.00612909665178935
0.00654377132034584
0.00714725666330749
0.00795747081265197
0.00902400653572595
0.0104092707076516
0.0121741922792907
0.0143573595619752
0.0169823786323174
0.020093508100446
0.0234602007605889
0.0271942868712229
0.0309185423736198
0.0344967135337405
0.0379892386340875
0.0403337829436164
0.0427816564178364
0.0443059147820225
0.0449918938422711
0.0446855919717718
0.0434104609536876
0.0411452966109116
0.0381982933728392
0.0360028332646587
0.0341468039936266
0.00909862367441226
0.00828122042374587
0.00760755918737168
0.0069615730814708
0.00641444146784801
0.00598440963073412
0.00568254362843494
0.00547260064323723
0.00537776705185413
0.00539891487512253
0.00554457491225247
0.00582885809577323
0.00627223421128178
0.00687979117940565
0.00764595163688568
0.00862710090937926
0.00977127253139462
0.01099401874809
0.0122593505649635
0.0135265404213961
0.0146863487325956
0.0155811670098964
0.0160843596153436
0.018573830560769
0.0174151120604847
0.0163236475742132
0.0153356514896866
0.0144505538982262
0.0136519542248117
0.0129292930968099
0.0123062224402633
0.0117927431276592
0.0113808392479172
0.0110689931032806
0.0108600817090749
0.0107521463088718
0.0185123272606876
0.0172307261633971
0.0159618796321432
0.0148020742648088
0.0137152317542957
0.0127162761436978
0.0118434533637694
0.0110398269923151
0.0101747775712083
0.00926897130385549
0.0083891768657378
0.00759952503011825
0.00690218962917053
0.00626147127974319
0.00570240220575771
0.00522009219839801
0.00482567651077063
0.00450714920966174
0.00421330399248304
0.0038311047253451
0.00338320548770027
0.00299360328940277
0.00257410651260376
0.00220879389156203
0.00186144853664179
0.00151770488949789
0.00119064004412269
0.0009010323972897
0.000664407534038824
0.000480693220919117
0.000335789331175012
0.00022156651416489
0.000142928890294624
8.51998369467341e-05
4.30313282228062e-05
1.90501124373969e-05
7.80111356261549e-06
0.0166186105902806
0.0151992362583069
0.0138846961455409
0.0125524317636675
0.0113875275711926
0.0101332446180428
0.00902199528501143
0.00806817577002425
0.0070624712585039
0.00613602855385667
0.00548221422630123
0.0045231909500094
0.00389876095143479
0.00314001190810671
0.00236606204485779
0.00178979466735783
0.00142403603589411
0.00105577656047569
0.00074481891121175
0.000516734441727625
0.000359656877297212
0.000284303287011066
0.0168741734400556
0.0156005474428609
0.0143498449294812
0.013135894910252
0.0120167208534021
0.0109899678157518
0.0100379317572704
0.0090904827337318
0.00829889880288144
0.00750291867823187
0.00670602465704039
0.00594154344073532
0.00488312165672242
0.00384519366271623
0.00291598096549038
0.00207561350083064
0.00134328334331881
0.000690216039293935
0.000156306488976382
-0.000382421527947276
-0.00085868592497197
-0.00124706278403534
-0.00155259457434502
-0.00178593230601425
-0.00193753547768223
-0.00201819273766158
0.0287509099236014
0.0275004913976111
0.0258078832577257
0.0287229910889838
0.0279049098739475
0.0272580113545645
0.0250613780401027
0.0241155683723445
0.0228565911931086
0.0243072803819609
0.0220586304278358
0.0194200499343541
0.0174850442967965
0.0163062481463352
0.0155833617367285
0.0153232144552094
0.015548353685915
0.0161803966710611
0.0172332709352827
0.018617447102361
0.0202962148394379
0.0223909375838886
0.0254098978381542
0.0291947207639483
0.0322783896596559
0.0354919259823469
0.0374932791436358
0.0386790662458002
0.0386471399352903
0.0370556928978552
0.03375536789926
0.0294306108786233
0.0246476452992549
0.0201130492032899
0.0162074619431814
0.0129145273737421
0.0103890951672035
0.0083720464477016
0.00656171078794254
0.00526354701052403
0.00436816861979036
0.00379051894616497
0.00349470361623621
0.0207968828781617
0.0183600833567391
0.0159582790899238
0.0138007777698786
0.0119704672209077
0.0103664905143142
0.00897517715524306
0.00776084156070867
0.00677929980433386
0.00599635091817886
0.00541304510944335
0.00503008683281547
0.00483069291131316
0.0189390393614837
0.0158444934466887
0.0126207209777164
0.0112364511835449
0.00989502509357651
0.00856581367543519
0.0116682441665018
0.0108826080063969
0.0102699801875962
0.0100106604755615
0.0100793060854297
0.0104917539596008
0.0112435462033932
0.0123269211105888
0.0137715451526405
0.0155242711700595
0.0175893697382888
0.019954357520839
0.0225133132176218
0.0252633309046524
0.0280594829869916
0.030828443529202
0.0334653686428911
0.0359898737969388
0.0382554642802613
0.0402505904076048
0.0420122623675495
0.0436875474723562
0.0451230581615417
0.0462232790634127
0.0469943384538714
0.0474374774844554
0.047683376924897
0.00819595629013069
0.00800749965952634
0.00805948098413028
0.00839529082547483
0.00895046382695564
0.00976132028237792
0.0109336503845912
0.012311055628227
0.0137668011549945
0.0156784303635483
0.0180280308902127
0.0206763552775966
0.0232848041467665
0.0256151212383866
0.0282585992811272
0.0308317756257535
0.0333280214264768
0.0355937410673327
0.0375628866048139
0.0389907456238815
0.0401390750294687
0.041199298242703
0.0419959910944781
0.0423679833558773
0.00693046701956996
0.0054217678988439
0.00419767582744344
0.00305822748068777
0.00215402020142907
0.00128579746088718
0.000538242527700557
1.30025336488088e-06
-0.000437550473959824
-0.000814182370962027
-0.00107211695645284
-0.00122302562563654
0.0265969238664404
0.0260422603065492
0.0256334463428037
0.0254271998466591
0.0255107774617903
0.0258216536781934
0.0263729294974279
0.0271537533176385
0.0280779527355975
0.0291727925384915
0.0304334493440306
0.0317557449594029
0.0330568501146509
0.0345338424572481
0.0361680438371887
0.0377273681217911
0.0391020999828499
0.0403212113013734
0.0413763850547958
0.0422305848960287
0.042854006682393
0.0432641199526455
0.0435024643737409
0.0274057031194948
0.0278900033648095
0.0287271114436999
0.029952650543634
0.0313620907723594
0.0326384115772441
0.0336060515949577
0.0341558899785567
0.0341715658079807
0.0335741689042677
0.0323315899013018
0.0305599044409214
0.0282579078772848
0.0255646787193878
0.0228536148518958
0.0203064370672973
0.0179569935202057
0.0158082949525525
0.013870883054809
0.0121669125035215
0.0106577439330377
0.00932512918918686
0.00818180904175374
0.00715558585907103
0.00608636386025173
0.00505092767077808
0.00413005658901309
0.00332058841425999
0.00264202067204639
0.00207602919885416
0.00160434521487575
0.00124389334101134
0.000963005207172382
0.000791379558014082
0.000697311311498815
0.0273870666322319
0.0290868945679409
0.0313971270299014
0.024935617932897
0.0239288767740335
0.0233991307516724
0.0318550428193278
0.0324490920256143
0.0331635198042882
0.0339564427149825
0.0346696173608809
0.0353489429142198
0.0359129848388937
0.0363087404586256
0.0365143572855325
0.034519758575562
0.0371926671663818
0.0393627983433377
0.040841356200079
0.0394241409083816
0.0372978269577887
0.0341447456234309
0.030245508272406
0.0262310782968725
0.0222944709808448
0.0187388925351641
0.01563460121366
0.0129460439973482
0.0106340320277962
0.00862539210795447
0.00689075054478882
0.00541308338185904
0.00418559413001116
0.00316345066580786
0.00221573111506644
0.00131422493483547
0.000536097833077687
-0.000140351950450136
-0.000716918107762809
-0.00118837523224772
-0.00156731593230402
-0.00187024135529646
-0.00209323643716088
-0.00223841893016322
-0.00231308805671801
0.0428995952493703
0.0442261226380973
0.0450660298585391
0.0457695361858013
0.0460581829247455
0.0462450314515672
0.0340394732068121
0.0312776665396602
0.02749032020859
0.0233619940943338
0.0195703657271044
0.0163505838512661
0.0137022030276433
0.0115242136041353
0.00968202146737879
0.00811618238242403
0.00682904265607832
0.00577556966651869
0.00483885826960851
0.00398732109140048
0.00324803733372376
0.00259184799535406
0.00200376196723407
0.00147645416706618
0.00100459908327217
0.000584117033815241
0.000211079606209536
-0.000118925041356121
-0.000407405395714897
-0.000653910558991215
-0.000858831425567199
-0.00102252261354901
-0.00114474295263588
-0.00122535455290873
-0.00126664678660651
0.0331173065003376
0.0301148975432101
0.0265791001484632
0.0230176815133219
0.0197663913345599
0.0171523433152468
0.0149873491945761
0.0129728402827237
0.0112073252226961
0.0098093419279849
0.00869390325199558
0.00770057768983454
0.00675680727772482
0.00578939293882172
0.00491022140383217
0.00415366092622261
0.00348047199483741
0.00287811409587537
0.00233160268959583
0.00181999771048296
0.00137686127435726
0.000927419664369255
0.000638217738597552
0.000353939977665978
3.12155868348772e-05
-0.000243699094077903
-0.000489313281614966
-0.000707499826722673
-0.000875606533226411
-0.00100466192976389
-0.00109108621511224
-0.00113660778602681
0.0244875849159926
0.0224307385583389
0.0203285010724667
0.0184374979065875
0.016626423570568
0.0262622041908999
0.0272303780740144
0.0290127131189767
0.0306630627683611
0.0324312026882163
0.034215819117458
0.0355770823212006
0.0367229252790823
0.03773916858061
0.0385240205337371
0.0388449421165228
0.0387623351494625
0.0382571004361211
0.0373200029223303
0.0359817907004938
0.0343225151476897
0.0324066915355339
0.0305061472197866
0.0279762900269396
0.0255426987091174
0.0235795731384838
0.0218855631701003
0.0204905812430038
0.0194874890355488
0.0188663270402539
0.0185188071046526
0.0155025646458807
0.0138702881074091
0.0120050250053475
0.0154186612720752
0.0138703866143391
0.012192543445813
0.010520916175296
0.011384643699549
0.0110453734522916
0.0108803883582055
0.0109477798847708
0.0102550202789687
0.00980789836673217
0.00965959404958148
0.00976101383128625
0.0112041288373985
0.0123797108977056
0.0144645904024739
0.0171704696403526
0.0106204418363072
0.010585003095151
0.0107586479139447
0.0188700966133224
0.021294529092457
0.024330381247609
0.0272911373196435
0.0304828358008851
0.0336505891695977
0.0363624540532554
0.0386673670709293
0.0400787009729031
0.0400931275808193
0.0380979945855728
0.0328252148640139
0.0187587849820582
0.0207673065449638
0.0232615778680063
0.0253132737304665
0.0281475712662809
0.0304324619290183
0.0332390702887433
0.0360143272176759
0.0383267198358963
0.0404425589410608
0.042351309665472
0.0439368066050657
0.0450024291369367
0.0456086042762625
0.045728632129307
0.0451897002655944
0.0436667046261926
0.0411138567769967
0.0372200992503711
0.0324181260345446
0.027894669673156
0.0238954594518399
0.0207840789329196
0.0189125946774831
0.0179850030978689
0.0301433262687325
0.0266120623509468
0.0231785955136829
0.0206342401555082
0.0183859609164867
0.0170482309551432
0.0163219137618931
0.0288102994669798
0.0242065805601923
0.019735545467285
0.0160456235498292
0.0129173494419318
0.0102464467794776
0.00803143270253484
0.00619024324204649
0.00468591451997227
0.00346752914849497
0.00243692654926981
0.0015813658046313
0.000900564631778216
0.000388530803508919
1.71303792245994e-05
-0.000258076204374914
-0.000441016152775421
-0.000531363719148346
0.0114446121039017
0.0124547194825487
0.0138900710718893
0.0157884754202157
0.0180004121742662
0.0203785481581171
0.0228968103168416
0.0255167787580638
0.0281930817646651
0.0308800750256977
0.0335357788821909
0.0361232775347322
0.0386069217507669
0.0410746068448557
0.0103588890124175
0.0100560625718802
0.009850713047063
0.00974287354368471
0.00973178062584131
0.00980635657848212
0.00996873776133978
0.0102075847599719
0.0105127028051825
0.0109003510186543
0.0113717346452295
0.01187226195148
0.0123387270725301
0.0127585688458948
0.0131019705274843
0.0133894264303269
0.0135814003463888
0.0136916938962121
0.0424100326778977
0.0435428266930104
0.0444936112828249
0.0453721990965648
0.04595431154704
0.046227225136786
0.0461975706822565
0.045565876801427
0.0440775029878327
0.0416302147317847
0.0382782563187591
0.0342216150870531
0.0297341961923614
0.0254565041724338
0.0219776859834068
0.0195598458653844
0.0179869197546268
0.0171232201051115
0.0424003093895811
0.0435500208019123
0.0445466961075938
0.0454154083835933
0.0461814710538822
0.0468586506292365
0.0474280745282298
0.0478647508723332
0.048173081052023
0.0483681842536886
0.0484652934126401
0.0110744854561121
0.0128911686601012
0.015312900128714
0.0180626240672576
0.0210782669065335
0.0244328191712931
0.0278752156042774
0.0316069603520644
0.0352118077294813
0.0386075093078212
0.0418737269067618
0.00891270407632435
0.00818694453649615
0.00772594760847616
0.00741194124835744
0.00728884283775004
0.00729109369817162
0.00740245033596765
0.00757721659689462
0.00781131658630122
0.00797429925974631
0.00815594349820173
0.00828239909602775
0.00834965916491824
0.0436901218858584
0.0451121886081681
0.0462307706313025
0.0472074778811506
0.0478934829795594
0.0483991229778033
0.0487135789201672
0.0489233571740238
0.0490358260966095
0.0432921217310576
0.0443418969044511
0.0449474555746953
0.0450077008218651
0.0443673743911063
0.0428077451594087
0.0400848426162021
0.0360554068411528
0.0312007475045109
0.0262863062783967
0.0216369614863612
0.017729710513011
0.014549190255156
0.0119433628133983
0.00982519440744552
0.00803622549340529
0.00654611915437041
0.00538468428155018
0.00455873693810871
0.00395578370742637
0.00355800593887373
0.00336360340176242
0.00989603826807356
0.00926043293608607
0.00867741580323582
0.00819385923100186
0.00780559955406645
0.00749783474277196
0.00725624438947877
0.00711631281449354
0.00707350064175986
0.00709125233310807
0.00721650096672586
0.00742342418729142
0.00773849818572876
0.00819270489304534
0.00874967235072001
0.00946750838772323
0.00973094664836788
0.00897677235441837
0.0083028747923329
0.00771894229902146
0.0072059494326507
0.00675330078075782
0.0063563543773633
0.00602698841406724
0.00579591194219596
0.00567835140389096
0.00566597091095524
0.00573409855457121
0.00587066593872889
0.00613228692154429
0.0103694696732868
0.0116788036575794
0.0132003293789184
0.0148348165884319
0.0167858597202681
0.0187728266958567
0.0208241657278927
0.0233038795325669
0.0254307976016985
0.0274815505898389
0.0292932547180657
0.0309208689089111
0.0322577793962772
0.0332746321002574
0.0339732579338661
0.0343414823466525
0.00970714677410501
0.0101049551417469
0.010690315453059
0.0113806028097498
0.0121243329715526
0.0130510791355004
0.0140257089267044
0.0149573392276779
0.0158250433108544
0.0166542243269552
0.0174512431243728
0.0181756227229646
0.0187498851949097
0.0190796533378197
0.00657634809227987
0.00709441901472509
0.00771276010138059
0.00848218660257822
0.00938524816744793
0.0104419443012453
0.0115982979437577
0.0129056135295099
0.0144549238758554
0.0161999374406818
0.0180272433716137
0.0199032524482317
0.0218909667341834
0.0240682187579174
0.00606891967402932
0.00612042521592433
0.00629106642102327
0.00662486429130545
0.00722720041420322
0.00802837892237104
0.00892934496858212
0.0101305203847417
0.0115982596843668
0.013299030329782
0.0152622830906672
0.0172707459885875
0.0196171562975859
0.0221700307308632
0.0248634825794437
0.027477045316171
0.0300513509042654
0.0326586635058593
0.0350793877357007
0.0372524449101528
0.0391401405057148
0.0406522990493147
0.0416573297494002
0.0419883671649307
0.0414554388142135
0.0397358930807406
0.0365010473927101
0.0319064789497002
0.0263325439999779
0.0205920384503684
0.0147511346512496
0.0262011651141966
0.028516650987909
0.0309963002322843
0.0335940783712488
0.036205952020189
0.0385090230128679
0.0403154910025052
0.0419001247268476
0.0432392021806726
0.0441388438735012
0.0445917628421327
0.0445117737482022
0.0437697191186562
0.0420268708981283
0.0392887465967233
0.0357619771519608
0.0311499685604742
0.026151629006303
0.0215994700212363
0.0178108886340624
0.0146037251399083
0.0117472894166467
0.00931557740856746
0.00732378615631659
0.00563756092549821
0.00411317347704799
0.024125915213884
0.0241756912829572
0.024214449853212
0.00306724081404638
0.00202417447779094
0.001029127112689
0.000163314100857098
-0.000559172915812354
-0.00119985940117069
0.00322952629760439
0.00239386972399318
0.00192547880332705
0.00164748924437883
-0.00156253636483925
-0.00180799790726516
-0.00195707677654945
-0.0020312866751585
-0.00145996643683174
-0.00161685711569403
-0.00168845122001423
0.0117356061708406
0.00917325332556105
0.0071021160314301
0.00527429750601446
0.0035590964299988
0.00199273716928255
0.0119460892978982
0.00965465593425151
0.00769239487034599
0.00601495086292273
0.00456778969729038
0.00340845325470875
0.0023285257401337
0.00144514925792042
0.000673714283102605
6.70371997378295e-06
-0.000556025703366481
-0.00105244404537792
-0.00147701281287899
-0.00185674330679266
-0.00218797517245748
-0.00247015588645297
-0.00273588392556384
0.00112763594681134
0.000475760674546278
-0.000119813223550868
-0.000619818274541387
-0.00108311840721909
-0.00148679389947209
-0.00184123841950991
-0.00215223937882552
-0.00242657218099294
-0.00266367954565158
-0.00287475643794914
-0.00306256757471838
-0.003225397365301
-0.00336130651951327
-0.00347094496644883
-0.00355645178893002
-0.00361934736147485
-0.00366053403790375
-0.00368155003219695
0.00140596239158949
0.000987849234885983
0.000653402897568942
0.000423764245218929
0.000281101347083761
0.000209349984763444
-0.00292845850334817
-0.00311197046975869
-0.00326672498606631
-0.00338398361169269
-0.00347483441159373
-0.00353383063269226
-0.00356428288949075
-0.00287496481039998
-0.0029893747038204
-0.00306621605334827
-0.00310360043541099
