0.05
0.036558568990765
0.0335738032792283
0.0286163732297406
0.0346385256266966
0.0319235623673876
0.0287365771527259
0.0365175281635166
0.0336141008861481
0.0283673867332956
0.0246044786692182
0.0216572986808075
0.0195506337202912
0.0169486173521908
0.0141450847679234
0.0366705377483853
0.0301546262082012
0.0242425103343797
0.0234392703813126
0.0205310422459017
0.0178396785121286
0.0173126597576554
0.0171545758403307
0.0171964504730613
0.0176708461517053
0.0192733244271112
0.0220180694093053
0.0251995397339159
0.028568029805194
0.0319486217474914
0.0352134976477391
0.0384295170755155
0.0364331127540352
0.034671064093459
0.0323358860513289
0.0304426333885994
0.028881137908252
0.0276735342744887
0.026712879741601
0.0257531713657024
0.0252869821567922
0.0221548825005886
0.0187750583268126
0.0158070788939776
0.0126570624123707
0.0260191389347157
0.0238587904226815
0.0218526464899247
0.0121251397693729
0.0118152644485735
0.0117832206751172
0.0120068813385378
0.0125032569520379
0.0133041405786129
0.0143075965286631
0.0155849842235441
0.017193912687284
0.0189724605312782
0.0209780098327466
0.0231326956908332
0.0254519578389086
0.0277631428621038
0.0299910712196955
0.032247130506481
0.0344106457520079
0.0365393578158347
0.0386526826378455
0.0406237179262629
0.0422637900591986
0.0434888405390037
0.0442337040047054
0.0444938197458639
0.044235332838063
0.0431457570143127
0.041129748811215
0.038068030206706
0.0343899651842636
0.0304934092486632
0.0269688609521468
0.0242177982358536
0.0223647869360455
0.0214088784894551
0.0105871883213917
0.00916679400268698
0.00781594853215035
0.00655255885385212
0.00551190602856596
0.00466056812028706
0.00390627235445393
0.00338032650476204
0.00298440989097409
0.00269945190850053
0.00255190308406655
0.0205574099985053
0.0191029316623926
0.0173838860066442
0.0204642447015078
0.0194380564957742
0.0190113579960183
0.0169908090314961
0.0165763394565078
0.0161360076790465
0.0160417535798888
0.0143994375731111
0.012977810549492
0.0123156084402601
0.0120034892194416
0.0119464492538173
0.0121738409392394
0.0125617684250977
0.0130513842915751
0.0136765213736183
0.0143341409377074
0.0150019207488829
0.0155967540007327
0.0160556597826003
0.0163622875150112
0.0165392450980661
0.0168604880650689
0.0187781805349294
0.0219693174912991
0.0258950722124909
0.0298522816202675
0.0341017605451054
0.0153570129604378
0.0146639141210638
0.0139827193343392
0.0362028181733635
0.038374877837582
0.0402424160972401
0.0416171469145537
0.0422987173424817
0.041925426050612
0.0402839861585897
0.0371431044222947
0.0323938484738709
0.0267842194634557
0.0214869642049587
0.017110772200408
0.0136476581696751
0.0108742031360519
0.0086286458117146
0.00679921310830047
0.00530215486106572
0.00405639785796247
0.00297897733405968
0.00206800125927003
0.00122377241213278
0.000472000967998152
-0.000212417177345464
-0.000880776962434611
-0.00135877415347289
-0.00193014355824913
-0.0024144664828871
-0.00286163947529318
-0.00325021518235317
-0.00356312542338787
-0.00382581243394304
-0.00403262152924876
-0.00414995798579602
-0.00423278798179092
0.0362166055563923
0.0381875143184459
0.0398377119640623
0.0411759242737011
0.041623031993169
0.0406637168360034
0.0379923672627474
0.0331738600313229
0.0273419894057416
0.0216359636615968
0.0167972460952952
0.0128351719899938
0.00962771006579317
0.00709692899897052
0.00511606377887544
0.00346681502348379
0.00216450389350648
0.00116911365226701
0.000392813880416879
-0.000219331795058274
-0.000680277544965149
-0.000987879008382752
-0.00114573016493257
0.0123110722311795
0.0109299183752199
0.00982813268913986
0.0089712984405819
0.0083054345631847
0.00778193270119555
0.00736922430927565
0.00705900395934652
0.00683491907361713
0.00667595470862009
0.00656808225746242
0.00650194071104684
0.00646976753513377
0.0138419814616983
0.0140074298119053
0.0144818411771939
0.0152268842556258
0.016248318496939
0.0175253122628884
0.0189785126433787
0.0206607635722904
0.0228610579498372
0.025546828905638
0.0284692249103237
0.0313246752942423
0.0339992968726457
0.036536538853998
0.0387505342036207
0.0405818858407058
0.0419164528649463
0.0427503382304013
0.0431755164298015
0.0431070014802491
0.0420471018595316
0.0398906644645943
0.035781755225662
0.030805749346896
0.0254784701340828
0.0202548065277127
0.0156501669403714
0.0119264359905659
0.00909657751689675
0.00698999332660747
0.00534753588061995
0.00402665312185341
0.00306641985460573
0.00229762050693263
0.00166804764415314
0.00126760975272569
0.0010621792224471
0.019172620985656
0.0196164315125504
0.0202760531660565
0.0211974525042063
0.0222249510286046
0.0235811458117771
0.0250120617199321
0.0264263961075945
0.028118318238802
0.0298519319950612
0.0311644143480458
0.0332230576879146
0.0346418588559847
0.0364492497221928
0.0383759054325368
0.0398530614578714
0.0408041251927598
0.0417696733918869
0.0425875812799423
0.0431868394680441
0.043598289056397
0.0437951121461182
0.0188723927008612
0.0189964942735229
0.0193654313151046
0.0199696522786379
0.0207622790085625
0.0217086471428042
0.0227919932042487
0.0240862067614524
0.0253493060036661
0.0268096397920363
0.0284689017234953
0.0302127680494609
0.0327837389895471
0.0354053452119354
0.037802603045866
0.0399816359231496
0.0418569778809354
0.0434798945377725
0.0447462063921341
0.0459398277292276
0.0468972357629075
0.0475934252519768
0.0480823892097744
0.0484175607085113
0.0486165610337797
0.0487159024556698
0.0280304484442209
0.0271914228960635
0.0260989223435058
0.0266403312427773
0.0244968559827409
0.0221202051069203
0.025747819585328
0.0253188418761573
0.0247653475147864
0.0245100516527129
0.0219925926278726
0.018826280991464
0.0162541723771934
0.0143901921825349
0.0128090564932816
0.011464323020737
0.0104379504592442
0.00976228823546658
0.00935550578139276
0.00923886775057043
0.00940563592835375
0.00989431438355038
0.0109221663149022
0.0126204127233638
0.0144810926447881
0.0172329006727196
0.0199494008839344
0.023163574257306
0.0263584881370228
0.0299316134925915
0.0333685865253471
0.0364249512494175
0.0392087306416631
0.0415787279325139
0.0433874277477534
0.0445730385413373
0.0450413259328274
0.0448766726836011
0.0439381773636946
0.0424126250390616
0.0406694405999465
0.0391153720594688
0.038153262833
0.0227042961852886
0.020187394643363
0.0176268283236826
0.0152673006558922
0.0132279984649381
0.0114157930981385
0.00982656771285202
0.00842715975418516
0.00728812330422711
0.00637467097069164
0.00569142632765944
0.00524162868193849
0.00500704179289396
0.0240553132358158
0.0237357053415568
0.0236808028446919
0.0234725586634394
0.0233699451731388
0.0233792529084386
0.0243530177192733
0.0255128188843485
0.0272769268525218
0.0292261315847212
0.0313583227932001
0.0336556513807526
0.0359384538040329
0.0380771176894049
0.0399868488429325
0.0414679143752311
0.0424152091447439
0.0426744337388091
0.0420595838643055
0.0403310181870808
0.0373494127507498
0.0332641666910805
0.0287086736603207
0.0241975363990904
0.0203161961280676
0.0171498406927405
0.014572936228007
0.0122786415314593
0.0103809622468825
0.00893610861030479
0.00790837233194587
0.00730407555675899
0.00696161481232924
0.0247303283800802
0.0266276203957326
0.0290704618791231
0.0317857780294021
0.0342501183465969
0.0366177127217179
0.0389246663546969
0.0407154047218891
0.0419192690495337
0.0427401936456785
0.0428123447134949
0.0417840835738259
0.0395968472137142
0.0366496258225073
0.0323466358886114
0.0276405571560596
0.0230669452711379
0.0191821490380791
0.0160954474468557
0.0140288643060362
0.0124741997145139
0.0111219454214707
0.0101488163999263
0.00970475558915928
0.0223874030264472
0.0216385147880194
0.021192302708916
0.0209440013535081
0.020883507729095
0.0209607732731746
0.0211489867277973
0.0213645968088429
0.0216031384636129
0.0218555748330857
0.0220511598235912
0.0221750297997656
0.0205472476247185
0.0186751486436189
0.0165219154846609
0.0140832236982388
0.0119212412955681
0.0102163399329042
0.00864674189673063
0.00722072904944744
0.00599630011540435
0.00486791578673029
0.00382105009051868
0.00291216712760278
0.00215204457871406
0.001402260614768
0.000661882516991753
1.77518644684963e-05
-0.000510312862384027
-0.000952846422072866
-0.0013196284235416
-0.00160744027324607
-0.00181328097458745
-0.00194705804902218
-0.00202421967930902
0.0209010861488774
0.0195770489807131
0.0181460366078808
0.0165752575618502
0.0150827978315922
0.0138651309181142
0.0129433173093008
0.0122922565627372
0.0119096875690995
0.0117886314277806
0.0119238358308665
0.0122961331551409
0.0129312532770341
0.0138597324829691
0.0150277940416261
0.0163977465580523
0.017965662657364
0.0197280157713798
0.0216542825127157
0.0236692023133892
0.0257475599456524
0.0278437396002874
0.0298666399258045
0.0318888092825436
0.0341980113809147
0.0365816187829471
0.0388003013300405
0.0408065114440773
0.0425046214502353
0.0439099673444839
0.0450547287370197
0.0459012486457739
0.0465367367839964
0.0469125253611633
0.0471135846270257
0.0131799223825005
0.0121536764119182
0.0110256361755766
0.013345936199871
0.012731370186227
0.0124190138374729
0.00915099771288915
0.00738633423773448
0.00585723564704839
0.00456984930583546
0.00362429298503913
0.00285001579515282
0.00227534124084782
0.00190160353260574
0.00171583615520226
0.0114755223556408
0.0122533049994708
0.0133915436903071
0.0149386992550234
0.017814701510525
0.0206412226814432
0.0237764884494205
0.0269921194268489
0.0300314993948495
0.0329562542478709
0.0356275892275495
0.0379692162087966
0.0399148753477103
0.0413657961877589
0.0422267217796358
0.0423599726996285
0.0416187514294672
0.0399087372910225
0.0372553709604213
0.0335126568085379
0.0289073282894858
0.0244103403020769
0.0203527605492993
0.0169270218462489
0.0142063883175833
0.0120922951609862
0.0104559806982541
0.00928392983605768
0.0085362513925686
0.00815669909231632
0.0137533337080771
0.0129043607380814
0.0123186922586341
0.0117813049073196
0.0115465083882933
0.0113864891209637
0.0398425710526275
0.0412026323246018
0.0423676134646745
0.0430207264473833
0.0427995944154911
0.0413536155802266
0.0383626205734117
0.0338257351120034
0.0282972762738521
0.0227733929171188
0.0180932255900454
0.0143818482331341
0.0112689388775116
0.00864157684792717
0.0065403250629712
0.00482645586999953
0.00341535893568182
0.00225063103796134
0.00128724555291256
0.000489144653973855
-0.000173545518716555
-0.000726143340574471
-0.00118479834382628
-0.00155969998326238
-0.00186005268550877
-0.0020929461329457
-0.00226292375133803
-0.00237325044863299
-0.00242921083215702
0.0402823968906248
0.0416927761593843
0.042785119474951
0.0433502701108866
0.0431887913116229
0.0421949341329604
0.0402810773253034
0.0369698253487248
0.0323675370721939
0.0276488608057373
0.0234624387232522
0.0196593280283976
0.0161744482251775
0.0128292848699123
0.0100170490632996
0.00779168965409848
0.00597930385162787
0.00449613544431537
0.00326174209214997
0.00219867203899401
0.00134636609585676
0.000544295394750026
5.76211835222641e-05
-0.000397637350877949
-0.000885212158570884
-0.00127825169426209
-0.00161542047125449
-0.00190522809367106
-0.00212279936719001
-0.0022865589706089
-0.00239468923026577
-0.00245114215551118
0.0249445706093069
0.0238904782497359
0.0227411529617289
0.0215722278491244
0.0202663991711278
0.0249207924800072
0.022924312173704
0.02005948792372
0.0178099950798221
0.0157004450301876
0.0137752169861746
0.0123901516673383
0.0112440513938749
0.0101903337305118
0.00924999844827308
0.00861541512956417
0.00816220542756443
0.00786920767533561
0.0077164661140374
0.00768683379118639
0.00775918733435701
0.00791710196041143
0.00812557850699543
0.00846296761772472
0.00884520721794865
0.00919932278186867
0.0095444266897806
0.00986142140836739
0.0101104441123688
0.0102744450863069
0.0103701118998018
0.0188972151105757
0.0165335466161025
0.0134318548613856
0.0197244934801633
0.0187434648422654
0.0173968368922123
0.0157860491185196
0.0117877938387871
0.0106087936134573
0.00972548711074575
0.0123400122719825
0.0113118548317808
0.0102213170696689
0.00933971569622309
0.00815590214845727
0.00938239009887271
0.00863922638514937
0.0076121007636675
0.00652553882181882
0.00877771315665161
0.00789906173500147
0.00700184950102348
0.00606561501098486
0.00554849595041822
0.00499791910887442
0.00451224894857791
0.00401407926134936
0.00351880917814978
0.00306628392390642
0.00261391012033055
0.00219102912984737
0.00181731050958107
0.0015030120055002
0.00122034257093732
0.00586400150054016
0.00517673740120055
0.00444622896020057
0.00390626902734456
0.00321876554574242
0.00269302885214337
0.00206697699039216
0.00145186265315255
0.000926793963079506
0.0004194792216985
-8.52480228719929e-05
-0.000580699355242965
-0.00102159945769969
-0.00143728974239122
-0.00190117886853376
-0.0023152976236733
-0.00274069186684769
-0.00310276213610722
-0.00344196230376946
-0.00374445665607851
-0.00398793094344029
-0.00419200184996622
-0.00435105139042051
-0.00444867133863011
-0.00449792722419248
0.000570636332944826
-3.57113009339363e-06
-0.000481971154517786
-0.00082229286457375
-0.00112263049838843
-0.00130383001715682
-0.00140355269428811
0.00165718708289796
0.00215536344679466
0.00273370088304766
0.00335229429079382
0.00404907306891376
0.00485213543559781
0.00575785911956302
0.00678216838397113
0.00791498000068709
0.00914104778342514
0.0105120515973845
0.0119994178582199
0.0135094908560171
0.0149038060896216
0.0160911727362043
0.0170870449727912
0.0178118291476955
0.0181899258133212
0.00658680361302242
0.00609006846450301
0.00549381180971321
0.00480845447514622
0.00410079773897465
0.00341830719552043
0.00276038967450231
0.00212688769027159
0.00151780341506568
0.000933076620859007
0.000372479485852609
-0.000164751500271495
-0.000679410718308387
-0.00119728885100133
0.00659518042292501
0.00616769737526442
0.00573087803712697
0.00529433808954551
0.00490818564231985
0.00453082899409192
0.00416669676916388
0.00382846211392506
0.00351004390336351
0.00318459823791657
0.00284930208878581
0.00253705040777794
0.0022751851162611
0.00205891964115591
0.00189373768356414
0.00176267139174416
0.00167826811014222
0.00163091979324795
-0.00151005486124297
-0.00179540844927774
-0.0020600624707179
-0.00234824481952774
-0.00260939328712837
-0.00283950377072832
-0.0031180029526631
-0.00345096879359801
-0.00377123174818387
-0.00404918068029709
-0.00428741613836871
-0.00449761561719601
-0.00469029625588094
-0.00485925762461849
-0.00499479924839652
-0.00509060717168268
-0.00515435617921421
-0.00519003863515479
-0.00146036162359787
-0.0016944276794272
-0.00190327726651493
-0.00209205530587609
-0.00226640976718421
-0.00242949132841961
-0.00257565464260872
-0.00269542592919203
-0.00278544265774705
-0.00284540782176517
-0.00287631453383426
0.00742761960796888
0.00662643304083852
0.0057649134001663
0.00496716276999858
0.0042316148498693
0.00352235249775057
0.00286939449073042
0.00221389005303356
0.00160790217092148
0.00104217610524433
0.000481690826241685
0.0074953808710884
0.00674722283954777
0.0060929862502464
0.00539755696231226
0.00484212334594777
0.00423013023130605
0.00372603813439403
0.00330103760446119
0.00290614341217386
0.002681101311232
0.00246382016329289
0.00232679675268496
0.00225791535547811
4.0857905761876e-05
-0.000341676055755955
-0.000674126998917395
-0.00100053718684013
-0.00126251182571039
-0.00148479301799917
-0.00164236353387056
-0.00176030971387283
-0.00182964703917665
0.000315454509898129
0.000170147772764755
4.06253830704716e-05
-7.81628663566273e-05
-0.000190438315660141
-0.000298298551769588
-0.000403689771480252
-0.000509716240696048
-0.000614443079295877
-0.000716693174943298
-0.000820247897860935
-0.000918443838921499
-0.00100975267192688
-0.00109478837968854
-0.00117207116000723
-0.00124329438872129
-0.00130632824833106
-0.00135726341190335
-0.00139402367108493
-0.00142089815488172
-0.00143853224622894
-0.00144709785448604
0.0149801169997528
0.0139888977736726
0.0129074193497609
0.0118369762872751
0.0107970744970655
0.00976634649604928
0.00866768876656803
0.00763676002473538
0.00691348503162003
0.00602019059831459
0.00502857703012
0.0041989324822761
0.00337756958951749
0.00254554084135163
0.00178748111147923
0.00102758889818945
0.0150637944056604
0.0142528630849181
0.013419147216117
0.0125963207460025
0.011773791222404
0.0109396041886128
0.0100763288405966
0.00918303131201306
0.00831055994426359
0.00751177933518958
0.00682209901140883
0.00624481145557327
0.00572377169423185
0.00512530243890136
0.000529859537947585
-4.06451903660355e-05
-0.000572007185610218
-0.00103936143247528
-0.00150304912806007
-0.00190319364404251
-0.0022625747890959
-0.00264424082292857
-0.00293908149501904
-0.00320159944134971
-0.00341968583846389
-0.00360661349206438
-0.00375496365891351
-0.00386518209306098
-0.00393976350852646
-0.00397872561310275
0.000603185649922087
0.000198961071684701
-0.000207454979596508
-0.000563257146107368
-0.000865904974535744
-0.00117161079628492
-0.00143789550372633
-0.0016556164057508
-0.00183407860294957
-0.00198734210807309
-0.00212185214965818
-0.00223522083452183
-0.00232009161500032
-0.00236710110269712
0.00469816169609661
0.0043399652589376
0.00401856432795993
0.00371226228311576
0.00343467169733442
0.0031820418013207
0.00296521033824924
0.00277168800173781
0.00259206882562817
0.00243551177108652
0.00230905524025278
0.00220912406741901
0.00212928566423509
0.00206687445150723
0.00495464376173042
0.00479847046271265
0.00468227663740628
0.00458582396912869
0.00450125013585615
0.00445435103538548
0.00445057218478499
0.00449081642226936
0.00457921864407508
0.00471563632812416
0.00490389650396483
0.00512201037296379
0.00540414338991735
0.00574340365326908
0.0061410032863936
0.00657292242211297
0.00705322758396254
0.00761147192559669
0.00821947171497568
0.00887713688675674
0.00959811448598187
0.0103934551028732
0.0112734182252022
0.0122420813580564
0.0133185960411079
0.0145702615783165
0.0160183782972678
0.0176528546198464
0.0195838822823646
0.0218118996187697
0.0245044933670988
0.00209788440913438
0.00215274763000666
0.00223492751757658
0.00234833547363257
0.00249568302990705
0.00266329455857677
0.00283284961697318
0.00302906060508785
0.00326521664041079
0.00352354842895221
0.00381808195799046
0.0041419908869285
0.00452085273478507
0.00499226095368308
0.00550934883242577
0.00606185067830669
0.00675240704329762
0.00758230924473264
0.00852254632780594
0.00954750001234386
0.0107003796439885
0.0120791454531506
0.013659502630474
0.0153713255067829
0.0172382445359676
0.0193534972415649
0.00197353177145531
0.00190609432575123
0.00186160501035847
0.0222288642368232
0.0259223721407127
0.0302080450581488
0.0345068180915588
0.0384579175178632
0.0421223110051954
0.0194214707499547
0.0196325255120806
0.0198180278356772
0.0199607866007322
0.0443337457951695
0.0458181480628715
0.0466945960763593
0.0471182875633205
0.0434882792319762
0.0443093848364626
0.044683875275219
0.0269054011848181
0.0296061012858511
0.032367091822677
0.0352957522704657
0.0384484963305663
0.041542654265709
0.0253187632746646
0.026467714843099
0.0279733995058244
0.0297862330421846
0.0318593991408457
0.0339353512512106
0.0362558798384417
0.0384298050942844
0.0404867182255553
0.0422806676017847
0.0436485535729613
0.0445299001826637
0.0447570525258334
0.0441402611868344
0.0423530676064977
0.0391221315199576
0.0340410658069717
0.04319711704532
0.0443490532041487
0.0451922323730478
0.0455738581028775
0.0454250567056579
0.0445609424809736
0.0427578292458188
0.0397861881221022
0.035636314918234
0.0308792898138395
0.0260298507172425
0.021559393143721
0.0177674287932858
0.0147445075501267
0.0124261147658089
0.0106997648123273
0.00947751250476253
0.0086994798072377
0.00830954071544028
0.0427859691236057
0.0437324704241538
0.0445420136901834
0.0451278064344382
0.0455044748378298
0.0456977558953501
0.0293586005245298
0.0241362672095408
0.0195926811746726
0.0162267109378886
0.0137121718630148
0.0121323585501509
0.0113351837576772
0.0304321248435568
0.0265129774435058
0.023547197848746
0.0220383665315634
