0.05
0.036841291116535
0.0337877586845882
0.0286012696336444
0.0349634924380149
0.0322696294461689
0.0289806467473287
0.0368223638690193
0.0340667358074932
0.0290776668884438
0.0254197195173518
0.0224500734614575
0.0202404987599532
0.0173669782464203
0.014016235155768
0.0369871979595603
0.0317767405645728
0.0270751924789394
0.026353496166085
0.0232318566083696
0.0200418559697298
0.0192486614158526
0.0187941358915945
0.018290580637614
0.0174519343267274
0.0158536365384484
0.0138417884810565
0.0120255308594866
0.010455606018301
0.00912075749504178
0.00800709178040788
0.00705909332818566
0.0367000745526652
0.034834551193866
0.032291123806809
0.0301482140832221
0.0282974798369207
0.0267957008370003
0.0255396041863141
0.0242299503202945
0.0255674318995277
0.0225133125578852
0.0190235563801691
0.0157639562099633
0.0120532260486899
0.0255457016468777
0.0228329601977971
0.0201313953185775
0.0107486385554261
0.00946126295434494
0.00830438719975092
0.00738481493401082
0.00656728381377302
0.00586466353175666
0.00533616088231991
0.00491312235208524
0.00458943569230261
0.00439144818796369
0.00430004122990533
0.00431631050698689
0.00444341542952587
0.00467550502806052
0.00500303977741716
0.00545390919313371
0.00602382485468157
0.00674787977656126
0.00767054345150219
0.00879065279945786
0.0100531456804031
0.0114380108302869
0.012907054797288
0.0143953926019723
0.0163111628897465
0.0186626129467603
0.0210431884241186
0.0233921750998895
0.025485757924952
0.0273407579870722
0.0288751896937545
0.0300329664522501
0.0308070020379833
0.0312068987606428
0.0102126242379303
0.00891401608381965
0.00765253273000791
0.00645070225534565
0.00544612406353971
0.00461511311229645
0.00387217658404568
0.00335080377868549
0.00295653397824691
0.00267179885235443
0.00252405230450813
0.0186221694649366
0.016791021851761
0.0144592182191688
0.017190713540595
0.0137938211151327
0.0105215254723516
0.013832029074603
0.0131476395837072
0.0123958250108353
0.0129299837260209
0.0107092999805169
0.00826407428873757
0.00661068774358479
0.00523008675077092
0.0038130439679344
0.00246572529423556
0.00143883614898803
0.0005901032603988
-0.000205291101490635
-0.000865430121611473
-0.00142468697698795
-0.00185881981014803
-0.00216180443199679
-0.00235070631856266
-0.00245496365005211
0.0113191028231601
0.0099593157064315
0.00849755075322345
0.00728832757181159
0.00644120945513817
0.00583118499799781
0.0114266032497628
0.0105283232848453
0.00960744319371961
0.00572437357034437
0.00588901126375298
0.00634125467033892
0.00708700113069369
0.00819345825256126
0.0096495910766538
0.0113865845077843
0.0134890043719086
0.0160917329288449
0.0192012631019249
0.0226686314508558
0.0262584012298008
0.0298026014397316
0.0332541070630414
0.0365429942402175
0.0395597723138057
0.0421654843341388
0.0442502176077614
0.0457455799901478
0.0465051563674758
0.0464345700441794
0.0451824291863825
0.04212078869579
0.03618248149505
0.0304550692567972
0.0231416205711412
0.017576189483541
0.0132065325404727
0.0100022129886443
0.00778314083814834
0.00614839354516609
0.0049959935517058
0.00438735436285676
0.00398147946280564
0.00559701327425678
0.00562896201211956
0.00593233850153592
0.00661292228057783
0.00766040345194775
0.00907580438914277
0.0107866392543926
0.0130228230523862
0.0156554010031319
0.0187169106996728
0.0220723669082012
0.0256369000942878
0.0292864148993223
0.0328091587169216
0.036072546190265
0.0392009425878507
0.041942466932408
0.0441555946873175
0.0458877022109515
0.0471926894720956
0.0480924752395771
0.0486309117711969
0.048882416915065
0.00799807333970929
0.0065266242043226
0.00522165739841164
0.00408952711845672
0.00310543523839656
0.00223681817389037
0.0014636777426674
0.00080529156716111
0.000267644293527504
-0.000160752809235128
-0.000483503923164328
-0.000698997498632375
-0.000810108465526397
0.00853532257643509
0.00754300044863745
0.00666149944715109
0.00593730425587749
0.00533136359307843
0.00484413919451964
0.00448648034592739
0.00422907293273682
0.00404090439546633
0.00394765413474274
0.00397133299475051
0.00412064096370859
0.00439585054882857
0.00481352604058616
0.00535895449768588
0.00603671629270172
0.00682920567060315
0.00772684988078592
0.00883891917786073
0.0106859730391639
0.0132998229182307
0.0159627918454126
0.0192677649053393
0.0224867859768147
0.0257994909878705
0.0292825110701814
0.0327754267937745
0.0360409052756174
0.0388724703943932
0.0412087393221041
0.0431650416206312
0.0448055021804317
0.0460105952189395
0.0469599476569552
0.0477067493908677
0.0481582760963707
0.0483802561424199
0.00911042074644752
0.00789219039077751
0.00681319950188503
0.00575949485555482
0.00486687727931621
0.00393402344898485
0.0031308827225922
0.00245935287474756
0.00177003427501623
0.00115145896644246
0.000723553787053416
0.00010936656222048
-0.000281933290235495
-0.00074746312840209
-0.00121069730011591
-0.00154766559217845
-0.00175784397193572
-0.00196616982011595
-0.0021394187627387
-0.00226491360925769
-0.00235051555339437
-0.00239134446016913
0.00939028762519447
0.0083508607081869
0.00738949299552806
0.00650644278940643
0.00573486658662665
0.00506398593698101
0.00447576109350482
0.0039260941818376
0.00349791707636686
0.00310150229644794
0.0027428060160271
0.00243179087760051
0.00204175722823077
0.00169694717918284
0.00142241388089215
0.0012062454452895
0.00104575331916933
0.000927462775669484
0.000850955590015851
0.000796516904707808
0.000771195073999884
0.000768304937186944
0.000777433025866236
0.000791555348815041
0.000804189145852087
0.000812127345000963
0.0280549285532683
0.0268875212083417
0.0252790068082102
0.0271427729923957
0.0252453643876477
0.0231093000380092
0.0245507390976953
0.0236207020775686
0.0223748300373231
0.0238744700503784
0.0215817557669324
0.0186206724771699
0.016128595124206
0.0142332055543673
0.0125195586985942
0.0109294431281057
0.00955600214821339
0.00846401541848599
0.00753571417970067
0.00681743080425063
0.00629238102313823
0.00591547441885051
0.00563027036244139
0.00549788068940605
0.00556654608191574
0.00588398099247659
0.00635968853517044
0.00708668492759167
0.00799111422828187
0.00925683007189137
0.0108108411995361
0.0125813356794741
0.0146688071680121
0.0170435752469457
0.0196067926597282
0.0223044482410178
0.0248021282635348
0.0271224874365384
0.0294978170366217
0.0313814597176979
0.0327727711805346
0.0337115714701266
0.0342053493395629
0.0201991793984204
0.0175221594932417
0.014830375320929
0.0123882014527908
0.010309800237167
0.00849015012343584
0.00691719398971474
0.00555097709712014
0.00445252686517255
0.00358074427047709
0.00293407835762037
0.00251092044248765
0.00229106921728973
0.0185155698298665
0.0153702596611715
0.0119731935046603
0.0105515900904924
0.00913958564726418
0.0077068594249993
0.0107734389667728
0.00957397502178449
0.00832318705864481
0.00732258036976165
0.00651161593977333
0.00586140979561376
0.0053854829394451
0.00507351175051786
0.00491297836282183
0.00490288282768364
0.00503572770035608
0.0053137795417534
0.00573236868412307
0.00630723069827368
0.00703103101547587
0.00790552767813688
0.00891171367468731
0.0100676459951236
0.0113096509429815
0.0126203072295398
0.0140073660858455
0.015582825969195
0.0171792359969642
0.0186162695730244
0.019779061838881
0.0205222419828109
0.0209673002183894
0.00696150524375368
0.00625150084732924
0.00560752797143743
0.00510280382211683
0.00479205026179109
0.00462073576907846
0.00459170542218028
0.00470543557135189
0.00491753799561799
0.00528394799939551
0.00583079654650178
0.00655376822147204
0.00737657272757724
0.00821473397730657
0.00929988553839599
0.0105182634808072
0.0118811174605605
0.0132989470806125
0.014693276614606
0.0158108225745812
0.0167870137920851
0.017759252252797
0.018535315652539
0.0189110062769846
0.0061989312592728
0.00478098287077858
0.00361338266250042
0.00251344865120475
0.00163247793018611
0.000780110390173101
4.15493493031774e-05
-0.00049144195002116
-0.000928713541154604
-0.00130510354932282
-0.00156336400619072
-0.00171465687413958
0.0217030323159026
0.019972050784409
0.0179231046758814
0.0155431774531819
0.0133841949358919
0.0116463778181844
0.0100146014372808
0.00850260091041007
0.00717979429094219
0.0059383283183683
0.00476452998735638
0.00372513832559262
0.00283835516146659
0.00194587297909591
0.00104768379710997
0.00025205443856565
-0.000411095639857986
-0.000975284272621818
-0.0014493685205824
-0.00182587017375774
-0.00209773699516847
-0.00227566118793413
-0.00237879855973499
0.0219547919295457
0.0206259630866631
0.0190933396909983
0.0172804950289507
0.0153898594769614
0.0136504614364869
0.0121006514102962
0.0107054193719675
0.00946347117511222
0.0083664425387398
0.00740143099483917
0.0065869230172457
0.00585898127233342
0.00522031718197583
0.00470659933594587
0.00430809316134417
0.00400677186040475
0.00379362853467524
0.00366663821370209
0.00362418536812076
0.00366106441115338
0.00377346674620641
0.00395366755681456
0.00420922155909442
0.00458965329798021
0.00507060721182666
0.00561075454107425
0.00619687305202341
0.00678866629021532
0.00736842458558103
0.00792349717130189
0.00839841975076348
0.0088037163460043
0.0090673058045596
0.00921775506482257
0.0124958114238312
0.0107124152293496
0.00853677612602345
0.0134414290489483
0.0129963614108415
0.012769030990338
0.00700442912902467
0.00552751668486834
0.00421872883784747
0.00309441272332016
0.00225513588453999
0.00155867407796716
0.00103615594296385
0.000693657992104694
0.000522593223912768
0.0069254517031328
0.00564209463822911
0.004566874952232
0.00365572522124532
0.00393275926451849
0.00432544186665375
0.00488868211403886
0.00561711098529723
0.0064792104813679
0.00752363178322212
0.00874643166868887
0.010157538582187
0.011777321966548
0.0136089475278407
0.0156693489759039
0.0179272189436622
0.0203140673436811
0.022715826223202
0.0250732673017314
0.0275870308768078
0.0302717677206304
0.0328191689151922
0.0352146894859007
0.0373921475572082
0.0392609692384232
0.0408123126857035
0.0420751028230776
0.043010667733325
0.043619338589037
0.0439314818799617
0.00266452337529206
0.00190642599161721
0.00134764636205909
0.000794080911887506
0.000539292210092418
0.000358070735321709
0.00669980542097213
0.00652224028267454
0.00657716528220577
0.00690697716332959
0.00752560987461886
0.00844131611357207
0.00966090250494369
0.0112033743329839
0.013135443518627
0.0154875085370059
0.0181324994495538
0.0209294678879574
0.0239918969597182
0.0272878639019692
0.0305398346770439
0.0337053294290606
0.0367247048809288
0.039518767025345
0.0420050636011307
0.0441073148000823
0.0457752483048245
0.0469961969574648
0.0477816229686071
0.0481686536554267
0.048212745367727
0.0479762424384332
0.0475516982442019
0.0470955071100554
0.0467865928687419
0.00659865429877991
0.00637529947172212
0.00634660207166801
0.00653669896276621
0.0069546296962211
0.00754866307260616
0.00831780704909049
0.00939628673890611
0.0108042977386017
0.0124007397257123
0.0141386844272038
0.0162035427924003
0.018748574371964
0.0219597784983373
0.0253698669245084
0.0286625901445997
0.0318528142878854
0.0348798326180221
0.0377182115667774
0.0403870421236476
0.0426221532425597
0.0447024812390011
0.0458644451287667
0.0468068639923738
0.0475211136433146
0.0476974119435821
0.0473836788179744
0.0464632440410015
0.0449579035483904
0.0429573694450069
0.0409992934894065
0.0397059488807173
0.022741435145319
0.0207644031147744
0.0187164216877637
0.0168430599350999
0.0150106364760485
0.0235159921193613
0.0218498498403345
0.0194523869689954
0.0175126055363027
0.0155904808310493
0.0136879533049313
0.0121710762373534
0.0107585809758548
0.00928486295519307
0.00774804189340439
0.00647995181981727
0.00531321226973893
0.0042447466919718
0.00326816316128864
0.00239032353017448
0.00161177867559768
0.000913043420000332
0.000333760615976726
-0.000342373902880356
-0.00094212294921469
-0.00140726667001315
-0.00180221491520111
-0.00212663882789464
-0.00236101515898832
-0.00250704794998643
-0.00258918331979321
0.0136673711916999
0.0116074339554468
0.00911232188226604
0.0139593862520055
0.0125992275626202
0.0111340507063624
0.0097096197659284
0.00796426417570376
0.00720537862870458
0.00668920895700892
0.00810064153575742
0.00733279004752692
0.00668662524423248
0.00628473969699513
0.00591132841259753
0.00659396410900805
0.00664383303871312
0.00696223513411032
0.00758551156195908
0.00616769148351116
0.00580150079793523
0.00554601841045312
0.00821478017552954
0.00931549941624858
0.010942331311411
0.0128276127909973
0.0152720669223187
0.0182802118997766
0.0215726079993189
0.0254077091281753
0.029517362619018
0.033656738752612
0.037649444154771
0.0418435849555054
0.0079267773012551
0.00854051429444287
0.00949779095793699
0.0104346699118786
0.0119477979915608
0.0133760642453533
0.0154165024775429
0.0178022680514126
0.0201352800195884
0.0226297080368278
0.0253086881960421
0.0280863209286925
0.0306466128099239
0.0331094225317805
0.0358779913874207
0.0383318157442709
0.0407988739384758
0.0428146569388244
0.0445905959952684
0.0460414682350117
0.0470898325693524
0.0478679878435869
0.0484016862615924
0.0486960390496142
0.0488342490547871
0.0436171354352694
0.0451108298349027
0.0462872316391303
0.0470709293812585
0.0477125186617713
0.0480735849458435
0.0482622643840544
0.0436976132253258
0.0451713023626108
0.0462256675851867
0.0467309300396197
0.0466550817511148
0.0457805228850521
0.043722082035662
0.0399574931378274
0.0345414750809817
0.0285463181584143
0.0227975675737176
0.0179424745147236
0.0141939482476334
0.011491965413131
0.00960887368614893
0.00826049201033166
0.00738801548205072
0.00696446700730749
0.00580338892935049
0.00621961613807674
0.00684798329274526
0.00771820246209259
0.00877717582161237
0.0099745093339111
0.0113223240808488
0.0128317433419085
0.014510650829609
0.016360787442954
0.018374349505615
0.0205323758353368
0.0228020292178127
0.0252585364903695
0.0051239006446654
0.00474416224487589
0.00441285100479143
0.00413485836629959
0.00393499012181904
0.00378638316118633
0.0036924773862005
0.00365343741000044
0.00366058282857196
0.00370923527574318
0.00379848951233273
0.00391492149797578
0.00403778966956064
0.00415794667854049
0.00426200393785576
0.00435266920419528
0.00441476108119823
0.00445099930879189
0.0269195537012324
0.0285782305503964
0.0302190300656455
0.0321070485821727
0.0339002088894801
0.0355320946185172
0.0375418223637641
0.039937750198549
0.042174647700319
0.044008871203047
0.0454605085168305
0.0466184635908842
0.0475551953307438
0.0482627358264677
0.0487460507034968
0.0490408138954504
0.049214844614708
0.0493040832906242
0.0264989812612845
0.0277128446635091
0.0288936044384123
0.0300460045779494
0.0311833370698719
0.032306623164026
0.0333556763056273
0.034240935873458
0.0349197577078293
0.0353777855890687
0.0356155887699363
0.00640288795716676
0.00714539174932632
0.00820127526819982
0.00947531691495467
0.0109683983358792
0.0127721835510679
0.014825894029417
0.0173463786114626
0.0201455626449001
0.0231864580080431
0.026568877749209
0.00516883364828744
0.00445283746358281
0.00391945793069184
0.00344717632456794
0.00313943409896414
0.00287622318971892
0.00272053534695344
0.00263495480145336
0.00259626531291204
0.00259105673042973
0.0025998482362316
0.00261212026408388
0.00262036199619752
0.0281255286548242
0.0296752111431791
0.0311711053395121
0.0327748044034769
0.0341511065902263
0.0353768674943817
0.0362732437739573
0.0369581176340179
0.0373660792995973
0.0287665138428728
0.0310338165308054
0.033331878667496
0.0356245278990182
0.0378694054776486
0.0399909323958107
0.0419263839506765
0.0436488483393113
0.0450666145001047
0.0461404206184339
0.0468854022523575
0.047230887434707
0.0471508896263349
0.0465523090545081
0.0452507877636138
0.0429242413913495
0.0393862887767779
0.03505666293811
0.0309905502070614
0.0275129622159373
0.0250166424818656
0.0237487112385261
0.00910477919012463
0.00852325554373355
0.00803327980571752
0.00767980940610096
0.00745878612897447
0.00736193811759969
0.00740204905689518
0.00758879458818414
0.00781714985424002
0.00822461994520993
0.00886532113556746
0.00958295678638322
0.0104873299477291
0.0116367263052199
0.0129239598206945
0.0144705656021524
0.00915102020620441
0.00867955472552715
0.00832737063310088
0.00809874142164453
0.00798617437055583
0.00799512940053212
0.00814736293465423
0.00848135952495978
0.00901723856342512
0.00973530736808265
0.0105760329142757
0.0114748010128867
0.012470061244619
0.0138626208252928
0.0157530794809007
0.0175814623259018
0.0196426699420025
0.021770607814037
0.0241945633756489
0.0265417370451243
0.0288539901719168
0.0315254672357994
0.033734440963473
0.0358071185947472
0.0375990274574972
0.0391788536358457
0.0404537592875828
0.0414077116290059
0.0420539722959131
0.0423911728561255
0.015401380431779
0.0165582609038783
0.0180043152287832
0.0195251878577387
0.0210268007794582
0.02275760738019
0.0244480943956884
0.0259611946075862
0.0272918667443472
0.0285004040692572
0.0296100149962229
0.0305786351551773
0.0313219488979837
0.0317396696576458
0.0151214100541476
0.0164692207951991
0.0179685657959327
0.0197118730323043
0.0216155227176051
0.0236753878157531
0.025748017417351
0.0278943975307865
0.0302091652497113
0.0325689203340543
0.0348087978563482
0.0369032345753435
0.0389267295620675
0.0409415155638084
0.0142771024551857
0.0149587360511101
0.015816470981526
0.0170185225939185
0.0188309478624866
0.020929216008536
0.0229961756942231
0.0254139023653188
0.0279968336354754
0.0305952922505258
0.0331856055822797
0.035483247597225
0.0378162062493932
0.0400075564573269
0.0419858951593163
0.0436018808143886
0.0448967941137853
0.0458751800526909
0.0464136010121372
0.0464645799131056
0.0459258256152903
0.0445789066629355
0.0420826107517544
0.038194080689378
0.0331502656132323
0.0275254449591162
0.0221808870200739
0.0176179413222398
0.0136420705384726
0.0102326087010091
0.00707243577148453
0.0422838924965818
0.0435659658374534
0.0447390170700285
0.0457279728377939
0.0464228330415394
0.0466877086213423
0.0465225593796279
0.0458645626048244
0.0444390939102112
0.0421000540436981
0.0386199520546139
0.0343285726292582
0.0294980967763574
0.0244388601342614
0.0201398906521123
0.0166861541500245
0.0135371969630961
0.0108749420877769
0.00877406230042257
0.00715888933049815
0.00585845052707334
0.00474461401001867
0.00382850999710868
0.003101291872747
0.00250331839034929
0.00197724871626851
0.0415873071464349
0.0420454610732102
0.0423460987584211
0.00164447674105948
0.00133069946154027
0.00104770466281173
0.000814422362051496
0.000629451553063371
0.000472338919313652
0.0016546970878926
0.00135601559843281
0.00119094147886693
0.00109395783016874
0.000388975806712414
0.000335249809288656
0.000303804778549273
0.000288521785119761
0.000407216871186667
0.000368984080350555
0.000351817789945537
0.00552947755130473
0.00431586675156928
0.00340052849023644
0.00264206537070868
0.00197177135219265
0.00139044582184497
0.00560505119958142
0.00449293941989125
0.00360531678483157
0.00289680144937591
0.00232612698257001
0.00189856749700717
0.00152718967431138
0.00124469444795168
0.00101574409941389
0.000832724945035679
0.000690285419796178
0.000574699262611285
0.000483940263847034
0.000409537880309088
0.000350044905643766
0.000303332435829099
0.000262469323757268
0.00112157659447108
0.000934662632535208
0.000777390808586839
0.000656085994669697
0.00055322287055702
0.000471545181136272
0.000406289087837709
0.000354232220231489
0.000312486522707415
0.00027962064481921
0.00025291421993669
0.000231185784696661
0.000213894558547474
0.0002005528470339
0.000190505885476765
0.000183110094614179
0.000177914337396379
0.000174624054544607
0.000172980161860297
0.00113672768086393
0.000960826419133927
0.000823356843962133
0.000730658879619852
0.000673789672381369
0.000645409079127121
0.0002377231903156
0.000216411602766551
0.000200031821785065
0.000188573470660467
0.000180270483912831
0.000175143014558583
0.0001725804786519
0.000238831292176393
0.000220464919340314
0.000208661244540078
0.000203076099091385
