4.63814555888275e-05
4.63814555888275e-05
4.63814555888275e-05
4.63814555888275e-05
4.63814555888275e-05
4.63814555888275e-05
4.63814555888276e-05
4.63814555888275e-05
4.63814555888275e-05
4.63814555888276e-05
4.63814555888276e-05
4.63814555888276e-05
4.63814555888277e-05
4.63814555888277e-05
4.63814555888277e-05
4.63814555888274e-05
4.63814555888274e-05
4.63814555888273e-05
4.63814555888273e-05
4.63814555888273e-05
4.63814555888273e-05
4.63814555888273e-05
4.63814555888273e-05
4.63814555888274e-05
4.63814555888274e-05
4.63814555888274e-05
4.63814555888275e-05
4.63814555888275e-05
4.63814555888276e-05
4.63814555888276e-05
4.63814555888276e-05
4.63814555888277e-05
4.63814555888274e-05
4.63814555888274e-05
4.63814555888274e-05
4.63814555888274e-05
4.63814555888274e-05
4.63814555888274e-05
4.63814555888274e-05
4.63814555888274e-05
4.63814555888276e-05
4.63814555888276e-05
4.63814555888277e-05
4.63814555888277e-05
4.63814555888278e-05
4.63814555888275e-05
4.63814555888275e-05
4.63814555888276e-05
4.63814555888278e-05
4.63814555888279e-05
4.63814555888279e-05
4.63814555888279e-05
4.6381455588828e-05
4.6381455588828e-05
4.6381455588828e-05
4.6381455588828e-05
4.6381455588828e-05
4.6381455588828e-05
4.6381455588828e-05
4.6381455588828e-05
4.6381455588828e-05
4.6381455588828e-05
4.6381455588828e-05
4.6381455588828e-05
4.63814555888281e-05
4.63814555888281e-05
4.63814555888281e-05
4.63814555888281e-05
4.63814555888281e-05
4.63814555888281e-05
4.63814555888281e-05
4.6381455588828e-05
4.6381455588828e-05
4.6381455588828e-05
4.6381455588828e-05
4.6381455588828e-05
4.6381455588828e-05
4.63814555888281e-05
4.6381455588828e-05
4.6381455588828e-05
4.6381455588828e-05
4.6381455588828e-05
4.63814555888279e-05
4.6381455588828e-05
4.6381455588828e-05
4.63814555888281e-05
4.63814555888281e-05
4.63814555888281e-05
4.63814555888281e-05
4.63814555888281e-05
4.63814555888281e-05
4.63814555888281e-05
4.63814555888281e-05
4.63814555888276e-05
4.63814555888276e-05
4.63814555888277e-05
4.63814555888276e-05
4.63814555888277e-05
4.63814555888277e-05
4.63814555888278e-05
4.63814555888278e-05
4.63814555888279e-05
4.63814555888278e-05
4.63814555888278e-05
4.63814555888279e-05
4.63814555888279e-05
4.63814555888279e-05
4.63814555888279e-05
4.63814555888279e-05
4.63814555888279e-05
4.63814555888279e-05
4.63814555888279e-05
4.63814555888279e-05
4.6381455588828e-05
4.6381455588828e-05
4.6381455588828e-05
4.6381455588828e-05
4.6381455588828e-05
4.63814555888279e-05
4.63814555888279e-05
4.6381455588828e-05
4.63814555888281e-05
4.63814555888282e-05
4.63814555888282e-05
4.63814555888279e-05
4.6381455588828e-05
4.6381455588828e-05
4.63814555888283e-05
4.63814555888283e-05
4.63814555888284e-05
4.63814555888285e-05
4.63814555888285e-05
4.63814555888286e-05
4.63814555888286e-05
4.63814555888286e-05
4.63814555888286e-05
4.63814555888286e-05
4.63814555888286e-05
4.63814555888285e-05
4.63814555888285e-05
4.63814555888285e-05
4.63814555888285e-05
4.63814555888284e-05
4.63814555888284e-05
4.63814555888284e-05
4.63814555888284e-05
4.63814555888284e-05
4.63814555888283e-05
4.63814555888283e-05
4.63814555888284e-05
4.63814555888284e-05
4.63814555888284e-05
4.63814555888285e-05
4.63814555888285e-05
4.63814555888285e-05
4.63814555888286e-05
4.63814555888286e-05
4.63814555888286e-05
4.63814555888286e-05
4.63814555888286e-05
4.63814555888286e-05
4.63814555888282e-05
4.63814555888282e-05
4.63814555888282e-05
4.63814555888283e-05
4.63814555888283e-05
4.63814555888283e-05
4.63814555888283e-05
4.63814555888284e-05
4.63814555888284e-05
4.63814555888284e-05
4.63814555888285e-05
4.63814555888285e-05
4.63814555888285e-05
4.63814555888285e-05
4.63814555888285e-05
4.63814555888285e-05
4.63814555888285e-05
4.63814555888285e-05
4.63814555888285e-05
4.63814555888286e-05
4.63814555888285e-05
4.63814555888286e-05
4.63814555888286e-05
4.6381455588828e-05
4.6381455588828e-05
4.6381455588828e-05
4.6381455588828e-05
4.6381455588828e-05
4.63814555888281e-05
4.63814555888281e-05
4.63814555888281e-05
4.63814555888281e-05
4.63814555888282e-05
4.63814555888282e-05
4.63814555888282e-05
4.63814555888282e-05
4.6381455588828e-05
4.63814555888281e-05
4.63814555888281e-05
4.63814555888282e-05
4.63814555888282e-05
4.63814555888283e-05
4.63814555888283e-05
4.63814555888283e-05
4.63814555888283e-05
4.63814555888283e-05
4.63814555888283e-05
4.63814555888283e-05
4.63814555888282e-05
4.63814555888282e-05
4.63814555888282e-05
4.63814555888282e-05
4.63814555888282e-05
4.63814555888282e-05
4.63814555888282e-05
4.63814555888282e-05
4.63814555888282e-05
4.63814555888282e-05
4.63814555888282e-05
4.63814555888283e-05
4.63814555888283e-05
4.63814555888283e-05
4.63814555888283e-05
4.63814555888284e-05
4.63814555888284e-05
4.63814555888284e-05
4.63814555888284e-05
4.63814555888284e-05
4.63814555888284e-05
4.63814555888284e-05
4.63814555888284e-05
4.63814555888284e-05
4.63814555888284e-05
4.63814555888277e-05
4.63814555888277e-05
4.63814555888277e-05
4.63814555888277e-05
4.63814555888277e-05
4.63814555888277e-05
4.63814555888277e-05
4.63814555888277e-05
4.63814555888277e-05
4.63814555888278e-05
4.63814555888278e-05
4.63814555888278e-05
4.63814555888278e-05
4.63814555888279e-05
4.63814555888279e-05
4.63814555888279e-05
4.63814555888279e-05
4.63814555888279e-05
4.63814555888279e-05
4.63814555888279e-05
4.63814555888279e-05
4.63814555888278e-05
4.63814555888278e-05
4.63814555888278e-05
4.63814555888279e-05
4.63814555888279e-05
4.63814555888279e-05
4.63814555888279e-05
4.63814555888278e-05
4.63814555888278e-05
4.63814555888279e-05
4.63814555888279e-05
4.63814555888278e-05
4.63814555888279e-05
4.63814555888279e-05
4.63814555888279e-05
4.63814555888279e-05
4.63814555888279e-05
4.63814555888279e-05
4.6381455588828e-05
4.6381455588828e-05
4.6381455588828e-05
4.6381455588828e-05
4.6381455588828e-05
4.63814555888279e-05
4.63814555888279e-05
4.63814555888279e-05
4.63814555888279e-05
4.63814555888276e-05
4.63814555888276e-05
4.63814555888277e-05
4.63814555888277e-05
4.63814555888277e-05
4.63814555888278e-05
4.63814555888277e-05
4.63814555888277e-05
4.63814555888277e-05
4.63814555888277e-05
4.63814555888277e-05
4.63814555888277e-05
4.63814555888278e-05
4.63814555888278e-05
4.63814555888278e-05
4.63814555888279e-05
4.63814555888279e-05
4.63814555888279e-05
4.6381455588828e-05
4.6381455588828e-05
4.6381455588828e-05
4.63814555888281e-05
4.63814555888281e-05
4.63814555888282e-05
4.63814555888282e-05
4.63814555888283e-05
4.63814555888284e-05
4.63814555888284e-05
4.63814555888285e-05
4.63814555888285e-05
4.63814555888285e-05
4.63814555888285e-05
4.63814555888285e-05
4.63814555888286e-05
4.63814555888286e-05
4.63814555888285e-05
4.63814555888285e-05
4.63814555888285e-05
4.63814555888285e-05
4.63814555888285e-05
4.63814555888285e-05
4.63814555888285e-05
4.63814555888285e-05
4.63814555888277e-05
4.63814555888277e-05
4.63814555888277e-05
4.63814555888278e-05
4.63814555888278e-05
4.63814555888278e-05
4.63814555888278e-05
4.63814555888279e-05
4.63814555888279e-05
4.63814555888279e-05
4.63814555888279e-05
4.63814555888279e-05
4.63814555888279e-05
4.63814555888277e-05
4.63814555888278e-05
4.63814555888278e-05
4.63814555888279e-05
4.63814555888279e-05
4.63814555888279e-05
4.63814555888278e-05
4.63814555888277e-05
4.63814555888277e-05
4.63814555888276e-05
4.63814555888276e-05
4.63814555888276e-05
4.63814555888275e-05
4.63814555888275e-05
4.63814555888275e-05
4.63814555888274e-05
4.63814555888275e-05
4.63814555888275e-05
4.63814555888275e-05
4.63814555888275e-05
4.63814555888275e-05
4.63814555888275e-05
4.63814555888275e-05
4.63814555888275e-05
4.63814555888275e-05
4.63814555888275e-05
4.63814555888275e-05
4.63814555888276e-05
4.63814555888276e-05
4.63814555888276e-05
4.63814555888276e-05
4.63814555888276e-05
4.63814555888276e-05
4.63814555888279e-05
4.6381455588828e-05
4.6381455588828e-05
4.6381455588828e-05
4.63814555888281e-05
4.63814555888282e-05
4.63814555888283e-05
4.63814555888283e-05
4.63814555888283e-05
4.63814555888283e-05
4.63814555888284e-05
4.63814555888284e-05
4.63814555888284e-05
4.63814555888285e-05
4.63814555888285e-05
4.63814555888286e-05
4.63814555888286e-05
4.63814555888287e-05
4.63814555888287e-05
4.63814555888287e-05
4.63814555888287e-05
4.63814555888287e-05
4.63814555888287e-05
4.63814555888287e-05
4.6381455588828e-05
4.6381455588828e-05
4.6381455588828e-05
4.6381455588828e-05
4.63814555888281e-05
4.63814555888281e-05
4.63814555888281e-05
4.63814555888281e-05
4.63814555888281e-05
4.63814555888281e-05
4.63814555888282e-05
4.63814555888282e-05
4.63814555888278e-05
4.63814555888278e-05
4.63814555888279e-05
4.63814555888279e-05
4.63814555888279e-05
4.63814555888279e-05
4.63814555888279e-05
4.6381455588828e-05
4.6381455588828e-05
4.6381455588828e-05
4.6381455588828e-05
4.6381455588828e-05
4.6381455588828e-05
4.6381455588828e-05
4.63814555888281e-05
4.63814555888281e-05
4.63814555888281e-05
4.63814555888281e-05
4.63814555888282e-05
4.63814555888282e-05
4.63814555888282e-05
4.63814555888282e-05
4.63814555888282e-05
4.63814555888278e-05
4.63814555888278e-05
4.63814555888278e-05
4.63814555888278e-05
4.63814555888279e-05
4.63814555888279e-05
4.63814555888279e-05
4.6381455588828e-05
4.6381455588828e-05
4.6381455588828e-05
4.6381455588828e-05
4.6381455588828e-05
4.6381455588828e-05
4.6381455588828e-05
4.6381455588828e-05
4.6381455588828e-05
4.6381455588828e-05
4.6381455588828e-05
4.6381455588828e-05
4.6381455588828e-05
4.63814555888281e-05
4.63814555888281e-05
4.63814555888281e-05
4.63814555888281e-05
4.63814555888282e-05
4.63814555888282e-05
4.63814555888282e-05
4.63814555888282e-05
4.63814555888282e-05
4.63814555888282e-05
4.63814555888282e-05
4.63814555888282e-05
4.63814555888282e-05
4.63814555888282e-05
4.63814555888282e-05
4.63814555888277e-05
4.63814555888277e-05
4.63814555888277e-05
4.63814555888277e-05
4.63814555888277e-05
4.63814555888277e-05
4.63814555888277e-05
4.63814555888277e-05
4.63814555888277e-05
4.63814555888277e-05
4.63814555888277e-05
4.63814555888276e-05
4.63814555888276e-05
4.63814555888276e-05
4.63814555888276e-05
4.63814555888277e-05
4.63814555888277e-05
4.63814555888277e-05
4.63814555888277e-05
4.63814555888277e-05
4.63814555888277e-05
4.63814555888277e-05
4.63814555888277e-05
4.63814555888277e-05
4.63814555888277e-05
4.63814555888277e-05
4.63814555888276e-05
4.63814555888276e-05
4.63814555888276e-05
4.63814555888276e-05
4.63814555888276e-05
4.63814555888276e-05
4.63814555888277e-05
4.63814555888277e-05
4.63814555888278e-05
4.63814555888278e-05
4.63814555888278e-05
4.63814555888278e-05
4.63814555888278e-05
4.63814555888277e-05
4.63814555888277e-05
4.63814555888277e-05
4.63814555888277e-05
4.63814555888277e-05
4.63814555888276e-05
4.63814555888276e-05
4.63814555888276e-05
4.63814555888276e-05
4.63814555888276e-05
4.63814555888276e-05
4.63814555888276e-05
4.63814555888276e-05
4.63814555888277e-05
4.63814555888277e-05
4.63814555888277e-05
4.63814555888277e-05
4.63814555888277e-05
4.63814555888277e-05
4.63814555888277e-05
4.63814555888277e-05
4.63814555888277e-05
4.63814555888277e-05
4.63814555888277e-05
4.63814555888277e-05
4.63814555888277e-05
4.63814555888277e-05
4.63814555888277e-05
4.63814555888277e-05
4.63814555888278e-05
4.63814555888278e-05
4.63814555888278e-05
4.63814555888278e-05
4.63814555888278e-05
4.63814555888278e-05
4.63814555888278e-05
4.63814555888278e-05
4.63814555888278e-05
4.63814555888278e-05
4.63814555888278e-05
4.63814555888278e-05
4.63814555888277e-05
4.63814555888277e-05
4.63814555888277e-05
4.63814555888277e-05
4.63814555888277e-05
4.63814555888277e-05
4.63814555888277e-05
4.63814555888277e-05
4.63814555888277e-05
4.63814555888277e-05
4.63814555888277e-05
4.63814555888278e-05
4.63814555888278e-05
4.63814555888277e-05
4.63814555888277e-05
4.63814555888277e-05
4.63814555888277e-05
4.63814555888277e-05
4.63814555888277e-05
4.63814555888277e-05
4.63814555888277e-05
4.63814555888277e-05
4.63814555888276e-05
4.63814555888276e-05
4.63814555888277e-05
4.63814555888277e-05
4.63814555888277e-05
4.63814555888277e-05
4.63814555888277e-05
4.63814555888277e-05
4.63814555888278e-05
4.63814555888278e-05
4.63814555888274e-05
4.63814555888273e-05
4.63814555888273e-05
4.63814555888273e-05
4.63814555888273e-05
4.63814555888274e-05
4.63814555888273e-05
4.63814555888273e-05
4.63814555888273e-05
4.63814555888273e-05
4.63814555888272e-05
4.63814555888272e-05
4.63814555888272e-05
4.63814555888272e-05
4.63814555888272e-05
4.63814555888271e-05
4.63814555888271e-05
4.63814555888271e-05
4.63814555888272e-05
4.63814555888272e-05
4.63814555888272e-05
4.63814555888272e-05
4.63814555888273e-05
4.63814555888273e-05
4.63814555888273e-05
4.63814555888274e-05
4.63814555888274e-05
4.63814555888274e-05
4.63814555888274e-05
4.63814555888274e-05
4.63814555888274e-05
4.63814555888273e-05
4.63814555888273e-05
4.63814555888273e-05
4.63814555888273e-05
4.63814555888274e-05
4.63814555888275e-05
4.63814555888276e-05
4.63814555888272e-05
4.63814555888271e-05
4.63814555888271e-05
4.63814555888274e-05
4.63814555888275e-05
4.63814555888276e-05
4.63814555888277e-05
4.63814555888279e-05
4.63814555888271e-05
4.63814555888272e-05
4.63814555888273e-05
4.63814555888273e-05
4.6381455588827e-05
4.63814555888269e-05
4.63814555888268e-05
4.63814555888274e-05
4.63814555888275e-05
4.63814555888276e-05
4.63814555888277e-05
4.63814555888277e-05
4.63814555888278e-05
4.63814555888278e-05
4.63814555888279e-05
4.63814555888279e-05
4.6381455588828e-05
4.63814555888281e-05
4.63814555888281e-05
4.63814555888274e-05
4.63814555888274e-05
4.63814555888275e-05
4.63814555888275e-05
4.63814555888276e-05
4.63814555888276e-05
4.63814555888276e-05
4.63814555888276e-05
4.63814555888277e-05
4.63814555888277e-05
4.63814555888277e-05
4.63814555888277e-05
4.63814555888278e-05
4.63814555888279e-05
4.63814555888279e-05
4.63814555888279e-05
4.6381455588828e-05
4.6381455588828e-05
4.6381455588828e-05
4.63814555888281e-05
4.63814555888281e-05
4.63814555888281e-05
4.63814555888281e-05
4.63814555888281e-05
4.63814555888281e-05
4.63814555888281e-05
4.63814555888281e-05
4.63814555888282e-05
4.63814555888282e-05
4.63814555888282e-05
4.63814555888282e-05
4.63814555888282e-05
4.63814555888282e-05
4.63814555888282e-05
4.63814555888282e-05
4.63814555888282e-05
4.63814555888282e-05
4.63814555888282e-05
4.63814555888282e-05
4.63814555888282e-05
4.63814555888282e-05
4.63814555888282e-05
4.63814555888282e-05
4.63814555888282e-05
4.63814555888282e-05
4.63814555888282e-05
4.63814555888282e-05
4.63814555888282e-05
4.63814555888282e-05
4.63814555888282e-05
4.63814555888268e-05
4.63814555888268e-05
4.63814555888268e-05
4.63814555888269e-05
4.63814555888269e-05
4.63814555888269e-05
4.63814555888269e-05
4.6381455588827e-05
4.6381455588827e-05
4.6381455588827e-05
4.63814555888271e-05
4.63814555888271e-05
4.63814555888271e-05
4.63814555888271e-05
4.63814555888268e-05
4.63814555888268e-05
4.63814555888268e-05
4.63814555888267e-05
4.63814555888267e-05
4.63814555888267e-05
4.63814555888267e-05
4.63814555888267e-05
4.63814555888266e-05
4.63814555888266e-05
4.63814555888266e-05
4.63814555888266e-05
4.63814555888266e-05
4.63814555888266e-05
4.63814555888266e-05
4.63814555888266e-05
4.63814555888266e-05
4.63814555888266e-05
4.63814555888271e-05
4.63814555888271e-05
4.63814555888271e-05
4.63814555888272e-05
4.63814555888272e-05
4.63814555888272e-05
4.63814555888273e-05
4.63814555888273e-05
4.63814555888273e-05
4.63814555888274e-05
4.63814555888275e-05
4.63814555888275e-05
4.63814555888274e-05
4.63814555888274e-05
4.63814555888274e-05
4.63814555888274e-05
4.63814555888274e-05
4.63814555888274e-05
4.63814555888271e-05
4.63814555888271e-05
4.63814555888271e-05
4.63814555888272e-05
4.63814555888272e-05
4.63814555888272e-05
4.63814555888273e-05
4.63814555888273e-05
4.63814555888273e-05
4.63814555888273e-05
4.63814555888273e-05
4.6381455588828e-05
4.63814555888281e-05
4.63814555888282e-05
4.63814555888283e-05
4.63814555888284e-05
4.63814555888284e-05
4.63814555888285e-05
4.63814555888285e-05
4.63814555888286e-05
4.63814555888286e-05
4.63814555888287e-05
4.63814555888279e-05
4.6381455588828e-05
4.6381455588828e-05
4.63814555888281e-05
4.63814555888281e-05
4.63814555888281e-05
4.63814555888281e-05
4.63814555888282e-05
4.63814555888282e-05
4.63814555888282e-05
4.63814555888283e-05
4.63814555888283e-05
4.63814555888283e-05
4.63814555888288e-05
4.63814555888288e-05
4.63814555888288e-05
4.63814555888289e-05
4.63814555888289e-05
4.63814555888289e-05
4.63814555888289e-05
4.63814555888289e-05
4.63814555888289e-05
4.63814555888287e-05
4.63814555888287e-05
4.63814555888287e-05
4.63814555888287e-05
4.63814555888288e-05
4.63814555888288e-05
4.63814555888288e-05
4.63814555888288e-05
4.63814555888288e-05
4.63814555888288e-05
4.63814555888288e-05
4.63814555888288e-05
4.63814555888288e-05
4.63814555888288e-05
4.63814555888288e-05
4.63814555888289e-05
4.6381455588829e-05
4.63814555888291e-05
4.63814555888291e-05
4.63814555888291e-05
4.63814555888291e-05
4.63814555888291e-05
4.63814555888277e-05
4.63814555888277e-05
4.63814555888278e-05
4.63814555888278e-05
4.63814555888279e-05
4.63814555888279e-05
4.6381455588828e-05
4.6381455588828e-05
4.63814555888281e-05
4.63814555888281e-05
4.63814555888281e-05
4.63814555888282e-05
4.63814555888282e-05
4.63814555888282e-05
4.63814555888283e-05
4.63814555888283e-05
4.63814555888276e-05
4.63814555888277e-05
4.63814555888278e-05
4.63814555888278e-05
4.63814555888279e-05
4.6381455588828e-05
4.6381455588828e-05
4.63814555888281e-05
4.63814555888281e-05
4.63814555888281e-05
4.63814555888281e-05
4.63814555888282e-05
4.63814555888282e-05
4.63814555888282e-05
4.63814555888283e-05
4.63814555888284e-05
4.63814555888284e-05
4.63814555888284e-05
4.63814555888284e-05
4.63814555888284e-05
4.63814555888284e-05
4.63814555888284e-05
4.63814555888284e-05
4.63814555888284e-05
4.63814555888285e-05
4.63814555888285e-05
4.63814555888285e-05
4.63814555888285e-05
4.63814555888285e-05
4.63814555888285e-05
4.63814555888283e-05
4.63814555888283e-05
4.63814555888283e-05
4.63814555888283e-05
4.63814555888283e-05
4.63814555888283e-05
4.63814555888283e-05
4.63814555888283e-05
4.63814555888283e-05
4.63814555888283e-05
4.63814555888283e-05
4.63814555888283e-05
4.63814555888282e-05
4.63814555888282e-05
4.63814555888282e-05
4.63814555888283e-05
4.63814555888283e-05
4.63814555888283e-05
4.63814555888284e-05
4.63814555888284e-05
4.63814555888285e-05
4.63814555888285e-05
4.63814555888285e-05
4.63814555888285e-05
4.63814555888285e-05
4.63814555888285e-05
4.63814555888285e-05
4.63814555888285e-05
4.63814555888282e-05
4.63814555888282e-05
4.63814555888282e-05
4.63814555888283e-05
4.63814555888283e-05
4.63814555888283e-05
4.63814555888283e-05
4.63814555888284e-05
4.63814555888284e-05
4.63814555888285e-05
4.63814555888285e-05
4.63814555888284e-05
4.63814555888284e-05
4.63814555888285e-05
4.63814555888285e-05
4.63814555888285e-05
4.63814555888286e-05
4.63814555888286e-05
4.63814555888286e-05
4.63814555888287e-05
4.63814555888287e-05
4.63814555888287e-05
4.63814555888288e-05
4.63814555888288e-05
4.63814555888288e-05
4.63814555888288e-05
4.63814555888289e-05
4.63814555888289e-05
4.63814555888289e-05
4.63814555888289e-05
4.63814555888289e-05
4.63814555888285e-05
4.63814555888285e-05
4.63814555888285e-05
4.63814555888285e-05
4.63814555888285e-05
4.63814555888285e-05
4.63814555888285e-05
4.63814555888285e-05
4.63814555888285e-05
4.63814555888285e-05
4.63814555888285e-05
4.63814555888284e-05
4.63814555888284e-05
4.63814555888284e-05
4.63814555888284e-05
4.63814555888283e-05
4.63814555888283e-05
4.63814555888283e-05
4.63814555888283e-05
4.63814555888283e-05
4.63814555888283e-05
4.63814555888283e-05
4.63814555888283e-05
4.63814555888282e-05
4.63814555888282e-05
4.63814555888281e-05
4.63814555888285e-05
4.63814555888285e-05
4.63814555888285e-05
4.63814555888281e-05
4.63814555888281e-05
4.63814555888281e-05
4.63814555888281e-05
4.63814555888281e-05
4.63814555888281e-05
4.63814555888281e-05
4.6381455588828e-05
4.6381455588828e-05
4.6381455588828e-05
4.6381455588828e-05
4.6381455588828e-05
4.6381455588828e-05
4.6381455588828e-05
4.6381455588828e-05
4.6381455588828e-05
4.6381455588828e-05
4.6381455588829e-05
4.6381455588829e-05
4.6381455588829e-05
4.63814555888291e-05
4.63814555888292e-05
4.63814555888292e-05
4.63814555888289e-05
4.63814555888289e-05
4.63814555888289e-05
4.63814555888289e-05
4.63814555888289e-05
4.63814555888289e-05
4.63814555888289e-05
4.63814555888288e-05
4.63814555888288e-05
4.63814555888288e-05
4.63814555888288e-05
4.63814555888288e-05
4.63814555888287e-05
4.63814555888287e-05
4.63814555888287e-05
4.63814555888287e-05
4.63814555888287e-05
4.63814555888294e-05
4.63814555888295e-05
4.63814555888296e-05
4.63814555888297e-05
4.63814555888297e-05
4.63814555888298e-05
4.63814555888298e-05
4.63814555888298e-05
4.63814555888299e-05
4.63814555888299e-05
4.63814555888299e-05
4.638145558883e-05
4.638145558883e-05
4.638145558883e-05
4.638145558883e-05
4.638145558883e-05
4.638145558883e-05
4.638145558883e-05
4.638145558883e-05
4.63814555888292e-05
4.63814555888291e-05
4.63814555888291e-05
4.6381455588829e-05
4.6381455588829e-05
4.6381455588829e-05
4.63814555888287e-05
4.63814555888287e-05
4.63814555888287e-05
4.63814555888286e-05
4.63814555888286e-05
4.63814555888286e-05
4.63814555888286e-05
4.63814555888287e-05
4.63814555888287e-05
4.63814555888287e-05
4.63814555888287e-05
