0.05
0.0376882146558158
0.0358196589740291
0.0330486854622407
0.0362053879839434
0.034325563810434
0.0328512295974164
0.0376103997862619
0.0359579798669729
0.034023118563852
0.033571314563678
0.0338145791060053
0.0342454109307451
0.034968698545691
0.035597801081127
0.0377201273135623
0.0329264987211398
0.0287574917632842
0.028123261239892
0.0253472381787837
0.0224573925297884
0.021720637338293
0.0212846473059292
0.0207838822185574
0.0199201693324691
0.0182258772147029
0.016042737920714
0.0140161285333644
0.0121968374791618
0.0105632119732663
0.00908697053379642
0.00767501760932618
0.0374236147018773
0.0355417533597171
0.0330183163202721
0.0309377512521907
0.0291846540985399
0.0277968337612537
0.0266653845356794
0.0255127893145757
0.0323600218875957
0.0322711087270626
0.0325002491280721
0.0327605925765721
0.0328036570119519
0.0313155970310768
0.0298620186132957
0.0284135217164913
0.0311358802070136
0.0289324058331676
0.0264218151007831
0.0240365198937975
0.0215876310126122
0.0191880791150726
0.0171337901923425
0.0152223714710856
0.0134092816689592
0.0118452325838178
0.0104167869085052
0.00913320400777152
0.00794270192241114
0.00688907500009647
0.00596111532320178
0.00508520928435247
0.00428610735577921
0.00351922711879864
0.00275338874778146
0.0020057793608007
0.00131817337870846
0.000699133019170768
0.000158275222861135
-0.00030057256109772
-0.000803926235840109
-0.00134186778800595
-0.00182970311548656
-0.00227042170553207
-0.00263797945437623
-0.00294855710755054
-0.00319738200838842
-0.00338149477114959
-0.0035032471368765
-0.00356580315660201
0.0343819896635921
0.0353361712838476
0.0360939056150138
0.0366219530678528
0.0368903717784608
0.0369736328401813
0.0369246336374057
0.03681557742669
0.0366874740944793
0.0365679314743954
0.0364964569121623
0.0276987181504244
0.0267342186283978
0.0253641178389508
0.0264039269504242
0.0235716643225595
0.0203537530687601
0.0249317198474798
0.0244433296249601
0.0238900707494334
0.0246051587251281
0.0231145624453091
0.0210367635965727
0.0193869931050478
0.0178701925751164
0.0162093123312962
0.0145610045104307
0.0132733881974301
0.0121929449078419
0.0111689280638715
0.010311674581473
0.00958045479322351
0.00900973804482072
0.00860976241762241
0.00835963149916758
0.00822129891566377
0.0227742187333243
0.0207741197746745
0.0181007350921779
0.0154005781224821
0.0130355639457205
0.0106952877700326
0.0231804089463548
0.0224884755986717
0.0217471323110891
0.00961796394751981
0.00858630892512036
0.00771565729578588
0.00699487462170004
0.00638716602244367
0.00591706959766645
0.00558622823498906
0.0053631340622537
0.00524295442413506
0.00524327778708337
0.00538038982456063
0.00566191187109839
0.0060964024868966
0.0067116720187275
0.00754703900552142
0.00864543583421312
0.0100440929789779
0.011787006925386
0.0139622279474299
0.0164950599948349
0.0195767747663182
0.0229868105605756
0.0266143023546595
0.0305497040717364
0.0335183888181562
0.0371686702678341
0.0402490942334658
0.042977931431755
0.0451505813703826
0.0466870590581497
0.0477811540109929
0.0484935607388542
0.0488389157276179
0.0490509218158212
0.00954527394912682
0.00853247488146533
0.00766334672409077
0.00678263496102084
0.00598079889573998
0.00528098162311987
0.00470455774823857
0.00417577870627657
0.00372963042821901
0.00334632435691953
0.0030268802702316
0.00276348394497262
0.00255518998863273
0.00240734909352877
0.00231981154349427
0.00228865150642611
0.00231603712295933
0.00239091011589372
0.00250085287460582
0.0026343855519479
0.00277224224220814
0.0028870155811652
0.00295447613749254
0.0206647025394823
0.0195285619063317
0.0184179812778237
0.0173866469343566
0.0164465215855751
0.0155882203969077
0.0148053582468997
0.0141269624077665
0.0135662048000803
0.0131156118184438
0.0127741707010795
0.0125453370461305
0.012427088341448
0.0204998055329223
0.0191444652687013
0.0177666622363079
0.0164841353641348
0.0152674498687296
0.0141395810775031
0.0131478153315321
0.0122297312890584
0.0112364099262249
0.0101909346303818
0.00916972425615866
0.00824664892628081
0.00742425956482569
0.0066606014337567
0.00598596573589632
0.00539524362427576
0.00490316435130898
0.00449710609301017
0.00411407517698887
0.00360552509972039
0.00300013102210157
0.00246692884184304
0.00188572403406164
0.0013726346087612
0.000876685291261651
0.000374360175349911
-0.000120338461580551
-0.000580462101469088
-0.000981494204567838
-0.0013180474939339
-0.00160881913829779
-0.00186493332439166
-0.00206609451593481
-0.00223800425201639
-0.00238658411126424
-0.00248470649570126
-0.00253624099970012
0.0188890830047397
0.0174994131335399
0.0161854842240023
0.0148356875838935
0.0136460205455314
0.012359216705351
0.0112171128207205
0.0102367746782938
0.0092040874200513
0.00825426548379482
0.00758489427080885
0.00660459421859277
0.00596727390369048
0.0051939050168407
0.00440611965618598
0.00382016888230813
0.0034485084197145
0.00307449863244268
0.00275882156591597
0.0025273477022282
0.00236797033069543
0.00229152278191083
0.0191236233259837
0.0178664425160245
0.0166013806152299
0.0153526002572873
0.0141886018683844
0.0131137110794321
0.0121135399026971
0.0111167173110644
0.0102839811238145
0.00944758589947254
0.00861193612796035
0.00781208352963805
0.00670711882176825
0.00562585323442986
0.0046597729201924
0.00378763204244714
0.00302874220775771
0.00235280345007739
0.00180071878151546
0.00124411801837076
0.000752409566509635
0.000351653607878301
3.64962691911179e-05
-0.000204132179059735
-0.000360446317376562
-0.000443601609100513
0.032466120506558
0.0320923965688533
0.0317012630917787
0.0324127774781074
0.0323162274815769
0.0325411174270969
0.0314817528827321
0.0312197843284789
0.0308832681562927
0.0318999143018365
0.0328425362401474
0.0344466114526187
0.03587154414054
0.0368367690744836
0.0374264739618056
0.0374836695781948
0.0368479263607279
0.0355545953070372
0.0335426093388578
0.0310745701711652
0.028390172897115
0.0255014473150968
0.0219403226704794
0.0180273964718453
0.0150919335676012
0.0120787321387241
0.00992548091041179
0.00795561844058355
0.00635218122646948
0.0048114375650357
0.00347787488144088
0.00235883011448415
0.0013526425042148
0.00045507746093442
-0.000330668173108791
-0.00102542203980956
-0.00158793742690269
-0.0020607638213982
-0.00250699161772203
-0.00284113229275507
-0.00307929714121717
-0.00323662106461626
-0.00331840786828628
0.032285048611725
0.0342253882895194
0.0361944191152227
0.0379513146541983
0.0394399549195056
0.040757949887546
0.041918976743522
0.042946408296861
0.0437832485440695
0.0444514837610241
0.0449474553683119
0.045271219825726
0.0454389602594208
0.0284500978391973
0.0260728154222186
0.0229618498995302
0.0215626653024894
0.0200505035491804
0.0184171753466271
0.0216242954353947
0.0198916811894565
0.0177285244410336
0.0157173482158591
0.0138226773749803
0.0120122761611399
0.0103500318589586
0.00883530442931492
0.00742598864422802
0.00615603115141145
0.00498946976885521
0.00390709585562256
0.00292216947646424
0.00200121279324071
0.0011612279135002
0.000395547022333511
-0.000289684412057255
-0.000916070890342647
-0.00146014902107829
-0.00193007556228032
-0.00234375809152142
-0.00274410309796724
-0.00310111440963892
-0.00339138117967835
-0.00360915400129314
-0.00374193218474773
-0.00381907079751015
0.016929356098275
0.0152172477165926
0.0133279667287106
0.0114546970464882
0.00987198720014119
0.0084007646697534
0.00694513634916759
0.00570285713398245
0.00468268766194199
0.00361236893136924
0.00255451846821159
0.00157290244474462
0.000744615772662239
8.31099476268505e-05
-0.00060141530973612
-0.00121783250712967
-0.0017787757966667
-0.00226229766573931
-0.00266639222994588
-0.00295217092992816
-0.00317830138632444
-0.00338488208326312
-0.00353957352846034
-0.00361185463831231
0.0171367160071048
0.0158504007843322
0.0147419989342117
0.0136629253598866
0.0127784097916116
0.0119072265884387
0.0111414839687767
0.010582928187329
0.0101206039488362
0.00971978797412765
0.00944349789227243
0.00928113764060031
0.0330995144767357
0.0340589344691587
0.0353630451143626
0.0369429577036805
0.0383190650996615
0.0392889359814577
0.0399788045406117
0.0403020510638459
0.0402100247471543
0.0396699632866416
0.0385946812062976
0.0370190417609539
0.035085355076944
0.0325458693659506
0.0294942406066396
0.0264904221412315
0.0238577869600228
0.0215829603141284
0.0196804839979819
0.0181919360497357
0.0171353456572754
0.016453888211217
0.0160632838220956
0.0325606367004885
0.0327483954491066
0.033044135841423
0.0333525455665124
0.0334503035698013
0.0331355983876352
0.03231444910661
0.0309376831480728
0.0290554017497372
0.0268012811531438
0.0243400084305795
0.0219214488808381
0.0194934511905513
0.0171313384322564
0.0150175295865061
0.0131574017942964
0.011495005954317
0.00999092245232124
0.00863248319919431
0.00742744112894292
0.00634733999611929
0.00538075098263187
0.00453980638398135
0.00377394918571644
0.00296465284910634
0.0021716725511494
0.00145896511113205
0.000826540609570923
0.000292064448657075
-0.000156788963150075
-0.00053299472843888
-0.000821787948916056
-0.00104764052685672
-0.00118597351874147
-0.00126191215155168
0.0347750994141437
0.0333136181680112
0.0308722372223947
0.0368544030828924
0.0377942021098458
0.0382589857871688
0.0301561309821681
0.0287915890694859
0.0270367440415253
0.025149821653541
0.0235526826552585
0.0221262465008398
0.0210104175820388
0.0202630520062007
0.0198860393590635
0.0270942571645575
0.0231699415234492
0.0192360141497688
0.0153623887064215
0.0133148413586882
0.0116361535009137
0.0100417645734006
0.00860017475304874
0.0073508111941587
0.00620706293785705
0.00517474172118114
0.00423869428670525
0.00338015654296814
0.00259107079337596
0.00185557399126932
0.00117331917076146
0.000548874720523867
-8.17603979722141e-06
-0.00050497052185427
-0.000996574392778876
-0.00149304999140511
-0.0019451515732942
-0.00235732926845606
-0.00272361497931412
-0.00303380444797061
-0.00329032204068946
-0.0035001411988466
-0.00365734288089008
-0.00376096502259493
-0.00381466895353174
0.0139833408571711
0.0129429715123986
0.0121860418253559
0.0114465429377433
0.0111092129932171
0.0108709336415726
0.0070424237262979
0.00641897857598136
0.00580493873783681
0.00523402133693498
0.00473658977084074
0.00431077719480052
0.00394668884700072
0.00363062450747468
0.00334550595887738
0.00308451162067705
0.00285170900472129
0.00264424068670268
0.00244275488545523
0.00224206423870387
0.00205195918648927
0.00187003537449213
0.00169741667749704
0.0015377818628611
0.00139564606881832
0.00127557549348799
0.00118117751618004
0.00111444091978212
0.00107598717536086
0.00106383399504785
0.00107278357556697
0.00109525816627456
0.00112239717670119
0.00114571033613427
0.00115948717818361
0.0068697393270735
0.00622407522645913
0.00563133713613094
0.00510836099247864
0.00465480899283387
0.00429134144142651
0.00398468900801002
0.00369041907439275
0.00342187671006673
0.00319938281099853
0.00301305235227524
0.00283748654206567
0.00265934643065618
0.00246371757795359
0.00227330995650893
0.00209839041225327
0.00193357128075056
0.00177995830758688
0.00163837215841329
0.00150831473996351
0.00140323758000048
0.00131150006706423
0.00126593999396759
0.00123698650667749
0.0012336258244355
0.00126451794470883
0.0013208286431215
0.00139690767830602
0.00147499033427606
0.00154830905675437
0.00160459802255811
0.00163682742265842
0.0239125155601836
0.0217807908879203
0.019569715078394
0.0175503948031421
0.0155831707371164
0.0252980292784445
0.0250294789296903
0.0247932788289228
0.024636619462231
0.0244438188852206
0.0241342423241577
0.0237349913301305
0.0231943785702096
0.0224525119708428
0.0214808906451152
0.0205160218717505
0.0194959525955104
0.0184585848353037
0.0174323332690243
0.0164529774879045
0.0155444857860453
0.0147002954375694
0.0139818026420257
0.013124977631591
0.0123523875444536
0.0117460992890311
0.0112266045709164
0.0107967281437972
0.0104844615599445
0.0102891938358509
0.010179104533711
0.0141565137538014
0.0119886971676587
0.00938860150302022
0.0144506320358571
0.0129877374651676
0.0113946617364248
0.00980281542718342
0.00824317368152457
0.00749995385352968
0.00700679110798436
0.00826900540637879
0.00744077929265151
0.00677043675522793
0.0063788727688437
0.00606151851533142
0.00709041947052752
0.00759941700974372
0.00862281003968072
0.0100738907521498
0.00641628068495731
0.00600842683284942
0.00573201634016249
0.0111877760322811
0.0129415861718224
0.015368649863369
0.0180224045367756
0.0212593580891966
0.0249560777418237
0.0286758400225159
0.0326403792715781
0.0364879218291021
0.0399007454588408
0.0425999787340272
0.0445463502163782
0.0108819769590374
0.0120541541936942
0.0136858675099873
0.0151702703348027
0.0174278899222825
0.0194314766696828
0.0221220885515393
0.0250419997962285
0.0276968013098352
0.0303562514549277
0.0330464705459184
0.0356842942633476
0.0379862919124749
0.0400739133753654
0.0422580560652568
0.0440282395846157
0.0456091676854343
0.0467134081906054
0.0475040342974362
0.0479759855859954
0.0481694398445974
0.0481753443654307
0.0480557551654235
0.0479169945788771
0.0478238070688892
0.0458092015988068
0.0462184511652849
0.0459505380380329
0.0453111244474261
0.0442917990583842
0.043414416516042
0.0428181454331708
0.0440407912216922
0.0421803629625059
0.0385072935344071
0.033486932870137
0.027805359356235
0.022306359109538
0.0176242472410399
0.0137980563921992
0.0107662934022284
0.00838754005412875
0.006433836675407
0.00485368978606299
0.00362323636107665
0.00271318984404182
0.002061165229046
0.00158239394402338
0.00126618647752318
0.00111062162810517
0.00616558233898531
0.00681740774154218
0.0077576979042991
0.00901945939836155
0.0105174978260739
0.0121741034863102
0.0139992003132091
0.0159970022716682
0.0181620625887597
0.0204763023851153
0.0229084354362488
0.0254182707885448
0.0279604050957399
0.0306213367003724
0.00511892102780515
0.00454138291837748
0.00400873308132539
0.00352832165294859
0.00314646672593451
0.00281517741285915
0.00253779651631147
0.00231933637913398
0.00214774258847708
0.00200309880020823
0.00188195431814311
0.00179185807762802
0.001732800174633
0.00169581179393286
0.00167507751154048
0.00166347380305873
0.00165818660726394
0.00165604079621397
0.0323572842157235
0.0340253668809339
0.0356260111888017
0.0374092271095099
0.0390356021115372
0.0404470149251227
0.0420898616150163
0.0439098766377209
0.0454505871132173
0.0465621493687351
0.0473066501927702
0.0477739965107483
0.0480180618693236
0.0480564957836453
0.0479380741133976
0.0477530900631227
0.0475717126074008
0.0474444531431609
0.0319473967369133
0.0331986686977655
0.0343828531937887
0.0355140927041174
0.0366113204406489
0.0376795334844363
0.0386654554854032
0.0394894504276836
0.040116427524098
0.0405370476727094
0.0407546241155619
0.00699323199758605
0.0082837346176499
0.0100114987329309
0.0120023363732841
0.014252120024491
0.0168775659400958
0.0197502922723101
0.0231035224597025
0.0266012405184542
0.0301557567812884
0.0338735264273585
0.00499037896228344
0.00391793037809147
0.00307993274845574
0.0022862075479456
0.00171901467361318
0.00116259128591861
0.000755282914483619
0.000447330091758791
0.000190889375327549
5.63397959810506e-05
-6.43827103950572e-05
-0.000136158058957915
-0.000170918789870179
0.0356006003044828
0.0371974197908264
0.0386652937171515
0.0401749370226312
0.0414231449703209
0.0424978750472615
0.0432617106149316
0.0438316397155598
0.0441649178141745
0.0361042486458071
0.0382521893495275
0.0402621349204844
0.0420703431659693
0.0436020420180871
0.0447634497554464
0.0454787656305659
0.0456686381465599
0.0452041238150559
0.0439291382124127
0.0415130903298431
0.0378991660153662
0.0333959064306626
0.0285346614617962
0.023937462507632
0.0197781762787788
0.0162294932642679
0.0134522848193443
0.0114838582767319
0.0100541989018104
0.00911558910850596
0.00865839251678994
0.00916874262758183
0.00851361936739535
0.00789971427676723
0.00737403169689212
0.00693124921258952
0.00655309324384854
0.00621427968965787
0.00595705460099663
0.00581339270054488
0.00568150296435117
0.00560117946811864
0.00559660313088981
0.00565910986290625
0.00580453008183673
0.00602459481357728
0.00634387475778733
0.00908671009200746
0.00840702236793712
0.00780386316983044
0.00728526405469741
0.00683357552936937
0.00643898480203847
0.0060973872983229
0.00581956043222151
0.00563236773905398
0.00554864693114918
0.00556009393083229
0.00564401775176747
0.00579138646707828
0.00606124209688876
0.00696766525989338
0.00787179116159325
0.00892756379762168
0.0100752872109808
0.0114723280550009
0.0129364010886651
0.0145015162765885
0.0164775424192725
0.0182543175547439
0.0200424835907131
0.0216830049158172
0.0232038021892194
0.0244838691824498
0.0254746661829675
0.0261634270375988
0.0265289829266171
0.00630432032946529
0.00636470226296688
0.00653292840282062
0.00678362973681123
0.00708839847553241
0.00749970378613634
0.00795822920235663
0.00841576695378343
0.00885652034673542
0.00928988534641766
0.00971720216903178
0.0101145539127261
0.0104356131401442
0.0106224031432796
0.0064651708714167
0.00694253325917238
0.00751733346234264
0.00823752651827889
0.0090877972309228
0.0100880255700465
0.01118813968283
0.012438168847622
0.0139277866986994
0.0156161082761215
0.0173960634355344
0.0192361430003591
0.0211993916010832
0.0233645737503103
0.00604398798602691
0.00614271484515763
0.00635519319772708
0.0067341498911959
0.00739381061402931
0.00825476190774367
0.009211896408925
0.0104789396355754
0.012020436887177
0.0138013736932794
0.0158518102400523
0.0179432803454549
0.0203775831298982
0.0230131443860024
0.0257781037543931
0.0284456953303264
0.0310590712660463
0.0336915628037866
0.0361203513236951
0.0382825480449324
0.0401375471266636
0.0415926030892615
0.0425156113911074
0.0427410013664977
0.0420740818123126
0.0401667804179856
0.0366628738037406
0.0317585372722074
0.025912832925166
0.0199849709981583
0.014010869362073
0.0255346509131632
0.027901780880213
0.0304471857812544
0.0331234719080975
0.0358239244600251
0.038215211773786
0.0401011067786491
0.0417682954040629
0.0431964468375277
0.0441841292452251
0.0447300455319943
0.0447486255513509
0.0441217247740937
0.0425194747423535
0.0399057895074095
0.0364367991557094
0.0317828594263438
0.0266463298294778
0.0219252463685984
0.0179821813699066
0.0146399849625289
0.0116615273911084
0.00912492277574236
0.00704661892753902
0.0052869165751062
0.00369623662077289
0.0233747711760831
0.0233910578627156
0.0234081217739827
0.0026118477242256
0.00153322848864654
0.00050734581848082
-0.000382427431439367
-0.00112247251772886
-0.00177681577306146
0.00276596757096243
0.00188459836817019
0.00138994632421157
0.0010960885713109
-0.00214491822679383
-0.00239305704693604
-0.00254329708983318
-0.00261793407104082
-0.00204342979717626
-0.00220397940214992
-0.00227716872914537
0.0109371616306187
0.00834238922313414
0.00625666756492415
0.00442529757219666
0.00271543159103153
0.00116142642513038
0.0111571123053732
0.00884257733734164
0.00687363048253231
0.00520163866282708
0.00376934519503562
0.00263039728301042
0.00157821026958337
0.00072545099881083
-1.17796484501496e-05
-0.000642162673459518
-0.00116771378304937
-0.00162554041887796
-0.00201203511956609
-0.00235315278100629
-0.00264681267110868
-0.00289395206698766
-0.00312415622122135
0.00033517700568519
-0.000280276751677536
-0.000835797151040076
-0.00129626313860946
-0.00171722609823201
-0.00207887878274079
-0.00239195113602564
-0.00266281648804319
-0.0028984919630649
-0.00309955200016987
-0.00327635344168495
-0.00343185403105824
-0.00356524227965654
-0.0036755383180064
-0.00376381444523268
-0.00383222130948489
-0.00388229042333956
-0.00391496231234482
-0.00393159714857465
0.000551442719835805
0.000116167231530932
-0.000232529783813514
-0.00047228174326268
-0.000621386144068619
-0.000696430273079191
-0.00328533265234179
-0.00343666334499196
-0.00356262507467037
-0.00365704070374764
-0.00372955583233913
-0.00377634580213069
-0.00380040070893747
-0.00324818347184486
-0.00334951542162463
-0.00341722197644397
-0.0034500562701812
