0.05
0.0379985044279948
0.036664247147869
0.0349925141451339
0.0363599969163852
0.0343461823044105
0.032698374588624
0.0378509253478512
0.0359937599131604
0.0336136502870077
0.0328431799905327
0.0329068550124886
0.0333076203150335
0.0342110465262897
0.0355523478652472
0.0379493079832607
0.0317722090751395
0.0262945645685899
0.0255864875846225
0.023191860122807
0.0210162486343326
0.0205934778973721
0.0204660234759223
0.020492847813718
0.0208378347437463
0.0219680695585684
0.0237687171097315
0.0255540225374661
0.0269494346772172
0.0276404275660227
0.02740825349221
0.0261663018131976
0.0377499276744854
0.0361781066206592
0.0341961202528368
0.0326942157811375
0.0315582338437914
0.030766282194946
0.030214779802433
0.0297393233401643
0.0345728507943873
0.0350799007150383
0.0363047795087662
0.0378102411551426
0.0396461090709675
0.0342400874895468
0.0338261885327117
0.0335841319486236
0.039540859139609
0.0390141907562998
0.0378972257081122
0.0362623495486111
0.0339146543313199
0.0309104402252305
0.0278374022338484
0.0246604155228423
0.0214834550719638
0.0187118385821676
0.0162147438715668
0.0140329688276356
0.0120808393435919
0.0104195750967258
0.00901267094691764
0.00773684052981096
0.00661913535518257
0.00558753307198632
0.00459395030260293
0.00365549600516193
0.00281817956706674
0.00208589529742346
0.00146399022719612
0.000950173077347119
0.000400440114199566
-0.00017393585663723
-0.000685058474628653
-0.00113931015715355
-0.0015129579282158
-0.00182510196850558
-0.00207288967775028
-0.002254955706442
-0.00237476155938904
-0.00243613030093566
0.0412347025894083
0.0422942161153132
0.0432728006601387
0.0441589646605744
0.044865607009283
0.0454261590758983
0.0459077486625778
0.0462345109238586
0.046475016058304
0.0466449144588388
0.0467317757092576
0.0336948262382346
0.0338688632206429
0.034066996343529
0.0329543686579526
0.0320032309533275
0.0304508856660293
0.0340412806274698
0.0339984549585376
0.0339334854735107
0.0345130861519593
0.0347885484341354
0.034370508599435
0.0333476646328558
0.0318450534247769
0.0296160589438288
0.026886802079632
0.0244930288675246
0.0223681738630613
0.0203054744728291
0.0185773780342801
0.0171204006963258
0.016001898848611
0.0152306161652299
0.0147545614600276
0.0144936947965908
0.033216941522712
0.0311911449011649
0.0276655766404711
0.0233770152514389
0.0192903667394228
0.0151466826319954
0.0338956428667507
0.0338078709087977
0.0336583429051997
0.0132541230675127
0.0114379015570444
0.00988655732995419
0.00856439503566003
0.00738671324787848
0.00638510853222057
0.00556409200464137
0.0048501995810054
0.00419957492660041
0.00361298733450589
0.00309933345007839
0.00265960230083012
0.00228191584778695
0.00194793056925419
0.00164709949790002
0.00137339331317466
0.00112280989364037
0.000889396115110752
0.000663219069837124
0.000449418964234621
0.00022832737968037
9.55331139534698e-06
-0.000209723552796776
-0.00044341574147755
-0.00062176117785349
-0.000846448577506615
-0.00104386694438869
-0.00122875415960775
-0.00138809571706399
-0.00151287256550056
-0.00161329318245949
-0.00168845482364948
-0.00172944070173485
-0.00175729989982971
0.0130920218158738
0.0112811787885049
0.009720207743069
0.00812074117046857
0.0066375059548377
0.00530788492420552
0.0041742620959065
0.00308858553987999
0.002122251827047
0.00123602692310231
0.000433939841785376
-0.000303845693685333
-0.000985759815348103
-0.00160036762702938
-0.00214571128995257
-0.00265715481576706
-0.00310790876048526
-0.00348679645870934
-0.00380706911709447
-0.00407747497348685
-0.00429286058717792
-0.00444281335449689
-0.00452188391959276
0.0337743352603206
0.033413439063902
0.0326420951013547
0.0315728813700491
0.0303106127251304
0.028928495266656
0.0274896044665213
0.0261198606540503
0.0249132223994143
0.0239021523728369
0.0231152641746446
0.0225793654947194
0.0223000365393521
0.0327188751533755
0.0312817149480697
0.0294218234758236
0.0273625117373332
0.0251701884136881
0.0229922811369131
0.0210125631498772
0.0191664198421943
0.0171900138619208
0.015154835423842
0.0132180256827837
0.0115136514199013
0.010032334135208
0.00868589088202201
0.00751752722408934
0.00651084821207991
0.00568598484598266
0.00501766944676319
0.00440010781482603
0.00359874319520623
0.00266773236624216
0.00187047437082006
0.00103057712208729
0.000316630802613052
-0.000348220701690823
-0.000996499720791025
-0.00161139833120973
-0.00216433491028364
-0.00263351191810266
-0.00301990131489553
-0.00334969265207225
-0.00363817021950713
-0.00386425263159741
-0.00405767509146948
-0.00422534333836195
-0.00433639389317868
-0.00439484595901262
0.0294690756385723
0.0281943785780933
0.026725004225304
0.0249900056978012
0.0233136533656329
0.0213888595566651
0.0196289291075641
0.018107617580343
0.0165166686400536
0.0150795660171073
0.0140856919291186
0.0126629821570263
0.0117600637847271
0.0106894038016481
0.00962622231109545
0.00885237454529082
0.00836869466478872
0.00788789077617492
0.00748654789667345
0.00719477226027252
0.00699513190612526
0.00689972373055516
0.0297189844030157
0.0286573779728041
0.0273108587650024
0.0257435514885302
0.0241062467989948
0.0224804230805741
0.0209033890480328
0.0193014159933588
0.0179635412673148
0.0166381711554403
0.0153479729464355
0.0141495022850083
0.0125429667352037
0.0110174625831068
0.00969353713863279
0.00853028655580101
0.00754137092292795
0.006677693388249
0.00598365967344323
0.00529453555923308
0.00469435224754665
0.00421074529352473
0.00383353601806702
0.00354727768580235
0.0033621029316393
0.003263854185678
0.0323324672865448
0.0320002700847786
0.0316926312548822
0.0320362109513239
0.0317179133622239
0.0317277289968976
0.0315785193685409
0.0314628807533584
0.0313373064380418
0.0316817671104778
0.0324102421772549
0.0339363618073339
0.0355475125467418
0.0369539625122645
0.0383374884844486
0.0396512768396684
0.040699490580483
0.0413239120802875
0.0414864467764046
0.0410577594463787
0.0399334197916257
0.0378648120848917
0.0340866718640385
0.0286702609968495
0.0240113243755282
0.0189612164892443
0.0153790530059621
0.0122019463327452
0.00972181937753383
0.00744918545902696
0.00557830720936739
0.00408064026130911
0.00279180461228891
0.00168805728785499
0.000756597973761924
-4.07167408538572e-05
-0.000669085661974886
-0.00118575821342568
-0.00166382253773338
-0.00201616768804358
-0.00226445021442823
-0.00242716072328256
-0.00251133139655488
0.0317399216395564
0.0325972058529312
0.0336871574503754
0.0348510573044582
0.0359949916885102
0.0371384065284327
0.0382511833250216
0.0393208313514114
0.0402523559960068
0.04103686974068
0.0416436147699498
0.0420514828759762
0.0422667412894017
0.0307349377617059
0.0300837222781059
0.0288798453415623
0.0280832150598355
0.027045287538848
0.0257554169197761
0.0283398613575798
0.0270591873542301
0.024936734767762
0.022596538015931
0.0201643962207686
0.017727835458934
0.0154623406258216
0.013412289304711
0.0115369141758618
0.0098824725710542
0.00839636160822931
0.00704813415450216
0.0058477636324094
0.00474874497909481
0.00376640728465796
0.00288796817566171
0.002115798421159
0.0014216869104643
0.000828245680866594
0.00032337559649969
-0.000114788830459692
-0.000533442608668775
-0.000902886559181212
-0.00120067709254797
-0.00142258888618713
-0.00155728215806475
-0.00163529584456236
0.0241947778348307
0.0221086782273127
0.0196144744641444
0.0170613430045958
0.0149004142955318
0.0129162753132923
0.0109928505533165
0.00938899139321574
0.0080995196043404
0.00677454816814423
0.00549333169525525
0.00432968960843606
0.00336659567111677
0.00260970054097311
0.00183820357686508
0.00115353747856858
0.000538794072148934
1.52054572499636e-05
-0.000417918885508894
-0.000721837736916225
-0.000960821114204957
-0.00117792380716712
-0.00133979408861709
-0.00141524007833712
0.0248081802183102
0.0235764099197017
0.0223298241891934
0.0209805029605077
0.0197991601690144
0.0185852792125341
0.0174908048333683
0.0166827253107698
0.016010288556584
0.0154266051995299
0.0150245972106212
0.01478867000389
0.0320314631991162
0.0327672415628272
0.0339227926065577
0.0354910153599308
0.0370548272002379
0.038385089520267
0.0396687147220759
0.040849692903471
0.0418288805157312
0.0426458216468526
0.0432524542805582
0.0435586705231933
0.0435365622506317
0.0431218290200096
0.0421833577484516
0.0407363619659829
0.0389051462933015
0.0367616035182479
0.0344677225241885
0.0323028076159561
0.0305537267579519
0.02932880813802
0.0285887616335824
0.0318101760847487
0.0322020277149284
0.0329098232634165
0.0339594533933036
0.0351749895382616
0.0362844018943697
0.0371329232805323
0.0376152554680002
0.0376077067825578
0.0370045892745064
0.0357265793329879
0.0338380422478875
0.0312928652465864
0.0282232967713619
0.0250782851744898
0.0221095413713385
0.0193843087807093
0.016918772408729
0.0147272290171787
0.012829925778624
0.0111762462980075
0.00973873170465182
0.00852404295655614
0.00745023310402575
0.00634750762351692
0.00529214450775726
0.00436322692263745
0.00355409065337375
0.00288100529798175
0.00232314382081672
0.00186066561145993
0.00150869186917913
0.00123528395699993
0.00106858563203284
0.000977342573386645
0.0361597582413027
0.0366944831763386
0.0369627728600726
0.0356783199117701
0.0357133833831218
0.0357101338483537
0.0389474473503461
0.0402417365677049
0.0407836649214652
0.0406750123071647
0.0401568474418499
0.0393614365104781
0.0384999074606366
0.0377913563747554
0.037389682494996
0.0344233924387502
0.0307494902261627
0.0260850433867632
0.0208712452508333
0.0179856402060242
0.0155705037523863
0.0132682912844344
0.0112003243904582
0.00943018590332456
0.00783546444901476
0.00642323514577169
0.00516988633170635
0.00404727620546521
0.00304179113920077
0.00213016108937104
0.00130890422584358
0.000579997622618217
-4.98566633172797e-05
-0.000594077684624806
-0.00111634122962062
-0.00162888867010269
-0.00208369715672183
-0.00248889357711174
-0.0028418027939681
-0.00313570821791703
-0.00337552044629593
-0.00356959158021286
-0.00371381787852728
-0.0038083491414758
-0.00385717054903964
0.0189729943447425
0.0174660924081588
0.0163381998042534
0.0152136345513138
0.0146961206321505
0.0143285690155972
0.025414459161694
0.023848376742084
0.0215802969015307
0.0189669369927561
0.0163884422066899
0.0140124973334042
0.0118900971467401
0.0100031997346199
0.00828825522755973
0.00673271790890838
0.00538082335373911
0.00422284170759043
0.00315322964325277
0.00214833412704901
0.00125134625630751
0.000436261517132949
-0.000309398738300588
-0.000990491425859713
-0.00161043049221394
-0.00217168872772175
-0.00267698319398781
-0.00313005481155478
-0.00353094652727109
-0.00387713564828336
-0.00416747329261547
-0.00440104725129537
-0.00457639738547596
-0.0046924993857135
-0.00475211380956985
0.0247425808103318
0.0229371292222311
0.0207612910421256
0.0184769790259194
0.0162639148438194
0.0143618191097386
0.0126791889509705
0.0110039574397946
0.00943195693703239
0.00810877320065003
0.00699696611878936
0.00595898474684011
0.00493013782739071
0.0038391083773356
0.00282156624059719
0.00192785888498516
0.00111900721007083
0.000384690479702033
-0.00029019195236218
-0.000929895074546695
-0.00149093061878904
-0.00206766687114463
-0.00244342707951705
-0.00281713142656996
-0.00324791902038515
-0.00362087967037596
-0.00395836272692561
-0.0042614211660654
-0.00449698068759498
-0.00467906073487525
-0.00480160265421261
-0.00486635400009669
0.0289026901381871
0.0277828791301095
0.0265110336266508
0.0251557855987396
0.0235788119890892
0.0299960992014898
0.0309986491237802
0.0327289318013453
0.0342491476254669
0.0357978955224997
0.0372862459684457
0.0383643080943064
0.0392111272089463
0.0398798804078352
0.040251839031919
0.040167712585779
0.0396320739440784
0.0386181627423253
0.0371203328075518
0.035203050833635
0.0329997032174423
0.0306178067180947
0.0283905821144132
0.0255836570531581
0.0230097962504207
0.0210068391916242
0.0193245147304972
0.0179671188215342
0.0170046407383155
0.0164137251717457
0.0160848825285755
0.0219323880093716
0.0190396637728791
0.0152234425681058
0.0228475842852519
0.0214798448289109
0.019600191385262
0.0173827811685783
0.0132229260527331
0.0117950839129232
0.0107316016647287
0.0138483520929432
0.0125722769763909
0.0112397470477396
0.010178334977644
0.00877401110766464
0.010264804540814
0.00927641499282979
0.00793082202118939
0.00652733123905695
0.00963965012457128
0.00864157604947638
0.00763544177346591
0.00584287414336457
0.00508661146927135
0.00429748736375144
0.0036171816588886
0.00293597094762003
0.00227438328486399
0.00167962137656174
0.00108703772551792
0.000522324464125051
-3.79616789130688e-06
-0.000491396274260935
-0.00100669313261079
0.00576908856176539
0.00499700233360659
0.00419154579737901
0.0036054744748604
0.00287042118002997
0.00231628423002595
0.00166541415058878
0.00103536916707576
0.000505077433427794
-4.83870234222732e-07
-0.000496618005340444
-0.000976624186943251
-0.00139745774912518
-0.00178853177297402
-0.00221894516349513
-0.00259855922469295
-0.00298418736201054
-0.00330920272942652
-0.00361117348630343
-0.00387859798716739
-0.00409270274073873
-0.00427143352208962
-0.00441030921192725
-0.00449537793568745
-0.00453825154789209
-0.0012720666839617
-0.00151363947659582
-0.00172027539284501
-0.00187024120819081
-0.00200482830679476
-0.00208698303915477
-0.00213253774779237
-0.00120962107372907
-0.00139803352449459
-0.00158333698899059
-0.00175783281081445
-0.00193538820065204
-0.00212223566098583
-0.00231504109241443
-0.00251386162424649
-0.00271308193641831
-0.00290735878464219
-0.00310194988149935
-0.00329005990079866
-0.00346059089648361
-0.00360294400195129
-0.00371468046040051
-0.00380260943539655
-0.00386369140879525
-0.0038946809554907
0.00716622227356869
0.00661189608356472
0.00595405556955707
0.00520524716565761
0.00443854543032125
0.00370474285018689
0.00300224542403791
0.00233002677515597
0.00168731337510242
0.00107334145478929
0.000487246235530711
-7.23175055447567e-05
-0.000606644038451985
-0.00114283188046389
0.00719210597291115
0.00673377165100433
0.00627191499438534
0.00581606135957163
0.00541740698624416
0.0050321187860761
0.0046644756799027
0.00432663745179513
0.00401162327491187
0.00369226946393331
0.00336551055982707
0.00306296094608444
0.00281043892883293
0.00260270978118119
0.00244454753898367
0.00231936166333656
0.00223888117999498
0.00219378340600973
-0.00149602021663483
-0.00181857188738524
-0.00211738494915411
-0.00244164619967703
-0.00273348603307118
-0.00298823815578333
-0.00329315333573674
-0.00365305681799983
-0.00399451299387807
-0.00428689219586502
-0.00453445098013095
-0.00475051580119442
-0.00494663497016134
-0.00511711770743389
-0.00525289953466967
-0.0053483675848188
-0.00541165507226939
-0.0054469915931513
-0.00139027034782448
-0.00160792002682536
-0.00180004157245157
-0.00197195504422123
-0.00212925864182939
-0.00227517067143345
-0.00240503046722298
-0.00251083791635903
-0.00259000788769147
-0.0026425794464174
-0.00266962158752776
0.00788409087334218
0.00691832417761791
0.00589252613374839
0.00495271162386901
0.00409320893655614
0.00326922632259464
0.00251312269466926
0.00175454352504775
0.00105155496326995
0.00039176019006176
-0.000267101039652955
0.0080375780742963
0.00722209333954655
0.00652234501057716
0.00579146012244028
0.00521642508260058
0.00459155353602801
0.00408309073108518
0.00365855875887859
0.00326743112446279
0.00304577865695668
0.00283272490018199
0.00269880664547526
0.00263161664660796
-0.000585634123053809
-0.000857495081854826
-0.00109089307106226
-0.00131771925486906
-0.00149831855567773
-0.00165061974975831
-0.00175811826486849
-0.0018383342936432
-0.00188538966311992
-0.000635695042110689
-0.000982405748738043
-0.00131077368976066
-0.0016252631086875
-0.00192964307425026
-0.00222342034261625
-0.00250746445418529
-0.00278750148994253
-0.00305755871410272
-0.00331552763517799
-0.00357264357895154
-0.00381486129874861
-0.00404128889173455
-0.0042562395070961
-0.00445837991644502
-0.00465364464282746
-0.00483663614041014
-0.00499470150600115
-0.00511673451827038
-0.00521172592878182
-0.00527747141859284
-0.00531056380575006
0.0163423048165787
0.0150994810812981
0.0137797511039522
0.0125065716701595
0.0112981135464507
0.0101249454568736
0.0088983365005599
0.00776665782998148
0.00698224062682547
0.00602329798466477
0.00496977914854153
0.0040956237939576
0.00323570344892972
0.00236918174827308
0.00158279897216781
0.000796679770547769
0.016358526825366
0.0152480509652465
0.0141421862091923
0.0130818970011187
0.0120491508014444
0.0110258276620124
0.0099885778535562
0.00893456923974159
0.00792012606512718
0.00700099297626635
0.00621233848593565
0.00555408208150442
0.00496022157337008
0.00427695441792174
0.000287999426187583
-0.00029360299782918
-0.000834435944811121
-0.00130972359495604
-0.00178114845920688
-0.00218804606701008
-0.00255367477625936
-0.00294228099179951
-0.00324276670237756
-0.00351056422649546
-0.00373324106069908
-0.00392426621675362
-0.00407598206671214
-0.00418876969400104
-0.004265124636766
-0.004305025188259
0.000353974008233855
-6.7088609915883e-05
-0.000490123483849314
-0.000860406908812955
-0.00117543686950288
-0.00149380466260558
-0.00177131930517803
-0.00199840788200731
-0.00218470236805032
-0.00234482137417253
-0.00248545769262681
-0.00260407525854233
-0.00269292888432203
-0.00274216449742343
0.0038144255670779
0.00342496830224249
0.00307359643804557
0.00273634293882001
0.00242794175975033
0.00214417598470397
0.00189744198123809
0.00167385153914912
0.00146233755829113
0.00127340887976976
0.00111598855999194
0.000986523706313819
0.000877160577810147
0.000783788430562733
0.00405280414299462
0.00383759073429271
0.00366450014801214
0.00350131524365227
0.00332613311602183
0.00317999754439183
0.00308024036247223
0.00300690024716049
0.00296898162358915
0.0029697251076879
0.00301043643972372
0.00308360157021068
0.00320020403254462
0.00335983972850976
0.00356404030503768
0.00380014435561517
0.00407537753309569
0.00440808528145839
0.00478292863369657
0.00520039489843956
0.0056699884466281
0.00620002750230875
0.00679822487158193
0.00746733911269606
0.00821943797875699
0.00909979535792951
0.0101217858754554
0.0112799984889272
0.0126631141639186
0.0142961403482122
0.0163404288915545
0.000788027432124309
0.000814403317994252
0.000866397763162931
0.00094821943844108
0.00106348923291744
0.00120206590565757
0.00134772698714405
0.00152120405397992
0.0017350047173686
0.00197322286838666
0.002248473341514
0.00255391985054436
0.00291305117789282
0.00336060550207659
0.00385049872139455
0.00437139818510165
0.00501771048032377
0.00578668086984012
0.0066478517776082
0.00757592853363974
0.00860921072902492
0.00983445597463547
0.0112309777728086
0.0127417984312749
0.0143955534134179
0.0162854671378072
0.000686123336037677
0.0006155553024909
0.000568997018484344
0.0188757937320482
0.0222730038012818
0.0263187502097706
0.0304954671435274
0.0344554064548987
0.0382542636800941
0.0163645734766878
0.0166050569222892
0.0168145880736602
0.0169750073194713
0.0407053011191327
0.0424602681932529
0.0435585022065002
0.0441119836328835
0.0396308577091994
0.0404916508726351
0.0408941979977742
0.0182565923173945
0.0205251587389295
0.0229668755959357
0.0256978671850582
0.0288241331775505
0.0321266359345964
0.0169592044140798
0.0179080236265085
0.0192092565001018
0.0208410440406439
0.0227906895197184
0.0248394237751686
0.0272626194711565
0.0297050375399783
0.0322533656834092
0.0348215794982029
0.0372774419695062
0.039663874544543
0.0418353305672894
0.0438159181505161
0.0454815128271993
0.0467556281434918
0.0477388040228356
0.0345595911857405
0.0366335625032487
0.0387289537930112
0.0406198239703948
0.0424418315999677
0.0440214953691856
0.0453260176593643
0.0463223069991341
0.0469944250896863
0.0473187912483726
0.0472802387418821
0.0467990606998136
0.0457541207036079
0.0440498331840455
0.0417300953453589
0.0390609406519042
0.0364976283806409
0.0345154643282202
0.0334073568654847
0.0330153414710201
0.0338019668085847
0.0345607197127019
0.0351613691037084
0.0355719189569681
0.0357906339280454
0.0479067048740813
0.0476773224038861
0.0469713880276336
0.0458200096933765
0.0442477496057536
0.0427265167107897
0.0417285884247346
0.0485031809309023
0.049009576979984
0.0492860028572606
0.0494013272341186
