0.05
0.0375463800132345
0.0349303571944112
0.0306564987357158
0.0359410236653899
0.0337596371698624
0.0316382868093982
0.0375240630019277
0.0355585345372089
0.0327679534503931
0.0313477669672544
0.0304862962487122
0.0298746849458866
0.0289403738061175
0.0273397025922341
0.0376618405304365
0.0333735355843906
0.0299334245175929
0.0296184252348249
0.0292206729076764
0.0290945617953823
0.0291429643813414
0.0292390598881902
0.0294408632748575
0.0299437687070451
0.0311680188766294
0.0329566723781576
0.0347994520961912
0.0366066552771011
0.0383440967790476
0.0399769102107566
0.0415357207138206
0.0374300952782968
0.0358774729540622
0.0339026842765583
0.0323787833492896
0.0311865287352077
0.030306816021871
0.0296315969689385
0.0289637571938596
0.0288059966391166
0.0270738674596918
0.025030929873732
0.0229175934462777
0.0202074993757586
0.0279593810075318
0.0255544293183037
0.023119621373825
0.0187352694153104
0.0171143387580084
0.0155128443941123
0.014124623451751
0.0127729467035936
0.0114782384531516
0.0103700276368239
0.00932739536814227
0.00832149080426496
0.00743789816165701
0.00661754840146039
0.00587023794339372
0.0051698097708655
0.00454557975226049
0.00399378766712397
0.00347244812305872
0.00299756310582796
0.00254344596424495
0.0020922028894506
0.0016543835786367
0.00125465591617159
0.000898080598615273
0.000590187297463735
0.00033263269541012
5.46730526494242e-05
-0.000236944645127403
-0.000496045006502581
-0.000724543597158698
-0.000909940003718588
-0.00106205657929357
-0.00118040329242395
-0.00126570863897769
-0.00132096708603975
-0.00134897138687756
0.0192874569653716
0.0185753578858483
0.0178328844130901
0.0170806351426843
0.0164208245223886
0.0158552160087433
0.0153352035917273
0.0149631229564995
0.0146779735872103
0.0144700529547771
0.0143615272518483
0.0218239073734921
0.0202059876274064
0.0180963046023758
0.0201768523384972
0.0165964357647671
0.0130314437868257
0.0175195369168411
0.016886268497765
0.0161868967659137
0.0167030903794147
0.0145915275692227
0.0121835228034735
0.0105084921881984
0.00907854416471726
0.007581020259013
0.00612909060465999
0.00500342604383856
0.00405934941072885
0.00316208416996021
0.00240763465563025
0.00176111425117851
0.00125438743430585
0.000898066003067825
0.000674693256694955
0.00055096124649306
0.0150550192202536
0.0134906798898026
0.0116835020497063
0.0100559126681134
0.00877825541405814
0.00767415349493221
0.0152983666048972
0.0144683093533602
0.0136113689365967
0.00710988687350586
0.00673723052054332
0.00662379038508535
0.0067718070206209
0.00721206983346358
0.00795599275416039
0.00896994439851027
0.0103147971234031
0.0121200620447761
0.0144711770544682
0.0173596739167269
0.0206644535127116
0.0242251266144198
0.0279202472983871
0.0315750286104215
0.0349772951053283
0.037894424601827
0.0401107469542737
0.0414009131925425
0.0414199734047016
0.0397455983368674
0.0360260325285728
0.0306003972078361
0.0242788328052267
0.0198548221260122
0.0150251598235618
0.0114226427382108
0.00849487290859237
0.00623644862847113
0.0045924905182888
0.00332482635721122
0.00239456138816907
0.00188992056820819
0.00154603123543595
0.00734464853952787
0.00725804970431384
0.00742351289204734
0.00792098279582345
0.00876104753803101
0.00996182840202535
0.0114782257184523
0.0135392122208425
0.0160583339389962
0.0190878481566836
0.0224986049538825
0.0261848375388641
0.0299850996784007
0.0336445638929541
0.0369988643139577
0.040150450632326
0.0428239636540878
0.0448883313459633
0.0464181441636189
0.047499311758648
0.0481935855686748
0.048580097910495
0.0487499185215464
0.0122426994400288
0.0109710480316863
0.00982771201397215
0.00882382937573174
0.00794181599905018
0.00715563798787692
0.00644945531301888
0.00584304787202504
0.00534422594369908
0.00494431800502028
0.00464153823861087
0.00443864001545141
0.00433378092978886
0.0124538741809068
0.0113303077581091
0.0102806051360734
0.00936673882164662
0.0085473953964668
0.0078276285486273
0.0072304360736485
0.00671417372288405
0.00620074429559257
0.00571389782420021
0.00529870929308181
0.00499246561943864
0.0047977551210411
0.00470693336408227
0.00472509731046304
0.00485273921034609
0.00508614689396384
0.00541446438711073
0.00587200636737015
0.00668720106433216
0.00789744138813665
0.00919426467824769
0.0109170217065874
0.0127636636322093
0.0148893071184274
0.0174302581754501
0.0203427005367757
0.023412749428035
0.0263488196822196
0.0289804705471364
0.0313691158746263
0.0335621733989777
0.0353469410053663
0.0369184691709688
0.038307702644873
0.0392363199152774
0.0397269187587362
0.0114607535037533
0.0100716484261866
0.00881576883182127
0.00756512542999776
0.00648574108634967
0.00533616089800915
0.00432730945102379
0.00346846577866418
0.00257027372719148
0.00174936411470962
0.00117349023228286
0.000334246314571929
-0.000208675358428451
-0.000864314326844797
-0.00152836698598985
-0.00201963184650588
-0.00232998563796761
-0.00264118313224154
-0.00290293306802513
-0.00309431731344101
-0.00322580415998029
-0.00328879047293183
0.011786188126735
0.0106108309582779
0.00949426046053088
0.00843870799281393
0.00748651404062038
0.00662892224304028
0.00584670199383183
0.00508054804685519
0.00445007879415159
0.00382584034525422
0.0032108708444392
0.00262885405509701
0.00183199589555978
0.00105790029103647
0.00037072106361297
-0.000245877883029584
-0.000779373632884792
-0.00125196054430945
-0.00163587707144949
-0.00202059019525558
-0.00235808204423602
-0.00263129227228809
-0.00284496015616064
-0.00300735917972821
-0.00311249904112122
-0.00316830584040089
0.0310233508000491
0.0303121461991855
0.029402179320106
0.0307720369826451
0.0300844933677239
0.0294572798521866
0.0289710490229899
0.0284309671247295
0.0277164234172794
0.0288806777979021
0.0282909597320758
0.0275536626725587
0.0267222337099154
0.0257827373383649
0.0245626170673795
0.0230314621361477
0.0213555614127487
0.0197493852215642
0.0181373315397904
0.0166605626009607
0.0153320401831107
0.0140449422372427
0.012503844608504
0.0107620943392903
0.00937438389511792
0.0078382886595809
0.00665370561474149
0.00549196506178997
0.00448433442806988
0.00345704448086217
0.0025180969657856
0.00169295978623896
0.000921245253885589
0.000209292295530916
-0.000431364107605842
-0.00101028995753673
-0.00148641508536381
-0.00189090263256976
-0.00227550252219486
-0.00256471353150438
-0.00277126119101791
-0.00290781056954752
-0.00297881572831175
0.0294048958156918
0.0318471280190116
0.0343202427127856
0.0364015976967769
0.0380156442839669
0.039330132188139
0.040420253936306
0.0413529229405553
0.0421042842238508
0.042706142036071
0.043157288099551
0.0434550336442568
0.0436106082749066
0.0234338573197304
0.0198390763388193
0.0159083657950384
0.0143047277350554
0.0127175661599922
0.0111126994956112
0.0144451618682642
0.0130014324348144
0.0115388964808129
0.0104290020705432
0.00960826848394951
0.00905470387439773
0.00878316932073199
0.00878270051097215
0.00905255962485339
0.00958183649868439
0.0103742075444298
0.011444177736167
0.0127720907704359
0.014393886597441
0.0162608622739042
0.0183390073996619
0.0205363434125746
0.0228398586336248
0.0250784150139695
0.0272019713222969
0.0292229483098914
0.0313029932661956
0.0332396779750184
0.0348623424148852
0.0361039024232914
0.0368689952328183
0.037316386481328
0.0101910490642463
0.00930864166198584
0.00850784861017838
0.00788462485541556
0.00750983143327234
0.00731906323535369
0.00732243722112655
0.00751842241059472
0.00784743523748613
0.00839854121572152
0.00920956606788009
0.0102729291424914
0.0114732933777594
0.0126833075630435
0.0142269922254545
0.0159208082169237
0.017756808818209
0.01959308168389
0.0213218692168302
0.0226525057702971
0.0237739053880023
0.0248534332495438
0.0256919157544456
0.0260912972939381
0.00951313268319439
0.00802133732414725
0.00679893612762602
0.00565044690192228
0.00473135753178657
0.00384179650265715
0.00306994933905751
0.00251185344128328
0.00205295044212503
0.00165704702537327
0.00138494633882168
0.00122535086745546
0.0292634917194347
0.02898607240181
0.0285026901782642
0.0276568279235973
0.0265382961884981
0.0253288843329163
0.0239037792477289
0.0223389563248829
0.0208054324094226
0.0192547501589272
0.0177147586647929
0.0163098716078314
0.015091589235798
0.0138554013287529
0.0126079747587036
0.0115032796640268
0.0105837328596935
0.00980249690507282
0.00914676774892857
0.0086264081307019
0.00825083210483593
0.0080050931918262
0.00786266097808974
0.0289528188508022
0.0282977176027096
0.027382846622454
0.0260442574739825
0.0243269000987042
0.0224488381231702
0.0205376456570837
0.0186321210196713
0.0167931628402475
0.0150531650162111
0.0134194346699376
0.0119445708673638
0.0105220952631622
0.00915060664191166
0.00790893591856024
0.00679197298245418
0.00576696141206471
0.00481292429109326
0.00392604719171502
0.00311668365175929
0.00237111772911326
0.00168615900937594
0.0010748626484912
0.000503751514712802
-0.000114571891365641
-0.000732610421434761
-0.00129802448975981
-0.0018077216685538
-0.00224430706792041
-0.00261506137743625
-0.00292868762450303
-0.00317118874364403
-0.00336191450712528
-0.00347917965756163
-0.00354371047487327
0.0256392579938249
0.0233899159191413
0.0204268498501739
0.0281627789463991
0.0288346724013595
0.0291884771647655
0.0188512634447541
0.0172612477569944
0.0158170149746218
0.0145629001086809
0.013624423928091
0.0128464733022101
0.0122643062373416
0.0118837104527202
0.0116939741654251
0.0175140372368106
0.0149751669561264
0.0126371385834176
0.0104054177839452
0.00931290360021035
0.008426529755824
0.00759269054558772
0.00684790225925748
0.00621318830832376
0.00564561111232881
0.00514994691772267
0.00472039437030352
0.0043499958669764
0.00403702400144813
0.00377706033142841
0.00357198944375996
0.0034245545937484
0.00333623068562139
0.00330172288362697
0.0033163361789066
0.00338459133624815
0.0034994796247262
0.00365609904431158
0.00384437405944904
0.00404576981897098
0.0042454658379575
0.00443384689236361
0.00459105476006577
0.00470273551336814
0.00476334328291801
0.00953343513476689
0.00886949985312786
0.00838119204671263
0.00789799046484742
0.00767565565440381
0.00751751611391344
0.0421750410992493
0.0426505223306523
0.0427928989012544
0.0423327642785644
0.0409802310329552
0.0384957059428064
0.0348773620382999
0.0305018749518642
0.0258924806651144
0.0216087037858296
0.0180783166465495
0.0153068775436942
0.0129908819900486
0.0110330677710889
0.00945428440433629
0.00814637746564515
0.00704478667148851
0.00610891725367287
0.00530865204385214
0.00462161262330988
0.00403012377109529
0.0035192297975327
0.00308095586121793
0.00271188644318605
0.00240847852743713
0.00216812522668613
0.00198973791340244
0.00187255466843398
0.00181267283062128
0.0423993998062554
0.042981153388116
0.0433193757408768
0.043280643794876
0.0427209546136785
0.0415989103677764
0.0398515967203125
0.0371177218812379
0.033467744250606
0.0296742251837185
0.0261871279349281
0.0228993000579237
0.0198002344311114
0.0167805967328472
0.0142280330329933
0.0122018787725664
0.0105423425352717
0.00916966331208664
0.00800866405113178
0.00698715228662163
0.00614725584603836
0.00533352074784631
0.00482661581975738
0.00434079728309442
0.00380419767385313
0.00335784345099775
0.00296552775823217
0.00262136449206731
0.00235868391747803
0.00215841835918245
0.0020249516413368
0.00195486057988025
0.0280953194510818
0.0268464301180343
0.0253749276044619
0.0238055952863316
0.0220224547233105
0.0287385069379887
0.0282190314325951
0.0273619333613105
0.0264745279027721
0.0253196893635498
0.0238576573248453
0.0224533925765413
0.0209638229111041
0.0192733410262129
0.0174050838938266
0.0158052262331789
0.0142994825738803
0.0129010568166314
0.0116112728720145
0.0104445985585708
0.00940487479261979
0.00846770906591437
0.00768758585162355
0.00677318331406326
0.00595857014557505
0.0053242233617821
0.00478355616375723
0.00433785070039081
0.00401490536965841
0.00381327049820689
0.00369970034034046
0.0203228182990782
0.0174160837834273
0.0136465590528628
0.0211099994941793
0.0195736306633814
0.0175951731206519
0.0153662496341037
0.011698614296063
0.0103175420839506
0.00929452045581035
0.0122761867566675
0.0110341499306296
0.00975850751690313
0.00875415692298647
0.0074383659672317
0.00892287611685482
0.00816610307819587
0.00715964566396536
0.00612899479319472
0.00820020760947393
0.0072064898182206
0.0062099436443961
0.00575504474999653
0.00535985965152153
0.00495832611708436
0.00461480950801126
0.00426861067897412
0.00392742467349467
0.00361798894332872
0.00331424758718628
0.00304411028331979
0.00283158207833106
0.00269426931959362
0.00264055355935209
0.0054693344648405
0.00480035382058475
0.00410479445723931
0.00359972166141347
0.00296691905200255
0.0024895367264055
0.00192748063826832
0.00138047874833759
0.000916343274846285
0.000469292509894565
2.48250951567258e-05
-0.000412214537003366
-0.000802627453679162
-0.00117261964875735
-0.00158796094011939
-0.00196089069088018
-0.00234608813441954
-0.00267548212954368
-0.0029851616039522
-0.00326198465763444
-0.00348506118801923
-0.00367210608828693
-0.00381787110497216
-0.00390731685284619
-0.00395243936089929
0.00181281303850552
0.00109847044774027
0.000516300396767533
0.000109292576337438
-0.000244539503372493
-0.000455736122264492
-0.000571156923246692
0.00350387246325397
0.00447531988072438
0.00560277181647647
0.00681743427817887
0.00819873891439583
0.00980441054795403
0.0116222985774754
0.0136682583215716
0.0158917382555438
0.0182209984174506
0.0207011384507345
0.0232212788354507
0.0255923350387844
0.0276210249585141
0.0292367285075231
0.0305183672725952
0.0314118640697357
0.0318656060763364
0.00578327487207474
0.00528416113448379
0.00469685918243055
0.00403302073660284
0.00335720181033975
0.00271351134774405
0.00209976401918769
0.00151440873984243
0.000956242562537546
0.000424187412127709
-8.2825148799479e-05
-0.000566210074121606
-0.00102730261772332
-0.00148968097323027
0.00573354304366047
0.00524100983255554
0.00474451082975438
0.00425416898219121
0.00382501305182157
0.00340984503558902
0.0030132276331303
0.00264829321228537
0.00230757777919182
0.00196175896438055
0.00160753951197634
0.00127924804964221
0.00100501089573187
0.000779255516163465
0.000607265630256815
0.000471069716375753
0.000383481838123255
0.000334390539970714
-0.00172153144770216
-0.00192939034112208
-0.00212010868127734
-0.00232643600021047
-0.00251325231583209
-0.00267868122736703
-0.00288074842922894
-0.00312555475064532
-0.00336477900346985
-0.00357574551542829
-0.00375917470253588
-0.00392300724598628
-0.00407476316503867
-0.00420899508554465
-0.00431739603709642
-0.00439437801295274
-0.00444576120825104
-0.00447458013686359
-0.00176168685996396
-0.00200530688464468
-0.00222405323142004
-0.00242295435978174
-0.00260767208702816
-0.00278129759772629
-0.00293755535859179
-0.00306602728131325
-0.0031628345706456
-0.00322744385928882
-0.00326078294938149
0.00670410607795017
0.00592022447680015
0.00510047959451896
0.0043606715652448
0.00369358200095238
0.00306318645958977
0.00249371337169221
0.00193292307512864
0.00142522145805198
0.000962086738078372
0.000515220986431459
0.00665897296819107
0.00579657498847691
0.00505628199948984
0.00428221595905158
0.00367229509395344
0.00300834044922106
0.00246704481557126
0.00201431178589344
0.00159650325120486
0.00135944800214692
0.00113136159987538
0.000987885473881065
0.00091586690846651
-1.07175385859232e-05
-0.000465619995878594
-0.000859857487962131
-0.0012459044060517
-0.00155501918836542
-0.00181678151455931
-0.00200206009243436
-0.00214058640940944
-0.00222195357547503
0.000541091303389191
0.000594230331064754
0.000670117768146463
0.000765597163749836
0.000878787265774512
0.00100736755946068
0.00115040570527051
0.00131101764216972
0.00148685550070922
0.00167729215035248
0.00189296327247989
0.00212443103438437
0.00237099102590219
0.00263809260277485
0.0029239598387598
0.00323499826636774
0.0035590236847806
0.0038667481715933
0.0041235045094581
0.00433602037009526
0.00449006364631866
0.00456983691570199
0.0143291201123573
0.0131265622330464
0.0118748989729771
0.0106838645600579
0.00956379396650607
0.00848329912779222
0.00735875796984518
0.00632449932805664
0.00560887607245197
0.00473512130912711
0.00377607674589593
0.00298060443851413
0.0021980487338983
0.00140914070220175
0.00069261097032462
-2.44752978572725e-05
0.0143761159892367
0.0133365978722823
0.0123249455024098
0.0113715402519654
0.010455380350558
0.00955783636873748
0.00865742311311528
0.00775168440662906
0.00688889389024199
0.00611531307705636
0.00545839231701056
0.00491550521211044
0.00443046294289515
0.00387848834934631
-0.000483603421347099
-0.00100966489074066
-0.00150028946136776
-0.00193299258096283
-0.00236397345637315
-0.00273768017625675
-0.0030750539633451
-0.00343548691321025
-0.00371558722174671
-0.00396633495955644
-0.00417567101780332
-0.00435588460791663
-0.00449943934946697
-0.00460640952052425
-0.00467895103647928
-0.00471690076007948
-0.000433341866662301
-0.000823575088971123
-0.00121703809778659
-0.00156269185280321
-0.00185779275510381
-0.00215708810726647
-0.00241891555810052
-0.00263386704347693
-0.0028107122815839
-0.00296310006386157
-0.00309725662788731
-0.00321063960952511
-0.00329571088667409
-0.00334290137421919
0.00349199891614231
0.00317183486745126
0.00288812998758222
0.002621481762749
0.00238372277121121
0.00217153691212509
0.00199374295718117
0.00183982129470118
0.0017028887877937
0.00159084323873079
0.00150866348834567
0.00145314672569509
0.00142056617993215
0.0014116490979092
0.00371769232832437
0.00357358248739935
0.00346931394491237
0.0033865044742532
0.00331947483453188
0.00329041391448244
0.00330253482115491
0.00336033448151781
0.00346759845702218
0.00362462429485668
0.00383706223029272
0.00408209374317574
0.00440018235472978
0.00478649436134656
0.00524603122605755
0.00575460772484995
0.00633223477094742
0.00701999796421645
0.00778953797203199
0.00864586512254118
0.00961237365618811
0.010710170761906
0.0119590322105274
0.0133671933705507
0.0149592290537333
0.0168233576113445
0.0189641229032298
0.0213212220359548
0.0239927065540327
0.0269100090070708
0.0302321830322854
0.00150973338861367
0.00164216338634999
0.0018146349838799
0.00203342100398384
0.00230265370728439
0.00259858534304168
0.00289203923196418
0.0032277017522506
0.0036291615507111
0.00406749429996279
0.00456774440318095
0.0051193100510968
0.00576647174849339
0.00657399079635527
0.00746100911117095
0.00840820653709701
0.00958837656621936
0.0109964385934203
0.0125715601782373
0.0142566323690935
0.0161041502027027
0.0182380467056667
0.0205727803435824
0.0229634789831301
0.0254130497291446
0.0280126541201949
0.0013047942316324
0.00122749136088471
0.00117644499369381
0.030796107451802
0.0341590178901383
0.0378631143890969
0.0413821290083549
0.0443781932052234
0.0468763180893407
0.0287756455623526
0.029680184215683
0.0302684934681746
0.0306564553986312
0.0481154062626147
0.0487971004515224
0.0491346353309173
0.0492781755913534
0.0478368228501383
0.0483511178518879
0.0485687769324056
0.0327271850588016
0.0353872574813087
0.0379649386730651
0.04052791118418
0.0430388529129862
0.0451762804675166
0.0314964074185648
0.0329620191520834
0.0346632790687589
0.0365292223964097
0.0384842156427975
0.0402668739831189
0.042041124978256
0.0434493117542439
0.0444710659712606
0.0449517540192203
0.0447379997618556
0.0436028104222798
0.0412530150072511
0.0372704669053724
0.0319260919379659
0.0262691886303008
0.020522309940018
0.0455044680165527
0.0452599431138159
0.0443148548885157
0.0425296590219105
0.0394799673972948
0.0352721982305524
0.0303777693479272
0.0254945072122106
0.0210743971337909
0.0173691797828767
0.0142495160112556
0.0116504675677256
0.00954368350862552
0.00789247169653872
0.00663200551123792
0.00569327727545567
0.00502747865950207
0.00460283418168884
0.00438969997789875
0.0465409156105002
0.047429910828683
0.0480818204508672
0.0484943117014331
0.0487340085707098
0.0488491381267105
0.0167404864697126
0.0133079209342949
0.0105775244775913
0.0086195454534913
0.00717325373421026
0.006267638728579
0.00581106448447176
0.0170847642304148
0.0142692260027389
0.0124060426819162
0.0115107994827029
