7.20920533785305e-05
7.20920533785305e-05
7.20920533785306e-05
7.20920533785306e-05
7.20920533785306e-05
7.20920533785306e-05
7.20920533785307e-05
7.20920533785306e-05
7.20920533785306e-05
7.20920533785307e-05
7.20920533785308e-05
7.20920533785309e-05
7.20920533785309e-05
7.2092053378531e-05
7.2092053378531e-05
7.20920533785305e-05
7.20920533785305e-05
7.20920533785304e-05
7.20920533785303e-05
7.20920533785304e-05
7.20920533785304e-05
7.20920533785304e-05
7.20920533785304e-05
7.20920533785304e-05
7.20920533785305e-05
7.20920533785305e-05
7.20920533785306e-05
7.20920533785307e-05
7.20920533785307e-05
7.20920533785308e-05
7.20920533785309e-05
7.20920533785309e-05
7.20920533785305e-05
7.20920533785305e-05
7.20920533785305e-05
7.20920533785305e-05
7.20920533785305e-05
7.20920533785305e-05
7.20920533785305e-05
7.20920533785305e-05
7.20920533785307e-05
7.20920533785308e-05
7.2092053378531e-05
7.20920533785311e-05
7.20920533785312e-05
7.20920533785307e-05
7.20920533785307e-05
7.20920533785308e-05
7.20920533785313e-05
7.20920533785313e-05
7.20920533785313e-05
7.20920533785314e-05
7.20920533785314e-05
7.20920533785315e-05
7.20920533785315e-05
7.20920533785316e-05
7.20920533785316e-05
7.20920533785316e-05
7.20920533785316e-05
7.20920533785316e-05
7.20920533785317e-05
7.20920533785317e-05
7.20920533785317e-05
7.20920533785317e-05
7.20920533785317e-05
7.20920533785318e-05
7.20920533785318e-05
7.20920533785318e-05
7.20920533785318e-05
7.20920533785318e-05
7.20920533785318e-05
7.20920533785317e-05
7.20920533785317e-05
7.20920533785317e-05
7.20920533785317e-05
7.20920533785317e-05
7.20920533785318e-05
7.20920533785318e-05
7.20920533785318e-05
7.20920533785318e-05
7.20920533785318e-05
7.20920533785318e-05
7.20920533785314e-05
7.20920533785314e-05
7.20920533785315e-05
7.20920533785315e-05
7.20920533785316e-05
7.20920533785316e-05
7.20920533785317e-05
7.20920533785316e-05
7.20920533785316e-05
7.20920533785316e-05
7.20920533785316e-05
7.20920533785308e-05
7.20920533785309e-05
7.2092053378531e-05
7.20920533785308e-05
7.20920533785309e-05
7.2092053378531e-05
7.2092053378531e-05
7.20920533785312e-05
7.20920533785312e-05
7.20920533785311e-05
7.20920533785312e-05
7.20920533785313e-05
7.20920533785313e-05
7.20920533785313e-05
7.20920533785313e-05
7.20920533785313e-05
7.20920533785313e-05
7.20920533785313e-05
7.20920533785313e-05
7.20920533785314e-05
7.20920533785314e-05
7.20920533785315e-05
7.20920533785315e-05
7.20920533785315e-05
7.20920533785315e-05
7.20920533785313e-05
7.20920533785314e-05
7.20920533785316e-05
7.20920533785317e-05
7.20920533785319e-05
7.2092053378532e-05
7.20920533785312e-05
7.20920533785313e-05
7.20920533785314e-05
7.20920533785322e-05
7.20920533785323e-05
7.20920533785324e-05
7.20920533785325e-05
7.20920533785326e-05
7.20920533785327e-05
7.20920533785328e-05
7.20920533785328e-05
7.20920533785328e-05
7.20920533785328e-05
7.20920533785328e-05
7.20920533785327e-05
7.20920533785327e-05
7.20920533785327e-05
7.20920533785327e-05
7.20920533785326e-05
7.20920533785326e-05
7.20920533785326e-05
7.20920533785326e-05
7.20920533785326e-05
7.20920533785326e-05
7.20920533785326e-05
7.20920533785326e-05
7.20920533785326e-05
7.20920533785327e-05
7.20920533785328e-05
7.20920533785328e-05
7.20920533785329e-05
7.2092053378533e-05
7.2092053378533e-05
7.2092053378533e-05
7.2092053378533e-05
7.20920533785331e-05
7.2092053378533e-05
7.20920533785321e-05
7.20920533785321e-05
7.20920533785321e-05
7.20920533785322e-05
7.20920533785322e-05
7.20920533785323e-05
7.20920533785324e-05
7.20920533785325e-05
7.20920533785326e-05
7.20920533785326e-05
7.20920533785326e-05
7.20920533785327e-05
7.20920533785327e-05
7.20920533785327e-05
7.20920533785328e-05
7.20920533785328e-05
7.20920533785328e-05
7.20920533785328e-05
7.20920533785328e-05
7.20920533785328e-05
7.20920533785329e-05
7.20920533785329e-05
7.20920533785329e-05
7.20920533785315e-05
7.20920533785315e-05
7.20920533785316e-05
7.20920533785316e-05
7.20920533785316e-05
7.20920533785317e-05
7.20920533785317e-05
7.20920533785318e-05
7.20920533785318e-05
7.20920533785319e-05
7.20920533785319e-05
7.20920533785319e-05
7.20920533785319e-05
7.20920533785315e-05
7.20920533785316e-05
7.20920533785317e-05
7.20920533785318e-05
7.20920533785319e-05
7.2092053378532e-05
7.2092053378532e-05
7.2092053378532e-05
7.20920533785321e-05
7.20920533785321e-05
7.2092053378532e-05
7.2092053378532e-05
7.2092053378532e-05
7.2092053378532e-05
7.2092053378532e-05
7.2092053378532e-05
7.2092053378532e-05
7.2092053378532e-05
7.2092053378532e-05
7.2092053378532e-05
7.20920533785321e-05
7.20920533785321e-05
7.20920533785321e-05
7.20920533785322e-05
7.20920533785322e-05
7.20920533785322e-05
7.20920533785323e-05
7.20920533785323e-05
7.20920533785324e-05
7.20920533785324e-05
7.20920533785324e-05
7.20920533785324e-05
7.20920533785324e-05
7.20920533785324e-05
7.20920533785325e-05
7.20920533785325e-05
7.20920533785325e-05
7.2092053378531e-05
7.20920533785309e-05
7.20920533785309e-05
7.20920533785309e-05
7.20920533785309e-05
7.20920533785309e-05
7.20920533785309e-05
7.20920533785309e-05
7.20920533785309e-05
7.2092053378531e-05
7.2092053378531e-05
7.20920533785311e-05
7.20920533785311e-05
7.20920533785312e-05
7.20920533785312e-05
7.20920533785313e-05
7.20920533785313e-05
7.20920533785313e-05
7.20920533785313e-05
7.20920533785313e-05
7.20920533785312e-05
7.20920533785312e-05
7.20920533785311e-05
7.20920533785311e-05
7.20920533785312e-05
7.20920533785312e-05
7.20920533785312e-05
7.20920533785312e-05
7.20920533785312e-05
7.20920533785311e-05
7.20920533785312e-05
7.20920533785312e-05
7.20920533785312e-05
7.20920533785312e-05
7.20920533785312e-05
7.20920533785312e-05
7.20920533785313e-05
7.20920533785313e-05
7.20920533785313e-05
7.20920533785314e-05
7.20920533785314e-05
7.20920533785313e-05
7.20920533785313e-05
7.20920533785313e-05
7.20920533785313e-05
7.20920533785313e-05
7.20920533785313e-05
7.20920533785312e-05
7.20920533785308e-05
7.20920533785308e-05
7.20920533785309e-05
7.20920533785309e-05
7.2092053378531e-05
7.2092053378531e-05
7.20920533785309e-05
7.20920533785309e-05
7.2092053378531e-05
7.20920533785309e-05
7.20920533785309e-05
7.2092053378531e-05
7.20920533785311e-05
7.20920533785312e-05
7.20920533785313e-05
7.20920533785314e-05
7.20920533785314e-05
7.20920533785315e-05
7.20920533785316e-05
7.20920533785316e-05
7.20920533785317e-05
7.20920533785318e-05
7.20920533785319e-05
7.2092053378532e-05
7.20920533785321e-05
7.20920533785322e-05
7.20920533785323e-05
7.20920533785324e-05
7.20920533785325e-05
7.20920533785326e-05
7.20920533785326e-05
7.20920533785326e-05
7.20920533785327e-05
7.20920533785327e-05
7.20920533785327e-05
7.20920533785327e-05
7.20920533785326e-05
7.20920533785326e-05
7.20920533785326e-05
7.20920533785326e-05
7.20920533785326e-05
7.20920533785327e-05
7.20920533785327e-05
7.2092053378531e-05
7.2092053378531e-05
7.2092053378531e-05
7.20920533785311e-05
7.20920533785312e-05
7.20920533785312e-05
7.20920533785312e-05
7.20920533785312e-05
7.20920533785312e-05
7.20920533785313e-05
7.20920533785313e-05
7.20920533785312e-05
7.20920533785313e-05
7.2092053378531e-05
7.20920533785311e-05
7.20920533785312e-05
7.20920533785313e-05
7.20920533785314e-05
7.20920533785315e-05
7.20920533785312e-05
7.20920533785311e-05
7.2092053378531e-05
7.20920533785309e-05
7.20920533785308e-05
7.20920533785307e-05
7.20920533785307e-05
7.20920533785306e-05
7.20920533785306e-05
7.20920533785305e-05
7.20920533785305e-05
7.20920533785306e-05
7.20920533785306e-05
7.20920533785306e-05
7.20920533785306e-05
7.20920533785305e-05
7.20920533785305e-05
7.20920533785305e-05
7.20920533785305e-05
7.20920533785306e-05
7.20920533785306e-05
7.20920533785307e-05
7.20920533785307e-05
7.20920533785308e-05
7.20920533785308e-05
7.20920533785308e-05
7.20920533785308e-05
7.20920533785315e-05
7.20920533785315e-05
7.20920533785316e-05
7.20920533785317e-05
7.20920533785318e-05
7.2092053378532e-05
7.20920533785321e-05
7.20920533785322e-05
7.20920533785323e-05
7.20920533785323e-05
7.20920533785324e-05
7.20920533785325e-05
7.20920533785325e-05
7.20920533785326e-05
7.20920533785326e-05
7.20920533785327e-05
7.20920533785328e-05
7.20920533785329e-05
7.20920533785329e-05
7.2092053378533e-05
7.2092053378533e-05
7.2092053378533e-05
7.2092053378533e-05
7.2092053378533e-05
7.20920533785315e-05
7.20920533785316e-05
7.20920533785316e-05
7.20920533785317e-05
7.20920533785317e-05
7.20920533785318e-05
7.20920533785318e-05
7.20920533785318e-05
7.20920533785318e-05
7.20920533785318e-05
7.20920533785319e-05
7.20920533785319e-05
7.20920533785311e-05
7.20920533785311e-05
7.20920533785312e-05
7.20920533785313e-05
7.20920533785313e-05
7.20920533785313e-05
7.20920533785314e-05
7.20920533785314e-05
7.20920533785314e-05
7.20920533785314e-05
7.20920533785315e-05
7.20920533785315e-05
7.20920533785315e-05
7.20920533785315e-05
7.20920533785316e-05
7.20920533785316e-05
7.20920533785317e-05
7.20920533785317e-05
7.20920533785317e-05
7.20920533785317e-05
7.20920533785318e-05
7.20920533785318e-05
7.20920533785318e-05
7.20920533785311e-05
7.20920533785311e-05
7.20920533785312e-05
7.20920533785312e-05
7.20920533785313e-05
7.20920533785314e-05
7.20920533785314e-05
7.20920533785315e-05
7.20920533785315e-05
7.20920533785315e-05
7.20920533785315e-05
7.20920533785315e-05
7.20920533785316e-05
7.20920533785316e-05
7.20920533785316e-05
7.20920533785316e-05
7.20920533785316e-05
7.20920533785317e-05
7.20920533785317e-05
7.20920533785317e-05
7.20920533785318e-05
7.20920533785318e-05
7.20920533785318e-05
7.20920533785318e-05
7.20920533785319e-05
7.2092053378532e-05
7.2092053378532e-05
7.2092053378532e-05
7.2092053378532e-05
7.2092053378532e-05
7.2092053378532e-05
7.2092053378532e-05
7.2092053378532e-05
7.2092053378532e-05
7.2092053378532e-05
7.2092053378531e-05
7.2092053378531e-05
7.2092053378531e-05
7.2092053378531e-05
7.2092053378531e-05
7.2092053378531e-05
7.20920533785309e-05
7.20920533785309e-05
7.20920533785309e-05
7.20920533785309e-05
7.20920533785309e-05
7.20920533785308e-05
7.20920533785308e-05
7.20920533785308e-05
7.20920533785307e-05
7.2092053378531e-05
7.20920533785309e-05
7.20920533785309e-05
7.20920533785308e-05
7.20920533785308e-05
7.20920533785309e-05
7.20920533785308e-05
7.20920533785308e-05
7.20920533785308e-05
7.20920533785308e-05
7.20920533785308e-05
7.20920533785307e-05
7.20920533785307e-05
7.20920533785307e-05
7.20920533785307e-05
7.20920533785307e-05
7.20920533785307e-05
7.20920533785308e-05
7.20920533785308e-05
7.20920533785309e-05
7.20920533785309e-05
7.2092053378531e-05
7.2092053378531e-05
7.2092053378531e-05
7.20920533785309e-05
7.20920533785309e-05
7.20920533785309e-05
7.20920533785308e-05
7.20920533785308e-05
7.20920533785308e-05
7.20920533785308e-05
7.20920533785307e-05
7.20920533785307e-05
7.20920533785307e-05
7.20920533785307e-05
7.20920533785307e-05
7.20920533785309e-05
7.20920533785309e-05
7.20920533785309e-05
7.20920533785309e-05
7.20920533785309e-05
7.20920533785309e-05
7.20920533785309e-05
7.2092053378531e-05
7.20920533785309e-05
7.2092053378531e-05
7.20920533785309e-05
7.20920533785309e-05
7.20920533785309e-05
7.20920533785309e-05
7.20920533785309e-05
7.2092053378531e-05
7.2092053378531e-05
7.20920533785311e-05
7.20920533785311e-05
7.20920533785311e-05
7.20920533785311e-05
7.20920533785311e-05
7.20920533785311e-05
7.20920533785311e-05
7.20920533785311e-05
7.20920533785311e-05
7.20920533785312e-05
7.20920533785312e-05
7.20920533785312e-05
7.20920533785309e-05
7.20920533785309e-05
7.20920533785309e-05
7.20920533785309e-05
7.20920533785309e-05
7.20920533785309e-05
7.20920533785309e-05
7.2092053378531e-05
7.2092053378531e-05
7.2092053378531e-05
7.2092053378531e-05
7.2092053378531e-05
7.2092053378531e-05
7.2092053378531e-05
7.2092053378531e-05
7.2092053378531e-05
7.20920533785309e-05
7.20920533785309e-05
7.20920533785309e-05
7.20920533785309e-05
7.20920533785309e-05
7.20920533785309e-05
7.20920533785309e-05
7.20920533785308e-05
7.20920533785309e-05
7.20920533785309e-05
7.20920533785309e-05
7.20920533785309e-05
7.20920533785309e-05
7.2092053378531e-05
7.2092053378531e-05
7.2092053378531e-05
7.20920533785305e-05
7.20920533785304e-05
7.20920533785304e-05
7.20920533785304e-05
7.20920533785304e-05
7.20920533785305e-05
7.20920533785304e-05
7.20920533785304e-05
7.20920533785303e-05
7.20920533785302e-05
7.20920533785302e-05
7.20920533785302e-05
7.20920533785302e-05
7.20920533785301e-05
7.20920533785301e-05
7.209205337853e-05
7.209205337853e-05
7.209205337853e-05
7.209205337853e-05
7.20920533785301e-05
7.20920533785301e-05
7.20920533785301e-05
7.20920533785301e-05
7.20920533785301e-05
7.20920533785302e-05
7.20920533785302e-05
7.20920533785302e-05
7.20920533785302e-05
7.20920533785303e-05
7.20920533785303e-05
7.20920533785303e-05
7.20920533785304e-05
7.20920533785303e-05
7.20920533785303e-05
7.20920533785305e-05
7.20920533785306e-05
7.20920533785308e-05
7.20920533785309e-05
7.20920533785301e-05
7.209205337853e-05
7.20920533785299e-05
7.20920533785305e-05
7.20920533785307e-05
7.20920533785309e-05
7.20920533785311e-05
7.20920533785313e-05
7.20920533785299e-05
7.209205337853e-05
7.20920533785302e-05
7.20920533785303e-05
7.20920533785297e-05
7.20920533785296e-05
7.20920533785294e-05
7.20920533785304e-05
7.20920533785306e-05
7.20920533785307e-05
7.20920533785308e-05
7.2092053378531e-05
7.20920533785311e-05
7.20920533785312e-05
7.20920533785313e-05
7.20920533785314e-05
7.20920533785315e-05
7.20920533785316e-05
7.20920533785318e-05
7.20920533785304e-05
7.20920533785305e-05
7.20920533785306e-05
7.20920533785307e-05
7.20920533785307e-05
7.20920533785307e-05
7.20920533785308e-05
7.20920533785309e-05
7.20920533785309e-05
7.2092053378531e-05
7.2092053378531e-05
7.20920533785311e-05
7.20920533785312e-05
7.20920533785312e-05
7.20920533785313e-05
7.20920533785313e-05
7.20920533785314e-05
7.20920533785315e-05
7.20920533785315e-05
7.20920533785315e-05
7.20920533785316e-05
7.20920533785316e-05
7.20920533785316e-05
7.20920533785316e-05
7.20920533785316e-05
7.20920533785318e-05
7.20920533785318e-05
7.20920533785318e-05
7.20920533785318e-05
7.20920533785318e-05
7.20920533785318e-05
7.20920533785318e-05
7.20920533785318e-05
7.20920533785319e-05
7.20920533785319e-05
7.20920533785319e-05
7.20920533785319e-05
7.20920533785319e-05
7.20920533785319e-05
7.2092053378532e-05
7.2092053378532e-05
7.2092053378532e-05
7.2092053378532e-05
7.2092053378532e-05
7.2092053378532e-05
7.2092053378532e-05
7.2092053378532e-05
7.2092053378532e-05
7.2092053378532e-05
7.2092053378532e-05
7.20920533785294e-05
7.20920533785294e-05
7.20920533785294e-05
7.20920533785294e-05
7.20920533785294e-05
7.20920533785294e-05
7.20920533785295e-05
7.20920533785295e-05
7.20920533785295e-05
7.20920533785295e-05
7.20920533785295e-05
7.20920533785296e-05
7.20920533785296e-05
7.20920533785296e-05
7.20920533785294e-05
7.20920533785293e-05
7.20920533785293e-05
7.20920533785292e-05
7.20920533785291e-05
7.20920533785291e-05
7.2092053378529e-05
7.2092053378529e-05
7.20920533785289e-05
7.20920533785289e-05
7.20920533785288e-05
7.20920533785288e-05
7.20920533785288e-05
7.20920533785288e-05
7.20920533785288e-05
7.20920533785288e-05
7.20920533785288e-05
7.20920533785288e-05
7.20920533785296e-05
7.20920533785296e-05
7.20920533785297e-05
7.20920533785297e-05
7.20920533785297e-05
7.20920533785298e-05
7.20920533785298e-05
7.20920533785299e-05
7.209205337853e-05
7.20920533785301e-05
7.20920533785301e-05
7.20920533785301e-05
7.20920533785301e-05
7.20920533785301e-05
7.20920533785301e-05
7.20920533785301e-05
7.20920533785301e-05
7.20920533785301e-05
7.20920533785296e-05
7.20920533785296e-05
7.20920533785296e-05
7.20920533785296e-05
7.20920533785297e-05
7.20920533785297e-05
7.20920533785298e-05
7.20920533785298e-05
7.20920533785298e-05
7.20920533785299e-05
7.20920533785299e-05
7.20920533785315e-05
7.20920533785317e-05
7.20920533785319e-05
7.20920533785321e-05
7.20920533785323e-05
7.20920533785324e-05
7.20920533785325e-05
7.20920533785326e-05
7.20920533785328e-05
7.20920533785329e-05
7.2092053378533e-05
7.20920533785314e-05
7.20920533785315e-05
7.20920533785316e-05
7.20920533785316e-05
7.20920533785316e-05
7.20920533785317e-05
7.20920533785318e-05
7.20920533785318e-05
7.20920533785319e-05
7.20920533785319e-05
7.2092053378532e-05
7.2092053378532e-05
7.2092053378532e-05
7.20920533785331e-05
7.20920533785332e-05
7.20920533785333e-05
7.20920533785333e-05
7.20920533785334e-05
7.20920533785334e-05
7.20920533785334e-05
7.20920533785335e-05
7.20920533785334e-05
7.2092053378533e-05
7.20920533785331e-05
7.20920533785331e-05
7.20920533785331e-05
7.20920533785332e-05
7.20920533785332e-05
7.20920533785332e-05
7.20920533785332e-05
7.20920533785332e-05
7.20920533785333e-05
7.20920533785333e-05
7.20920533785333e-05
7.20920533785333e-05
7.20920533785333e-05
7.20920533785334e-05
7.20920533785335e-05
7.20920533785336e-05
7.20920533785337e-05
7.20920533785338e-05
7.20920533785339e-05
7.20920533785339e-05
7.20920533785339e-05
7.2092053378531e-05
7.20920533785311e-05
7.20920533785312e-05
7.20920533785313e-05
7.20920533785313e-05
7.20920533785314e-05
7.20920533785315e-05
7.20920533785316e-05
7.20920533785317e-05
7.20920533785318e-05
7.20920533785318e-05
7.20920533785319e-05
7.2092053378532e-05
7.2092053378532e-05
7.20920533785321e-05
7.20920533785322e-05
7.2092053378531e-05
7.20920533785311e-05
7.20920533785312e-05
7.20920533785314e-05
7.20920533785315e-05
7.20920533785316e-05
7.20920533785317e-05
7.20920533785318e-05
7.20920533785319e-05
7.20920533785319e-05
7.2092053378532e-05
7.2092053378532e-05
7.20920533785321e-05
7.20920533785321e-05
7.20920533785323e-05
7.20920533785324e-05
7.20920533785324e-05
7.20920533785325e-05
7.20920533785325e-05
7.20920533785325e-05
7.20920533785325e-05
7.20920533785325e-05
7.20920533785325e-05
7.20920533785326e-05
7.20920533785326e-05
7.20920533785327e-05
7.20920533785327e-05
7.20920533785327e-05
7.20920533785327e-05
7.20920533785327e-05
7.20920533785322e-05
7.20920533785322e-05
7.20920533785322e-05
7.20920533785322e-05
7.20920533785322e-05
7.20920533785322e-05
7.20920533785322e-05
7.20920533785322e-05
7.20920533785322e-05
7.20920533785323e-05
7.20920533785322e-05
7.20920533785323e-05
7.20920533785322e-05
7.20920533785322e-05
7.20920533785322e-05
7.20920533785322e-05
7.20920533785323e-05
7.20920533785324e-05
7.20920533785324e-05
7.20920533785325e-05
7.20920533785326e-05
7.20920533785326e-05
7.20920533785326e-05
7.20920533785327e-05
7.20920533785327e-05
7.20920533785327e-05
7.20920533785327e-05
7.20920533785327e-05
7.20920533785322e-05
7.20920533785322e-05
7.20920533785322e-05
7.20920533785323e-05
7.20920533785323e-05
7.20920533785324e-05
7.20920533785325e-05
7.20920533785326e-05
7.20920533785326e-05
7.20920533785327e-05
7.20920533785327e-05
7.20920533785327e-05
7.20920533785327e-05
7.20920533785328e-05
7.20920533785329e-05
7.2092053378533e-05
7.2092053378533e-05
7.20920533785331e-05
7.20920533785331e-05
7.20920533785332e-05
7.20920533785333e-05
7.20920533785333e-05
7.20920533785334e-05
7.20920533785334e-05
7.20920533785335e-05
7.20920533785336e-05
7.20920533785336e-05
7.20920533785337e-05
7.20920533785337e-05
7.20920533785338e-05
7.20920533785338e-05
7.20920533785326e-05
7.20920533785326e-05
7.20920533785326e-05
7.20920533785326e-05
7.20920533785326e-05
7.20920533785326e-05
7.20920533785326e-05
7.20920533785326e-05
7.20920533785326e-05
7.20920533785326e-05
7.20920533785326e-05
7.20920533785325e-05
7.20920533785325e-05
7.20920533785325e-05
7.20920533785324e-05
7.20920533785323e-05
7.20920533785323e-05
7.20920533785323e-05
7.20920533785323e-05
7.20920533785323e-05
7.20920533785323e-05
7.20920533785323e-05
7.20920533785322e-05
7.20920533785321e-05
7.2092053378532e-05
7.2092053378532e-05
7.20920533785326e-05
7.20920533785326e-05
7.20920533785326e-05
7.20920533785319e-05
7.20920533785319e-05
7.20920533785319e-05
7.20920533785319e-05
7.20920533785318e-05
7.20920533785318e-05
7.20920533785319e-05
7.20920533785318e-05
7.20920533785318e-05
7.20920533785318e-05
7.20920533785318e-05
7.20920533785317e-05
7.20920533785317e-05
7.20920533785317e-05
7.20920533785318e-05
7.20920533785318e-05
7.20920533785318e-05
7.20920533785339e-05
7.2092053378534e-05
7.20920533785341e-05
7.20920533785342e-05
7.20920533785344e-05
7.20920533785345e-05
7.20920533785338e-05
7.20920533785338e-05
7.20920533785338e-05
7.20920533785338e-05
7.20920533785338e-05
7.20920533785337e-05
7.20920533785337e-05
7.20920533785336e-05
7.20920533785336e-05
7.20920533785335e-05
7.20920533785335e-05
7.20920533785335e-05
7.20920533785335e-05
7.20920533785334e-05
7.20920533785334e-05
7.20920533785334e-05
7.20920533785334e-05
7.20920533785347e-05
7.20920533785349e-05
7.20920533785351e-05
7.20920533785352e-05
7.20920533785354e-05
7.20920533785355e-05
7.20920533785355e-05
7.20920533785356e-05
7.20920533785357e-05
7.20920533785357e-05
7.20920533785358e-05
7.20920533785358e-05
7.20920533785358e-05
7.20920533785358e-05
7.20920533785358e-05
7.20920533785359e-05
7.20920533785359e-05
7.20920533785359e-05
7.20920533785359e-05
7.20920533785344e-05
7.20920533785344e-05
7.20920533785343e-05
7.20920533785342e-05
7.20920533785342e-05
7.20920533785342e-05
7.20920533785333e-05
7.20920533785333e-05
7.20920533785333e-05
7.20920533785333e-05
7.20920533785333e-05
7.20920533785333e-05
7.20920533785333e-05
7.20920533785334e-05
7.20920533785334e-05
7.20920533785334e-05
7.20920533785334e-05
