0.05
0.0371824765213757
0.0351177700113814
0.0320157055549856
0.0351865552147076
0.0325184580100689
0.029536060681308
0.0370487331744985
0.0341983608276518
0.0292041280354803
0.0258566857610995
0.0234530251021946
0.0218874679138693
0.0201928583057899
0.0187914601663398
0.0372399392876209
0.0327544586732563
0.0291227311678678
0.0287913336901042
0.0283996295945372
0.0283219239896409
0.0284097374187901
0.0285565896103966
0.0288547303706271
0.0295817097452026
0.0312944375675632
0.0336328316540437
0.0356845578338818
0.0371079611714977
0.0376157571969588
0.0369130546549269
0.0346936580287335
0.03699366718263
0.0353588605245103
0.033253842010522
0.0316070717849717
0.0303024609797547
0.0293329517707791
0.0285907295688806
0.0278688219735027
0.0287238758137004
0.0258291223190534
0.0228911531096095
0.0204966823029018
0.0182201795262072
0.0311393681241924
0.0306740164169508
0.0304885899509547
0.0190586031530462
0.0203794472383222
0.0220772197417401
0.0238789995769902
0.0259486815683567
0.0282275834566996
0.0303953227295297
0.032597505072078
0.0348376875424979
0.0368495253931891
0.0386893664732513
0.040254916747283
0.0415123866118317
0.04232332784485
0.0426398888396927
0.0423879299274308
0.0414326870830873
0.03959534651249
0.0366741251276492
0.032791817362161
0.0285539409151524
0.0244928587228489
0.0209951014437336
0.0181965564407686
0.0153654872055281
0.0126014612185791
0.0103009578469578
0.00838354244380692
0.00689559868360385
0.00571431177041742
0.00481609166991574
0.00417809445194676
0.00376841741767369
0.00356175787251116
0.0155372483420849
0.0137377675740019
0.0120748304698838
0.0105746392544293
0.00938544529744243
0.00844733177522871
0.00764483458478514
0.00710136593891315
0.00670153104928831
0.0064189887901271
0.00627445660695666
0.0301895626721822
0.0300168488103233
0.0299952104251558
0.0313958580446207
0.0332042042091424
0.0354917438630671
0.0300516828207708
0.0301315599556667
0.0302375378708308
0.0298888229435113
0.0301701220460414
0.031017142268675
0.0319940599411909
0.0331211996984157
0.0345962681086895
0.036304186765022
0.0378059961727095
0.0391810896763858
0.0405789862562278
0.0418099868317457
0.0428940663180506
0.0437542148987878
0.0443605603990632
0.044739923707632
0.0449494671439841
0.0309096155301639
0.032451093881265
0.0346685324288916
0.0367727568797314
0.0380171785217803
0.0380053431590582
0.0303371500649257
0.0304672253225015
0.0306379636769673
0.0372057518779281
0.0347158848358549
0.0309585131060753
0.0266493194485238
0.0223025887966684
0.0185512876428661
0.0155950132883172
0.0131739589793856
0.0111144881187997
0.00938663269341674
0.00797486044155287
0.0068393427627883
0.0059151937438254
0.00513467535024658
0.00445848096044019
0.00386301271043712
0.00333255793853318
0.00284998388310564
0.00239249012638833
0.0019691376075141
0.00154082794112177
0.00112658528391769
0.000720726796274667
0.000297750050466869
-1.93667179478281e-05
-0.000413126376268806
-0.00075600609313274
-0.00107695241110881
-0.00135628378545816
-0.00157941127929817
-0.00176409588718469
-0.00190703305538287
-0.00198707621490727
-0.00204288905608539
0.0371647887804064
0.0347903390767584
0.0312162926634357
0.0263243460163262
0.0213791139552357
0.0170582020988034
0.0136392923028793
0.0106555060012022
0.0082477591968059
0.00623983053151575
0.00457790141292696
0.00317021708147945
0.00196384422383364
0.000947494683097082
9.69031874432274e-05
-0.000660632188175736
-0.00129905362660555
-0.00181639736144989
-0.00224098144988287
-0.00259094929283039
-0.0028644441430673
-0.00305221060152365
-0.00315035377317003
0.0305486748953744
0.0306884519155871
0.031010852429101
0.031458559442798
0.0319862868498223
0.0325671405557147
0.0331803889548591
0.0337770863679209
0.0343167514133293
0.0347814006863848
0.0351521865603891
0.0354098607175694
0.0355460031710302
0.0314404417127774
0.0324884931345119
0.0337159230634416
0.0349987604066268
0.036330076557061
0.0376430425503234
0.0388279956887054
0.0398985904087332
0.0409419454288986
0.0417862688022804
0.0421843542165408
0.0419049659337345
0.0407809852589684
0.0386074957110809
0.0354946940367441
0.0317678182355988
0.0280909691659238
0.0249084012749213
0.0220134065193344
0.0184986991428367
0.014774204440875
0.0118935838322521
0.00918172249111204
0.00711826017732584
0.00538176058880906
0.00384758119536542
0.00252582566660422
0.00143875346440005
0.000585159411401246
-7.43695800052093e-05
-0.000608438191887096
-0.00105484144148102
-0.00139163487415358
-0.00167079279116147
-0.00190660989488899
-0.00206006349407863
-0.00213995943457768
0.0366128584283538
0.0377559509717517
0.0388924816211376
0.0400976725064092
0.0411670095113828
0.0422956896450986
0.0432229729908493
0.0439098346052165
0.0444523630634539
0.0447052677034482
0.0446915232158883
0.044275472522755
0.0436198789778798
0.0422336034323535
0.0398643485882078
0.0372577637629855
0.0351770636541062
0.0327106621128064
0.03035583944312
0.0284910592396968
0.0271474068300625
0.0264883989526682
0.0363876041034316
0.0373811978219119
0.038449078884993
0.0395569292139386
0.0406191025491165
0.0416003089467254
0.0424821535062368
0.043288073668269
0.0438548268311482
0.0442578715612058
0.044402462202826
0.0442290244601812
0.0434598091494061
0.0419516256780597
0.0396327546651961
0.036445740390408
0.0327715306315664
0.0289229865503214
0.0255446061743376
0.0220722361649017
0.019075002841386
0.0167357426786823
0.01497377909033
0.0136790267395432
0.0128623880987196
0.0124364394465062
0.029010747802819
0.0284422107230305
0.0277731951193777
0.0273915926721246
0.0252608208014523
0.0229833835792167
0.0277354407001027
0.0277216264354485
0.0277399901254333
0.0260042285881339
0.023287655690053
0.0200185383919823
0.0175387961310377
0.0159317606951677
0.0148007279485127
0.0141309465919373
0.0139642204059947
0.0142457323132828
0.0149598458539103
0.0160459655304106
0.0174802570032604
0.019388481571095
0.0222906922650609
0.0261295787891041
0.0294731754191679
0.0333102217773913
0.0361633076323439
0.0386613941301015
0.0403304629014502
0.0412039082012283
0.0407816639165129
0.0388915895961283
0.0353440529119264
0.0304978443476604
0.0253413234885669
0.0205646172559959
0.0168030587150003
0.013799425053828
0.0111311181361001
0.00924198245679738
0.00795309026108473
0.0071283499859401
0.00670824108080666
0.0245790226607298
0.0206702463397321
0.0168150648713279
0.0134401102110001
0.010678228466004
0.00834888021679205
0.00640407520549171
0.00476820728739544
0.00348954654910747
0.00249867046468289
0.00177767515331496
0.00131248515996377
0.00107297378540342
0.0304671692984334
0.0330072315533604
0.0358883257482473
0.0370293881418328
0.0381612581138835
0.0393064311337599
0.0370497111640388
0.0382404971649336
0.039430340447702
0.0401761264581473
0.0403538085726657
0.0397366864676667
0.0381182363146066
0.0354235407579518
0.0317395371904853
0.0276428221005519
0.0235729671770555
0.0198249286644316
0.016599104015127
0.0138087152039757
0.0114717858725519
0.00951386557742674
0.00789447005251032
0.00651723656278144
0.00539709424078972
0.00448650256324006
0.00372800801448012
0.00302872348284303
0.00242896177905284
0.00195645225045376
0.00161045018202865
0.00140282608520443
0.00128348473922319
0.040137888878539
0.0408767062827894
0.0412954813046939
0.041042707374939
0.0399615480358146
0.0378473302076066
0.0343573513736869
0.0303112001178652
0.0265180857804529
0.0223818860354697
0.0184235891922174
0.0150189393419399
0.0123895350588718
0.0104533656122765
0.0086031748995531
0.0070627105812403
0.00575902699805823
0.00470572484909975
0.00387266043546609
0.00330767651029271
0.0028752538915784
0.00249174649943381
0.0022109870103691
0.0020814924599393
0.0402841529239696
0.0412297149556179
0.0420583162533028
0.0428970500960237
0.0436145038361075
0.0443488015519646
0.0450142996185789
0.0455090347989081
0.0459231472736729
0.046283632873023
0.046531730877167
0.0466770695271624
0.0213228468486775
0.0194506335711054
0.017415587842811
0.0152550650408404
0.0134929996040875
0.0122424951040464
0.0112398782138653
0.0104865230327807
0.00998593242605837
0.00967067994534322
0.009534218418691
0.00957223568219261
0.00975035828996777
0.0100857903052109
0.0105812804061877
0.0111624351967935
0.0117633703164295
0.0123704032758581
0.0129573718710982
0.0134787871152744
0.0138879848068381
0.0141715559105084
0.0143425168690178
0.0220663891096678
0.0212352674324649
0.0205258073698831
0.0199852921652421
0.0197673164923457
0.0199278288921097
0.020439995522029
0.0212891542206605
0.022446271938035
0.0238732612844139
0.0255324256831106
0.0273111549318735
0.0292859192046351
0.0314252081194206
0.0335422598076199
0.0355647522864695
0.0374811529267989
0.0392666095956502
0.0408634174240119
0.0421903833152013
0.0432144128998274
0.0438872272495464
0.0441494228956002
0.0439432224062798
0.0430495592973297
0.0413077027270506
0.0386713895487636
0.0352018723404031
0.0313922037260872
0.0276758696792348
0.0243244258640527
0.0216861218043716
0.0196186469824244
0.0183608060608694
0.0176753124471565
0.0190713389245929
0.0196758264948621
0.0207129239712123
0.0175421409196929
0.0165577472737243
0.0160506664110593
0.0190673844832144
0.0176272788844878
0.016515176583695
0.0157113248769208
0.0152140719947249
0.0148770186472785
0.0146725230537874
0.0145623871909391
0.0145148660005357
0.0242940044859761
0.0278183741688965
0.0313167838573675
0.0347628961754437
0.0369130893788086
0.0385911117473191
0.0399552881086147
0.0407534565666802
0.0408035908212301
0.0399505570176443
0.0380230644400107
0.0349929161053779
0.0310875466443407
0.0268105934264707
0.0226025226901695
0.018787473247751
0.0155163892255161
0.0128392154857111
0.0106649725208635
0.00870856296881428
0.00690603113770661
0.00539904830398711
0.00412907226722494
0.00307818493041223
0.00224156604449423
0.00158453665907084
0.00106956783315414
0.000696424573121798
0.000456251478938095
0.00033361668196063
0.0356343530004288
0.0363101033171768
0.0368358495206768
0.0373972876576374
0.037669165081891
0.0378705823818828
0.0333101631768945
0.0305767002874013
0.0267446831353689
0.0225387619852162
0.0186578865478007
0.0153378951050621
0.0125789487722405
0.0102840631530157
0.00832160895925533
0.00663781953527802
0.00524413716668711
0.00409852104982073
0.00307745077210116
0.00214832767054524
0.00134162980097169
0.000625751341477408
-1.5833555786103e-05
-0.000591426314501971
-0.00110712660892196
-0.00156756207336835
-0.00197705511326877
-0.00234034169952436
-0.00265887657090944
-0.00293187791640204
-0.00315945699327441
-0.00334169177757358
-0.00347803041806651
-0.00356808799803849
-0.00361426265236234
0.0322797849854606
0.0292179995100916
0.02559056808901
0.0219375369228883
0.0186001986855543
0.0159054513346664
0.0136578963363464
0.0115474179198744
0.00967888494316726
0.00818608683911269
0.00698711471009231
0.0059144622668719
0.0048928414343734
0.00384534089653658
0.00289472887358281
0.00207871748988892
0.00135479591994798
0.000708889598714132
0.000124144195254214
-0.000422583752572313
-0.000896128074952274
-0.00137697564036486
-0.00168705042849826
-0.00199263647635355
-0.00234096170124342
-0.00263915950139183
-0.00290671723227928
-0.00314532863889571
-0.00332979670104485
-0.0034718062878207
-0.00356710476717133
-0.00361736923056136
0.026926943690703
0.0256160628036182
0.0241150510630943
0.0225523078904081
0.0208090495452932
0.0276745567785366
0.0273603389369705
0.0270097356021655
0.0267888811627362
0.0266461532388146
0.0266163105613464
0.0267177960030387
0.026952373710781
0.0273526020076318
0.0279610472817792
0.0286471966814621
0.0294558635396281
0.0303648292576025
0.0313537646484809
0.032387525110923
0.0334322765422632
0.0344847683165341
0.0354473432150575
0.0366724108451083
0.0378390478874122
0.0387927457983796
0.0396358410699746
0.0403504813485813
0.0408783266195862
0.0412117631159545
0.0414009430277005
0.0191579798465317
0.0163568258017289
0.0127337518472469
0.0199379083383053
0.0184991043053434
0.016658523085728
0.0145866483483856
0.0108573766120808
0.00952641619716204
0.00854018419448913
0.0114242233101371
0.0102357721453399
0.00901334139735453
0.00804975528515406
0.00678632492120244
0.0082280649465174
0.00760580385100498
0.00679417349074008
0.00598417117891112
0.00745373461522778
0.00646647437129693
0.00547634183672127
0.00583522523563631
0.00572411909982082
0.00565715989813585
0.00563649694272147
0.00564994808661524
0.00569813749118543
0.00577949800086378
0.00591472275536313
0.00612689422524634
0.00644426485808775
0.00689472988041707
0.00759062646966171
0.0053596496211725
0.00474131653520975
0.00411795311685321
0.00368073291296813
0.00315478909978826
0.00277646638287025
0.00235417195265017
0.00196969848158204
0.00166567478624076
0.00139330064232699
0.00114313242331732
0.000918139494917802
0.000736067337200082
0.000580768648504066
0.000425171763117375
0.000301059384844467
0.000189529547294636
0.000109341411580765
4.88904016887175e-05
9.14626518291753e-06
-1.16518521769547e-05
-2.02474991328109e-05
-2.07483935713554e-05
-1.8291413670121e-05
-1.61859291829779e-05
0.00667911072314601
0.00596901997369258
0.00545094783899009
0.00512340813763806
0.00486545692557088
0.00472315673627935
0.00464961154492439
0.00933531976976667
0.011305678240841
0.0135945857153248
0.0160327567392064
0.0187243621792795
0.0216881709396303
0.0247828247306443
0.0279275621750219
0.0309812242048304
0.0338471600869433
0.0366040159774204
0.0391581061972137
0.0413680069187025
0.0431190335941967
0.0444192377948368
0.0453864061925383
0.0460243451250689
0.0463362237600172
0.00509496324273374
0.00465259980480422
0.00413623123459756
0.00355677932334997
0.00297070434991643
0.00241596205197759
0.00189023688671464
0.00139192780975872
0.000919915037585081
0.000473365167841527
5.16045583248834e-05
-0.000346228787085276
-0.00072089767082839
-0.00109100091296158
0.00495829327470108
0.00442035294857536
0.00387618340945414
0.00333717961017806
0.00286424610138661
0.0024056957816355
0.00196672142263677
0.00156208413482186
0.001183755864665
0.000799338099221602
0.000405256615333519
3.98015055188338e-05
-0.00026560885303496
-0.000517099718090549
-0.000708732905194056
-0.000860503046465449
-0.000958113725694041
-0.00101282481132949
-0.00112617197986228
-0.00113796295851048
-0.00113371573206684
-0.00111290662153714
-0.00107918169362374
-0.00103798396319726
-0.000976250068296604
-0.000890586412012485
-0.00079867874104814
-0.000711154570151837
-0.000629319954501044
-0.000550650649812378
-0.000471941096256928
-0.000396648207769327
-0.000331349904616902
-0.000282326880864756
-0.000248278430038065
-0.000228653679436547
-0.00142389289192074
-0.00172378642560173
-0.00199419326159703
-0.00224078704460518
-0.00247023280179186
-0.00268613734057468
-0.00288054210914734
-0.00304039713243322
-0.00316084298746325
-0.00324121677665005
-0.0032826850798935
0.00617356519292221
0.00552642206935353
0.00485709126425516
0.00425988691459959
0.00372772417759626
0.00323190837573285
0.00279257804072082
0.00237235925225331
0.00200913174210293
0.00170039191842886
0.0014328838189108
0.0059445749680769
0.0050061506562409
0.00419581231532376
0.00334413727019354
0.00267033903857561
0.00193432443579151
0.001332657757043
0.000828461773371142
0.000362466701099252
9.78426384980096e-05
-0.000156929752172762
-0.000317259483522254
-0.00039775633494216
0.000719418548877479
0.000112433704276273
-0.000406016937836478
-0.000906606641289111
-0.00130240533521792
-0.00163396344627115
-0.00186668390624167
-0.00203955370364646
-0.0021406096721073
0.0018189157452287
0.0022592343516274
0.00275581217145282
0.0033148209208043
0.00394532815659061
0.00465031461137016
0.00543651769550654
0.00632901570286735
0.00731894558717907
0.00840285154102384
0.00963888715829388
0.010967560256567
0.0123768134163531
0.0138875568691302
0.0154778490959908
0.0171712783252479
0.0188899124750245
0.0204719130044814
0.021749760596611
0.0227756113858537
0.0234999543890131
0.0238685021149469
0.0136183737143657
0.0124906722249232
0.0113112114716195
0.0101832334600236
0.00911739781994008
0.0080847065938929
0.00700542776034161
0.00600901989827785
0.00531759807348936
0.00447119402168278
0.00353943591812648
0.00276443248723745
0.00200002747429435
0.00122732930125513
0.000523603776086709
-0.000182568350641731
0.0136667355966029
0.0126970079874268
0.0117494464031944
0.0108530523767768
0.00998878752739935
0.00913968834044735
0.0082859621354339
0.00742584290686842
0.00660589727066532
0.00587078499645851
0.005246974551134
0.00473201181102523
0.00427252477482821
0.00375051235561435
-0.000624638818423576
-0.00113293010762434
-0.00160910057884205
-0.00203123416003054
-0.00245416898769888
-0.00282323049834842
-0.00315850911156788
-0.00351914960842769
-0.00380122105936817
-0.00405515444432225
-0.00426819458872071
-0.00445237476819285
-0.00459960513263263
-0.00470961376918758
-0.00478436471378216
-0.00482352009827641
-0.000595429777694807
-0.000991878094745366
-0.00139393700944956
-0.00174911103986644
-0.00205387604762776
-0.00236451346838059
-0.00263756792166623
-0.00286267953945578
-0.00304855027816033
-0.00320921704368834
-0.00335105432342272
-0.00347121541922073
-0.00356154277679158
-0.00361171076205084
0.00339119793352233
0.00309549455627401
0.00283582980995156
0.00259489450513194
0.00238403071557695
0.00220086060597753
0.00205327309645655
0.0019327100975618
0.00183530304644511
0.00176887987365354
0.00173684714696155
0.00173649212303966
0.00176782556133989
0.00183724358943438
0.00359309040416946
0.00345160986614885
0.00334841362199878
0.00326491284875841
0.00319444052818036
0.00315900409912789
0.00316267491724889
0.00320838480407512
0.00330098615280116
0.00344251564645769
0.00364049303519933
0.00387601466236022
0.00419141337793247
0.00458804366995062
0.00507817566995401
0.00564294491581502
0.00631150718721224
0.00714322150331518
0.00811752584620474
0.00925203349066483
0.0105900085926135
0.0121738628792619
0.0140425927095212
0.0162094822461596
0.0186958290967649
0.0215957612104283
0.0248290213683102
0.0281897629750231
0.0317005581001256
0.0351684216069513
0.0386870246222372
0.00205981792532118
0.00234111447130622
0.00269235518578076
0.0031262303978194
0.00365215337191106
0.00422710744183277
0.00479820476257311
0.00545529698655792
0.00624854882356219
0.00712446361961734
0.00813535382567729
0.00926082824882978
0.0105902997391958
0.0122520667949982
0.014065655010107
0.0159705318180324
0.0182740879715078
0.0208861755988649
0.0236024554534103
0.0262615019458982
0.028905499761821
0.0316536305508767
0.0343475142215596
0.0368242707707881
0.039103572103825
0.0412575931824725
0.00168415853999125
0.00157317916160909
0.00149978934334842
0.0425685160113979
0.0436221041851291
0.0440148707442922
0.0432126588920162
0.040540627014266
0.0351383881429414
0.042706597439317
0.0441422911092112
0.0449684176896389
0.0454666046203309
0.0298246415100239
0.0250141045112643
0.0217580463869027
0.0200754745155414
0.0327228240348251
0.0304661779026026
0.0292302894372368
0.0402922986851557
0.0414652993048738
0.0419658286683591
0.0415923932297651
0.0397457154590626
0.0358124613316977
0.0405584846381339
0.0421341782329727
0.0434654810014038
0.0444614473189751
0.0450088029387222
0.0449678993546549
0.044127065675504
0.042254886180171
0.0389715570595357
0.0342724629804896
0.0289564387503145
0.0236286958510336
0.0189660044836278
0.0149097389838923
0.0115389632428297
0.00881393848124578
0.00637173481621967
0.0318449258781454
0.0277834157088677
0.023491943513573
0.019716720204182
0.0162347417510521
0.0132941734184825
0.0108184337084592
0.00874341343762323
0.00699647622734539
0.00555388022813421
0.00432512086109473
0.00327761930144788
0.00240549676062619
0.00170379552727359
0.0011554389546034
0.000738920870502065
0.000438858540939414
0.000245305784767403
0.000147471081897068
0.0343180321787701
0.0321506512803774
0.0296200386657811
0.027467383217638
0.0259641985615698
0.0251606836555555
0.00482507166357047
0.00345060168917512
0.00236258531024537
0.00158134366440692
0.00100236877536941
0.000638598883463439
0.000454736034003065
0.00497663857012611
0.00387094940957302
0.00314934705287004
0.00280456279185078
