9.01354741053071e-05
9.01354741053071e-05
9.01354741053071e-05
9.01354741053072e-05
9.01354741053071e-05
9.01354741053072e-05
9.01354741053073e-05
9.01354741053071e-05
9.01354741053071e-05
9.01354741053073e-05
9.01354741053074e-05
9.01354741053075e-05
9.01354741053075e-05
9.01354741053076e-05
9.01354741053076e-05
9.0135474105307e-05
9.01354741053069e-05
9.01354741053068e-05
9.01354741053068e-05
9.01354741053068e-05
9.01354741053068e-05
9.01354741053068e-05
9.01354741053068e-05
9.01354741053069e-05
9.01354741053069e-05
9.0135474105307e-05
9.01354741053072e-05
9.01354741053072e-05
9.01354741053073e-05
9.01354741053074e-05
9.01354741053074e-05
9.01354741053075e-05
9.0135474105307e-05
9.0135474105307e-05
9.0135474105307e-05
9.0135474105307e-05
9.01354741053069e-05
9.01354741053069e-05
9.01354741053069e-05
9.01354741053069e-05
9.01354741053073e-05
9.01354741053074e-05
9.01354741053076e-05
9.01354741053077e-05
9.0135474105308e-05
9.01354741053072e-05
9.01354741053073e-05
9.01354741053073e-05
9.0135474105308e-05
9.01354741053081e-05
9.01354741053082e-05
9.01354741053082e-05
9.01354741053083e-05
9.01354741053084e-05
9.01354741053085e-05
9.01354741053085e-05
9.01354741053085e-05
9.01354741053085e-05
9.01354741053086e-05
9.01354741053086e-05
9.01354741053086e-05
9.01354741053086e-05
9.01354741053086e-05
9.01354741053087e-05
9.01354741053087e-05
9.01354741053088e-05
9.01354741053088e-05
9.01354741053088e-05
9.01354741053088e-05
9.01354741053088e-05
9.01354741053088e-05
9.01354741053087e-05
9.01354741053087e-05
9.01354741053087e-05
9.01354741053086e-05
9.01354741053087e-05
9.01354741053087e-05
9.01354741053087e-05
9.01354741053087e-05
9.01354741053087e-05
9.01354741053087e-05
9.01354741053087e-05
9.01354741053081e-05
9.01354741053082e-05
9.01354741053083e-05
9.01354741053084e-05
9.01354741053085e-05
9.01354741053085e-05
9.01354741053086e-05
9.01354741053085e-05
9.01354741053085e-05
9.01354741053085e-05
9.01354741053085e-05
9.01354741053074e-05
9.01354741053075e-05
9.01354741053077e-05
9.01354741053074e-05
9.01354741053076e-05
9.01354741053077e-05
9.01354741053078e-05
9.01354741053079e-05
9.0135474105308e-05
9.01354741053078e-05
9.01354741053079e-05
9.0135474105308e-05
9.01354741053081e-05
9.01354741053081e-05
9.01354741053081e-05
9.01354741053081e-05
9.01354741053081e-05
9.01354741053081e-05
9.01354741053082e-05
9.01354741053082e-05
9.01354741053083e-05
9.01354741053084e-05
9.01354741053084e-05
9.01354741053084e-05
9.01354741053084e-05
9.01354741053081e-05
9.01354741053083e-05
9.01354741053085e-05
9.01354741053087e-05
9.0135474105309e-05
9.01354741053092e-05
9.01354741053081e-05
9.01354741053082e-05
9.01354741053083e-05
9.01354741053094e-05
9.01354741053096e-05
9.01354741053097e-05
9.01354741053099e-05
9.013547410531e-05
9.01354741053102e-05
9.01354741053102e-05
9.01354741053103e-05
9.01354741053103e-05
9.01354741053103e-05
9.01354741053103e-05
9.01354741053103e-05
9.01354741053102e-05
9.01354741053102e-05
9.01354741053102e-05
9.01354741053101e-05
9.01354741053101e-05
9.01354741053101e-05
9.01354741053101e-05
9.01354741053101e-05
9.01354741053101e-05
9.01354741053101e-05
9.01354741053101e-05
9.01354741053101e-05
9.01354741053102e-05
9.01354741053104e-05
9.01354741053104e-05
9.01354741053105e-05
9.01354741053106e-05
9.01354741053106e-05
9.01354741053107e-05
9.01354741053107e-05
9.01354741053107e-05
9.01354741053107e-05
9.01354741053093e-05
9.01354741053094e-05
9.01354741053094e-05
9.01354741053095e-05
9.01354741053095e-05
9.01354741053096e-05
9.01354741053097e-05
9.01354741053098e-05
9.01354741053099e-05
9.013547410531e-05
9.01354741053101e-05
9.01354741053102e-05
9.01354741053102e-05
9.01354741053103e-05
9.01354741053103e-05
9.01354741053104e-05
9.01354741053104e-05
9.01354741053104e-05
9.01354741053105e-05
9.01354741053105e-05
9.01354741053105e-05
9.01354741053105e-05
9.01354741053105e-05
9.01354741053084e-05
9.01354741053084e-05
9.01354741053084e-05
9.01354741053085e-05
9.01354741053085e-05
9.01354741053086e-05
9.01354741053086e-05
9.01354741053087e-05
9.01354741053087e-05
9.01354741053088e-05
9.01354741053088e-05
9.01354741053088e-05
9.01354741053088e-05
9.01354741053085e-05
9.01354741053086e-05
9.01354741053087e-05
9.01354741053089e-05
9.0135474105309e-05
9.01354741053091e-05
9.01354741053091e-05
9.01354741053092e-05
9.01354741053092e-05
9.01354741053092e-05
9.01354741053092e-05
9.01354741053092e-05
9.01354741053091e-05
9.01354741053092e-05
9.01354741053092e-05
9.01354741053092e-05
9.01354741053092e-05
9.01354741053092e-05
9.01354741053092e-05
9.01354741053093e-05
9.01354741053093e-05
9.01354741053093e-05
9.01354741053094e-05
9.01354741053095e-05
9.01354741053095e-05
9.01354741053096e-05
9.01354741053097e-05
9.01354741053098e-05
9.01354741053098e-05
9.01354741053098e-05
9.01354741053099e-05
9.01354741053099e-05
9.01354741053099e-05
9.01354741053099e-05
9.01354741053099e-05
9.01354741053099e-05
9.01354741053099e-05
9.01354741053077e-05
9.01354741053076e-05
9.01354741053076e-05
9.01354741053076e-05
9.01354741053076e-05
9.01354741053076e-05
9.01354741053076e-05
9.01354741053076e-05
9.01354741053077e-05
9.01354741053077e-05
9.01354741053078e-05
9.01354741053079e-05
9.01354741053079e-05
9.0135474105308e-05
9.0135474105308e-05
9.0135474105308e-05
9.0135474105308e-05
9.0135474105308e-05
9.0135474105308e-05
9.0135474105308e-05
9.0135474105308e-05
9.01354741053079e-05
9.01354741053078e-05
9.01354741053079e-05
9.0135474105308e-05
9.0135474105308e-05
9.0135474105308e-05
9.0135474105308e-05
9.0135474105308e-05
9.01354741053079e-05
9.0135474105308e-05
9.0135474105308e-05
9.0135474105308e-05
9.0135474105308e-05
9.0135474105308e-05
9.0135474105308e-05
9.01354741053081e-05
9.01354741053081e-05
9.01354741053082e-05
9.01354741053082e-05
9.01354741053082e-05
9.01354741053082e-05
9.01354741053082e-05
9.01354741053082e-05
9.01354741053082e-05
9.01354741053081e-05
9.01354741053081e-05
9.01354741053081e-05
9.01354741053074e-05
9.01354741053074e-05
9.01354741053075e-05
9.01354741053075e-05
9.01354741053076e-05
9.01354741053078e-05
9.01354741053075e-05
9.01354741053076e-05
9.01354741053076e-05
9.01354741053075e-05
9.01354741053076e-05
9.01354741053077e-05
9.01354741053078e-05
9.01354741053079e-05
9.0135474105308e-05
9.01354741053082e-05
9.01354741053083e-05
9.01354741053084e-05
9.01354741053085e-05
9.01354741053086e-05
9.01354741053087e-05
9.01354741053088e-05
9.01354741053089e-05
9.01354741053091e-05
9.01354741053092e-05
9.01354741053094e-05
9.01354741053096e-05
9.01354741053097e-05
9.01354741053098e-05
9.01354741053099e-05
9.013547410531e-05
9.013547410531e-05
9.01354741053101e-05
9.01354741053101e-05
9.01354741053102e-05
9.01354741053101e-05
9.01354741053101e-05
9.01354741053101e-05
9.01354741053101e-05
9.01354741053101e-05
9.01354741053101e-05
9.01354741053102e-05
9.01354741053102e-05
9.01354741053077e-05
9.01354741053077e-05
9.01354741053077e-05
9.01354741053078e-05
9.01354741053079e-05
9.01354741053079e-05
9.0135474105308e-05
9.0135474105308e-05
9.0135474105308e-05
9.0135474105308e-05
9.0135474105308e-05
9.0135474105308e-05
9.0135474105308e-05
9.01354741053078e-05
9.01354741053079e-05
9.0135474105308e-05
9.01354741053081e-05
9.01354741053082e-05
9.01354741053083e-05
9.01354741053079e-05
9.01354741053078e-05
9.01354741053077e-05
9.01354741053076e-05
9.01354741053075e-05
9.01354741053074e-05
9.01354741053073e-05
9.01354741053072e-05
9.01354741053072e-05
9.01354741053072e-05
9.01354741053072e-05
9.01354741053072e-05
9.01354741053072e-05
9.01354741053072e-05
9.01354741053072e-05
9.01354741053072e-05
9.01354741053071e-05
9.01354741053071e-05
9.01354741053071e-05
9.01354741053072e-05
9.01354741053072e-05
9.01354741053073e-05
9.01354741053074e-05
9.01354741053074e-05
9.01354741053074e-05
9.01354741053074e-05
9.01354741053074e-05
9.01354741053084e-05
9.01354741053084e-05
9.01354741053086e-05
9.01354741053087e-05
9.01354741053089e-05
9.01354741053091e-05
9.01354741053093e-05
9.01354741053094e-05
9.01354741053095e-05
9.01354741053095e-05
9.01354741053096e-05
9.01354741053097e-05
9.01354741053098e-05
9.01354741053099e-05
9.013547410531e-05
9.01354741053101e-05
9.01354741053102e-05
9.01354741053104e-05
9.01354741053105e-05
9.01354741053105e-05
9.01354741053105e-05
9.01354741053106e-05
9.01354741053105e-05
9.01354741053105e-05
9.01354741053084e-05
9.01354741053085e-05
9.01354741053086e-05
9.01354741053086e-05
9.01354741053086e-05
9.01354741053087e-05
9.01354741053087e-05
9.01354741053088e-05
9.01354741053088e-05
9.01354741053088e-05
9.01354741053088e-05
9.01354741053089e-05
9.01354741053078e-05
9.01354741053079e-05
9.0135474105308e-05
9.0135474105308e-05
9.01354741053081e-05
9.01354741053081e-05
9.01354741053082e-05
9.01354741053082e-05
9.01354741053083e-05
9.01354741053083e-05
9.01354741053083e-05
9.01354741053083e-05
9.01354741053083e-05
9.01354741053084e-05
9.01354741053085e-05
9.01354741053086e-05
9.01354741053086e-05
9.01354741053087e-05
9.01354741053087e-05
9.01354741053087e-05
9.01354741053087e-05
9.01354741053087e-05
9.01354741053087e-05
9.01354741053078e-05
9.01354741053078e-05
9.01354741053079e-05
9.0135474105308e-05
9.0135474105308e-05
9.01354741053081e-05
9.01354741053082e-05
9.01354741053083e-05
9.01354741053083e-05
9.01354741053084e-05
9.01354741053084e-05
9.01354741053084e-05
9.01354741053084e-05
9.01354741053085e-05
9.01354741053085e-05
9.01354741053086e-05
9.01354741053086e-05
9.01354741053086e-05
9.01354741053087e-05
9.01354741053087e-05
9.01354741053088e-05
9.01354741053088e-05
9.01354741053088e-05
9.01354741053089e-05
9.0135474105309e-05
9.0135474105309e-05
9.01354741053091e-05
9.01354741053091e-05
9.01354741053091e-05
9.01354741053092e-05
9.01354741053092e-05
9.01354741053092e-05
9.01354741053092e-05
9.01354741053092e-05
9.01354741053092e-05
9.01354741053076e-05
9.01354741053076e-05
9.01354741053076e-05
9.01354741053076e-05
9.01354741053076e-05
9.01354741053076e-05
9.01354741053075e-05
9.01354741053075e-05
9.01354741053075e-05
9.01354741053075e-05
9.01354741053075e-05
9.01354741053074e-05
9.01354741053073e-05
9.01354741053073e-05
9.01354741053073e-05
9.01354741053076e-05
9.01354741053075e-05
9.01354741053075e-05
9.01354741053075e-05
9.01354741053075e-05
9.01354741053075e-05
9.01354741053075e-05
9.01354741053075e-05
9.01354741053075e-05
9.01354741053074e-05
9.01354741053074e-05
9.01354741053074e-05
9.01354741053073e-05
9.01354741053072e-05
9.01354741053073e-05
9.01354741053073e-05
9.01354741053073e-05
9.01354741053074e-05
9.01354741053075e-05
9.01354741053076e-05
9.01354741053076e-05
9.01354741053076e-05
9.01354741053076e-05
9.01354741053076e-05
9.01354741053075e-05
9.01354741053075e-05
9.01354741053075e-05
9.01354741053075e-05
9.01354741053074e-05
9.01354741053074e-05
9.01354741053074e-05
9.01354741053073e-05
9.01354741053073e-05
9.01354741053072e-05
9.01354741053072e-05
9.01354741053072e-05
9.01354741053075e-05
9.01354741053075e-05
9.01354741053075e-05
9.01354741053076e-05
9.01354741053076e-05
9.01354741053076e-05
9.01354741053076e-05
9.01354741053076e-05
9.01354741053076e-05
9.01354741053077e-05
9.01354741053076e-05
9.01354741053076e-05
9.01354741053076e-05
9.01354741053076e-05
9.01354741053076e-05
9.01354741053077e-05
9.01354741053078e-05
9.01354741053078e-05
9.01354741053079e-05
9.01354741053079e-05
9.01354741053079e-05
9.01354741053079e-05
9.01354741053079e-05
9.01354741053078e-05
9.01354741053078e-05
9.01354741053079e-05
9.01354741053079e-05
9.0135474105308e-05
9.0135474105308e-05
9.01354741053075e-05
9.01354741053075e-05
9.01354741053075e-05
9.01354741053075e-05
9.01354741053075e-05
9.01354741053075e-05
9.01354741053075e-05
9.01354741053076e-05
9.01354741053076e-05
9.01354741053076e-05
9.01354741053076e-05
9.01354741053077e-05
9.01354741053077e-05
9.01354741053077e-05
9.01354741053076e-05
9.01354741053076e-05
9.01354741053076e-05
9.01354741053076e-05
9.01354741053076e-05
9.01354741053075e-05
9.01354741053075e-05
9.01354741053075e-05
9.01354741053075e-05
9.01354741053075e-05
9.01354741053075e-05
9.01354741053076e-05
9.01354741053076e-05
9.01354741053076e-05
9.01354741053076e-05
9.01354741053077e-05
9.01354741053077e-05
9.01354741053077e-05
9.01354741053069e-05
9.01354741053069e-05
9.01354741053068e-05
9.01354741053068e-05
9.01354741053068e-05
9.01354741053069e-05
9.01354741053068e-05
9.01354741053068e-05
9.01354741053067e-05
9.01354741053066e-05
9.01354741053066e-05
9.01354741053065e-05
9.01354741053065e-05
9.01354741053064e-05
9.01354741053064e-05
9.01354741053064e-05
9.01354741053063e-05
9.01354741053063e-05
9.01354741053063e-05
9.01354741053064e-05
9.01354741053064e-05
9.01354741053064e-05
9.01354741053065e-05
9.01354741053066e-05
9.01354741053066e-05
9.01354741053067e-05
9.01354741053067e-05
9.01354741053067e-05
9.01354741053068e-05
9.01354741053068e-05
9.01354741053068e-05
9.01354741053067e-05
9.01354741053067e-05
9.01354741053066e-05
9.01354741053069e-05
9.01354741053071e-05
9.01354741053073e-05
9.01354741053076e-05
9.01354741053064e-05
9.01354741053062e-05
9.01354741053061e-05
9.01354741053069e-05
9.01354741053072e-05
9.01354741053075e-05
9.01354741053078e-05
9.01354741053081e-05
9.01354741053062e-05
9.01354741053063e-05
9.01354741053065e-05
9.01354741053067e-05
9.01354741053059e-05
9.01354741053057e-05
9.01354741053055e-05
9.01354741053069e-05
9.01354741053071e-05
9.01354741053073e-05
9.01354741053075e-05
9.01354741053076e-05
9.01354741053078e-05
9.0135474105308e-05
9.01354741053081e-05
9.01354741053082e-05
9.01354741053084e-05
9.01354741053085e-05
9.01354741053087e-05
9.01354741053068e-05
9.01354741053069e-05
9.0135474105307e-05
9.01354741053071e-05
9.01354741053072e-05
9.01354741053072e-05
9.01354741053073e-05
9.01354741053074e-05
9.01354741053075e-05
9.01354741053076e-05
9.01354741053076e-05
9.01354741053077e-05
9.01354741053078e-05
9.0135474105308e-05
9.01354741053081e-05
9.01354741053081e-05
9.01354741053082e-05
9.01354741053083e-05
9.01354741053083e-05
9.01354741053084e-05
9.01354741053084e-05
9.01354741053084e-05
9.01354741053084e-05
9.01354741053085e-05
9.01354741053085e-05
9.01354741053087e-05
9.01354741053088e-05
9.01354741053088e-05
9.01354741053088e-05
9.01354741053088e-05
9.01354741053088e-05
9.01354741053088e-05
9.01354741053089e-05
9.0135474105309e-05
9.0135474105309e-05
9.0135474105309e-05
9.0135474105309e-05
9.0135474105309e-05
9.0135474105309e-05
9.01354741053091e-05
9.01354741053091e-05
9.01354741053092e-05
9.01354741053092e-05
9.01354741053092e-05
9.01354741053092e-05
9.01354741053092e-05
9.01354741053092e-05
9.01354741053092e-05
9.01354741053092e-05
9.01354741053092e-05
9.01354741053055e-05
9.01354741053054e-05
9.01354741053054e-05
9.01354741053054e-05
9.01354741053055e-05
9.01354741053055e-05
9.01354741053056e-05
9.01354741053056e-05
9.01354741053056e-05
9.01354741053057e-05
9.01354741053057e-05
9.01354741053057e-05
9.01354741053057e-05
9.01354741053057e-05
9.01354741053055e-05
9.01354741053054e-05
9.01354741053053e-05
9.01354741053052e-05
9.01354741053051e-05
9.01354741053051e-05
9.0135474105305e-05
9.01354741053049e-05
9.01354741053048e-05
9.01354741053048e-05
9.01354741053047e-05
9.01354741053047e-05
9.01354741053047e-05
9.01354741053047e-05
9.01354741053047e-05
9.01354741053048e-05
9.01354741053047e-05
9.01354741053047e-05
9.01354741053057e-05
9.01354741053057e-05
9.01354741053058e-05
9.01354741053058e-05
9.01354741053059e-05
9.0135474105306e-05
9.0135474105306e-05
9.01354741053061e-05
9.01354741053062e-05
9.01354741053063e-05
9.01354741053064e-05
9.01354741053064e-05
9.01354741053064e-05
9.01354741053063e-05
9.01354741053063e-05
9.01354741053063e-05
9.01354741053063e-05
9.01354741053063e-05
9.01354741053057e-05
9.01354741053058e-05
9.01354741053058e-05
9.01354741053058e-05
9.01354741053059e-05
9.0135474105306e-05
9.0135474105306e-05
9.01354741053061e-05
9.01354741053061e-05
9.01354741053061e-05
9.01354741053061e-05
9.01354741053084e-05
9.01354741053087e-05
9.0135474105309e-05
9.01354741053093e-05
9.01354741053095e-05
9.01354741053097e-05
9.01354741053099e-05
9.01354741053101e-05
9.01354741053102e-05
9.01354741053104e-05
9.01354741053106e-05
9.01354741053082e-05
9.01354741053083e-05
9.01354741053084e-05
9.01354741053085e-05
9.01354741053086e-05
9.01354741053086e-05
9.01354741053087e-05
9.01354741053088e-05
9.01354741053089e-05
9.0135474105309e-05
9.0135474105309e-05
9.0135474105309e-05
9.01354741053091e-05
9.01354741053107e-05
9.01354741053108e-05
9.01354741053109e-05
9.0135474105311e-05
9.01354741053111e-05
9.01354741053111e-05
9.01354741053111e-05
9.01354741053112e-05
9.01354741053112e-05
9.01354741053106e-05
9.01354741053107e-05
9.01354741053107e-05
9.01354741053108e-05
9.01354741053109e-05
9.01354741053109e-05
9.0135474105311e-05
9.0135474105311e-05
9.01354741053111e-05
9.01354741053111e-05
9.0135474105311e-05
9.01354741053111e-05
9.01354741053111e-05
9.01354741053111e-05
9.01354741053112e-05
9.01354741053114e-05
9.01354741053116e-05
9.01354741053117e-05
9.01354741053118e-05
9.01354741053119e-05
9.01354741053119e-05
9.01354741053119e-05
9.01354741053077e-05
9.01354741053078e-05
9.0135474105308e-05
9.01354741053081e-05
9.01354741053082e-05
9.01354741053084e-05
9.01354741053085e-05
9.01354741053087e-05
9.01354741053088e-05
9.01354741053088e-05
9.01354741053089e-05
9.0135474105309e-05
9.01354741053091e-05
9.01354741053092e-05
9.01354741053093e-05
9.01354741053094e-05
9.01354741053077e-05
9.01354741053078e-05
9.0135474105308e-05
9.01354741053082e-05
9.01354741053084e-05
9.01354741053085e-05
9.01354741053087e-05
9.01354741053088e-05
9.01354741053089e-05
9.0135474105309e-05
9.01354741053091e-05
9.01354741053092e-05
9.01354741053093e-05
9.01354741053094e-05
9.01354741053095e-05
9.01354741053096e-05
9.01354741053097e-05
9.01354741053097e-05
9.01354741053098e-05
9.01354741053098e-05
9.01354741053098e-05
9.01354741053098e-05
9.01354741053098e-05
9.01354741053099e-05
9.013547410531e-05
9.013547410531e-05
9.01354741053101e-05
9.01354741053101e-05
9.01354741053101e-05
9.01354741053101e-05
9.01354741053095e-05
9.01354741053095e-05
9.01354741053095e-05
9.01354741053095e-05
9.01354741053094e-05
9.01354741053094e-05
9.01354741053094e-05
9.01354741053095e-05
9.01354741053095e-05
9.01354741053095e-05
9.01354741053095e-05
9.01354741053095e-05
9.01354741053094e-05
9.01354741053094e-05
9.01354741053095e-05
9.01354741053095e-05
9.01354741053096e-05
9.01354741053097e-05
9.01354741053098e-05
9.01354741053099e-05
9.013547410531e-05
9.01354741053101e-05
9.01354741053101e-05
9.01354741053101e-05
9.01354741053102e-05
9.01354741053102e-05
9.01354741053102e-05
9.01354741053101e-05
9.01354741053094e-05
9.01354741053095e-05
9.01354741053095e-05
9.01354741053096e-05
9.01354741053097e-05
9.01354741053098e-05
9.01354741053099e-05
9.013547410531e-05
9.01354741053101e-05
9.01354741053102e-05
9.01354741053103e-05
9.01354741053103e-05
9.01354741053104e-05
9.01354741053105e-05
9.01354741053106e-05
9.01354741053107e-05
9.01354741053108e-05
9.01354741053109e-05
9.0135474105311e-05
9.01354741053112e-05
9.01354741053113e-05
9.01354741053114e-05
9.01354741053114e-05
9.01354741053115e-05
9.01354741053116e-05
9.01354741053117e-05
9.01354741053118e-05
9.01354741053119e-05
9.0135474105312e-05
9.0135474105312e-05
9.01354741053121e-05
9.01354741053101e-05
9.01354741053101e-05
9.01354741053101e-05
9.01354741053101e-05
9.01354741053101e-05
9.01354741053101e-05
9.01354741053101e-05
9.01354741053101e-05
9.01354741053101e-05
9.01354741053101e-05
9.01354741053101e-05
9.013547410531e-05
9.013547410531e-05
9.01354741053099e-05
9.01354741053099e-05
9.01354741053098e-05
9.01354741053097e-05
9.01354741053097e-05
9.01354741053097e-05
9.01354741053097e-05
9.01354741053097e-05
9.01354741053097e-05
9.01354741053096e-05
9.01354741053095e-05
9.01354741053093e-05
9.01354741053093e-05
9.01354741053101e-05
9.01354741053101e-05
9.013547410531e-05
9.01354741053092e-05
9.01354741053092e-05
9.01354741053092e-05
9.01354741053091e-05
9.01354741053091e-05
9.01354741053091e-05
9.01354741053091e-05
9.0135474105309e-05
9.0135474105309e-05
9.0135474105309e-05
9.0135474105309e-05
9.01354741053089e-05
9.01354741053089e-05
9.01354741053089e-05
9.0135474105309e-05
9.0135474105309e-05
9.0135474105309e-05
9.01354741053123e-05
9.01354741053124e-05
9.01354741053125e-05
9.01354741053126e-05
9.01354741053129e-05
9.0135474105313e-05
9.01354741053121e-05
9.0135474105312e-05
9.0135474105312e-05
9.0135474105312e-05
9.0135474105312e-05
9.0135474105312e-05
9.01354741053119e-05
9.01354741053118e-05
9.01354741053117e-05
9.01354741053117e-05
9.01354741053117e-05
9.01354741053117e-05
9.01354741053116e-05
9.01354741053115e-05
9.01354741053115e-05
9.01354741053115e-05
9.01354741053115e-05
9.01354741053133e-05
9.01354741053136e-05
9.01354741053138e-05
9.0135474105314e-05
9.01354741053142e-05
9.01354741053144e-05
9.01354741053144e-05
9.01354741053145e-05
9.01354741053147e-05
9.01354741053147e-05
9.01354741053149e-05
9.01354741053149e-05
9.01354741053149e-05
9.0135474105315e-05
9.0135474105315e-05
9.0135474105315e-05
9.01354741053151e-05
9.0135474105315e-05
9.01354741053151e-05
9.01354741053129e-05
9.01354741053128e-05
9.01354741053127e-05
9.01354741053127e-05
9.01354741053126e-05
9.01354741053126e-05
9.01354741053115e-05
9.01354741053114e-05
9.01354741053114e-05
9.01354741053114e-05
9.01354741053113e-05
9.01354741053113e-05
9.01354741053113e-05
9.01354741053115e-05
9.01354741053115e-05
9.01354741053115e-05
9.01354741053115e-05
