0.05
0.0367469440812577
0.0343501799303622
0.0305619354207653
0.0349094346280871
0.0324019522521248
0.0296115763473432
0.0366473603797102
0.0337376900532076
0.028478637333399
0.0247230540821193
0.0218038692131129
0.0197354047209861
0.0172111012260135
0.0145483817569901
0.0368068406192107
0.0305991714705312
0.0249192349526104
0.0240782555127475
0.0206392149755374
0.0172589709979296
0.0164884890989326
0.0161164440595325
0.015807403966408
0.0154814662190774
0.0151767834433998
0.0151124282336088
0.0153671522640356
0.0158783319494361
0.0165597811770628
0.0173049675284262
0.0180252485283125
0.0365123599382195
0.0345233818419081
0.0318018146613121
0.0295044476848729
0.0275219783353924
0.0259196827564372
0.0245899627168015
0.023219242708799
0.0270347718926712
0.0237441222769952
0.0202214956850066
0.0171708144669422
0.0140124157603616
0.0291251376009466
0.0281016608745081
0.0273139444356285
0.0138460992519134
0.0140124128345461
0.0145345807570957
0.0153179078292117
0.0164415060237749
0.0179231523778126
0.0195617809491377
0.0214592645197327
0.0236487663175758
0.0258744454545194
0.0281937316406732
0.0305060765186918
0.0328260970956976
0.0349891594036771
0.0369408721853233
0.0387712598983822
0.0403576686174969
0.0417124191130907
0.0427930950897324
0.0434571005772896
0.0435577484066683
0.0429956702974741
0.041696635056085
0.0397236453826341
0.0364645619788658
0.031889208669548
0.0271535640993381
0.0227226130842051
0.0191077995196676
0.0161879579280353
0.0139621124709219
0.0123858315316981
0.0113777673183607
0.0108708705328361
0.0115886672346984
0.00993944555361458
0.00838484852987829
0.00694526912032336
0.00577096558453157
0.00481861358560017
0.0039815830688558
0.00340171034369222
0.00296735990816604
0.00265595816316198
0.00249512790606396
0.0265733682758316
0.0258353777807379
0.0250710700086991
0.0277241613907211
0.0289426172927081
0.0307121476520647
0.0249298272557416
0.0247935218902632
0.0246620472014512
0.0244491536546033
0.0239701816503813
0.0239906019045805
0.0244362270078111
0.0251537386484454
0.0262575602718435
0.0276791067420587
0.0290243593085792
0.0303263748906349
0.0317190639889306
0.0330064057224183
0.0341929980413384
0.0351749697424277
0.0358926760962417
0.0363545508056229
0.0366147307733509
0.0255122132418969
0.0275380188652206
0.0306721033892371
0.0341789848672459
0.0373132189441285
0.0401121008771473
0.0243553234725093
0.0241087030052344
0.0238941471249989
0.0411297664621985
0.0413044718939691
0.0402985886523165
0.0378975277842899
0.0339217729865249
0.029074394915591
0.0244629438416255
0.0203546366243735
0.0167678795354573
0.0137769375636427
0.0113860705601962
0.0095163439295418
0.00803894580904786
0.00682715064607823
0.00580673122494336
0.00493214641814667
0.00417251931345139
0.00349738289297914
0.00287098027761199
0.00230251081666012
0.00173754689584234
0.00119985800111861
0.000680289086903334
0.000145151361400976
-0.000252884373403982
-0.000744394270417041
-0.00117150703703508
-0.00157204996636535
-0.00192274458645019
-0.00220544038454138
-0.00244203985433713
-0.00262733681468143
-0.00273200451524734
-0.00280556419296738
0.0411116017664314
0.0411667078518912
0.0400237229921027
0.036978748176829
0.0321368842829983
0.0264768645491122
0.0213633171337834
0.0167066548317902
0.0129618721337843
0.00990646584717624
0.00744996562420501
0.00543393105787045
0.00376082121716455
0.00239419191482311
0.00128247492830406
0.000318085243948531
-0.000475660520756406
-0.00110614867764159
-0.00161509682947568
-0.00202886506908978
-0.0023486368993169
-0.0025663631392695
-0.00267956860081441
0.0230597996101616
0.0225239575665178
0.0222530967240506
0.0221928956072135
0.0222869167811229
0.0224937242636506
0.0227836141360876
0.0231142712555428
0.0234446109137727
0.0237485596578588
0.0240023689945888
0.0241841174674702
0.024281858736896
0.0243298126842468
0.0250800197463934
0.0261069752041728
0.027312184357978
0.0286934101694568
0.0301974505541877
0.0317162124298586
0.0332936154128478
0.0351553996210379
0.0372075562688526
0.03920213565906
0.0408751243931334
0.0421103446414162
0.0428632137364771
0.0430074700697526
0.0424671832969762
0.0412080570824431
0.0393074617877709
0.0366592807677727
0.0322014144469788
0.0264369964891251
0.021566281566675
0.0168383230951259
0.0132556734123638
0.0102914084573374
0.00773369579460945
0.00559127513829025
0.00388186428729197
0.00257902739337562
0.00159946637158437
0.000825511065312056
0.00019328964031211
-0.000273968964366471
-0.000654275717180156
-0.000970557656335647
-0.00117410143006071
-0.00127933546420828
0.0317123099406822
0.0328239628239684
0.0340092586795025
0.0353568371513145
0.03664793376846
0.0381445025620524
0.0395408873580605
0.0407701138596501
0.0420659434249054
0.0432166735881996
0.0439788207154119
0.0449833396648883
0.0455269284540916
0.0460262438862867
0.0462882073788266
0.0462555796270454
0.0460979124530977
0.0457926947236498
0.0453882976155401
0.0449850637976952
0.0446423065964287
0.044456958742106
0.0313956781870584
0.0322452134901478
0.0332408566200002
0.034357282762752
0.0355142820687012
0.0366757200881299
0.0378252325460922
0.0390186391623792
0.0400278746279895
0.0410208218344437
0.0419407514104637
0.0427029349459601
0.0435251088689957
0.0439754558217475
0.043895606657896
0.0431820130808869
0.0417953501131183
0.0396850634762202
0.0371483722601904
0.03369683210576
0.0299337687852891
0.0265148522245798
0.0237122849861857
0.0215507083824478
0.020151140446342
0.019411136720528
0.0291943361108511
0.028758215051449
0.0282627447433839
0.0274237181397785
0.0251855874083232
0.0227118622298579
0.0283227319875356
0.0284300412339145
0.0286053627429671
0.0264900517293344
0.023595898690491
0.019917378700438
0.0169455111074985
0.0148294165512054
0.01308518049817
0.0116652199074773
0.0106536351919348
0.0100670056078325
0.00982240218295398
0.009927859881291
0.0103746390515065
0.0112308923872222
0.0128249108418954
0.0152992430287902
0.0178663967501793
0.0214393002155474
0.0247051406086727
0.0282752514549606
0.0315533825565419
0.0349444843957249
0.0379315841500081
0.0402943854563281
0.0420716250655512
0.0430711765289689
0.0431008447481221
0.0419474890169577
0.0396246691398256
0.036244035556243
0.0316148704857964
0.0273984294666801
0.0241471819765003
0.0219452134956209
0.0207955174497544
0.0261700772814107
0.0230007717074388
0.0196904233813187
0.0166439097444013
0.0140529226278129
0.0117993110340491
0.00986717009720247
0.00820260661441849
0.00687382967022429
0.00582545369833214
0.00505138463329115
0.00454653366021609
0.00428478747825489
0.0314154704752702
0.0338856203549737
0.0365245260774794
0.0374932006099651
0.0384046716019577
0.0392852095796283
0.037580212257756
0.0384689610211969
0.0390850614765149
0.0390755038933571
0.0382959710564807
0.0365387748641273
0.033814312792112
0.0303667495787323
0.0265259111269078
0.0228327364642825
0.019472250646731
0.0165107439459098
0.0140007630275162
0.0118290562742876
0.00999490877635507
0.00843907378940265
0.00713396919978584
0.006007581213395
0.00507779404750547
0.00431067630379595
0.00366239008721677
0.00305663769961356
0.00253119681403559
0.00211329549414786
0.00180497106185964
0.00161902109622584
0.00151177176241489
0.0401138639545433
0.0408056917274767
0.0411281452277263
0.0407379217217301
0.039514231243361
0.0372684925607625
0.033706586901773
0.0296975311613729
0.0260046346518796
0.0220200454720009
0.0182284092254453
0.0149752171351431
0.0124652501405865
0.0106175441995621
0.00885165228319525
0.00738049190798903
0.00613416494854706
0.00512578998938949
0.00432697506461304
0.00378439380866566
0.00336853093093304
0.00299918766618721
0.00272847655049879
0.00260352610912124
0.0397951952260755
0.0402420062234309
0.0406362023460903
0.0410631707590205
0.0414631872214938
0.0419129783439939
0.0423606046415034
0.0427213568869241
0.0430456986727475
0.043345724638416
0.0435610088299885
0.0436908911188248
0.0210086704776346
0.018998815836219
0.0167117634242206
0.0141538006752694
0.0119197977142691
0.0101871555864467
0.00862149389671626
0.00722854375676673
0.00605820382739683
0.00500370621882642
0.00404928074747882
0.00324280208378144
0.00258748056381496
0.0019605659473404
0.00136016929068012
0.000853632087966745
0.000450614029730986
0.000122480082364418
-0.000142059467063017
-0.000344457152051195
-0.000486203685773959
-0.000576892568099651
-0.00062860716832677
0.0215230746874518
0.0202738307364804
0.0189757795375687
0.0176211924428769
0.016426504426719
0.0155629377489588
0.0150431773583414
0.0148498920264143
0.0149792563753247
0.0154215565837884
0.0161686453388805
0.0171697087187241
0.0184804197728476
0.0201136305802429
0.0219400266983122
0.0238845516692143
0.0259266333977885
0.0280462462948645
0.0301978894980383
0.0323026957712037
0.0343473203778224
0.0362986485499128
0.0380810606070808
0.0397567974489684
0.0415389914361182
0.0432367874002224
0.0446615455750785
0.0457878530873444
0.0465928347448756
0.0471316840102218
0.0474630001763182
0.0476288707018362
0.0476948599022494
0.047705037262371
0.0476989473310236
0.0137279333825279
0.0128988535220095
0.0120447442646633
0.0136868373547305
0.0130237158246947
0.012686556703023
0.0100464419005198
0.0081806801893319
0.00658114618229683
0.00525024997184512
0.00428339969164087
0.00349948009240281
0.00292260091832601
0.00254986032787358
0.00236534630038409
0.0130728636137485
0.0144241606919875
0.0161546325199387
0.0183029552547297
0.0213959250204525
0.0243370679105868
0.0274779717099447
0.0305664460005694
0.0333602391161059
0.0359158032558343
0.0380902589291481
0.0397871942569138
0.0409061031317345
0.0413126896554506
0.0408532635288857
0.0393576745173614
0.0367597661530958
0.0333137571444578
0.0294940243683366
0.0253602474816592
0.0211817833599171
0.0175646610489443
0.0144951155688448
0.0119679183254212
0.00997448971607543
0.00842426414672993
0.00722023910391589
0.00635443992220777
0.00580031482044089
0.00551839584217494
0.0174183643348224
0.0168037967951773
0.0163960782780512
0.0160417617034954
0.0158934412833432
0.0157962490491014
0.0183320448033052
0.0183921342404385
0.0180943549869399
0.0174046381710634
0.0163977009956404
0.0151808159835145
0.0138559338321009
0.0124885171569565
0.0110904852327207
0.00969470590419752
0.0083839413573249
0.00719012808331977
0.00603055137230215
0.00489415250643888
0.00384521086137648
0.00286772475753154
0.00195725401534983
0.00111586164491464
0.000345198502150916
-0.00035385796262456
-0.000982368057694943
-0.00154391248243306
-0.00203835855296782
-0.00246302749352149
-0.00281729470569936
-0.00310094018364979
-0.00331303796552132
-0.00345305485379581
-0.00352481221923528
0.018304426231058
0.0183120944574374
0.0180375917884298
0.0174730787381853
0.0166649054433535
0.0157627183896336
0.0148006937809643
0.0136849808100617
0.0124928720638118
0.0113801011121333
0.0103649334479437
0.00934543267718793
0.00826726284242336
0.00706264046757563
0.00589234535987899
0.00483037179237941
0.00384367387306641
0.00293005819420199
0.00207907617945224
0.00126605268415589
0.000551020366300913
-0.000183018337569342
-0.00065906721521541
-0.00112969756422194
-0.00166707975690769
-0.00212696986887661
-0.0025390381540136
-0.00290582089367495
-0.00318878554905635
-0.00340619873374891
-0.003551868878173
-0.00362861917426726
0.0217205750091503
0.0197744366852085
0.017804070795449
0.0160465917790309
0.014374125492505
0.0224364304577758
0.0206679781733672
0.0182155484002711
0.0163352622214632
0.0146068884695853
0.0130592290951864
0.0119701344032718
0.0110954787022113
0.0103239033359311
0.00968216065817569
0.00930479066338225
0.00910473123768342
0.00906544730856897
0.00917162035392152
0.00940612666003662
0.00974703683395003
0.010183235641901
0.010657268223558
0.0113505076420303
0.012092245497903
0.0127574186004039
0.0133922849884481
0.0139669448618623
0.0144138646148172
0.0147063279233474
0.0148762316337587
0.0133370150428969
0.0118314250422678
0.0101015803793068
0.013267412174275
0.0118666901696631
0.0103751463299386
0.00892819009957274
0.00946979308922609
0.00910619619856717
0.00890921485656573
0.00920851323010738
0.00862292107197776
0.00824421611111828
0.0081187415895197
0.00820698863828455
0.00916246633291036
0.0101133043745713
0.011823102566822
0.0140811968035571
0.00862668508456036
0.00853958508515342
0.00863047759343911
0.015567700335444
0.0177731868680111
0.0206481044945999
0.0235767249683141
0.0268795125364675
0.0303333158969584
0.0335009755280491
0.0365265379638555
0.0390005121910076
0.0405286004192063
0.0406913543807333
0.0386858947367407
0.015407773193114
0.0171552706107886
0.0194111413148251
0.0213330976647461
0.0240772279637262
0.0263582714221011
0.0292387118003657
0.0321739926419606
0.034702938948188
0.0371151060378843
0.0394242898170277
0.0415280159562256
0.0431814513345478
0.0444741911632973
0.0455454174286873
0.0461022498805103
0.0461422722450744
0.0455309422261111
0.0440727976961167
0.0415572291520738
0.0382880376727437
0.0345003391222996
0.0309016341763267
0.0284714902751834
0.0271933411628339
0.0376655585156192
0.0349625487574226
0.0314044404292557
0.0283009374612176
0.0252679202078514
0.0233706788483707
0.0223154521729478
0.0357255620984904
0.0311652460553564
0.0258720900299936
0.0211478152453261
0.0170538991329639
0.0135706968536729
0.0107170951576147
0.00837640698073468
0.00648616332199969
0.00496953248346524
0.00369626263289427
0.00264555412694653
0.00181331125178353
0.0011895097157495
0.000738150426845413
0.00040430198866505
0.000182669850319583
7.32995925835713e-05
0.00924094289464797
0.0101391229010182
0.0114174079259691
0.0131152706291578
0.0151092747244322
0.0172805510092967
0.0196195526500222
0.0221027609161607
0.0246939839545092
0.0273494979721312
0.0300242294111092
0.0326775859480881
0.0352728794816308
0.0379072514593559
0.00821072393650686
0.00786892028505384
0.00760783484041016
0.0074294332403637
0.00734306194427976
0.00733102885166318
0.00739599200381114
0.00753082221536389
0.00772562591273806
0.00798877341429598
0.008320703202254
0.00868185047548009
0.00902432727579804
0.00933665104802158
0.00959468102964495
0.00981232888321262
0.00995843095882947
0.0100426529692787
0.0394414620030596
0.0408283270644938
0.0420783868592255
0.0433613904558153
0.0443971101703977
0.0451567736217355
0.0458438930132734
0.0462969697571035
0.0462436604937758
0.0455942427414232
0.0442994181151145
0.0422383642962341
0.0392240861537691
0.0354678349183042
0.0317032026618134
0.0287168210726718
0.0266187825525592
0.0254153611315669
0.0392960309942909
0.040548545295778
0.0416804444085463
0.0427110104303413
0.0436617992412967
0.0445414733826131
0.0453142718641225
0.0459312315882876
0.0463822855468832
0.0466755520459099
0.046824148083751
0.00943149390747165
0.011108876861377
0.0133374293036218
0.0158785108448651
0.0186981500793459
0.0218916872225401
0.0252415188475873
0.0289587640398968
0.0326376505720803
0.0361991990555458
0.0397496218220096
0.00738490207403946
0.00665317605782392
0.00616096033467023
0.00578762890264002
0.00559822525743797
0.00550690123496864
0.00552470558716605
0.00560825924105732
0.00574650652099919
0.00585020995231473
0.0059707605162122
0.00605677528079501
0.00610310820610736
0.0416092421413961
0.0431671960186119
0.0444737058940158
0.045694119553737
0.0466105836383092
0.0473306033133093
0.0478036478199581
0.0481341614261231
0.048317855634496
0.0415297980678987
0.0430523819875315
0.0442501624854716
0.0450474907860735
0.0453489441988801
0.0450251678811623
0.0438988376431707
0.0416770680744954
0.0381887784948414
0.0336761890319493
0.028544257191697
0.0237337095780056
0.0196038360338659
0.0161434570642054
0.0133106334718628
0.0109175762796775
0.00892953597681886
0.00738567654661775
0.0062917291664377
0.00549566012020534
0.0049718199119448
0.00471622856100032
0.00840557152364295
0.00791458429193579
0.00751259022621878
0.00723536189491164
0.00707761062654213
0.00703218578798949
0.00711347071783719
0.00732446704376809
0.00756047309990284
0.00796544332723653
0.00858582032777519
0.009270116953076
0.0101245965600369
0.0112038349138534
0.0124078874519084
0.0138520147014812
0.00826282840550995
0.00766499943682147
0.00717097693927495
0.00678591303542747
0.00649571337079771
0.00629689126874628
0.00619671738232518
0.0062175519064515
0.00637996023005317
0.00667817666598697
0.00707843124422533
0.00753948349110699
0.00807607363403837
0.00885996273519888
0.015168076538272
0.0170235288130122
0.0191010979451942
0.0212372574362893
0.0236639332692924
0.0260088128621348
0.0283145844749741
0.0309735353222467
0.0331687072336574
0.0352264892967607
0.0370054012124031
0.0385752975807565
0.0398447872603811
0.0407972705423748
0.0414443259239208
0.0417826699130806
0.014624924985886
0.0156078242181431
0.0168562351122639
0.0181862605017503
0.0195137401434421
0.0210597228579321
0.022585155594053
0.0239630981552033
0.0251845911027388
0.0263017341405401
0.027333858857392
0.0282398371450638
0.0289382586083066
0.0293319777549649
0.00972300306682107
0.01066930445229
0.0117502140113105
0.0130470762809288
0.01451759919353
0.0161782511705463
0.0179264671370134
0.0198197799678246
0.0219538865727441
0.0242223053925969
0.026456647839103
0.0286171606184583
0.0307779910396962
0.0330185051843609
0.00897398523414395
0.00927233228151587
0.00972608703060933
0.0104359581913918
0.0115896495318573
0.0130203880104992
0.014536550083724
0.0164493939709083
0.0186566165483579
0.0210533719151928
0.0236217995784494
0.0260502965946338
0.0286687686311909
0.0312935109955155
0.0338538858517752
0.0361609703734646
0.0382669875370909
0.0402085298124652
0.0417831161703429
0.0429184637721745
0.0435416327196894
0.0435208532252563
0.0426615031178888
0.0407261054508886
0.0375082319572516
0.0329419327667519
0.0276475382718998
0.0224979631624377
0.0176386845643722
0.0132525510327222
0.00903512601242853
0.0348662875127721
0.036776680495945
0.0387165465639345
0.0406187783764564
0.0423595169282126
0.043687568798629
0.0445154022568086
0.0449729423729224
0.0449515060952394
0.0443244190983345
0.0429345031825045
0.0406761949315055
0.0373232222951698
0.0327441681924415
0.0280250764668442
0.0237566034068298
0.0195559305421935
0.0158223788877205
0.0127704214528954
0.0103563723181002
0.00836158289301022
0.00660728687226872
0.00512401835541155
0.00391329680661226
0.00288968258829458
0.00196400524672446
0.0333976764587195
0.0336694246263725
0.0338506685524705
0.0013143380361752
0.000659832914089329
2.81425697973638e-05
-0.000528258636851125
-0.000998205326508804
-0.00141931497397465
0.00144358283408
0.000953734550629769
0.000679973796347077
0.000517821330531076
-0.0016622308773538
-0.00182871780188891
-0.00193078988496929
-0.00198190813977151
-0.00158868828764465
-0.00169151530393795
-0.00173862333842541
0.00691420296606138
0.00516291675871207
0.00377744479113107
0.00257480643257458
0.00146086585595088
0.000452239118308269
0.00703813948377842
0.00545120297105451
0.00412066058194991
0.0030018289806703
0.00204863302443346
0.00129142388662587
0.000589703680696348
1.65822776535032e-05
-0.00048480280495139
-0.000920447086732303
-0.00129075710032445
-0.00162059162452694
-0.00190584820866551
-0.00216407864132122
-0.00239212947963283
-0.00258867137807987
-0.00277567057116075
-0.000122160541637457
-0.000556367331608944
-0.000955350162769637
-0.00129299222699447
-0.00160893871010834
-0.00188737885688937
-0.00213485673091409
-0.00235472929789034
-0.00255109567198043
-0.0027228374024866
-0.00287743945265697
-0.00301644754487815
-0.00313812043890895
-0.00324052470433333
-0.0033237092219646
-0.00338894681928188
-0.00343713822392676
-0.00346879145098068
-0.00348497298010796
9.56208100074795e-05
-0.000154422774355087
-0.0003516484434285
-0.00048556713766946
-0.000568110727651972
-0.000609421076492292
-0.00291457809610224
-0.003048544261829
-0.00316268363784559
-0.0032498889451717
-0.00331790021853444
-0.00336227339725539
-0.00338524470762745
-0.00287185927674552
-0.00295171547870623
-0.00300573058560331
-0.00303212686041976
