9.18193010361894e-05
9.18193010361894e-05
9.18193010361894e-05
9.18193010361895e-05
9.18193010361895e-05
9.18193010361896e-05
9.18193010361897e-05
9.18193010361894e-05
9.18193010361895e-05
9.18193010361896e-05
9.18193010361897e-05
9.18193010361898e-05
9.18193010361899e-05
9.181930103619e-05
9.181930103619e-05
9.18193010361894e-05
9.18193010361893e-05
9.18193010361891e-05
9.18193010361891e-05
9.18193010361892e-05
9.18193010361892e-05
9.18193010361892e-05
9.18193010361892e-05
9.18193010361892e-05
9.18193010361893e-05
9.18193010361894e-05
9.18193010361895e-05
9.18193010361896e-05
9.18193010361897e-05
9.18193010361898e-05
9.18193010361898e-05
9.18193010361899e-05
9.18193010361894e-05
9.18193010361894e-05
9.18193010361894e-05
9.18193010361893e-05
9.18193010361893e-05
9.18193010361893e-05
9.18193010361893e-05
9.18193010361893e-05
9.18193010361897e-05
9.18193010361898e-05
9.181930103619e-05
9.18193010361902e-05
9.18193010361904e-05
9.18193010361896e-05
9.18193010361897e-05
9.18193010361897e-05
9.18193010361904e-05
9.18193010361905e-05
9.18193010361906e-05
9.18193010361906e-05
9.18193010361907e-05
9.18193010361908e-05
9.18193010361909e-05
9.1819301036191e-05
9.1819301036191e-05
9.1819301036191e-05
9.1819301036191e-05
9.1819301036191e-05
9.1819301036191e-05
9.18193010361911e-05
9.18193010361911e-05
9.18193010361911e-05
9.18193010361912e-05
9.18193010361912e-05
9.18193010361912e-05
9.18193010361913e-05
9.18193010361913e-05
9.18193010361913e-05
9.18193010361912e-05
9.18193010361912e-05
9.18193010361912e-05
9.18193010361911e-05
9.18193010361911e-05
9.18193010361912e-05
9.18193010361912e-05
9.18193010361912e-05
9.18193010361912e-05
9.18193010361911e-05
9.18193010361911e-05
9.18193010361911e-05
9.18193010361906e-05
9.18193010361906e-05
9.18193010361907e-05
9.18193010361908e-05
9.18193010361909e-05
9.1819301036191e-05
9.1819301036191e-05
9.1819301036191e-05
9.18193010361909e-05
9.18193010361909e-05
9.18193010361909e-05
9.18193010361898e-05
9.18193010361899e-05
9.18193010361902e-05
9.18193010361899e-05
9.181930103619e-05
9.18193010361901e-05
9.18193010361902e-05
9.18193010361903e-05
9.18193010361905e-05
9.18193010361902e-05
9.18193010361904e-05
9.18193010361905e-05
9.18193010361905e-05
9.18193010361905e-05
9.18193010361905e-05
9.18193010361905e-05
9.18193010361905e-05
9.18193010361906e-05
9.18193010361906e-05
9.18193010361907e-05
9.18193010361907e-05
9.18193010361908e-05
9.18193010361908e-05
9.18193010361909e-05
9.18193010361909e-05
9.18193010361906e-05
9.18193010361907e-05
9.18193010361909e-05
9.18193010361912e-05
9.18193010361914e-05
9.18193010361917e-05
9.18193010361905e-05
9.18193010361907e-05
9.18193010361908e-05
9.18193010361918e-05
9.1819301036192e-05
9.18193010361922e-05
9.18193010361923e-05
9.18193010361925e-05
9.18193010361926e-05
9.18193010361927e-05
9.18193010361928e-05
9.18193010361928e-05
9.18193010361928e-05
9.18193010361928e-05
9.18193010361927e-05
9.18193010361927e-05
9.18193010361927e-05
9.18193010361926e-05
9.18193010361926e-05
9.18193010361926e-05
9.18193010361926e-05
9.18193010361926e-05
9.18193010361926e-05
9.18193010361925e-05
9.18193010361925e-05
9.18193010361926e-05
9.18193010361926e-05
9.18193010361927e-05
9.18193010361928e-05
9.18193010361929e-05
9.1819301036193e-05
9.18193010361931e-05
9.18193010361931e-05
9.18193010361931e-05
9.18193010361932e-05
9.18193010361932e-05
9.18193010361932e-05
9.18193010361917e-05
9.18193010361918e-05
9.18193010361918e-05
9.18193010361919e-05
9.1819301036192e-05
9.18193010361921e-05
9.18193010361922e-05
9.18193010361923e-05
9.18193010361924e-05
9.18193010361925e-05
9.18193010361926e-05
9.18193010361927e-05
9.18193010361927e-05
9.18193010361927e-05
9.18193010361928e-05
9.18193010361928e-05
9.18193010361929e-05
9.18193010361929e-05
9.18193010361929e-05
9.1819301036193e-05
9.1819301036193e-05
9.1819301036193e-05
9.1819301036193e-05
9.18193010361908e-05
9.18193010361909e-05
9.18193010361909e-05
9.18193010361909e-05
9.18193010361909e-05
9.1819301036191e-05
9.1819301036191e-05
9.18193010361911e-05
9.18193010361912e-05
9.18193010361912e-05
9.18193010361912e-05
9.18193010361913e-05
9.18193010361913e-05
9.18193010361909e-05
9.1819301036191e-05
9.18193010361912e-05
9.18193010361913e-05
9.18193010361914e-05
9.18193010361915e-05
9.18193010361916e-05
9.18193010361916e-05
9.18193010361916e-05
9.18193010361917e-05
9.18193010361916e-05
9.18193010361916e-05
9.18193010361916e-05
9.18193010361916e-05
9.18193010361916e-05
9.18193010361916e-05
9.18193010361916e-05
9.18193010361917e-05
9.18193010361917e-05
9.18193010361917e-05
9.18193010361917e-05
9.18193010361918e-05
9.18193010361918e-05
9.18193010361919e-05
9.1819301036192e-05
9.18193010361921e-05
9.18193010361921e-05
9.18193010361922e-05
9.18193010361923e-05
9.18193010361923e-05
9.18193010361923e-05
9.18193010361923e-05
9.18193010361923e-05
9.18193010361923e-05
9.18193010361923e-05
9.18193010361923e-05
9.18193010361923e-05
9.18193010361901e-05
9.18193010361901e-05
9.181930103619e-05
9.181930103619e-05
9.181930103619e-05
9.181930103619e-05
9.181930103619e-05
9.181930103619e-05
9.18193010361901e-05
9.18193010361902e-05
9.18193010361902e-05
9.18193010361903e-05
9.18193010361903e-05
9.18193010361904e-05
9.18193010361904e-05
9.18193010361904e-05
9.18193010361904e-05
9.18193010361904e-05
9.18193010361905e-05
9.18193010361904e-05
9.18193010361904e-05
9.18193010361903e-05
9.18193010361902e-05
9.18193010361903e-05
9.18193010361904e-05
9.18193010361905e-05
9.18193010361904e-05
9.18193010361904e-05
9.18193010361903e-05
9.18193010361903e-05
9.18193010361904e-05
9.18193010361904e-05
9.18193010361904e-05
9.18193010361904e-05
9.18193010361904e-05
9.18193010361904e-05
9.18193010361905e-05
9.18193010361905e-05
9.18193010361906e-05
9.18193010361906e-05
9.18193010361906e-05
9.18193010361907e-05
9.18193010361906e-05
9.18193010361906e-05
9.18193010361906e-05
9.18193010361905e-05
9.18193010361905e-05
9.18193010361905e-05
9.18193010361897e-05
9.18193010361898e-05
9.18193010361899e-05
9.18193010361899e-05
9.18193010361901e-05
9.18193010361902e-05
9.181930103619e-05
9.181930103619e-05
9.181930103619e-05
9.18193010361899e-05
9.181930103619e-05
9.18193010361901e-05
9.18193010361902e-05
9.18193010361903e-05
9.18193010361904e-05
9.18193010361905e-05
9.18193010361907e-05
9.18193010361908e-05
9.18193010361909e-05
9.1819301036191e-05
9.18193010361911e-05
9.18193010361912e-05
9.18193010361913e-05
9.18193010361915e-05
9.18193010361917e-05
9.18193010361919e-05
9.18193010361921e-05
9.18193010361922e-05
9.18193010361923e-05
9.18193010361924e-05
9.18193010361924e-05
9.18193010361925e-05
9.18193010361925e-05
9.18193010361926e-05
9.18193010361926e-05
9.18193010361926e-05
9.18193010361926e-05
9.18193010361925e-05
9.18193010361926e-05
9.18193010361926e-05
9.18193010361926e-05
9.18193010361927e-05
9.18193010361927e-05
9.181930103619e-05
9.18193010361901e-05
9.18193010361901e-05
9.18193010361902e-05
9.18193010361903e-05
9.18193010361903e-05
9.18193010361903e-05
9.18193010361904e-05
9.18193010361904e-05
9.18193010361904e-05
9.18193010361904e-05
9.18193010361904e-05
9.18193010361904e-05
9.18193010361901e-05
9.18193010361902e-05
9.18193010361904e-05
9.18193010361905e-05
9.18193010361906e-05
9.18193010361907e-05
9.18193010361903e-05
9.18193010361902e-05
9.18193010361901e-05
9.18193010361899e-05
9.18193010361898e-05
9.18193010361898e-05
9.18193010361897e-05
9.18193010361896e-05
9.18193010361896e-05
9.18193010361896e-05
9.18193010361895e-05
9.18193010361896e-05
9.18193010361896e-05
9.18193010361896e-05
9.18193010361896e-05
9.18193010361895e-05
9.18193010361895e-05
9.18193010361895e-05
9.18193010361895e-05
9.18193010361895e-05
9.18193010361896e-05
9.18193010361897e-05
9.18193010361897e-05
9.18193010361898e-05
9.18193010361898e-05
9.18193010361898e-05
9.18193010361898e-05
9.18193010361907e-05
9.18193010361908e-05
9.18193010361909e-05
9.18193010361911e-05
9.18193010361913e-05
9.18193010361915e-05
9.18193010361917e-05
9.18193010361918e-05
9.18193010361919e-05
9.1819301036192e-05
9.18193010361921e-05
9.18193010361922e-05
9.18193010361922e-05
9.18193010361923e-05
9.18193010361924e-05
9.18193010361925e-05
9.18193010361927e-05
9.18193010361928e-05
9.18193010361929e-05
9.1819301036193e-05
9.1819301036193e-05
9.1819301036193e-05
9.1819301036193e-05
9.1819301036193e-05
9.18193010361907e-05
9.18193010361909e-05
9.18193010361909e-05
9.1819301036191e-05
9.1819301036191e-05
9.18193010361911e-05
9.18193010361911e-05
9.18193010361912e-05
9.18193010361912e-05
9.18193010361912e-05
9.18193010361913e-05
9.18193010361913e-05
9.18193010361902e-05
9.18193010361903e-05
9.18193010361904e-05
9.18193010361905e-05
9.18193010361905e-05
9.18193010361906e-05
9.18193010361906e-05
9.18193010361906e-05
9.18193010361907e-05
9.18193010361907e-05
9.18193010361907e-05
9.18193010361907e-05
9.18193010361908e-05
9.18193010361908e-05
9.18193010361909e-05
9.1819301036191e-05
9.18193010361911e-05
9.18193010361911e-05
9.18193010361911e-05
9.18193010361912e-05
9.18193010361912e-05
9.18193010361912e-05
9.18193010361912e-05
9.18193010361902e-05
9.18193010361903e-05
9.18193010361903e-05
9.18193010361904e-05
9.18193010361905e-05
9.18193010361905e-05
9.18193010361906e-05
9.18193010361906e-05
9.18193010361907e-05
9.18193010361907e-05
9.18193010361908e-05
9.18193010361908e-05
9.18193010361908e-05
9.18193010361909e-05
9.18193010361909e-05
9.1819301036191e-05
9.1819301036191e-05
9.1819301036191e-05
9.18193010361911e-05
9.18193010361911e-05
9.18193010361912e-05
9.18193010361913e-05
9.18193010361913e-05
9.18193010361913e-05
9.18193010361914e-05
9.18193010361914e-05
9.18193010361915e-05
9.18193010361915e-05
9.18193010361915e-05
9.18193010361916e-05
9.18193010361916e-05
9.18193010361916e-05
9.18193010361916e-05
9.18193010361916e-05
9.18193010361916e-05
9.181930103619e-05
9.181930103619e-05
9.181930103619e-05
9.181930103619e-05
9.181930103619e-05
9.181930103619e-05
9.18193010361899e-05
9.18193010361899e-05
9.18193010361899e-05
9.18193010361899e-05
9.18193010361899e-05
9.18193010361898e-05
9.18193010361897e-05
9.18193010361897e-05
9.18193010361896e-05
9.181930103619e-05
9.18193010361899e-05
9.18193010361899e-05
9.18193010361898e-05
9.18193010361899e-05
9.18193010361899e-05
9.18193010361899e-05
9.18193010361899e-05
9.18193010361898e-05
9.18193010361898e-05
9.18193010361898e-05
9.18193010361898e-05
9.18193010361897e-05
9.18193010361897e-05
9.18193010361897e-05
9.18193010361897e-05
9.18193010361897e-05
9.18193010361898e-05
9.18193010361899e-05
9.181930103619e-05
9.181930103619e-05
9.181930103619e-05
9.181930103619e-05
9.181930103619e-05
9.18193010361899e-05
9.18193010361899e-05
9.18193010361899e-05
9.18193010361899e-05
9.18193010361898e-05
9.18193010361898e-05
9.18193010361898e-05
9.18193010361897e-05
9.18193010361896e-05
9.18193010361896e-05
9.18193010361896e-05
9.18193010361896e-05
9.18193010361899e-05
9.18193010361899e-05
9.18193010361899e-05
9.18193010361899e-05
9.181930103619e-05
9.181930103619e-05
9.181930103619e-05
9.181930103619e-05
9.181930103619e-05
9.181930103619e-05
9.181930103619e-05
9.181930103619e-05
9.181930103619e-05
9.181930103619e-05
9.181930103619e-05
9.181930103619e-05
9.18193010361901e-05
9.18193010361903e-05
9.18193010361903e-05
9.18193010361903e-05
9.18193010361903e-05
9.18193010361903e-05
9.18193010361903e-05
9.18193010361902e-05
9.18193010361902e-05
9.18193010361903e-05
9.18193010361903e-05
9.18193010361903e-05
9.18193010361903e-05
9.18193010361899e-05
9.18193010361899e-05
9.18193010361899e-05
9.18193010361899e-05
9.18193010361899e-05
9.18193010361899e-05
9.18193010361899e-05
9.181930103619e-05
9.181930103619e-05
9.181930103619e-05
9.181930103619e-05
9.18193010361901e-05
9.18193010361901e-05
9.18193010361901e-05
9.181930103619e-05
9.181930103619e-05
9.181930103619e-05
9.18193010361899e-05
9.18193010361899e-05
9.18193010361899e-05
9.18193010361899e-05
9.18193010361899e-05
9.18193010361899e-05
9.18193010361899e-05
9.18193010361899e-05
9.181930103619e-05
9.181930103619e-05
9.181930103619e-05
9.181930103619e-05
9.18193010361901e-05
9.18193010361901e-05
9.18193010361901e-05
9.18193010361893e-05
9.18193010361892e-05
9.18193010361892e-05
9.18193010361892e-05
9.18193010361892e-05
9.18193010361892e-05
9.18193010361892e-05
9.18193010361891e-05
9.18193010361891e-05
9.1819301036189e-05
9.18193010361889e-05
9.18193010361889e-05
9.18193010361889e-05
9.18193010361888e-05
9.18193010361887e-05
9.18193010361887e-05
9.18193010361887e-05
9.18193010361887e-05
9.18193010361887e-05
9.18193010361887e-05
9.18193010361888e-05
9.18193010361888e-05
9.18193010361888e-05
9.18193010361889e-05
9.1819301036189e-05
9.1819301036189e-05
9.18193010361891e-05
9.18193010361891e-05
9.18193010361891e-05
9.18193010361891e-05
9.18193010361891e-05
9.18193010361891e-05
9.18193010361891e-05
9.1819301036189e-05
9.18193010361893e-05
9.18193010361895e-05
9.18193010361897e-05
9.181930103619e-05
9.18193010361888e-05
9.18193010361886e-05
9.18193010361885e-05
9.18193010361893e-05
9.18193010361896e-05
9.18193010361899e-05
9.18193010361901e-05
9.18193010361905e-05
9.18193010361885e-05
9.18193010361886e-05
9.18193010361889e-05
9.18193010361891e-05
9.18193010361883e-05
9.18193010361881e-05
9.18193010361879e-05
9.18193010361893e-05
9.18193010361894e-05
9.18193010361897e-05
9.18193010361899e-05
9.181930103619e-05
9.18193010361902e-05
9.18193010361904e-05
9.18193010361905e-05
9.18193010361906e-05
9.18193010361908e-05
9.1819301036191e-05
9.18193010361912e-05
9.18193010361892e-05
9.18193010361893e-05
9.18193010361894e-05
9.18193010361895e-05
9.18193010361896e-05
9.18193010361896e-05
9.18193010361897e-05
9.18193010361898e-05
9.18193010361899e-05
9.18193010361899e-05
9.181930103619e-05
9.18193010361901e-05
9.18193010361902e-05
9.18193010361903e-05
9.18193010361905e-05
9.18193010361905e-05
9.18193010361906e-05
9.18193010361907e-05
9.18193010361907e-05
9.18193010361908e-05
9.18193010361908e-05
9.18193010361908e-05
9.18193010361908e-05
9.18193010361908e-05
9.18193010361908e-05
9.18193010361912e-05
9.18193010361912e-05
9.18193010361912e-05
9.18193010361912e-05
9.18193010361913e-05
9.18193010361913e-05
9.18193010361913e-05
9.18193010361913e-05
9.18193010361914e-05
9.18193010361914e-05
9.18193010361914e-05
9.18193010361914e-05
9.18193010361914e-05
9.18193010361915e-05
9.18193010361915e-05
9.18193010361915e-05
9.18193010361916e-05
9.18193010361916e-05
9.18193010361916e-05
9.18193010361916e-05
9.18193010361916e-05
9.18193010361916e-05
9.18193010361917e-05
9.18193010361917e-05
9.18193010361917e-05
9.18193010361878e-05
9.18193010361878e-05
9.18193010361878e-05
9.18193010361878e-05
9.18193010361878e-05
9.18193010361878e-05
9.18193010361879e-05
9.1819301036188e-05
9.1819301036188e-05
9.1819301036188e-05
9.18193010361881e-05
9.18193010361881e-05
9.18193010361881e-05
9.18193010361881e-05
9.18193010361878e-05
9.18193010361877e-05
9.18193010361876e-05
9.18193010361875e-05
9.18193010361874e-05
9.18193010361874e-05
9.18193010361873e-05
9.18193010361873e-05
9.18193010361872e-05
9.18193010361871e-05
9.18193010361871e-05
9.1819301036187e-05
9.1819301036187e-05
9.1819301036187e-05
9.18193010361871e-05
9.18193010361871e-05
9.18193010361871e-05
9.18193010361871e-05
9.18193010361881e-05
9.18193010361881e-05
9.18193010361881e-05
9.18193010361882e-05
9.18193010361882e-05
9.18193010361883e-05
9.18193010361883e-05
9.18193010361884e-05
9.18193010361885e-05
9.18193010361886e-05
9.18193010361887e-05
9.18193010361887e-05
9.18193010361887e-05
9.18193010361886e-05
9.18193010361886e-05
9.18193010361886e-05
9.18193010361886e-05
9.18193010361887e-05
9.18193010361881e-05
9.18193010361881e-05
9.18193010361881e-05
9.18193010361882e-05
9.18193010361883e-05
9.18193010361883e-05
9.18193010361884e-05
9.18193010361884e-05
9.18193010361884e-05
9.18193010361885e-05
9.18193010361884e-05
9.18193010361908e-05
9.18193010361911e-05
9.18193010361914e-05
9.18193010361917e-05
9.18193010361919e-05
9.18193010361921e-05
9.18193010361923e-05
9.18193010361925e-05
9.18193010361927e-05
9.18193010361929e-05
9.18193010361931e-05
9.18193010361906e-05
9.18193010361908e-05
9.18193010361908e-05
9.18193010361909e-05
9.1819301036191e-05
9.1819301036191e-05
9.18193010361911e-05
9.18193010361912e-05
9.18193010361913e-05
9.18193010361914e-05
9.18193010361914e-05
9.18193010361914e-05
9.18193010361915e-05
9.18193010361932e-05
9.18193010361933e-05
9.18193010361934e-05
9.18193010361935e-05
9.18193010361936e-05
9.18193010361936e-05
9.18193010361937e-05
9.18193010361936e-05
9.18193010361936e-05
9.18193010361931e-05
9.18193010361932e-05
9.18193010361932e-05
9.18193010361933e-05
9.18193010361934e-05
9.18193010361934e-05
9.18193010361935e-05
9.18193010361935e-05
9.18193010361936e-05
9.18193010361936e-05
9.18193010361936e-05
9.18193010361936e-05
9.18193010361936e-05
9.18193010361937e-05
9.18193010361938e-05
9.18193010361939e-05
9.18193010361941e-05
9.18193010361942e-05
9.18193010361943e-05
9.18193010361944e-05
9.18193010361944e-05
9.18193010361944e-05
9.18193010361901e-05
9.18193010361903e-05
9.18193010361904e-05
9.18193010361905e-05
9.18193010361907e-05
9.18193010361908e-05
9.1819301036191e-05
9.18193010361911e-05
9.18193010361912e-05
9.18193010361913e-05
9.18193010361914e-05
9.18193010361915e-05
9.18193010361915e-05
9.18193010361917e-05
9.18193010361918e-05
9.18193010361919e-05
9.18193010361901e-05
9.18193010361903e-05
9.18193010361905e-05
9.18193010361907e-05
9.18193010361908e-05
9.1819301036191e-05
9.18193010361912e-05
9.18193010361913e-05
9.18193010361914e-05
9.18193010361915e-05
9.18193010361916e-05
9.18193010361917e-05
9.18193010361917e-05
9.18193010361919e-05
9.1819301036192e-05
9.18193010361921e-05
9.18193010361921e-05
9.18193010361922e-05
9.18193010361922e-05
9.18193010361923e-05
9.18193010361923e-05
9.18193010361923e-05
9.18193010361923e-05
9.18193010361924e-05
9.18193010361924e-05
9.18193010361925e-05
9.18193010361925e-05
9.18193010361926e-05
9.18193010361926e-05
9.18193010361926e-05
9.18193010361919e-05
9.1819301036192e-05
9.1819301036192e-05
9.1819301036192e-05
9.18193010361919e-05
9.18193010361919e-05
9.18193010361919e-05
9.1819301036192e-05
9.1819301036192e-05
9.1819301036192e-05
9.1819301036192e-05
9.1819301036192e-05
9.18193010361919e-05
9.18193010361919e-05
9.18193010361919e-05
9.1819301036192e-05
9.18193010361921e-05
9.18193010361922e-05
9.18193010361923e-05
9.18193010361924e-05
9.18193010361925e-05
9.18193010361926e-05
9.18193010361926e-05
9.18193010361926e-05
9.18193010361926e-05
9.18193010361926e-05
9.18193010361926e-05
9.18193010361926e-05
9.18193010361919e-05
9.18193010361919e-05
9.1819301036192e-05
9.1819301036192e-05
9.18193010361921e-05
9.18193010361922e-05
9.18193010361924e-05
9.18193010361925e-05
9.18193010361926e-05
9.18193010361928e-05
9.18193010361928e-05
9.18193010361928e-05
9.18193010361929e-05
9.1819301036193e-05
9.18193010361931e-05
9.18193010361932e-05
9.18193010361933e-05
9.18193010361934e-05
9.18193010361936e-05
9.18193010361937e-05
9.18193010361938e-05
9.18193010361939e-05
9.18193010361939e-05
9.1819301036194e-05
9.18193010361941e-05
9.18193010361942e-05
9.18193010361943e-05
9.18193010361944e-05
9.18193010361945e-05
9.18193010361946e-05
9.18193010361947e-05
9.18193010361926e-05
9.18193010361926e-05
9.18193010361926e-05
9.18193010361926e-05
9.18193010361926e-05
9.18193010361926e-05
9.18193010361926e-05
9.18193010361926e-05
9.18193010361926e-05
9.18193010361926e-05
9.18193010361926e-05
9.18193010361925e-05
9.18193010361925e-05
9.18193010361924e-05
9.18193010361923e-05
9.18193010361922e-05
9.18193010361922e-05
9.18193010361921e-05
9.18193010361922e-05
9.18193010361922e-05
9.18193010361922e-05
9.18193010361921e-05
9.1819301036192e-05
9.18193010361919e-05
9.18193010361918e-05
9.18193010361917e-05
9.18193010361926e-05
9.18193010361925e-05
9.18193010361925e-05
9.18193010361917e-05
9.18193010361917e-05
9.18193010361916e-05
9.18193010361916e-05
9.18193010361916e-05
9.18193010361915e-05
9.18193010361916e-05
9.18193010361915e-05
9.18193010361915e-05
9.18193010361914e-05
9.18193010361915e-05
9.18193010361914e-05
9.18193010361914e-05
9.18193010361914e-05
9.18193010361915e-05
9.18193010361915e-05
9.18193010361914e-05
9.18193010361948e-05
9.18193010361949e-05
9.18193010361951e-05
9.18193010361952e-05
9.18193010361954e-05
9.18193010361956e-05
9.18193010361946e-05
9.18193010361946e-05
9.18193010361946e-05
9.18193010361946e-05
9.18193010361946e-05
9.18193010361945e-05
9.18193010361944e-05
9.18193010361944e-05
9.18193010361943e-05
9.18193010361942e-05
9.18193010361942e-05
9.18193010361942e-05
9.18193010361942e-05
9.18193010361941e-05
9.1819301036194e-05
9.1819301036194e-05
9.1819301036194e-05
9.1819301036196e-05
9.18193010361962e-05
9.18193010361965e-05
9.18193010361967e-05
9.18193010361968e-05
9.1819301036197e-05
9.18193010361971e-05
9.18193010361972e-05
9.18193010361973e-05
9.18193010361974e-05
9.18193010361975e-05
9.18193010361976e-05
9.18193010361976e-05
9.18193010361976e-05
9.18193010361976e-05
9.18193010361977e-05
9.18193010361977e-05
9.18193010361977e-05
9.18193010361977e-05
9.18193010361955e-05
9.18193010361954e-05
9.18193010361953e-05
9.18193010361952e-05
9.18193010361952e-05
9.18193010361952e-05
9.1819301036194e-05
9.18193010361939e-05
9.18193010361939e-05
9.18193010361939e-05
9.18193010361939e-05
9.18193010361939e-05
9.18193010361939e-05
9.1819301036194e-05
9.1819301036194e-05
9.1819301036194e-05
9.1819301036194e-05
