0.05
0.0375287707615857
0.0348628543444762
0.0304808788157456
0.0358905983413519
0.0336434963270549
0.0313374086561778
0.0374976980010815
0.0352936810532951
0.0318457863543758
0.0296961268831317
0.0280498545084993
0.0267611540362319
0.0248814478426557
0.0222754483757461
0.0376450628081615
0.0330928671963276
0.0291926131190691
0.0286190892677725
0.0261834399358907
0.0236438682522615
0.0229792880875318
0.022567228652785
0.0220669995922018
0.0211605619949461
0.0193299132071819
0.0169573231307122
0.0147827596250991
0.0128905598655767
0.0112780419340303
0.00993181094284673
0.00878456542548187
0.0374249668181818
0.0359054609259344
0.0339835961417343
0.03251659244259
0.0313921855999226
0.0305914210642153
0.0300133983056042
0.0294888510844599
0.0284354096186401
0.0264503778394963
0.0240944197769534
0.0217055951684352
0.0187386801884235
0.0277539727327514
0.0253184660133575
0.02285349425536
0.0172832256993958
0.0157190533639734
0.0142008417394195
0.0129017097861601
0.0116503017962372
0.0104639246725456
0.00945876763216698
0.00852332920733492
0.00763246981598893
0.00686190574647335
0.00615939203126302
0.0055333489874568
0.00496217372364238
0.00446955086516986
0.00405077839872854
0.00367408437204194
0.00335189563386749
0.00306683995512154
0.00280912527980144
0.0025866613662626
0.00241235870152836
0.00228754435688567
0.00221208579460786
0.00217986852902754
0.00218254023755544
0.00222821615427397
0.00230845506677966
0.00241758149457835
0.00253962522446673
0.00266825175665293
0.00279027109934703
0.00289245505823624
0.00296602897272174
0.00300583568808777
0.0176133444364607
0.01677805738108
0.0159350583278346
0.0151053155298618
0.0143941539960258
0.0137950020804995
0.0132516695395592
0.0128666180933451
0.0125734758047593
0.0123607476269403
0.0122500379247929
0.0215321931418902
0.0198867362586767
0.017746702383624
0.0199069266915714
0.0163362968321318
0.0127890877952295
0.0171640103855674
0.0165247371820088
0.0158192161250347
0.0163268954221667
0.0141856055941963
0.0117529932472294
0.0100654139943647
0.00862745814650988
0.00712390182748799
0.00566818920819205
0.00454093037848759
0.00359645503532826
0.00269965129464298
0.00194623276533362
0.00130107278060087
0.000795722791811187
0.000440539461215311
0.000217957309072006
9.46916555970981e-05
0.014702716355361
0.0131777884152134
0.0114331991666508
0.00988168830062405
0.00868620957357488
0.00768408099334287
0.0149195284129058
0.0140798925494328
0.0132138170384917
0.00720766455787815
0.0069513272316643
0.00697457966973989
0.00728217094787753
0.00791755492359051
0.00888945847638158
0.010155723585348
0.0117899242532991
0.0139346221621707
0.0166590366643502
0.0198996147059513
0.0234593739833166
0.0271286652554448
0.0307790219416372
0.0342501686257719
0.0373418581951845
0.0398170464310892
0.0414432416759949
0.0419563154029596
0.041006689274408
0.038069457487615
0.0331386331354878
0.0271606492302248
0.0210384122655329
0.0169830446056908
0.0126727503516828
0.00949007412907152
0.00691526319747484
0.00493458271965313
0.00349565552405034
0.00238785601853089
0.00157596626179062
0.00113590718666493
0.00083622452151554
0.00739060919972505
0.00735828799241729
0.00759763555043438
0.00820793435350422
0.00919480389782081
0.0105745590032425
0.0122901219740866
0.0145880053900092
0.0173475962083552
0.0205946667565692
0.024159021609213
0.0279157541405001
0.0317054292532656
0.0352886517808694
0.0385122508523992
0.0414668000108844
0.0438860901829287
0.0456686185920896
0.0469111526533126
0.047717223155455
0.0481711652816421
0.0483762955278092
0.0484436546588134
0.0118177919838466
0.0105232725345573
0.00936102393323321
0.00834159037784376
0.00744660670136508
0.00664934810792378
0.00593356181012237
0.00531915105845903
0.0048139049041901
0.00440894701123058
0.00410240211895081
0.00389700878581505
0.00379086920679492
0.0120605263104413
0.0109461089656656
0.00990958369243139
0.0090114722157511
0.00821048719790776
0.00751123162553982
0.00693561413632336
0.00644313356286817
0.00596020576736682
0.0055111226841076
0.00513921225159706
0.00487951086490652
0.00473493133512457
0.00470107719279359
0.00478156352030758
0.00497815872349177
0.00528626355828078
0.00569556013134427
0.00625143690782805
0.00722918636635186
0.00867131390801757
0.0102096113421931
0.0122426392238768
0.0144036019183403
0.0168592640482636
0.0197373091348879
0.0229472329077204
0.0262288677924859
0.0292836519312625
0.0319674912792437
0.0343684968025661
0.0365466562456487
0.0382991951887387
0.0398240237250747
0.0411550004427592
0.0420348424062795
0.0424959125250999
0.0112277620118817
0.00984844069650364
0.00860245956472219
0.0073626119474089
0.00629328711591987
0.00515519976486436
0.00415710720779962
0.00330794567384735
0.0024204271306401
0.00160974193166426
0.00104127853454693
0.00021319170693988
-0.000322300656199158
-0.000968737453748868
-0.00162322179653061
-0.00210725280142198
-0.00241296894754638
-0.00271945835006257
-0.00297720314233716
-0.00316563273767649
-0.00329507619930436
-0.00335707983516303
0.0115509120667821
0.0103837109351619
0.00927613477707399
0.0082302308950031
0.00728778238028462
0.00643991197636847
0.00566743849736761
0.0049117600819075
0.00429070668902741
0.0036766462095933
0.0030726295677849
0.00250174922203293
0.00172103592006207
0.000963376539590517
0.000291382940463929
-0.000311109765627377
-0.000832042815057107
-0.00129322371035812
-0.00166767312440157
-0.00204269046939703
-0.0023714798259052
-0.00263749727574765
-0.0028454469095724
-0.00300344206592287
-0.00310570309433108
-0.00315997212723024
0.0306496671356283
0.029821743895831
0.0287180081250062
0.0303333750607481
0.0294348394530138
0.0284923558910931
0.0281812786030204
0.0274972898079183
0.0265799802444467
0.0280240485741423
0.0269597795387731
0.0254512363069602
0.0239228056941441
0.0224996404437459
0.0209568984857793
0.0192886127691794
0.0176551775401795
0.0162068736488795
0.0148308505362594
0.0136173304394609
0.0125553068661457
0.0115475171031365
0.0103578844952016
0.00902506762496443
0.00797016905192584
0.00681055135509056
0.00592336566154612
0.00506100424087852
0.00432098868858649
0.00357641195328242
0.00290732360429936
0.00233129335719523
0.0018059136837432
0.00133627156241434
0.000929805760883771
0.000579536367198436
0.000306748451270711
8.84292818727408e-05
-0.000105020018313833
-0.000240084746077078
-0.000330341706242527
-0.000386858097881554
-0.000415153243073325
0.0264572782476474
0.0263452378298986
0.0261062796284859
0.0256641280905654
0.0250448720747907
0.0242773277134129
0.0234250863690607
0.0225363525082227
0.0217234030274519
0.0210178841611461
0.0204618694499745
0.0200837341382131
0.0198828319317202
0.0226239813761371
0.0192755749235532
0.0155789683472776
0.0140576512379719
0.0125400073241198
0.0109942352345668
0.0141914286809829
0.0127747095162928
0.0112761707163884
0.010063573394845
0.00906947672553801
0.0082613504074514
0.00765827657729535
0.00724966215924715
0.00702110363667665
0.00697399647042527
0.00710018129938671
0.00740358413750641
0.00788052635094538
0.00855004333399389
0.0094036468419748
0.0104413164222606
0.0116358577369878
0.0130013307022371
0.014452520990867
0.0159583571041331
0.0175177402628793
0.019245997130812
0.0209539249544591
0.0224542138084274
0.0236428916406233
0.0243916207036811
0.0248355923800634
0.0100674870300272
0.0091415660434439
0.00824781250939211
0.00748066628918604
0.0069336852625194
0.00652743971863833
0.00624759065169267
0.00612953300681204
0.00613658510760195
0.006270631881472
0.00656651589917878
0.00703244975700899
0.0076146403939129
0.00823999435744844
0.00907912572716947
0.0100457664701357
0.0111459497944253
0.0123039402969271
0.0134520693538762
0.0143778618818864
0.0151907630733412
0.0160046308077366
0.0166574162531238
0.0169744725549123
0.00946865539783663
0.00802929651593285
0.00683819111634154
0.00570931384318973
0.0047991623082632
0.0039123336992738
0.00313810579865137
0.00257544002747668
0.00211072721230583
0.00170832729540777
0.00143108448508899
0.00126819984194252
0.0279490784502039
0.0271518640202423
0.0260009472504275
0.0243876934063272
0.0226611926423014
0.0210864588444668
0.0194630791198561
0.0178549639217541
0.0163867494870924
0.014970727462009
0.0136075066914188
0.0123860147928235
0.0113355307951361
0.0102719637026237
0.00919662704411751
0.00824016126222794
0.00743982643799355
0.00675629987533101
0.00617976773708384
0.00572031264471915
0.00538759517001488
0.00516938739778639
0.00504270583137211
0.0278693700184218
0.0270292041698655
0.0258768361225568
0.0242709628876353
0.0223363698896392
0.0203443757960409
0.0184136763292261
0.016557682791974
0.0148117698832692
0.0131878910042208
0.0116805211556279
0.0103301890152783
0.0090352412260917
0.00779254402246432
0.00667192998955929
0.00566729659339384
0.00474811860257185
0.00389483525958081
0.00310340758651991
0.00238245787669383
0.00171921455937788
0.00111039267758769
0.000567250710764378
5.98125397060752e-05
-0.000489742416135517
-0.00103929498910318
-0.00154229061059055
-0.00199587126918977
-0.00238442847963973
-0.00271435197519348
-0.00299334989964537
-0.00320898790488767
-0.00337851415293203
-0.00348271075468049
-0.00354003631947197
0.020669510229057
0.0186732249773843
0.01614798795753
0.0222667123785431
0.0222529428942476
0.0222431928671174
0.0147420319647775
0.0133690988907349
0.0121442331038231
0.0110888997789556
0.0103004318236353
0.00964610053751187
0.00915533454915202
0.00883376515025836
0.00867319720519252
0.0138148774527091
0.0118226434050403
0.0100076681610821
0.00829080863283242
0.0076178022510782
0.00710379490961552
0.0066574391296882
0.0063024701956865
0.00604752843855482
0.00587457981219674
0.00578778454613441
0.00578779634376021
0.00587795095377195
0.00606357096232009
0.00635417537291819
0.00675706481986848
0.00727522526273057
0.00789917548395996
0.00862330350163371
0.00952714821893454
0.0106484286985555
0.0118769237141351
0.0132006299744519
0.0145667675422955
0.0158809953157747
0.0170867068258351
0.018157910636873
0.0190117561729754
0.0195988042828101
0.0199108726867818
0.00746412266096205
0.006827411562678
0.00635487701148196
0.0058831989823469
0.00566504926451058
0.00550929206475925
0.00838988174582763
0.00821695837904993
0.00832659661184522
0.00876781771936286
0.00955617030394573
0.0107031662438061
0.0122183464873244
0.0141226425903367
0.0164861346089988
0.019315770224017
0.0224124284695912
0.0255717009074385
0.0288902590787765
0.0322999529766883
0.0354928151511316
0.0384004216175059
0.04090957733098
0.0428756762778135
0.0441560918300518
0.0446120322726206
0.0440753495840503
0.0422874987472979
0.0389900611057105
0.0343862223933785
0.02935645095361
0.024852150359986
0.0213970554829646
0.019135592894895
0.0179928817250049
0.00818513102515748
0.00787116965091782
0.00778441813018207
0.00795441834134358
0.00839243642737271
0.00904222097538154
0.0099006034436818
0.0111194438671828
0.0127239886193411
0.0145501677816901
0.0165362954076867
0.018881364874531
0.0217347695872021
0.0252644156550932
0.0289125828083929
0.0323217412015945
0.0354970992760879
0.0383560774387159
0.04083719360494
0.0428950025780341
0.0442772573109078
0.0450400726251317
0.0449794037265463
0.0442406100553456
0.0419707767060073
0.0380917606295453
0.0329964464788841
0.0275008103168059
0.0230134589266992
0.0195884398051676
0.0173534753876218
0.0162037906600134
0.0291589803748299
0.0287706648972684
0.0283219489643487
0.0277709242382079
0.0270005907517915
0.0289602795574695
0.0276921896277346
0.0257448731786843
0.0240194784656469
0.0221420996139825
0.0201304139805161
0.0184351562505603
0.0167974987635498
0.0150496015639111
0.0131985343156243
0.011654985468678
0.0102239848749134
0.00890550632582042
0.00769392599206876
0.00659933902451842
0.00562379990813887
0.00474391332778358
0.00401086024296144
0.00315089492246318
0.00238421544574627
0.00178689173107253
0.00127760975538285
0.000857691028145448
0.000553399070727037
0.000363403340878804
0.000256387751366942
0.0255438624677936
0.0228161708095204
0.0190741673908855
0.0271385547143279
0.0268764850214491
0.0260762121269272
0.0247017613577732
0.0170429786115507
0.0155775093038378
0.0144791471543533
0.0177726933024611
0.0165076649457755
0.0151523641525189
0.0140597887687722
0.0126059137909549
0.0139317868766155
0.0127546537082917
0.0111463337321849
0.00947160970130447
0.0133890944705926
0.0123913966698094
0.0113871459101813
0.00861142742301834
0.0076633246737326
0.00667650847768457
0.00582783834043371
0.00497997073683996
0.00415824597541629
0.00342064454238489
0.0026862110476859
0.001985744469339
0.00133131815001409
0.000721843541324824
7.34130747127468e-05
0.00861068272681388
0.00774131593962788
0.00684231064166649
0.00619358243859429
0.00538700999015545
0.00478454601146353
0.00408375898833152
0.00341323363989009
0.00285558749717342
0.00233034291301171
0.00182158576807997
0.00133641840265869
0.000917563407484114
0.000534296247306703
0.000118869281368123
-0.00024250863919762
-0.000604786991395875
-0.000906389602880279
-0.00118352598357016
-0.00142651346157317
-0.00161944527950143
-0.00177940556129386
-0.00190301088357467
-0.00197844057224837
-0.0020163706672978
-6.17164298997548e-05
-0.000178062757141343
-0.000273180017817419
-0.00034002260484991
-0.00039848109680792
-0.000433550416823055
-0.000452785692489786
-0.000380609677408394
-0.000810445863627141
-0.00122866495638746
-0.00160743945788781
-0.00197097442906406
-0.00232667607502454
-0.00266540959664834
-0.00298762864363615
-0.00328693507035886
-0.00355996784674589
-0.00381817529203942
-0.00405615045270742
-0.00426414749990867
-0.00443342604610511
-0.00456412873815258
-0.00466587825492543
-0.00473606909326502
-0.00477153950468851
0.0108723620034263
0.0102638361479378
0.00954194398714166
0.00872107474658525
0.00788172383962162
0.00707953749165897
0.00631257980469516
0.00557948086300741
0.00487914989977295
0.00421054184640504
0.00357255197895146
0.00296360815638629
0.00238224801647205
0.00179898667580894
0.0109962021376319
0.0105973108720339
0.0102000075655733
0.00981211948862809
0.00947642603135525
0.00915536698849142
0.00885235095349344
0.00857690965564441
0.00832261825430387
0.00806705350590907
0.00780752506568438
0.00756876891519602
0.00737056972908282
0.00720826739394491
0.00708514699572091
0.00698798094249487
0.00692563910901021
0.0068907515203306
0.00140039386200148
0.00103588470238213
0.000698151515641644
0.000332013605701495
3.34923558910809e-06
-0.00028240823999442
-0.000622744656107478
-0.00102207826541565
-0.00139845023189505
-0.00171855815017884
-0.00198786639080525
-0.00222152346183753
-0.00243242693785978
-0.00261481467326806
-0.00275943586698428
-0.00286077591153804
-0.00292779456517744
-0.00296515330275388
0.00154161752163128
0.00131624541847124
0.00111816915680346
0.000941668677127062
0.000780810457780257
0.000632145773506315
0.00050025319912243
0.000393070215514702
0.000313037285917259
0.00025997312857647
0.000232703623833188
0.0115626018061165
0.0104268962386273
0.00921961629673883
0.00811373374687731
0.00710257924153422
0.00613309787041228
0.00524300162148781
0.00434920887946911
0.00352006213885169
0.00274118040675792
0.00196307300014374
0.0119662589915042
0.0112679922053283
0.0106768681097976
0.0100678327687721
0.00959469741006896
0.00908685418726542
0.00867829429736423
0.00834037116687062
0.00803164875647687
0.00785768540587922
0.00769123657099964
0.00758696741047281
0.00753475891353521
0.00169125392503622
0.0014661619109992
0.00127764428236519
0.00109855438792471
0.00095870598795135
0.00084264244603349
0.000761699324485489
0.000701845361198883
0.000666963600012241
0.00144071693399212
0.000947514066310105
0.000481957756137197
4.08673211957525e-05
-0.000378314426339167
-0.000772804458393563
-0.00114251204217697
-0.0014940382235018
-0.0018197736750026
-0.00211827553131671
-0.00240340682523727
-0.00266089687133555
-0.00289199670429793
-0.00310289908458651
-0.0032940316470259
-0.00347273451595675
-0.00363564658704605
-0.0037731295957826
-0.00387736905088518
-0.00395739649830371
-0.00401222492427631
-0.00403965184913517
0.0238281937936928
0.0225598429347884
0.0210412000501713
0.0194642618614633
0.0179074322392811
0.0163720953312105
0.0147676928140512
0.0133058353097196
0.0123084012461169
0.0111096299944672
0.00982044997909265
0.00877246629785309
0.00775996319398676
0.00675669460660879
0.00585925248659876
0.00497256760783505
0.0240238580164014
0.023065429705544
0.0219355044140706
0.0207223727771773
0.019448122859295
0.0181229377511448
0.0167417932891424
0.0153219408703856
0.0139563444792676
0.0127283675745804
0.0116843413333982
0.0108195699032111
0.0100434972458049
0.00915321664851213
0.00439298126397085
0.00373786164652873
0.00313482826846176
0.00260955605723978
0.00209279442238107
0.00165005731208953
0.0012548047787051
0.000837426392784132
0.000516533451622209
0.000231919818427202
-3.76834435842216e-06
-0.00020524911119304
-0.000364808420542179
-0.000483162736066142
-0.000563155974302875
-0.000604914438387384
0.00448646429784727
0.00403127125455454
0.00358014899690142
0.00318999153998112
0.00286141294997903
0.00253248538851562
0.00224824242335688
0.00201734070275266
0.00182906388067567
0.00166807527745497
0.00152730996942877
0.00140903741595775
0.0013207072069652
0.00127185654222148
0.00854121371738996
0.00802267234094896
0.0075503516900512
0.00709081855967426
0.00666273223537541
0.00625921306840178
0.00589760100055021
0.00555756468512423
0.00522023072547935
0.00489961307934532
0.00461079681090985
0.0043493870015156
0.00409984798674063
0.00384855313671248
0.00886982377715067
0.0085950430993211
0.00836828314052724
0.00814437571128052
0.00788696924308142
0.00764824643995035
0.00745413672060996
0.0072615004337982
0.00708066874791487
0.00691523697482549
0.00675992537474234
0.00662492637542243
0.00648539258320248
0.00634530893668784
0.00620205805205239
0.00606065473562255
0.00591322163225319
0.00574914821270225
0.00557535785525745
0.00539076000387027
0.00519142064264061
0.00497545447504479
0.00474290916075103
0.00449755172180591
0.00424156211609894
0.0039694132845846
0.00369022317996459
0.00341789951234808
0.00314486358747565
0.00288076293199883
0.00261472318509723
0.00366106875542448
0.00346747303535023
0.0032662835211836
0.00305727502244032
0.00284350654781648
0.00264555159676927
0.00247687131188183
0.00230919350755581
0.00213528168041106
0.00197016566141851
0.00180525486953674
0.0016454328351689
0.00148017993239358
0.0012984061447202
0.00112086089508431
0.000950729976457458
0.000760570323636344
0.000558183512021432
0.000355673634332095
0.000159797089582573
-3.69177534569313e-05
-0.000247463912470033
-0.000464286922749111
-0.000677907000835336
-0.000893424314210622
-0.00112365153633926
0.00378434948193577
0.00373817974696674
0.00370782211388868
-0.00142946460210013
-0.00181517383396294
-0.00226528861725764
-0.00272850937363867
-0.00317206584072205
-0.0036078610187839
-0.00112442343253194
-0.00112606778432017
-0.00112745180055559
-0.00112851422102849
-0.00390035040124319
-0.00411744363606506
-0.00425780399543955
-0.00433035256047022
-0.00376713131326062
-0.00386850465610112
-0.0039161478233472
0.00235429861195253
0.00213137494253613
0.00196074506425311
0.00183110380185339
0.00174613519999848
0.00172103720716033
0.00261296158245277
0.00263443328919561
0.00267898776421016
0.00274669880787583
0.00283907508382433
0.00294787306232628
0.00309226919603056
0.00325785269669008
0.00345673992634143
0.00369182321537492
0.00396026286949873
0.00427837322407874
0.00464097400382274
0.00506907706511044
0.00555607211837556
0.00608391004853219
0.00669961119307616
0.00225305861846611
0.00276924288280427
0.00336680952041791
0.00399778603248571
0.00473031586249692
0.00553042062419665
0.00640620223587729
0.0073584499264038
0.00839207318610912
0.00947996671329295
0.010646402118341
0.011883923016439
0.0131452468325328
0.0143581678316685
0.0154586916493289
0.0164007689199175
0.0171439351839394
0.0176547608951542
0.0179231756423638
0.00120229739695233
0.000800284808792371
0.000454709355268481
0.000203509937818654
4.10575756275165e-05
-4.27218612008379e-05
0.00764096789084378
0.00873132274238402
0.00982240861872165
0.0107760044759952
0.0116053120038263
0.0121910844609226
0.0125097985911538
0.00664144481766601
0.00661959875925512
0.00662221801019606
0.00662954156873078
