0.05
0.0372143139868254
0.035374963121112
0.0327030754632793
0.0352052700055343
0.0325377474991028
0.0294683260382461
0.0370541453384384
0.0341193128263094
0.0288327003088707
0.0250299862040174
0.0220255952625538
0.0198561247057739
0.017142213198077
0.0141617176447972
0.0372510734450036
0.0328354220587819
0.0292312675774079
0.0288615210266229
0.0280832688151041
0.0274873755670022
0.0273492791850387
0.02725564814916
0.027110073146691
0.026752445137552
0.0257794138790346
0.024113294352741
0.0220932507714368
0.0198741285552339
0.017594786377306
0.0153553206392066
0.0131046624809219
0.0369780882161772
0.0352333079768509
0.032944498738385
0.0311187342777712
0.0296487741129112
0.0285493033942673
0.027716398078282
0.0269342464799384
0.0290330099083405
0.02561141558628
0.0219424334828656
0.0187657294731236
0.0154993099883943
0.0323424514626063
0.0323549376995453
0.0326525098298789
0.0155195471990429
0.0159344012045044
0.0167451347084685
0.0178116564231391
0.0192351603001347
0.0210119998471387
0.0228885073344322
0.0249742567007504
0.0272876923409945
0.0295551449004985
0.0318417579861883
0.0340514019518525
0.036195909239687
0.0381166450037659
0.039760600223685
0.0411859907261435
0.0422694576338643
0.0429873136726249
0.0432480790801892
0.0428862116380272
0.0417688738354182
0.039808000475963
0.0370784061745876
0.0339461239109835
0.0298319797984828
0.0251097116264506
0.0208722863837327
0.0172370087827124
0.01439908509269
0.0121531057967902
0.0104558808564831
0.00925796959274067
0.00849269917023256
0.00810797683913549
0.0128043810807692
0.010978238610009
0.00926612755998227
0.00769124522255672
0.00641546950087096
0.00538748190850272
0.00448949475352546
0.00387050591257284
0.00340866061221086
0.0030785711254692
0.00290843609181766
0.0325941824813212
0.0327008390050222
0.0330161287733586
0.0341347610410774
0.0364989342970339
0.0391138891857539
0.0331476206995577
0.033306778015238
0.03349709293185
0.0331920550113992
0.0338364532418051
0.0350224324618487
0.0361771021938773
0.0374052282841783
0.0389227922479036
0.0405912084057842
0.0419888053381292
0.0432108398850742
0.0443929939727144
0.0453808074340043
0.0462065444379953
0.046830296478566
0.0472517986856184
0.0475070171220543
0.0476448335498001
0.0340034435914592
0.0351151862825955
0.0365687263685207
0.037576802516173
0.0374327103380042
0.0355265922917185
0.0337514419754738
0.0340196859041723
0.0343268133028702
0.0338328376675012
0.0305994988227839
0.0266949827860991
0.0228107738898936
0.0192030720378749
0.016204947857922
0.0138717583508228
0.0119652078414393
0.0103406718317606
0.00897391169757376
0.00785445422538095
0.00695281183494831
0.00621898884349285
0.0056001981734087
0.00506609263469578
0.00459886408713872
0.00418708587962832
0.00381848201189719
0.00347714383910454
0.00317141439721276
0.00287557369664048
0.0026063815626168
0.00236318803014421
0.00213681501218507
0.00198967602782762
0.00183968423602959
0.00174573195462856
0.00169676259616621
0.00169277338000988
0.00172179641160996
0.00177281644718188
0.00183262204384245
0.00187424134141384
0.00190822585340644
0.0335707029887004
0.0303384543846505
0.0265222007400472
0.0220574157223494
0.0178858212563225
0.0143371689368465
0.0115282436799123
0.00904842008231928
0.00701397153001126
0.00528560216816129
0.00382692106796131
0.00256661958548484
0.00146479918350081
0.000518402360448779
-0.000288031311437553
-0.00101847016885965
-0.00164358952820519
-0.00215682294107556
-0.00258264135900039
-0.00293682399066159
-0.00321565191557243
-0.00340812823151685
-0.0035090829521992
0.0345544403186526
0.0349604822668873
0.0354997936670516
0.0361192786021927
0.0367817419758304
0.0374679802236928
0.0381621155924826
0.0388162030019834
0.0393934801678091
0.0398811937245128
0.0402647764477294
0.0405285701902806
0.0406670350809211
0.0351794100088217
0.0362210907681808
0.0373800316162111
0.0385316382464169
0.0396604667774915
0.0406937069109176
0.0415283568947708
0.0421526043864992
0.0425491609594754
0.0425021600243168
0.0417678814605899
0.0401437541599389
0.0375088664203636
0.0338174078338719
0.0296448611977901
0.0255429502481044
0.0220665945362802
0.0193469396520685
0.0170181479570407
0.0142799905931513
0.0114017988216948
0.00916622654342707
0.0070404187748836
0.00540153172575929
0.00400260377884428
0.00274688130367061
0.00164586369129925
0.000723658075704957
-1.32300761097136e-05
-0.000591491555484482
-0.00106616477586063
-0.00146785091973185
-0.00177418530453108
-0.00203045696063029
-0.0022486234950545
-0.00239135822864571
-0.00246592361305233
0.0401993845931716
0.0411345474864683
0.0419121911069767
0.0425618623885309
0.0429506425075373
0.0430899365570801
0.0428487710751031
0.0422321705151538
0.0409910472006579
0.0391501717483461
0.0374038760873034
0.0341048145017099
0.0315415789746929
0.0280603639865129
0.0242946666028366
0.0214861741341975
0.0197383685696131
0.0180245000472934
0.0166226543639119
0.015624085792432
0.0149525351678315
0.0146351179395997
0.0401164631715479
0.0410697836185953
0.041950910094667
0.0427194976698717
0.0433048795770968
0.0436816864184969
0.0438284158924007
0.0436925037803174
0.043259962875662
0.0423894685242893
0.0409159107944157
0.0388748025329257
0.035196833841373
0.0308868549149616
0.026681029703838
0.0228342384960161
0.0196005783053596
0.0168791480624049
0.0147934478509185
0.0128350677269264
0.0112316463821096
0.0100101969804892
0.00909834714689713
0.00842990093654276
0.00800816041843544
0.00778797152807813
0.028795194164199
0.0279937184104208
0.0269373182082305
0.0274473275038484
0.0253949730673039
0.0231384668607725
0.0265628148592031
0.0260927819701931
0.0254683617587345
0.0255137339835768
0.0231398111689434
0.020036299188037
0.017439683447463
0.0155116610184608
0.0138363988063674
0.0123691292955872
0.0112002814343838
0.0103728150648832
0.00978958640659677
0.00947868005790311
0.00942835905800501
0.00964996575458764
0.010276854250387
0.0114225227492049
0.0127567150869061
0.0148326444355207
0.0169989589844094
0.0197134291389062
0.0225830395011034
0.0259908652036582
0.0294555194161162
0.0326957161352936
0.0358221526361446
0.0387145979341435
0.0412355814269888
0.0433429622915054
0.0448593611020973
0.045918673097395
0.0466562511244702
0.046988846222713
0.0470793320610196
0.0470564284630957
0.047013284276147
0.024843361105707
0.0239970914659289
0.0229425486831545
0.0217374539304207
0.020499654558028
0.0192543358261761
0.0180648725446167
0.0169560197396497
0.0160207590166307
0.0152543673173421
0.0146737867167335
0.014288854970957
0.0140873530911349
0.0231950909294245
0.0211702585220097
0.0187541526773705
0.0177891269575795
0.0167743448848385
0.0156937252969705
0.0176126802472669
0.0162467217514602
0.0145968312075309
0.0130728235500876
0.0116248744683183
0.0102176152115659
0.00889828381004112
0.0076694656397489
0.00650109037470997
0.00542643632999473
0.00442054378031921
0.00347107837333651
0.00259373071960429
0.00176210962241015
0.000994499915601156
0.000287581282832884
-0.000350546867953897
-0.00093812004589486
-0.00145161837789039
-0.00189747745954797
-0.0022917560312426
-0.0026747677668183
-0.00301731951582625
-0.00329646925447177
-0.00350626363621297
-0.00363431949712961
-0.0037087695108437
0.014561800028046
0.0132506757076586
0.0117811996635907
0.0102943751735522
0.00901151255713659
0.00779429313772218
0.00656471661897183
0.00549528128982992
0.00460342435216451
0.00365459861322654
0.00270414861851058
0.00181157476351802
0.00105109470718082
0.000439321564319072
-0.000197665659868366
-0.000774369056956246
-0.00130152900700381
-0.00175759538802532
-0.00213985282709243
-0.00241075458307356
-0.00262545773280052
-0.00282187130468053
-0.00296909911882176
-0.0030379313008488
0.0149929530068365
0.0142904501573656
0.0136797202104755
0.0130766567425997
0.012574247281183
0.0120710497649703
0.0116212246740117
0.0112882607335481
0.0110090339447855
0.0107642676888399
0.0105942983176627
0.0104939085839641
0.0214834229153075
0.0195085023171252
0.0172357618978103
0.0146654927732013
0.0123935096490693
0.0106077476689468
0.00896915083823144
0.00748523633225109
0.00621473822723683
0.00504692959634958
0.00396618908852766
0.00303015709364426
0.0022491116760657
0.00148035998867111
0.000722716097279924
6.46824789867639e-05
-0.000474006261843608
-0.000924900605748602
-0.00129823611591924
-0.00159095227811134
-0.00180017271814291
-0.00193608873069673
-0.00201446133603868
0.0221524076367183
0.0211470681925713
0.020140808405616
0.0191460565875535
0.0183503398110954
0.0178873741710436
0.0177660880624354
0.0179794503998619
0.0185208248665091
0.0193737209275495
0.0205199204043763
0.0218803661043259
0.0235178983278662
0.0254218580252602
0.0274287963587475
0.0294613799229412
0.0315060427102615
0.03354768512714
0.0355436967061394
0.0374191640230281
0.0391561246394666
0.0407156852758144
0.0420271537851007
0.0431207423155117
0.0440922372034711
0.0447880624647888
0.0450755818351746
0.0449003921419688
0.044246182576097
0.0431295553688631
0.0415889836757088
0.0398880864300609
0.0381520345096446
0.0368925452195601
0.0361263202058463
0.0130560627363895
0.0118439496501064
0.0104639885683303
0.0133944341856913
0.0128035769218878
0.0125029741373655
0.00867139494628244
0.00697709075985226
0.00550104794995229
0.00425098118799241
0.00332783581840899
0.00256823054022779
0.00200209297668646
0.00163274630672665
0.00144879824981038
0.0104245644037241
0.0107238559931658
0.011366754021159
0.0123971975519511
0.0150103903163819
0.0176457591642146
0.0206617266682796
0.0238673444303074
0.0270024880872398
0.0301136264444588
0.0330422437607475
0.0357043327472814
0.0380403165267608
0.0399607374157134
0.0413874349570258
0.0421958356122841
0.0422531144977602
0.0414503632479294
0.0397347237391611
0.0368571091190721
0.0327729974111462
0.0283032767742081
0.023949158247239
0.0201078375094948
0.0169898835672154
0.0145423834218314
0.0126391135973799
0.0112730058859936
0.010400768892717
0.00995783048049857
0.0110085558508319
0.00999306748405259
0.00927625869313234
0.00859958078330016
0.00829786419117981
0.00808865881563822
0.012120175693261
0.0111243590159838
0.0101373455785063
0.00923695055487405
0.00849510169184254
0.00792853895786811
0.00753765584329034
0.00731705955692756
0.0072677735189411
0.00740801939574537
0.00774262409688779
0.00826025020605641
0.00901161157021022
0.0100588251570489
0.0113873574670465
0.013037003463642
0.0150332365472614
0.0173656741399652
0.0199815766224078
0.022785072996315
0.0256599734632251
0.0285022448314318
0.0312064266061623
0.0336698584878012
0.0358163571604516
0.0375872185241162
0.038935554861276
0.0398337660605655
0.0402958117450778
0.0117448275071092
0.0106259814533541
0.00958726612119908
0.00867704445636237
0.00791225324636248
0.00733739934681676
0.00690097801963731
0.00655291646971524
0.00633395813543776
0.00626364100914919
0.0063196647567008
0.00651004819332719
0.00687336881813709
0.00747571994622645
0.00828126536779773
0.00926227385930924
0.0104735391634484
0.0119434223227693
0.0137017470546168
0.0158207270362351
0.0181105319481254
0.0209350418264958
0.0230256686043591
0.0253105599225485
0.0282109838729519
0.0309203531675829
0.0334819056245903
0.0358440595775953
0.037704976219533
0.039149819507398
0.0401209821133547
0.0406325889548983
0.0264800333228098
0.0259977625407404
0.0255270919701548
0.0250292822720899
0.024382766803803
0.0260969515145808
0.0241668482208428
0.0214617769919959
0.019385280083485
0.0174942691150312
0.0158392487476479
0.0147181936120339
0.0138664237903916
0.0131709439786562
0.0126663849064799
0.0124530110503403
0.012450010945723
0.0126333781715323
0.0129816387272918
0.0134682734364039
0.0140624054775958
0.0147512999046097
0.0154534534017877
0.0164321700575602
0.0174395119983224
0.0183155449111177
0.0191304403842262
0.0198516866506325
0.0204026246514173
0.0207586889002913
0.020963799914885
0.0230752446153139
0.0206503910814092
0.0173274203669922
0.0246127773539171
0.0245553146749667
0.0240300113730706
0.022949305229716
0.0154976390493253
0.0141681889469491
0.013163244042379
0.0162021081500087
0.0150798465757415
0.0138479082598601
0.0128327575630883
0.0114526030192894
0.0127040744124706
0.0116816450092932
0.0102532322872227
0.00873671474671472
0.0121202948818675
0.0111462099326086
0.0101477840967777
0.0079931167774331
0.0071574561497504
0.00627461134696734
0.00550692211576687
0.00473378735533824
0.00398053082750049
0.00330295262503048
0.00262885542981809
0.0019885936778809
0.00139475036788326
0.0008469518731775
0.000270404848518234
0.00790551673339086
0.00704828750592608
0.00614490300797756
0.00548308469817433
0.00464870323160004
0.00401771704214082
0.00327541051567068
0.00255699477874515
0.0019534769668917
0.00137988192479573
0.000819394367629218
0.000280125700923608
-0.000189574608491407
-0.000623018970812858
-0.00109664717413802
-0.00151158349140542
-0.00193033046795203
-0.00228106841693458
-0.00260509780659607
-0.00289057818201351
-0.00311815555324457
-0.0033074585047098
-0.0034541246908087
-0.00354378836783027
-0.00358892448391537
-1.03322890037941e-05
-0.000264258915292405
-0.000480399432355363
-0.000636745862830503
-0.000776703366605998
-0.000861994915303593
-0.000909240824373422
2.87173029585464e-05
-0.00019507544679834
-0.000413762592939194
-0.000617715309850293
-0.000822812624471939
-0.00103572765812414
-0.00125219154176228
-0.00147196524652144
-0.00168871733459905
-0.00189679338307258
-0.00210195839194966
-0.00229719510224676
-0.00247154264193889
-0.00261514747720682
-0.00272662574502138
-0.00281356149011327
-0.00287353251589064
-0.00290382411260781
0.00965168243056455
0.00905607145889921
0.00833991385648824
0.00751629434912756
0.00666612485177414
0.0058469059277942
0.00505818585940413
0.00429990533339249
0.00357210620372561
0.00287469313500427
0.00220733122588487
0.00156903148341952
0.00095877378584049
0.000345976457121108
0.00973054785611172
0.00929317885608763
0.00884764817503796
0.00840392862715191
0.00801288308457501
0.00763229546870074
0.00726671765773137
0.00692875970047931
0.00661204862535376
0.00628967397501345
0.00595875437077723
0.00565156658794717
0.00539465926020286
0.005182988972685
0.0050216306292732
0.00489379748370301
0.0048115649585665
0.00476546732758689
-6.47752708534421e-05
-0.000440050354216906
-0.000787499706038053
-0.001163933836792
-0.00150170138564037
-0.00179535116675224
-0.00214516672028061
-0.00255585517283371
-0.00294326926465969
-0.00327311772610967
-0.00355092478602923
-0.00379221335581486
-0.00401023249119792
-0.00419896056879487
-0.00434873907277579
-0.00445376391905118
-0.0045232534379931
-0.00456200253933659
6.885009184804e-05
-0.000174450272848539
-0.000388756962111531
-0.000580084369267879
-0.000754741324228287
-0.000916380637299399
-0.00105994150211784
-0.00117670605385773
-0.00126394926636392
-0.00132181997618298
-0.00135156771410771
0.0105064593343964
0.00945819416728037
0.00832588676046188
0.00727419638733401
0.00630212744377844
0.00536227961800098
0.00449401105321918
0.0036181051108115
0.00280287194151154
0.00203526366383747
0.0012669778573957
0.0107713800659649
0.00999960084046685
0.00932626457130685
0.00861327948598325
0.0080464682701651
0.00742515974996173
0.00691611415122872
0.00648896125051982
0.00609382760815103
0.0058693508483747
0.00565317463386781
0.00551711388312613
0.00544879700059316
0.000941201027556537
0.000665385226098078
0.000430162248402096
0.000202958670685195
2.30036797348268e-05
-0.000128102111129607
-0.000234413277636359
-0.000313550097262101
-0.00035989096488494
0.000797955613526562
0.000354893006885815
-6.51714595042029e-05
-0.000466580176071769
-0.000852969207303499
-0.00122277947933291
-0.00157648703466693
-0.00192077348914332
-0.00224812511970751
-0.00255626963844483
-0.00285885103636711
-0.0031397473215278
-0.00339869133258242
-0.00364125471250596
-0.00386657361128727
-0.00408192045185408
-0.00428195520929297
-0.00445348402069821
-0.00458517559698896
-0.00468725682681252
-0.00475769430000292
-0.00479308295781829
0.0222109374608755
0.0210731406186905
0.0196640211125328
0.0181665816878857
0.0166618041533918
0.0151549725952055
0.0135568665744867
0.0120799295580742
0.0110610055549837
0.00982418670233273
0.00847993803986093
0.00737758874838714
0.00630533127813323
0.00523707320038688
0.00427787483888759
0.00332801464813985
0.0223799068694024
0.0215114708653085
0.0204488241630618
0.0192835001015506
0.0180431228160671
0.0167411482075502
0.0153741905675155
0.013959915040964
0.0125922833150147
0.0113577503627587
0.0103063686263281
0.00943589822543342
0.00865649311629196
0.00776639406168697
0.00271456348631292
0.00202174698248896
0.00138524444870654
0.000832297318862443
0.000290074065017491
-0.000172805316363477
-0.000584541559301375
-0.00101759085541328
-0.00134925400083539
-0.00164241311468814
-0.00188443184245895
-0.00209076344926359
-0.00225378931871966
-0.00237449649993984
-0.00245597142540118
-0.00249846709728662
0.00280033560978785
0.00230552803767575
0.00181498371340845
0.00139095351666652
0.00103423425774889
0.000677685202389418
0.000370161175684005
0.00012084378531083
-8.20590979335646e-05
-0.000255237143607659
-0.000406398286483287
-0.000533204956874114
-0.000627785540841742
-0.000680047281549383
0.00714168161618482
0.00661830704684359
0.00614779938977604
0.00569705035162221
0.00528466826781507
0.0049038583793764
0.00457023343321168
0.00426415282221307
0.00396893799707108
0.00369728421259445
0.00346108262271441
0.00325517756297583
0.00306649373206116
0.00288495645365834
0.00750317928895362
0.00725930483973905
0.00707156263430102
0.00690400817529949
0.00673511051117851
0.00660453896881251
0.00652449633109159
0.00647612611460979
0.00646355715405111
0.00648477133865102
0.00653636633629453
0.00660608540478771
0.00669985342105301
0.00681008540889732
0.00693098040714937
0.0070496753466413
0.0071654332324906
0.00727880610264896
0.00737754411568796
0.00745773330572296
0.00751765981933738
0.00755543419835399
0.00757071885164313
0.00756644150673013
0.00754983718375131
0.00753194614564557
0.00753142655147338
0.00757121054131704
0.00768020260188561
0.00788960636124707
0.00825346386595178
0.00278261426576954
0.00268626543977735
0.00259569172965029
0.00251128153203229
0.00243450361098719
0.00237144805440037
0.00232338037631431
0.00228035492679812
0.00224009815889604
0.0022052249235471
0.00217295289768242
0.00214357363952076
0.00211482560701323
0.00208497652356408
0.00205783192829582
0.00203436790050922
0.00201229939076237
0.00199568712666047
0.0019888526652114
0.00199440179653664
0.00201486000146739
0.00205650335583778
0.0021244390521446
0.00221982137362703
0.00234785787035446
0.00252209578306987
0.00280575971509593
0.0027487842191372
0.00271131177268073
0.00310369228004103
0.00389835337970444
0.00489147048054403
0.00598889202964389
0.00712829716760293
0.00834116035179831
0.00214161397757614
0.00172578222651788
0.00147047412659059
0.00130905160986105
0.00946328385364529
0.0103993078425665
0.0110607538266664
0.0114225792435621
0.00857983102687254
0.00874578766728037
0.00882876738011891
0.00881820256865792
0.00959743191066951
0.0105460155067557
0.0117314523683055
0.0132551370353909
0.0150751996745944
0.00826610049501751
0.00848411968872072
0.00892304091872564
0.00959832833392926
0.0105382951033692
0.0116665776722196
0.0131848908047898
0.0149326358223795
0.017008666090528
0.0193850213455205
0.0219472312628933
0.0247391459782076
0.0275905583545763
0.0305457085289563
0.0334502137871863
0.0361545499905634
0.0388584247684118
0.0177254397606261
0.0201834939987543
0.0228796912676876
0.025531429272921
0.0283462737988187
0.0310988945760535
0.0337554562731136
0.0362700266727479
0.0386188547691936
0.0407242074209348
0.0426242157013943
0.0442944546297315
0.0456850977646572
0.0467703954204045
0.047572952763697
0.0481411764271216
0.0485214653565311
0.0487514303203656
0.0488625106961679
0.0144152486786854
0.01399701857392
0.0137098726939363
0.0135437738516803
0.0134559157209354
0.0134169210334032
0.040955887005291
0.0429987444356123
0.0447032458366125
0.0459456496461116
0.0468557001849341
0.0474128301812581
0.0476875658828105
0.0402401850250211
0.041445681808867
0.0422907208263494
0.0427117837709856
