0.05
0.0373978135402614
0.0351771480653591
0.0316845981627287
0.0359041201457869
0.0339437189187149
0.0322420838883062
0.0373408137848935
0.0354342008677369
0.0327876649577442
0.0315189271232575
0.0308245070641355
0.0303668750236894
0.0296688516890193
0.028358454915962
0.0374429319478143
0.0314759292555583
0.0260262312118098
0.025181210014648
0.0215114541522176
0.0177985312743616
0.016900113836832
0.0164091423190267
0.015898974491882
0.0151062525870573
0.0136752520299288
0.0119254886469416
0.0103656936212279
0.00901128689898009
0.00783009311790381
0.00679120476291586
0.00582290541787471
0.0371648399316204
0.035268246511624
0.0327155813694089
0.0306064255879157
0.0288304604899122
0.0274304818298134
0.0262988834268576
0.0251600758591799
0.0301714639695102
0.028885160724461
0.0274045930655646
0.0257886897096693
0.0235161204737855
0.0295696123533567
0.0277141300028641
0.0258251210383436
0.0219727775418357
0.0201759168185681
0.0183332623653793
0.0167000395920491
0.0150879005007495
0.0135304873629241
0.0121903550387389
0.0109243017207588
0.00969747364423697
0.00861412395042549
0.00760179892608075
0.00667222387414866
0.00579249199385018
0.00499953020333888
0.00428966535251647
0.00360914770261022
0.00297888168256174
0.00236533077791334
0.00174434513454173
0.00113040125936481
0.000558707084862747
3.75032044329486e-05
-0.000423862807149703
-0.000820296188798157
-0.00126058960491473
-0.00173653107800936
-0.00217229260385133
-0.00256916881197764
-0.00290231595897009
-0.00318522819069796
-0.00341273973133784
-0.00358153276071886
-0.00369335532587099
-0.00375087119754513
0.02294760254072
0.0224137838762993
0.021779672027498
0.0210658129187453
0.020388539550397
0.0197745496747128
0.0191854642502052
0.018751598997651
0.0184125616873453
0.0181619047442824
0.0180299725609476
0.0248181785269278
0.0235062639829901
0.0217261127861244
0.0234216006308288
0.0202574625115114
0.0169072788382051
0.0212095073748133
0.0206356070371878
0.0199952947980415
0.020627299831723
0.0188082624595529
0.0165900443056942
0.0149808260088262
0.0135742943850031
0.0120793864392659
0.0106169062411462
0.00947765457159543
0.00851953004194709
0.00760707485480437
0.00683866394622911
0.00617935677317962
0.00566207769628579
0.00529803961485534
0.00506969057849541
0.00494314942624438
0.0188208432194799
0.0169955468300406
0.0147212873201857
0.0125153856696805
0.0106265917815665
0.00879120779394761
0.0191866120764603
0.0184190883315178
0.0176160493948313
0.00793855244051461
0.00715654928197593
0.00653916354488296
0.00608014443087152
0.00576158188908666
0.00560297504826479
0.00559853817032762
0.00574114465384498
0.00605904228193253
0.00659191135217099
0.00736961875375821
0.00840827559592598
0.00973393230750865
0.0114140557330553
0.0135174574753837
0.0160825200751594
0.01907870626894
0.0224256672429726
0.0260634406674404
0.0296685063115577
0.0333593475188751
0.0367839663385818
0.0398287734698844
0.0424798966032013
0.0439660333617217
0.0450267880797147
0.044936891000929
0.0434677169590164
0.0402384669868997
0.0356388456305218
0.030344691258516
0.0255766140927537
0.0227915431123361
0.0208277678960516
0.00792813744092952
0.00720804798664866
0.00663766527013908
0.00612495383861023
0.00573371061472117
0.0054816406311534
0.00537322462415518
0.00540006404894575
0.00557570823070954
0.00591387808595632
0.00642486848446492
0.00713512346292456
0.00807628732428254
0.00924768612531973
0.0106344322758903
0.0123284303554141
0.0142259326506776
0.0161787297193681
0.0181239550993524
0.0199955491077712
0.0216404697798133
0.0228644207283442
0.0235350288325385
0.0163980081084016
0.0152242195270615
0.014142676460536
0.0131776441604474
0.0123208851796713
0.0115520482107965
0.0108584293174759
0.0102612137523554
0.00976919300874745
0.00937440123890945
0.00907536266910739
0.0088749295552232
0.00877133537559055
0.0164130356525746
0.0151898969448071
0.014002543037684
0.0129321476867073
0.0119389832641842
0.011033225556889
0.0102474671744217
0.00952946196159263
0.00876330616737756
0.00796928477530761
0.00720778168530703
0.00653589288860754
0.0059560363179307
0.00543899251059794
0.00500505565064161
0.00465006997352753
0.0043814420589987
0.00418717214647721
0.00403211027683532
0.00386331981824802
0.00370102944212443
0.00359085231217391
0.00351073497215274
0.00348005137059905
0.00349313297848583
0.00355998261703122
0.00369448438113507
0.00390089187667109
0.00416535338086275
0.00446584167245242
0.00479859742683481
0.00516337311699618
0.00551000481142418
0.00585851796078181
0.00620321293511096
0.00645309847905847
0.00659220749559301
0.0154267845672303
0.0140754226592778
0.0128265619978151
0.0115612224530285
0.0104538084126343
0.00925948378084021
0.0081991592879826
0.00728714207833231
0.00632342623589336
0.00543385074544009
0.00480514423829379
0.00388160673514271
0.0032795194692112
0.00254712286540956
0.00179924981731535
0.00124193846025591
0.000888026929252201
0.000531548103505957
0.000230430836199857
9.50583580536663e-06
-0.000142669597619428
-0.000215679364149095
0.0156735281630315
0.0144640079438369
0.0132800812109566
0.0121322235467699
0.0110736401206955
0.0101013235402208
0.00919826418863847
0.00829776502185593
0.00754381837596924
0.00678399402733779
0.00602151380957347
0.00528860190977292
0.00427223582748284
0.00327419043456095
0.00237964191734885
0.00156982188474984
0.000863552356477784
0.000233327911073678
-0.000282161082685006
-0.00080253036977242
-0.00126274153046792
-0.00163813621235246
-0.00193351292658984
-0.00215912638540555
-0.00230572447713009
-0.00238372326590869
0.0317643046451297
0.0312437241627345
0.0306119753580852
0.0316413324079821
0.031283983031453
0.0310879700672882
0.0303000065248215
0.0299115677742243
0.0293971168691319
0.030388914428184
0.0303181753800828
0.030243910999665
0.0298988736153998
0.0292017942871849
0.0280196262424681
0.0263069298300257
0.0242801587172263
0.022262581152524
0.0202089264860069
0.0183317785197813
0.0166650416249673
0.0150832517724315
0.013232870346155
0.0111864020182661
0.00958791279137586
0.00785234802225327
0.00653652010565719
0.00526450916377501
0.00417474845448495
0.00307556159088794
0.00207982933850093
0.00121048391579692
0.000401017762248826
-0.000343941503454923
-0.00101400079039883
-0.00162035405062089
-0.00212051405907432
-0.00254710790002575
-0.00295477536956099
-0.00326297736389093
-0.00348411367709724
-0.0036308417027884
-0.0037073274520661
0.030808438812991
0.0327250631674943
0.0345708730847121
0.0359728159456649
0.0368024057554358
0.0371231517960295
0.0369827480235318
0.0364482491147177
0.0356720774913234
0.0347928771474331
0.0339697996848323
0.03334537723501
0.0329917379527055
0.026116037624011
0.0231303675028996
0.0195772931167611
0.0180864626383131
0.0165484964573415
0.0149410874672355
0.018114048831704
0.0164413459331696
0.01449706364616
0.0127632242231673
0.0111690223968325
0.00966651366184143
0.00829695237320326
0.00705355174218193
0.00589868669675467
0.00485846755849694
0.00390241829117378
0.00301410881880489
0.0022039758368722
0.00144421761432608
0.000748780074465277
0.000112347706144582
-0.000459530161834393
-0.000984348324700229
-0.00144182622290314
-0.00183813129086519
-0.00218775749170038
-0.00252653230965341
-0.00282874882350182
-0.00307438577487082
-0.00325854498044326
-0.00337075405291368
-0.00343590460705146
0.0136194771701199
0.0121574222097014
0.0105794213797894
0.00903182767754111
0.00772983914084855
0.00652068859532046
0.00532281262333285
0.00429738341999387
0.00345195934496371
0.00256061155366652
0.00167398470205402
0.000844997701374004
0.00013998359394466
-0.000427114636586505
-0.00101808573558106
-0.00155394777608111
-0.00204461937573732
-0.00246976038046837
-0.00282647039939202
-0.00307939595995507
-0.00327988062652273
-0.00346327051347757
-0.00360071714788606
-0.00366497252689015
0.0136202495191511
0.0123454165004357
0.0112735817664633
0.0102456248448681
0.00940955997601706
0.00858913662283716
0.00786856478516344
0.00734240722416647
0.00690607986005939
0.0065269842842142
0.00626521543803036
0.0061111859144588
0.0311762589638217
0.0312985143262924
0.0313201654257674
0.0310547617964904
0.0303928677724067
0.0294368665263299
0.0280971205684055
0.0264432605632676
0.0246951146618147
0.0228397869703467
0.0209414504608308
0.019183997778296
0.0176544182423145
0.0161074181798825
0.0145580767908541
0.0131993750239068
0.0120797927804389
0.0111376543272861
0.0103536879929595
0.00973613371953699
0.00929294453417848
0.00900413215566106
0.00883720236034074
0.0308759871546096
0.0306069696652647
0.0301620756453814
0.0293572378754951
0.0280952302830857
0.0264689402815702
0.0245960112698126
0.0225551686309903
0.0204663303482124
0.0184200670460795
0.0164650424065307
0.0146898961417176
0.0129795451932306
0.0113391910170432
0.00986536802392211
0.00855068973582972
0.00735461124109666
0.00625101598663144
0.00523407453029177
0.00431409034763656
0.00347391967699822
0.00270862713756921
0.0020314681681454
0.00140438209682576
0.00073123454756977
6.31786829380858e-05
-0.000544078647837405
-0.00108836727565
-0.00155232007316801
-0.00194474448388551
-0.00227562003001765
-0.00253081279284759
-0.00273112793515969
-0.0028541272184615
-0.00292175700570398
0.0266480105074223
0.0243470337886895
0.0212786182929586
0.0294088833628946
0.0302712512034164
0.0307267037903489
0.0197056072910657
0.0180960572820417
0.0166209818429019
0.0153333607607713
0.0143673587715533
0.0135656551236506
0.0129654739012161
0.0125730913634521
0.0123774949836948
0.0181665750758269
0.0154329162529487
0.0129038768747606
0.0104808823122519
0.00923613429096576
0.00821465451607328
0.0072408299574046
0.00635634407366375
0.00558691541805202
0.00488085210875689
0.00424314863358571
0.00366562312230668
0.00313761655390562
0.00265488770537838
0.0022083098238247
0.00179818412477072
0.00142767939987346
0.00110265939247219
0.000818706627253831
0.000544527129889408
0.00027546027491751
3.8623510227958e-05
-0.00016874980824918
-0.000344494380999951
-0.000485713741671921
-0.000596316997229522
-0.000682045992424661
-0.000743222554617973
-0.000782021452801501
-0.000801614401763929
0.00958724013100641
0.00890848295494625
0.00841031509210276
0.00791840323469743
0.00769235827353272
0.00753174134169119
0.00541045976242601
0.00502959012402585
0.00468349550387931
0.00439278056717017
0.004172633671416
0.00401972017792955
0.00392696384380109
0.00388748298013034
0.00389826681127553
0.00396149183873161
0.00407554300000777
0.00423644890534382
0.00446006094570525
0.00476554459617475
0.00515220596143606
0.00563857889300692
0.00624431906639653
0.00698651710403893
0.00787893321259828
0.0089285432130451
0.010133882018917
0.011485734652489
0.012949929644474
0.014459151685238
0.0159276048615817
0.0172575071832482
0.0183480417895034
0.0191147104083489
0.0195225950438158
0.00527244287341421
0.00484914083568303
0.00448002827346182
0.00417611219284847
0.00393639788843152
0.0037675057500675
0.00364820752646785
0.00356254182947805
0.00351986944803227
0.00352086535757432
0.00355684822822075
0.00363087042859939
0.00375383965356251
0.00394480402505018
0.00419097415578143
0.00448537996087192
0.00484804617117393
0.00529352944516059
0.00584032463256627
0.00652697699777575
0.00731484554217166
0.0083701216055377
0.00923164293109183
0.0102695863287947
0.0117728331584224
0.0133972563922654
0.0151259474664843
0.0168972552560102
0.0184229046634483
0.0196942527443911
0.0205943501936986
0.0210845211102497
0.0236948526640536
0.021791967045024
0.0198701708926127
0.0181686914911442
0.0165720696921395
0.0248325256965192
0.0242811362414041
0.0236067615628394
0.0230624737560072
0.0224509261791529
0.0217039762634253
0.0209595951145441
0.0201212252327707
0.0191091180019512
0.0179155061451957
0.0168265999730277
0.0157447428128547
0.0146929515827687
0.013684821586553
0.0127428987682702
0.011880408634218
0.0110846837422811
0.01040932120994
0.00960398418135002
0.00887619410447446
0.00830323398298508
0.00781061814939117
0.00740161101303446
0.00710365450946113
0.00691695520308707
0.00681154972949632
0.0157848893596695
0.0147320869438497
0.013633096118614
0.0153334357036906
0.0137772416623071
0.0121366727991718
0.0105634469693002
0.0134679456458435
0.0134648071255742
0.0135608836240598
0.0127722491225187
0.0122966047546616
0.0121165103144118
0.0122141155140226
0.0126891591676761
0.0140280915522057
0.0155645595905314
0.0181813131310808
0.0214428499005169
0.0135722933401394
0.0138118890713383
0.0142893842750595
0.0234048063971002
0.026025303734661
0.0291313088114482
0.0320139294943022
0.0349753931371637
0.0377441469156098
0.0399047215638333
0.0414177925922174
0.0417664181839192
0.0403703126518921
0.0364509534303779
0.0287988395360477
0.0232862437868272
0.0254887363524798
0.028094781210099
0.0301584072855842
0.0329157864185006
0.0350715019353876
0.0376378951871901
0.0400687206222207
0.0419811936979864
0.0436013022421425
0.0448993904335069
0.0457608275923405
0.0460534665363672
0.0457660872261146
0.0445902390636667
0.0424521074402123
0.038691904759694
0.0340517949361005
0.0287902997978153
0.0238391640953144
0.0199587446608709
0.0168833662955947
0.0146289820161885
0.0133096902149412
0.0126637930973161
0.0251505673231157
0.0214325471807857
0.0182618749503697
0.0160512675805549
0.0141611073710552
0.0130523414822582
0.0124541120015012
0.0242995718629082
0.0198958105129084
0.0159408817992307
0.0127751080540499
0.0101207141913761
0.00786496895038049
0.00600052664612481
0.00445652030621537
0.00320048046396463
0.00218796195111509
0.00133566360509336
0.000631545212307004
7.37522221221038e-05
-0.000344186312674789
-0.000646439997985355
-0.000869895403546909
-0.00101818379761803
-0.00109134296895244
0.0150689666951462
0.0161995967840076
0.0177822794087517
0.0198406729781809
0.0221912605674254
0.0246586751951358
0.0272056569824663
0.0297910796893156
0.032374437016161
0.0349176596829814
0.0373831774294937
0.0397321920153431
0.0419230275345819
0.0440217465549308
0.0140928844778699
0.0140219637718755
0.0140710498932668
0.0142348416346483
0.014479732660594
0.014820743141098
0.0152574934528187
0.0157676260894102
0.0163423887664609
0.01701804679116
0.0177964750795758
0.0185899508248172
0.0193057140532212
0.0199328215873974
0.0204346119579878
0.0208473329905099
0.0211196028941211
0.0212747527592206
0.0450390170099912
0.0458015694222703
0.0463438895186453
0.0466981556646976
0.0467065916666001
0.0463528792844579
0.0453496445808809
0.0431257627742271
0.0395205943298986
0.0349711290247196
0.0302113365243143
0.0256965510099502
0.0215760529971152
0.0181283218911584
0.0155253035190207
0.0137821457709218
0.0126690276287105
0.0120636932976357
0.045164194571737
0.0460955397540411
0.046851527500284
0.0474664103092072
0.0479707850429164
0.0483846287612554
0.0487079171376548
0.0489390905211733
0.0490923834021013
0.0491845755678292
0.04922890595949
0.0142042814584847
0.0162713874263144
0.018972201152229
0.021948836023567
0.0250992821156785
0.0284742248531143
0.0318168780687693
0.0353235541141864
0.0385930137208617
0.0415278416285263
0.0441497912222839
0.0121271431080333
0.0117763908902941
0.0116876721585577
0.0118211574383745
0.0120988645647692
0.0125950287048494
0.0131594474425024
0.0137529408742062
0.0144102254342674
0.0148287554658958
0.0152689748855233
0.0155642574574282
0.0157181536915193
0.0457002406487357
0.0467485565162419
0.0474455075338137
0.0479260054127073
0.0481567545047048
0.0482301788363629
0.0482060323760578
0.0481380571715058
0.0480738123375484
0.0449851270218568
0.0452984711961918
0.044983712267533
0.04385909468776
0.0416476086655008
0.0381424095653335
0.0335244489170288
0.028350562369936
0.0234419908410675
0.0192058912039151
0.0155446448514996
0.0125959639183612
0.0102381268976355
0.00831941732669082
0.00676228001558813
0.00544597736228968
0.00434730837231541
0.00348874756954462
0.00287663001759038
0.00242876228194701
0.00213275057451804
0.00198790956280873
0.00996812882485894
0.00941239390330403
0.00896107744140406
0.00865441993915873
0.00848666979428896
0.00845088517748068
0.00856688482451274
0.00883779183938219
0.00913485965875241
0.00964072987694382
0.0104127703926971
0.011262768840899
0.0123219927103354
0.0136546610131613
0.0151309616310213
0.0168829131431005
0.00987887719428689
0.00928200034394798
0.00880884829770658
0.00846342659180113
0.00823298825485437
0.00811811146491148
0.0081343879989334
0.00831534670944779
0.00868463362097039
0.00922978026581367
0.00990043665372183
0.0106384501296794
0.0114720586797679
0.0126589287902645
0.0183894106717883
0.0204776409175835
0.0227668559515047
0.0250675000986034
0.0276218684996779
0.0300389772731311
0.0323748620990822
0.0350246442884099
0.0371775514710117
0.0391620997129982
0.0408442689115176
0.0422955637602589
0.0434409264948192
0.0442806144931475
0.0448399919178447
0.0451285008231036
0.0178622977363968
0.0190618047719419
0.0205405098934
0.0220741194703199
0.0235688076379103
0.0252704750814572
0.026914087446976
0.0283726582188234
0.0296475397450984
0.0308005156681477
0.0318562033349478
0.0327763840714686
0.0334821895945058
0.0338788639787693
0.013858104067912
0.0151486118441368
0.0165934305028241
0.0182863395825664
0.020151076390457
0.0221864398861395
0.0242500600142418
0.0263995853162512
0.028726766139126
0.0311032456253424
0.0333587786984669
0.0354660012012787
0.037500444402662
0.0395258700640613
0.0129056260207486
0.0133963602395896
0.0140724192162347
0.0150729982485467
0.0166378684671457
0.0185074238369525
0.0204063483905303
0.0226929027838347
0.0252006557107933
0.027781293913576
0.0304018585930332
0.0327591358271907
0.0351800698078203
0.0374767485963403
0.0395651945405421
0.0412703837184198
0.0426104565358072
0.0435479165351389
0.0438998126656775
0.0435550196581508
0.0423337065323942
0.0399807122824306
0.036338587227244
0.0317072454781666
0.0267259908540133
0.0218192671472075
0.0174030997494892
0.0136513559697386
0.0103202954955769
0.00738347025323927
0.00458288442720878
0.0408926298193923
0.0421846207082604
0.0433320360620076
0.0442263129208673
0.0447062538733045
0.044598741861995
0.0439121937590044
0.0424791116761915
0.0399580070262983
0.0364919265054646
0.0322279449533075
0.0278285672274578
0.0234916636736651
0.0192920897285224
0.0158147325023898
0.0130133105960033
0.0104153599418045
0.00816020492946513
0.00632420205444087
0.00486545114964906
0.00365017499513446
0.0025700117255318
0.00164520642419113
0.000880062645958222
0.000224054618783993
-0.00037767617190528
0.040148919413911
0.0405869001624783
0.040872960960618
-0.000825786251036444
-0.00129181359183126
-0.00175548490249012
-0.00217535575285141
-0.00253880165772433
-0.00287087396657206
-0.000695186609092783
-0.00099614283949747
-0.00116516716996952
-0.00126565048864965
-0.00306798172707662
-0.00320566965002664
-0.00329123119307741
-0.00333443891546762
-0.0030028909161503
-0.00308401278877791
-0.00312143982732949
0.00317367897561808
0.00200885307286524
0.00108364303430203
0.000275640191906453
-0.000478753063189317
-0.00116795986632001
0.00326216933386555
0.00221223885874962
0.00132858881622944
0.00058028324029624
-6.38296297185299e-05
-0.000582159633755979
-0.00107017830492383
-0.0014762302784023
-0.00183876156823434
-0.00216076610961841
-0.00244071396226771
-0.00269575454606307
-0.00292121182972485
-0.00312960389047558
-0.00331721046004595
-0.00348160118259618
-0.00364019750242755
-0.00158970629848986
-0.00191520714320468
-0.00222066023957838
-0.00248464345280854
-0.00273686193512805
-0.00296370301182938
-0.00316917961257615
-0.00335493866976728
-0.00352346730890731
-0.00367292173966416
-0.00380911493286121
-0.0039329018211329
-0.00404227022791145
-0.00413503971010091
-0.00421087216790182
-0.00427063577431325
-0.00431494575008352
-0.00434412404423689
-0.00435906361638683
-0.0013862474716197
-0.0015386328629938
-0.00165838004515956
-0.00173945055270485
-0.00178931665730457
-0.00181424078905028
-0.00376218381545657
-0.00388156800229862
-0.00398452084051677
-0.00406392912598349
-0.00412631617199414
-0.00416723136621891
-0.0041884801707364
-0.00371942494236337
-0.00378589654672594
-0.00383120522729046
-0.00385345017009019
