0.05
0.0369785488093754
0.0338367517231108
0.0285308424807303
0.0352456882143052
0.0327785140328027
0.0300269141795691
0.0369759980030617
0.0344179904103052
0.0299993191448105
0.0268695893787522
0.0243235146605715
0.022388225875413
0.0197980534579081
0.0166844272549182
0.0371603594825799
0.0334783765316796
0.0305283412470429
0.030168961303657
0.0289640527210267
0.0277533969885333
0.0274307108976625
0.0272222233235485
0.0269562277421328
0.0264504646392558
0.0253859068805812
0.023955884374496
0.0225954298889078
0.0213634191894076
0.0202571721714709
0.0192554323345301
0.0182816217590116
0.0368764194600748
0.0351471439623753
0.0328508462554756
0.0309674536620553
0.0293757706996085
0.0280979576859173
0.0270263852896194
0.0258907353311087
0.0257749241481009
0.0231239458726944
0.0201476661202517
0.0173827449576858
0.0142414241589509
0.0253221555332271
0.0225162073958573
0.0197723763821506
0.0130440263229054
0.0118587091763864
0.0107964534162194
0.00996037945515426
0.00923145868019926
0.00862790093823176
0.00820311603030354
0.00790235322797668
0.007730696999227
0.007707037111107
0.00782672312539346
0.00809379255079785
0.00852697321125663
0.00911192660163728
0.00983724241266326
0.0107651484830967
0.011883163062446
0.0132545988910714
0.0149488484741551
0.016936335855697
0.0190800908440946
0.0212992891361909
0.0234887871685861
0.025538226412928
0.027970680415674
0.0307237637045245
0.0333130058220769
0.0357083480007578
0.0377339974640297
0.0394554860339968
0.0408328057610028
0.0418454582948587
0.0425097199903855
0.0428487413459064
0.0127955344631888
0.0117800486037879
0.0107951621087544
0.00985649583382927
0.00907044604995996
0.00841856235438231
0.00783407155400989
0.0074227873965707
0.0071110737246653
0.0068855430344517
0.00676837120538322
0.0182305012827772
0.0164095423145073
0.0141458235194861
0.0169583388231255
0.0139479129632552
0.011303548179313
0.013579189494991
0.0129666856311941
0.0122997431679859
0.0124802824293446
0.0101560392012714
0.00770278391549772
0.00611568343555666
0.00484287277193066
0.0035889831827751
0.0024475415470775
0.00161218104279234
0.000946513479715984
0.000345042129609947
-0.000136972217513693
-0.000532527701118684
-0.000831203224499473
-0.00103503093597594
-0.00115999790040252
-0.00122818459017869
0.0119907208953185
0.0120385681790242
0.0126184539887821
0.0138114747862951
0.0155080718772638
0.017946536994928
0.011334076614218
0.0104491295284537
0.00955167587992793
0.0193585870915829
0.0214394320437446
0.0239321404811747
0.0267032012515867
0.0297446012138436
0.0327605590631106
0.0354730636648999
0.0378970251585566
0.0399546452634299
0.0413336976401726
0.0416292139007098
0.0404582938692097
0.0375262148634615
0.0328474808656131
0.027220882200093
0.0217588787266763
0.0170809428258788
0.0132568405873066
0.0101104128764278
0.00762683253858394
0.00550855429976792
0.00379067647123276
0.0023725318264944
0.00112199904263766
0.000302870942068191
-0.000596034096459132
-0.0012981522815053
-0.00190238155583978
-0.00239705253630081
-0.00277720903311356
-0.00308481688016058
-0.00332012793295418
-0.00345130804505362
-0.00354267974653667
0.019572285208218
0.0217120996582707
0.0242470572554988
0.0275558528277682
0.0311227295699732
0.0345643357852482
0.0374653120877837
0.0399064422285072
0.041365896632369
0.041549809317844
0.0400422118762665
0.0364592747638509
0.0310142895492739
0.0250850000349286
0.0198267464300505
0.0152920468716396
0.0117152382103057
0.00901579567019604
0.00694291522775231
0.0053339820169238
0.0041401363519634
0.0033530511030812
0.00295246897892473
0.00783318570557515
0.00630215056538718
0.00497388896539383
0.00384296751069565
0.00287558662033607
0.00203355413177483
0.00129326418624235
0.000669558847179038
0.000164756003013884
-0.000234560518170423
-0.000533689157301049
-0.000732581103081314
-0.000834863773166964
0.00871146313756123
0.00802781476441621
0.00752583011233756
0.00723005862755814
0.00711719224600914
0.00718696068828801
0.00742941021663549
0.00785323019344919
0.00856482943877342
0.00961355563079294
0.0109673731240869
0.012550853270862
0.0143415853499778
0.0164001309427796
0.0185906458320279
0.0208525265021002
0.0230380294226201
0.025079308630093
0.0271860617298233
0.0301278676009088
0.0336211809008437
0.036520190622987
0.0392985411822737
0.0412171400846669
0.0423907331129225
0.0426153526008659
0.0414369866468187
0.0384622002204055
0.0339857884458207
0.0290809813708364
0.0244259737843769
0.0203156207233315
0.0172128420664625
0.0146936846292432
0.0126231006079655
0.0113065769107406
0.0106318858014607
0.0103407514509663
0.00965534276544541
0.00917830572603917
0.0088521285088074
0.00870676646559411
0.00871443709734884
0.00888427389331782
0.00917631416404546
0.00966042147126689
0.0102840270950965
0.0108300670556218
0.0118108045077086
0.0125778811847597
0.0136681009445729
0.0149763435339198
0.0160895939304082
0.0168616184086016
0.0176970447891665
0.0184491848549398
0.0190284040820189
0.0194415162129138
0.0196437497492203
0.0103798622361548
0.00964894205140932
0.00909411317632028
0.0087153236257932
0.00852151519299545
0.00849513801413371
0.00862344752200842
0.00892740164995928
0.0093491821398486
0.00997305384558922
0.0108404931571475
0.0119018205317152
0.0136748647985699
0.0157212246884093
0.017843707664268
0.0200300348350556
0.022147996236678
0.0242026062733606
0.0259967438367791
0.0279165718088443
0.0297048991018518
0.0312219251413056
0.0324465725130092
0.0333983461153023
0.0340236098492358
0.0343584732513359
0.0293304169408174
0.0284957484235034
0.0273966037834072
0.0284550744932784
0.0268846612955679
0.0251291913889401
0.0269418832119412
0.0263729303208754
0.0256232396943448
0.0263254309598151
0.0246595594039605
0.02244441923416
0.0204513178565545
0.0188223855951731
0.0172505748668578
0.0157079701968007
0.0143107154994495
0.0131509340985039
0.0121191220056169
0.0112755197434091
0.0106079572605974
0.010059857684983
0.00952839987940093
0.00907310220389485
0.00884859388559968
0.00879915366814138
0.00896095522236532
0.0093540652997123
0.00995066414817011
0.0108885120725195
0.0121347330869907
0.0136308101608881
0.015458160750668
0.0175870570588496
0.0199194747631935
0.0223962123742928
0.0247009880374044
0.0268487810363278
0.029052872634003
0.0308050492662988
0.0321028214992305
0.0329809752889669
0.0334439043128101
0.0251321335370883
0.024638624421903
0.0240095998158892
0.0231593442181629
0.0221360220512476
0.0209772422860248
0.0197724571602638
0.0185798138723461
0.0175320915106152
0.016649888744008
0.0159695062771947
0.0155133356812368
0.0152730054425793
0.022829894526686
0.0206828173180232
0.018579365213098
0.0173530001160672
0.0162231814876409
0.0151752302199285
0.0188168636613662
0.0195732226552229
0.0209666372621631
0.0226910479355332
0.0247403395383639
0.0271092121670173
0.0296311760512822
0.0321938085788492
0.0347595682002379
0.0371516260612306
0.0393207719796661
0.0411824898792426
0.042593434178031
0.0434769894543715
0.0436786525570059
0.0430557234045004
0.0414639842558045
0.0387380208388722
0.0351075563576813
0.0310270731075522
0.026946297690658
0.0228691825092689
0.019322710856019
0.0165755394133772
0.0146165924269229
0.0134674396588495
0.0128181252163995
0.0159732493722743
0.017342395148992
0.0193632684285288
0.0218857697842212
0.0244277103220173
0.027134364407574
0.0301180947870727
0.0328575885565064
0.035195057779315
0.0376774785382004
0.0400648936611862
0.0420797330416836
0.043470007063062
0.0442364619066765
0.0445281009872857
0.0440916059523376
0.0427314680697176
0.0403374290040724
0.0370565906805463
0.0339166163493422
0.0309354736413363
0.0278764189932218
0.0254497297537546
0.0242921525084823
0.0130441760784863
0.0111619100880658
0.00970984674939969
0.0084297310218995
0.00746753002048288
0.00659301458536027
0.00588128323761504
0.00539555328768353
0.00501731107819354
0.00470650610079287
0.00450005586656489
0.00438188183740189
0.0240172646415871
0.0225785240959402
0.0207874682010528
0.0186131895945406
0.0165680865629475
0.014876240120114
0.0132519343739963
0.0117183490645748
0.0103558283727956
0.00905989970011647
0.00781906725235579
0.00670694110886411
0.00574716556780074
0.0047705394612768
0.00377776183649265
0.00289013334521407
0.00214404471295912
0.00150445385580805
0.000963324440335137
0.000531051679102339
0.000217479994836816
1.15931349637176e-05
-0.000108026482739145
0.0241032685379594
0.0228616538982055
0.0213638779879298
0.0195281786891832
0.0175658079518134
0.0157352561039997
0.0140944889470011
0.0126163126424812
0.0113046671278002
0.0101534877689275
0.00915074704865903
0.00831600995730534
0.00758444589648146
0.00696133641720988
0.00648263268689702
0.00613764443489248
0.00590909905136149
0.00578994116128506
0.00577977210336291
0.005876222484973
0.00607651148394584
0.0063778524148536
0.00676833565783623
0.00726796925090586
0.00797159948386553
0.00883483295070649
0.0097846735457313
0.010799155050009
0.011809632339286
0.0127870967882734
0.0137113297879755
0.0144927954842882
0.0151524753658318
0.0155779406503875
0.0158193661323676
0.015235062967877
0.013525489933089
0.0114355300709301
0.0161793680347135
0.0157832959221721
0.0155794202134474
0.0100232914506024
0.00866710195266453
0.00746770671329832
0.00643798209333231
0.00566902175925489
0.00503037237052783
0.00455074285095603
0.004236076853765
0.00407881869244949
0.00982781472762878
0.00854891155085155
0.00748623621712151
0.00660222461217488
0.00705918366811673
0.00763392392932306
0.008414598947472
0.00939817905767546
0.0105514443568906
0.0119477028699555
0.0135864080633857
0.0154777437225374
0.0176331402254576
0.0200250829559232
0.0226307610294306
0.025363138702888
0.0281069946970346
0.0307270212736701
0.0331771643737117
0.0356753358842987
0.0382271303348912
0.04053037376609
0.0425679626208297
0.0442843774459668
0.0456323923795047
0.0466497328832479
0.0474017980468171
0.0479117128368615
0.0482206710181688
0.0483716784589611
0.00546882995408861
0.00459585206888669
0.00394826641912886
0.00330234686325994
0.00300377526229042
0.00279070094554828
0.0177249097711699
0.0171051540797837
0.0163959163890716
0.0156115258642323
0.0147828393879064
0.0139186383292972
0.0130281165132257
0.0121152027712309
0.0111650761158701
0.0101872783125196
0.00923628643874684
0.00833965816072117
0.00743937460606634
0.00652832590426256
0.0056622230612817
0.00483382776053339
0.00404450526851468
0.00330078245508932
0.00260845733904027
0.00197209242200407
0.00139382991160315
0.000872790886090097
0.000410940635048648
1.22031563121884e-05
-0.000321757811564715
-0.000589943358300191
-0.000790910072973154
-0.000923767171183024
-0.000991911720105812
0.0178036436479748
0.017375355619018
0.0169100653714114
0.0163971470084848
0.0158263751274729
0.0152444012979856
0.0146351444370843
0.0139170979225271
0.0131203249859618
0.012341511681373
0.0115979363493469
0.0108164941191983
0.00995347915053432
0.00895298909398426
0.00795037794993657
0.00701550836138548
0.00612546479265064
0.00528371393416534
0.00448572101280323
0.00371212236586027
0.003024001246977
0.0023112323973972
0.00184650861795685
0.00138551004246267
0.00085773303101408
0.000405585072134487
4.72524415798134e-07
-0.000359907869420679
-0.000637702825109176
-0.000850961035355897
-0.000993740268866941
-0.00106892711664778
0.0245678143657138
0.0227288897819758
0.0207308726953779
0.0188141290842709
0.0168527891815091
0.0252482955321835
0.0236370384954385
0.0212141650479028
0.0191915266359746
0.0171416067830945
0.0150845373281102
0.0134336631977394
0.011892028590314
0.0102822675662224
0.00860406005191784
0.00722072585621944
0.00594970300736811
0.00478760742496298
0.00372733147576812
0.00277607067029688
0.00193404434278625
0.00117979587293465
0.000555596462637263
-0.000171774167455768
-0.00081610746957653
-0.00131535863482381
-0.00173898231750909
-0.00208678785071061
-0.00233796478921275
-0.00249442646306677
-0.00258241308091807
0.015270797759191
0.0127341752156587
0.00955133594451903
0.0157769209862901
0.014262883764566
0.0125068837597875
0.0106571959228815
0.00795027399371453
0.00683648351274211
0.00602785827604663
0.00838618597097014
0.00739172356529794
0.00642449099176929
0.00570036564473661
0.00480172735221241
0.00585071447081086
0.0055941627388416
0.00536099578454169
0.00525012567707837
0.00511494951728349
0.00431701468372953
0.00354643544216583
0.00565941249041644
0.0063203471128157
0.00725197003901004
0.00829944556542035
0.00963888336665832
0.0113003509657873
0.0131902050268148
0.0155527570111199
0.0183553465564012
0.021512430658662
0.0248945984178673
0.0288390423513555
0.00490989703050894
0.00466324756838236
0.00452403801900308
0.00451193458090362
0.00462275833937448
0.00481633705168983
0.00518909262958654
0.00573253797569094
0.00636259589991834
0.0071438709796424
0.00811997718313724
0.00931194576248809
0.0106161661056755
0.0120965598596429
0.0140481758366664
0.0160538296956534
0.018389094447793
0.0206003382195345
0.0228567256920876
0.0250088779405315
0.0268245790710052
0.0283959831128318
0.029646377903278
0.030422142185745
0.0308156099353602
0.0298424316169468
0.0309322006928935
0.0320151751604556
0.0328852061816811
0.0337277645186892
0.0342667889412
0.0345741132811176
0.0316002042575862
0.0343493825585519
0.0370849991505041
0.0395169940153435
0.0416980157485943
0.0435548242286085
0.0449228560767032
0.0457027637049577
0.0457746814725423
0.0450028747945402
0.0430538170788462
0.0395166476308233
0.0345974252645984
0.0294909173136044
0.0251825600135106
0.0217817249382241
0.0194728107266016
0.0183276835882691
0.00344493337941762
0.00336214755488036
0.00330361600744938
0.0032767536074036
0.00328586279016155
0.00332881760424147
0.00340313717875829
0.00350787976904691
0.00364361797623483
0.00381233139866411
0.00401713568174219
0.00426199284875605
0.00455101928647545
0.00490505971449522
0.00295685886837998
0.00235059205545656
0.00174228085821894
0.00114412403559705
0.000622841791845577
0.000120801444117244
-0.000356436024913207
-0.000793254708773412
-0.00119900179653173
-0.00160887312803567
-0.00202686198053968
-0.00241270024479388
-0.00273384176015294
-0.00299735265752427
-0.00319754790341284
-0.00335571339984952
-0.00345726331628493
-0.00351411705925337
0.00567998277640359
0.00652007736497435
0.00742119849256342
0.0085617782528132
0.00978102944438169
0.0110350908255616
0.0127802029289682
0.015150928622809
0.0177009461674592
0.0201263585079945
0.0223555673326711
0.024427307640053
0.0264014794612503
0.0281806076330181
0.0296319939469006
0.030666617443342
0.0313576829965677
0.0317451859175668
0.00470325873684203
0.00455731857888847
0.00445932974090411
0.00440108787321975
0.00437550568736303
0.00437687132487804
0.00439836247604427
0.00443011758968299
0.00446259645664931
0.0044884814129714
0.00450321580815623
0.00479323467171862
0.00486289593053027
0.00502292247597413
0.00525366817501673
0.00554494373388761
0.00591086844223465
0.0063416659177808
0.00689483002706067
0.0075537774585322
0.00834219765996049
0.00933320757197707
0.00382609676267842
0.00275380760139777
0.00183876625287635
0.000887701450964086
0.000142695522290868
-0.000663361521530187
-0.00131641482646385
-0.00185952184379942
-0.002357952152534
-0.00263960162573544
-0.00290965343199738
-0.00307906851938708
-0.00316396562932617
0.00884511566257525
0.00856203435662072
0.0084233890381441
0.00838978163220697
0.00843748699724711
0.00853282871105825
0.00863091540673377
0.00872220721604578
0.00878367007869105
0.0109173307000067
0.0126957426488858
0.014683937292221
0.016892951670165
0.019318626736351
0.0219051971985045
0.0245911389230903
0.0273618136936599
0.0300941015316737
0.032714878100271
0.0353015455173162
0.0376847012014253
0.0398374180627909
0.0417835609580321
0.043495775134157
0.0450143302820123
0.0462960760212
0.047274321706125
0.0479387121189626
0.0483965522546331
0.04868163364729
0.0488151471213783
0.00985747807645583
0.00897135780424984
0.00807941257248261
0.00725239605420533
0.00649007047181824
0.00576604202891019
0.00502180260543887
0.00434327671708576
0.00387586907072184
0.00330655669987508
0.00268192984541318
0.00216287718546612
0.00165068703112283
0.00113227599282556
0.000659434604222779
0.000184380793514063
0.00982961473337254
0.00899865355438672
0.00821787056265535
0.00750346046553701
0.00683488552602309
0.0061963323055079
0.00557233814179525
0.00496257644595685
0.00440049572098739
0.00391479042337734
0.00351864232843984
0.0032049341541756
0.00293723984622186
0.00264962459806666
5.04732159229642e-05
-9.30231629077205e-05
-0.000219380057127915
-0.000325541549268412
-0.000426499807701609
-0.000509809249223662
-0.000580757967876354
-0.000650405185672746
-0.000698358130130924
-0.000734952559308976
-0.000759544110761299
-0.00077527258031724
-0.000783554046039837
-0.000786958257575369
-0.000787782812360047
-0.00078769263615347
-0.000226677673873938
-0.000628870177277265
-0.00104300551780335
-0.00141328294595417
-0.00173384254760119
-0.00206282667885244
-0.00235333486263504
-0.00259337107509332
-0.00279165951715845
-0.00296293579287875
-0.00311390284693682
-0.00324153714053856
-0.0033372863339749
-0.00339038538481952
0.0024691715339304
0.00234076790712895
0.00224912622802378
0.00218924264549539
0.00216661271691695
0.00218307194687846
0.00223825751447432
0.00233543270866971
0.00248841717321595
0.00270265117139029
0.00297138792899917
0.00329530936643529
0.00369653772175988
0.00421381847529834
0.00256452974465526
0.00250955430755389
0.00249598891132735
0.00252427599772467
0.00261284533927641
0.00275852030323478
0.00294389810243109
0.00321236964653435
0.00356160076301229
0.00398944274474278
0.00451237115906408
0.00508241660092847
0.00580004795191824
0.00666026191048449
0.00768428135275325
0.00882957478966939
0.0101513202476384
0.0117547185695483
0.0135799934628472
0.0156314451481634
0.0179392098902365
0.0204990800624697
0.0232642887165404
0.0261241061525089
0.0289753327951256
0.0317815008502837
0.0343158397330106
0.0362948104963758
0.0375274581634339
0.0375558011077243
0.0357858465672045
0.00512378873251694
0.00622516822342303
0.00755836894379037
0.00916643667303126
0.0110742794464825
0.0131098940172243
0.0150698174501373
0.0172327348614581
0.0196890807094751
0.0221812765302365
0.0247678624417652
0.0273018526251902
0.0298834348476644
0.0326084794080914
0.0351005855773486
0.0372896644783361
0.0394630749255041
0.0414069542758471
0.0429179475513954
0.0439195823261767
0.0444235529187972
0.0443358056959443
0.0434373971507036
0.0415496397208995
0.0384543150392126
0.0339783075765523
0.00382234280180415
0.00353879886773392
0.00335158670484111
0.0297077352198787
0.0243735381102088
0.0188649851125041
0.0140289739726234
0.0100499168519101
0.00658229719898792
0.0308204581984239
0.0265571140594198
0.02379225727099
0.0220273732620531
0.00468796436726666
0.00343666357284026
0.00269080435932911
0.00232404714137121
0.00514952245672883
0.00429473566015609
0.00390725706968542
0.033298388252917
0.0292437669077452
0.0247640826744537
0.0202047059652094
0.0156642826619235
0.0114384536828582
0.0344371752479203
0.0316314660520156
0.0278893789992858
0.0238630179624109
0.0199859162802358
0.0167449270683065
0.0136833642801796
0.0111782338514372
0.00900157973567574
0.00713432269849212
0.00557450611327844
0.00421490554412308
0.00306848617950344
0.00205981919455183
0.00119592944057983
0.000473739064306292
-0.00019378427187886
0.00922478750955103
0.00756690852767899
0.00606567036724587
0.00482004329932465
0.00368271303900237
0.0027094718768208
0.00187254377384841
0.00115511054158411
0.000538088341626642
1.87335055526826e-05
-0.000431190570224676
-0.000820562515839129
-0.00114902468495815
-0.00141623664909207
-0.00162693694489827
-0.00178811665713271
-0.00190485513406092
-0.00198044003963578
-0.00201873393350822
0.00971340111280106
0.00845731949235374
0.00743233719782222
0.00671659035916929
0.00626634740518924
0.0060380681780437
-0.000637229178558874
-0.00104527829161356
-0.0013782153618044
-0.00162326871600044
-0.00180851521527685
-0.00192658744678962
-0.00198680366298861
-0.000572789602525409
-0.000882147695626062
-0.00108857177224253
-0.00118856506092979
