0.05
0.0367943965262221
0.0337411964135664
0.0286299294011512
0.035073389162999
0.0326343825774144
0.0299318358443927
0.0367718610542329
0.0340265909955557
0.0291314757573298
0.025593515338877
0.0227416687140981
0.0206295691878183
0.0179021628118167
0.0147708409690601
0.0369451418977726
0.0320628453100849
0.0277735788506496
0.0271402197763422
0.0244947131636081
0.0218206334121357
0.0211779602884118
0.0208354089744136
0.0204967113637668
0.0200105987833595
0.0192191467823693
0.0183620724225202
0.0177267303162798
0.0173060529100803
0.0170547110250585
0.0169159296687346
0.0168211792891038
0.0366568765404522
0.0348078553602915
0.0323097520469425
0.0302219027124541
0.0284275628718897
0.0269716717230948
0.0257474851274262
0.0244588060051385
0.0255315328050974
0.0225831402953321
0.0193369455465722
0.0164023560882066
0.0131698162799652
0.0257762788896593
0.0233502179567167
0.0210460605973243
0.0122261214374053
0.0113841315571701
0.0107338312078151
0.0103280392940352
0.0101036847868362
0.0100875235404366
0.01027109611182
0.0106578841170487
0.0112867792001109
0.0121097361180087
0.0131678458401533
0.0144469145871936
0.0159892541210475
0.0177059490315727
0.0195419849832079
0.0215973929982059
0.0237690921368004
0.0261121777880718
0.0286644231574034
0.0313089812612206
0.0338356161361793
0.0361609732182861
0.0382073762849448
0.039925328453327
0.0417492149761578
0.0435723229759515
0.0450558032080246
0.0461993706192238
0.0469683868036893
0.0474590620784189
0.0477302823475921
0.0478521631085105
0.0478916735124159
0.047897838305463
0.0114139649579031
0.0101933286800997
0.00901874280253878
0.00790695417978471
0.00698103004497685
0.00621636966057224
0.0055331253348537
0.0050535624501986
0.0046907593616835
0.00442862291567273
0.00429255085371963
0.0195846268178946
0.0179034292550502
0.0158684747484745
0.0192538217760814
0.0176724256291221
0.0166423238540578
0.0153811042683144
0.0148609194284255
0.0143015298615423
0.0143329275555919
0.0123397747556951
0.0104358173346621
0.00936491681837377
0.00863998326023374
0.0080761292571162
0.00772719846400486
0.00759983064124738
0.0076013418319873
0.00770617733565326
0.00787856907168871
0.00809242291875465
0.00830539167677149
0.0084810997496275
0.00860345239992579
0.00867584056540242
0.0146885721106591
0.0160288661003893
0.0184656047822399
0.0217078819684697
0.0252418158605774
0.0293206460883727
0.0133909624731008
0.0125695665423126
0.0117501831199988
0.0314302381436708
0.0338539191119143
0.0362429608714624
0.0384479329930645
0.0403731224415322
0.0416852156511266
0.0421438649548708
0.0415797824084789
0.0395664964389543
0.0356804917788519
0.0303205470003024
0.024765448266013
0.0198874304971329
0.0158291285604122
0.0125189201709489
0.00984246454184685
0.00768757506334505
0.00593370699009738
0.00445679426357441
0.00324412346425425
0.00215464356149761
0.00121433440828462
0.000383157476677437
-0.000406199396375683
-0.000958463756026322
-0.00160564287478311
-0.00214460272982178
-0.00263514040148072
-0.00305649941827618
-0.0033928659517756
-0.0036733725036795
-0.00389309264572048
-0.00401737336664212
-0.00410490323849583
0.0314975842688579
0.0337647528152399
0.0359684082087392
0.0383047934341436
0.0401994778947597
0.0411825190185265
0.0408613011520459
0.0387343844108173
0.0345775120630025
0.0289221789259944
0.0231575269121469
0.0180530481052679
0.0138086222487689
0.0104361467596053
0.00779636599156396
0.00560477909576028
0.00388203539010267
0.00257228715000448
0.00155651564487438
0.000760008291911834
0.000163380775349074
-0.000233025113247336
-0.000435836654320303
0.00995075187632382
0.00841323109112823
0.00713653022649841
0.0060967975177847
0.00524583748043289
0.00453682414212536
0.00393999351719069
0.00345781030397797
0.00308225652718747
0.00279504932984103
0.00258589751332714
0.00244979823420414
0.00238078094348241
0.0112946486558958
0.0110999803026474
0.011180481819573
0.0115256129400479
0.0121334505160485
0.012997521733239
0.0140704721880892
0.0154012893805439
0.0172501070720753
0.0196371766107899
0.0223785550051456
0.025202513324276
0.027981131440558
0.0307447729627129
0.0332872855551967
0.0355496673303223
0.0374088781512036
0.038854870054009
0.0400561616552058
0.0413110216997487
0.0422144395855363
0.0422296708422815
0.040973813565961
0.0383016966501614
0.0341222102804654
0.028666706510877
0.0229603105784164
0.0179818905288706
0.0140901630621859
0.011160470754809
0.00886310786495985
0.00700848547522685
0.00565650337503334
0.00457173623120807
0.00368195616643284
0.0031154185813715
0.00282459812230085
0.0165327932672174
0.0167204021085133
0.017137757316902
0.0178120482782298
0.0186271128801882
0.0197653624017255
0.0210211233218683
0.0223060471107622
0.0238900814202331
0.0255545741179919
0.0268360172429001
0.0288779450143116
0.0303050067217824
0.0321455500479806
0.0341364330992885
0.0356868859841964
0.0366987907477829
0.0377400616230267
0.0386352427505351
0.0393000303776115
0.0397615955161377
0.0399839717141062
0.0162743367647851
0.0161650337503857
0.0162983206569965
0.0166700643028955
0.0172494076859396
0.018007021318719
0.0189286554351919
0.0200840483453773
0.0212576094167332
0.0226630831430087
0.0243125428710984
0.0260901093312104
0.0287640134470905
0.0315407677680094
0.0341284310965311
0.0365348152045097
0.0386650230685998
0.0405725573007617
0.0421205459238328
0.0436518535038104
0.0449552629302641
0.0459637313866247
0.0467131128272019
0.0472536271810628
0.0475880027968676
0.0477597657353599
0.0294014839803242
0.0287984406715834
0.0280432059531355
0.0280687589036751
0.0261645605428524
0.0240242539499514
0.0278526917140328
0.0276289369997066
0.0273491061458768
0.0267132993579437
0.0245385037028766
0.0216465116135375
0.0191415513584281
0.017204248200014
0.0154444608565051
0.013823170153659
0.0124497008664593
0.0113933350923967
0.010542382636775
0.00994244851936112
0.00958015156441871
0.00943311310782581
0.00952534225563828
0.00995011072813238
0.01059671174126
0.0117559148029867
0.0130885042987818
0.0148928830248123
0.0169629973314346
0.0196528281000964
0.0226683715580798
0.0257491309987499
0.0289602133627108
0.0321623924266828
0.0352058392169235
0.0380574017303565
0.0404399136843216
0.0424544680865741
0.0443184720297086
0.0456503071641403
0.0465458125751275
0.0471049934281118
0.0473835545466402
0.0261892158204463
0.0246450923281254
0.0228099284028834
0.0208437291185042
0.0189489508661157
0.0171437706303884
0.0154928823726717
0.0140035143799766
0.0127755221233803
0.0117842288204905
0.0110403880691874
0.0105499969474159
0.0102940863664749
0.0271423019163662
0.0271211092367941
0.0272439227575955
0.0268503912751723
0.0265131741773274
0.0262403230164791
0.028358506597256
0.0298828072459154
0.0319156578815381
0.0339475625141516
0.0359831567420798
0.0379856692776685
0.0397643862089932
0.0411751601103704
0.0420914820970907
0.0423202553776008
0.0417018226560668
0.0400148902896684
0.0371556788195111
0.0331653722604805
0.0286333227385525
0.0241738073628524
0.0202427786149429
0.0168665848690126
0.0141688071007967
0.0120428558580248
0.0103370911338258
0.00882459609966278
0.00757248731510976
0.00661649792470166
0.00593432997224233
0.00553220762586204
0.00530389272907003
0.0276068124554064
0.0294621288183331
0.0317910378550253
0.034320155605275
0.0365571639551682
0.0386330584067107
0.0405415946600594
0.0418709119667182
0.0425827184921947
0.0427372923709514
0.041928961981475
0.0398016748663226
0.0365236268118344
0.0328364338512417
0.0281994808151794
0.0237078444029632
0.0196672065129741
0.0163713994412099
0.013800702814109
0.0120921954997803
0.0108111607990729
0.00969880392677779
0.00889886484148507
0.00853390878377878
0.0247252147638935
0.0233994650943421
0.0224198540492996
0.0216202560412206
0.0210836575405848
0.0206686994300287
0.0204034910477762
0.0202746649834439
0.0202175425434957
0.0202056314896154
0.0202152403107606
0.0202282812159715
0.0226299396715004
0.02089467089451
0.0188202517953779
0.0163937266575785
0.0141823545891253
0.0123967490065659
0.010715664436317
0.00915420013027764
0.00778522468956723
0.00649804868285641
0.00527900633820849
0.00419799201932456
0.00327457317339454
0.00234421711581961
0.00140701533828233
0.000576057094489167
-0.000117180561140727
-0.000707510800940178
-0.00120400662429761
-0.00159862308708753
-0.00188374921134917
-0.00207043221459522
-0.00217867963841891
0.0228448120979645
0.0214809249895047
0.0199133338220761
0.0180829845823278
0.0162206559323342
0.014569789137139
0.0131713784372503
0.0119954359183941
0.0110418504842502
0.0103030433379141
0.00976919833540126
0.00944346200099883
0.00930009599868139
0.00935874982089349
0.00962063915168175
0.0100685284168441
0.0106997962271791
0.0115221136414222
0.0125375297525624
0.0137231907809701
0.0150790010885999
0.0165870157168696
0.0181836899305138
0.019926362661737
0.022078491229303
0.0244441371008558
0.026774758034842
0.0290004186544439
0.0309916884515635
0.0327387388941381
0.0342533629746807
0.0354450458337494
0.0363938948057516
0.0369815249822313
0.0373063131477991
0.0134393656444742
0.0119093079926516
0.0100812921131917
0.0141393367329697
0.0136507700786743
0.0134014343870771
0.00852734499813292
0.00704611168840328
0.00574329851709223
0.00462907746626279
0.0037990216042373
0.00311072338298279
0.00259434426889919
0.0022557826761414
0.00208664022752178
0.00905873546031264
0.00837744076528513
0.00797437420920926
0.00785263504868161
0.00937385452291969
0.010997539706061
0.0129801260953943
0.0152751941514601
0.0177642526190634
0.0205323725364838
0.023464679679821
0.0264632848617852
0.029448617291781
0.0323258485548493
0.0350509962483665
0.037537344548485
0.0396867734225133
0.0413950988695542
0.0426348188121466
0.0434699891808897
0.0437739179435322
0.0433683777426176
0.0421275069633649
0.0399635624967625
0.0370549634937055
0.0337828653917324
0.0305383314449484
0.0278308748157269
0.025948523520535
0.0249495618191393
0.00643437556135302
0.00536030164255282
0.00457562969415014
0.00380555568792384
0.00345321762171715
0.00320377282050368
0.0167022677074518
0.016501863658455
0.0161632230120572
0.0156559113460716
0.0149881152619065
0.014181716255081
0.0132714779922007
0.0122867240536758
0.0112301266987329
0.0101257908912955
0.00904564620132461
0.00802745942010209
0.00700871198885955
0.00598372462200987
0.00501623519242015
0.0040979695057937
0.00322989414799731
0.00241830392382146
0.00166838863339864
0.000983832830345584
0.000365684788257183
-0.000188148344232787
-0.000676612021042753
-0.00109649886691508
-0.00144688887243554
-0.00172743052567301
-0.00193717290295168
-0.00207560520503896
-0.00214653798491554
0.0168099713783752
0.0167355167676544
0.0165555033763495
0.0162387914697393
0.0157760037005658
0.0152272551516244
0.0146031011479913
0.0138304880344522
0.0129500027711462
0.0120803192920591
0.0112486594837686
0.0103772830282354
0.00942046022681114
0.00831861772316424
0.00722214967215522
0.00620716864356604
0.00524807580522091
0.00434771457310563
0.00350011807505595
0.0026838689269106
0.00196219291859096
0.00121894474530806
0.000736502459997595
0.000259689115144592
-0.000283875251565573
-0.000747714264153731
-0.00116212256557132
-0.00152993495532507
-0.00181295625646363
-0.00202993543497228
-0.00217506826383938
-0.00225144934398911
0.0230099821078675
0.0210536373167934
0.0189929274519756
0.017075991269829
0.0151687555147532
0.0237044276386473
0.0218832713028353
0.0192332086926718
0.0170950664193442
0.0150012722190641
0.0129672241992019
0.0113813420190549
0.00993863749544292
0.00846667177396629
0.00696830311888309
0.00576404888983604
0.00468515964578554
0.00372366968201002
0.0028690935521049
0.00212274568729255
0.00147994973263033
0.000920241520303407
0.000469862149289407
-4.00089111568999e-05
-0.000479112737710398
-0.000811011254836742
-0.00108645473429394
-0.00130809874419464
-0.00146555585640768
-0.00156251120560072
-0.00161660400367938
0.013703343839398
0.0114085245452028
0.00857907235132682
0.0141041427561102
0.0126715470276288
0.0110614356015663
0.00940867540389752
0.00720806085546318
0.00627506613311013
0.00561567277214274
0.00750047567741967
0.00663188297598943
0.00584216668966761
0.00529601885433945
0.00468739857712202
0.00553345867745439
0.00555535373344022
0.00578126712201552
0.00624788330466942
0.0048663844920558
0.00425400741800313
0.00370874354662884
0.0069276073545759
0.00803543760924263
0.00962480735468916
0.0114490058028824
0.0138213118205845
0.0167826204737594
0.020096978792994
0.0240487751946669
0.0283483688615399
0.0326772078333027
0.0368021591085066
0.0410737875808802
0.00633681166949435
0.00663269159251479
0.00718683308267806
0.00777815513056844
0.00878844127830631
0.00978668148064532
0.0112710294107499
0.0130905604116571
0.0149630359203699
0.0170726792594797
0.0194675682383888
0.0220935239763171
0.0246383267265067
0.027186617858562
0.0301468756066199
0.0328459034994031
0.0356477127242351
0.0380349362216277
0.0402527877152426
0.0421896755862112
0.0436968652790042
0.0449058915978191
0.0458017742324003
0.0463276230799688
0.0465848952005983
0.0428700511827409
0.0443879452895158
0.0456015679590541
0.0464258059511323
0.0471154050748287
0.0475111390124127
0.0477209148831886
0.0429414514317425
0.0443489729510593
0.0452013715545059
0.045323750564766
0.0445823869698558
0.0426000062935449
0.0389793975562748
0.033741223326772
0.0278950105596901
0.022516869893907
0.0178338161022314
0.0140060164695502
0.0110515855885506
0.00889840893105579
0.00737829423367725
0.00627667479497914
0.00555679517973179
0.00520506489911632
0.00387963739189074
0.00416095840670277
0.00458648541327061
0.0051722849863048
0.0058777698771806
0.0066654420374175
0.00754151106243455
0.00851388737913015
0.00959159415862157
0.0107837019273838
0.0120974910368717
0.0135367881754588
0.0150980160340162
0.0168526414796125
0.00307204630381144
0.00243356682968483
0.00180720098684884
0.00120436800370787
0.000689983674196953
0.00020531694785601
-0.000244520881868664
-0.000646145789278461
-0.00101038620423147
-0.00137035548012647
-0.00173021533177131
-0.00205649945228239
-0.00232379791742441
-0.0025400802996759
-0.00270245463961861
-0.0028294900381588
-0.00291049059219746
-0.00295562873331638
0.0183836298104477
0.0199918474133705
0.0216480192294771
0.0236292041970176
0.0255854516732798
0.027427869378302
0.0297701123784488
0.0326594333878073
0.0354747660825832
0.037915749626756
0.0399832458264195
0.041767567398495
0.0433488964065104
0.0446724721574868
0.0456770176111767
0.0463496271412472
0.0467772868283479
0.0470086630553163
0.0175341575197938
0.018267358039031
0.0190374320548216
0.0198379699560818
0.020670518970712
0.0215290895260222
0.022359314229511
0.0230795646352827
0.0236437738149102
0.0240303225188258
0.0242329212322361
0.00517347909206428
0.00586407684020632
0.00679718012761372
0.00787359222986726
0.00909201657649997
0.0105284974986884
0.0121435863012528
0.0141258394784826
0.0163577851992038
0.0188426396270436
0.0216941445846806
0.00361951140563883
0.0024798575718503
0.00153239204484961
0.000572691907569781
-0.000161423172942697
-0.000937236110114074
-0.00155183616064655
-0.00205314874443016
-0.00250492493474158
-0.00275694927446132
-0.00299599797313143
-0.00314472827703862
-0.0032188845020539
0.0225661822836301
0.0235526224475657
0.0245860624679166
0.0257652365147836
0.0268256092811369
0.027803775675723
0.0285374168747955
0.0291085426563143
0.029453324778521
0.0240066619429357
0.0264495670803338
0.0289735737125412
0.0315348262281552
0.034087721396915
0.0365532576636145
0.0388667494648228
0.0410030351804577
0.0428486486384227
0.0443423878392539
0.045501140917864
0.0462241979146028
0.0464962598406012
0.0462705921456917
0.0454369265043706
0.0437852353985634
0.0411412758087422
0.0376913216905751
0.0342085183538279
0.0310354076127823
0.0286463560079824
0.0273982448295089
0.00873866976857479
0.00802283834127453
0.00732810619430581
0.00670865432354584
0.00616111353210773
0.00566437856216526
0.00518040610372933
0.00476567820299317
0.00449649222665874
0.00418919940124201
0.00388171154625877
0.00365384794240993
0.00345811917447921
0.00329512335511869
0.00318343944903551
0.0031125875798949
0.00865108200410448
0.00790992697371612
0.00723139704504885
0.00662742723949053
0.00607922938458491
0.00557407143900061
0.00510201851422331
0.00466745383337312
0.00429869006206738
0.00401488079922681
0.00381800557962929
0.00369391476273838
0.00361976366270103
0.00358634095467309
0.00340609075362345
0.00383430233466737
0.00433540323314593
0.00488085131901938
0.00554671590733132
0.00624939304008397
0.00700969225594268
0.00798928320332419
0.00889782368726528
0.00984666439781033
0.0107553043037623
0.0116371163226833
0.0124137823623612
0.0130395044135018
0.0134885905530136
0.0137321188976971
0.0028460777499673
0.00262307682093263
0.00243306879310593
0.00229965346007196
0.00221515809318012
0.00216231188502147
0.00214740818288077
0.00216054664516936
0.0021912032109399
0.00223393286456991
0.00228532122753918
0.00233950193913145
0.00238688077440576
0.0024156883362489
0.00366995342346895
0.00380810969167741
0.00400285606824545
0.00427095642803467
0.00460811546148941
0.00502324161405529
0.00549647020675058
0.00605132480990477
0.00673432391361669
0.00753822882179256
0.00842491669087228
0.00939189692428401
0.0104919720359211
0.0118029729311106
0.00352802016009112
0.00353205698111017
0.003605133507105
0.00376834862921234
0.00407787488996406
0.00450233897425868
0.00499143423023623
0.00565760284222753
0.00648939417465017
0.00747798589762368
0.00865667142433293
0.00991346633321998
0.0114602782660194
0.0132632006608284
0.0153317643085573
0.017534059456542
0.0199186824009338
0.022579413757229
0.0253044193929607
0.0280156839293892
0.0306823851161147
0.0332405746669399
0.0355978329899248
0.037620733014858
0.0391823210084603
0.0401387777650046
0.0401827807792117
0.0389789576946556
0.0359960248279165
0.0309479357721015
0.0241144673384753
0.0135851501327112
0.0156708705191264
0.0180940512313312
0.0208601155991784
0.0239009603612709
0.0268422001528001
0.0293867006323823
0.031901069843623
0.0344367983918716
0.0367187324044287
0.0388190614013598
0.0406261094185897
0.0421976151637287
0.0435223687289555
0.0443736237340594
0.0447338344507742
0.0445411457283476
0.0435185790733366
0.0414622157666814
0.0383603807722343
0.0342880992005036
0.0293890314424151
0.0244251586427542
0.020014177092374
0.0161551163099391
0.0126291634437055
0.0113521790357821
0.0110363745372219
0.0108338630659444
0.010273688761422
0.00795489930064878
0.00577963661703684
0.00392126699464744
0.00239910399157439
0.00107119634219483
0.0105003464753574
0.00847216674299775
0.00733123350891467
0.00665259129832459
0.00034195634574398
-0.00014133796262833
-0.000430159143905097
-0.000572423130012256
0.000524284475267947
0.000197686777713052
4.95586225732144e-05
0.0201519458841386
0.0164406198553134
0.0132944484630977
0.0104406589940429
0.00771233953665107
0.00519158102610084
0.0205714621811302
0.0173567434755235
0.0144485658775993
0.0118833331817479
0.0096257484165791
0.00779419883945051
0.00607420027192252
0.00466237154957825
0.00343067117857338
0.00237156649239663
0.00148679455959988
0.000717001488874293
6.99267931778943e-05
-0.000497255838881438
-0.000981163601402139
-0.001384356849228
-0.00175610302786751
0.00386909614450926
0.00287779338888115
0.00198035581540642
0.00123671215934894
0.000559147487595218
-1.92165098291725e-05
-0.000515382339435182
-0.000939876117750314
-0.00130449590100927
-0.00161126779025062
-0.00187713832228532
-0.0021075143696186
-0.00230223915578379
-0.00246104903709189
-0.00258661252712711
-0.00268291869721117
-0.00275283351107623
-0.00279818409361312
-0.00282118788639767
0.00416340046048941
0.00341437754887673
0.00280349900110897
0.00237747663035377
0.00210986781128104
0.00197433830505872
-0.00200598179113009
-0.00223630799729289
-0.00242470831324993
-0.002563780797871
-0.00266922156279804
-0.00273659656324718
-0.00277101774388448
-0.00196332294926808
-0.0021315182232791
-0.00224328249298599
-0.00229728434396392
