0.05
0.0473412201752912
0.0451772004467326
0.0405584079047893
0.046859657782149
0.0456978625500232
0.0426953642776132
0.0474924305067577
0.0461941780957584
0.0422203011494391
0.0372236601292245
0.0316889383182867
0.0270689039584459
0.0208586697093238
0.0139725867673529
0.0474587385950491
0.0420515367209955
0.0353316763193407
0.033794641497838
0.0252229272708359
0.0164383035509877
0.0143718254652974
0.0133053007912826
0.0122930889182907
0.0109033892795328
0.00871156897651212
0.00634161676049734
0.00450444262933039
0.00314192733983809
0.00214220208942439
0.00140849439795419
0.000833921123599917
0.0474106839964947
0.0467458162050389
0.0455080290500109
0.0440569795540621
0.0423565233182504
0.0405690774846144
0.0386889697179568
0.0363516358446705
0.0377861507866924
0.0331528878881671
0.0267282083320466
0.020408384415689
0.0133713697085092
0.0368391767689771
0.0328578872272401
0.0284275263183452
0.0108048992823001
0.00842955527649008
0.00643877139452529
0.00496307186487038
0.00374059258856121
0.00276077345041677
0.00206326086398485
0.00152147484582823
0.00109890643820464
0.00080302901876914
0.000586776790111179
0.000434095505153195
0.000325265597091322
0.000252505405943727
0.000204583430114565
0.000171674150240037
0.000150541354392503
0.000136646676932092
0.000127329266688277
0.000121291260404484
0.0001176315846864
0.000115493950210715
0.000114310942626377
0.000113681255438234
0.000113266346086079
0.000113008425763754
0.000112870283030584
0.000112796850132307
0.000112760427247212
0.000112741852431755
0.000112732654504429
0.00011272823454396
0.000112726185197566
0.000112725363774658
0.0102370889801465
0.0082011745815469
0.00638169817375052
0.00480679844560869
0.00361582783747222
0.0027215412778425
0.00199603518222001
0.00152809864334016
0.00119790876171986
0.000972796381042303
0.000860483618908967
0.0258341539345803
0.022560498117252
0.0183601299802335
0.0232239866638932
0.0170689295943398
0.0113553719373732
0.0172242611163353
0.015991072441509
0.014643910187745
0.0157314352977187
0.012158033606108
0.00858755056898041
0.00645897644955042
0.00490075708448396
0.00352341570509981
0.0024249086003616
0.00172525339105495
0.00123992903355721
0.000863661187506165
0.000607088984918277
0.000427971756880672
0.000311984757277685
0.000242803714049597
0.000204716568112988
0.000185478381385691
0.0122833634856554
0.00947501518275378
0.00662254148407521
0.0043774147923219
0.00281134423706687
0.00155608875170016
0.0130234849055926
0.0115444942749504
0.0100517362723451
0.00104972375926684
0.000680066245319056
0.000446871249811359
0.00030464517367375
0.000217758744085954
0.000168987284804681
0.000143030423654043
0.000128661368398704
0.00012066908720018
0.000116490910165396
0.000114456566061966
0.0001135129453693
0.00011308127429092
0.000112882805763891
0.000112792932092852
0.000112753310634467
0.000112736310992073
0.000112729112293104
0.000112726068327075
0.000112724837147972
0.000112724316955406
0.000112724113299254
0.000112724033589711
0.000112724002217695
0.000112723992103721
0.000112723987110702
0.000112723985412504
0.000112723984781725
0.000112723984560092
0.000112723984483833
0.000112723984455607
0.000112723984445557
0.000112723984442436
0.000112723984441164
0.00103169953571575
0.000683064476640755
0.000466119070063092
0.000315428661565661
0.000223293122059337
0.000170971343167985
0.000143435169477654
0.000127920262465487
0.000120128700626082
0.000116227826584509
0.000114353799925271
0.000113462894277528
0.000113049739172354
0.000112866071309771
0.000112785746677161
0.000112749556012253
0.00011273444511547
0.000112728309934211
0.000112725751286217
0.000112724676474072
0.000112724243034238
0.000112724080316924
0.000112724026933236
0.00786487808048741
0.00606298035165263
0.00463328284069791
0.00352931700918272
0.00267798294371509
0.00201349687725821
0.00149264295589954
0.00110228158232746
0.0008200908231514
0.000618998767084677
0.000481510671407495
0.000396477457085955
0.000354812309465406
0.00803799360374583
0.00627627140603373
0.00480148854500349
0.00366093297367051
0.00275889816669235
0.00206589905142716
0.00156811333989428
0.00120009212440855
0.000891036510346047
0.000642377067796006
0.000457694752614809
0.00033310098017912
0.000251850461788438
0.000197442966515201
0.000162992208904317
0.000141733377736987
0.000129701000818023
0.000123246730114648
0.000119496803155539
0.000116660685838027
0.000114750548837803
0.000113789337244714
0.000113232499247615
0.000112975689960473
0.000112845360767602
0.000112778851406264
0.000112747467823369
0.000112733835405145
0.000112728205593778
0.00011272586220904
0.000112724820125691
0.000112724345722709
0.000112724147695477
0.000112724056654838
0.000112724014010366
0.000112723997097584
0.000112723990977924
0.00912996796951248
0.00736651427894824
0.00593690574928138
0.00467109667404302
0.00370738785668848
0.00281646181200237
0.00214948091291941
0.00166829119751193
0.00125261211074741
0.00094427495107454
0.000762404578350647
0.000546782047436868
0.000434197071668562
0.000325586234814749
0.000242140500144559
0.000194964710049632
0.00017077614763638
0.000150886942256967
0.000137229137478343
0.000128865123479818
0.000123890281853143
0.00012171576545263
0.00932614240240589
0.00757863680713795
0.00607230059153766
0.00479254953775204
0.00376592219905398
0.00295071323902958
0.00230155060046237
0.00175677430237495
0.0013785710615579
0.00107240915270279
0.000837786634327024
0.000666763254048743
0.000487919359615616
0.000356290107461634
0.000269084828060566
0.000211743585813518
0.000175401505169962
0.000151758230562
0.000137496526990533
0.000127217884037435
0.00012097692735909
0.000117454831823819
0.000115442862097363
0.000114283734113422
0.000113682496135512
0.000113409337323143
0.0417411438186918
0.0402407828497328
0.0378065287636565
0.0401502471163187
0.0366359013642736
0.0319390373245967
0.0365724234276259
0.034917024924019
0.0326227716327742
0.0354283068440494
0.0301506420628418
0.0228610272816166
0.0169948550976077
0.012914605926101
0.00961270806274826
0.00691178823179395
0.00486779963535083
0.00344058993593804
0.00237284197433508
0.00163853498599617
0.00115312857983285
0.000825279732586062
0.000563366229197633
0.000366365052384637
0.000261975568745334
0.000189846223353723
0.000155597169728437
0.000135244184591122
0.000124721634775956
0.000118621075908849
0.000115579475976526
0.00011412172790295
0.000113387903052441
0.000113031388046155
0.000112864207790345
0.000112786419749418
0.000112752637801881
0.000112737039037087
0.000112729318125377
0.000112726219900097
0.000112724946264277
0.000112724415747407
0.000112724218691834
0.028003892874022
0.0220864480747526
0.0165151545638965
0.0120068624835779
0.00865566746110904
0.00612342278460077
0.00425347618026708
0.00287849408784496
0.00194255673427632
0.00130861245483804
0.000900646706824849
0.000662387218830997
0.000547883582093604
0.0253161114183374
0.0193316790470225
0.0131168039445892
0.0108563654733291
0.00871908253572703
0.00664925061954549
0.0105407203073801
0.00816966711989408
0.00589648539993503
0.00422845782917436
0.00298708576447922
0.00206282828577001
0.00141124954412077
0.000962999842743014
0.000655454192807613
0.000455240802644512
0.000324859384065563
0.000241068093116163
0.000189282854931252
0.000157128378954154
0.000138045175509898
0.000126909580227555
0.000120587073460991
0.000116952914769025
0.00011498076772911
0.000113932394702593
0.000113375796251282
0.000113057568067874
0.00011288666429825
0.00011280147316454
0.00011276076371352
0.000112743272759004
0.000112735495626488
0.00519751057443719
0.0038952370591265
0.0027696825734925
0.00190000970654555
0.00132812463070874
0.000920163442174969
0.000622497664761968
0.000438719302109273
0.000327994283352983
0.000244883172932409
0.000189247383061595
0.000155646120441014
0.000137270557794796
0.000127454240182676
0.000120832646050169
0.000117076047764588
0.000114968393216511
0.000113860819794906
0.00011329419457848
0.000113033734031474
0.000112894883384864
0.000112810717375527
0.000112767092582657
0.00011275110286639
0.00498735412188051
0.00363534762730393
0.00267957024846181
0.00191483733518819
0.00139637058606291
0.000975994293032848
0.000675096505242281
0.00049431999978634
0.000371026419009199
0.000282244498149307
0.000228983607263485
0.000200786208380406
0.0288403191224836
0.024998101918936
0.0206820941937807
0.016066431544065
0.0122922882433453
0.00958398244173823
0.00734910902103589
0.00556030232573634
0.00421815617204336
0.00314646042586468
0.00229924869992833
0.00168344789969833
0.00125854709269982
0.000919522235013709
0.000650871837682936
0.000464456462718874
0.000342375841585644
0.000260428621717148
0.000205881345303325
0.000171107560321072
0.000150327963504832
0.000138585027899167
0.000132486636299099
0.0290660123620679
0.0256746319121207
0.021914092071559
0.0177919005690713
0.0138991123484828
0.0106914997621721
0.00814931979679424
0.00613114094698681
0.00456100676628851
0.00335812651458664
0.00244686854354675
0.00178614395372784
0.00128112788037165
0.000904464632024555
0.000645210093154161
0.000469454576181434
0.000349105409692986
0.000266724229478041
0.000211360535217882
0.000175350918070526
0.000151996711465596
0.000137059299564748
0.000127920473617134
0.000122295039262054
0.000118450474615885
0.000115975134495538
0.000114527051366401
0.000113701506682758
0.000113252564571779
0.000113007585480178
0.000112873063497284
0.000112803259777691
0.000112765243242449
0.000112747683519787
0.000112739811277859
0.0116816079415755
0.00922264197421712
0.00644707098999245
0.0118524417779111
0.0101871881131769
0.00933037217746516
0.0047235263829777
0.00330601772075893
0.0022523849829812
0.00150246731939068
0.00103436432472339
0.000706691599150575
0.00049644129233639
0.000375011248808348
0.000319245036165741
0.00443062969427486
0.00301391203902172
0.00194637905437594
0.00109502213043229
0.000772522829090854
0.000562978527898144
0.000407895997302032
0.000301790776007005
0.000233480901654927
0.000188039387495766
0.00015897310356752
0.000140704021548282
0.000129356702027406
0.000122453801029294
0.000118287315289969
0.000115832868583545
0.000114433614611372
0.000113670086848964
0.000113258503982783
0.000113018023103272
0.000112877101900061
0.00011280270276209
0.000112763538158978
0.000112743514767562
0.000112733625009838
0.000112728733040619
0.000112726279405934
0.000112725099088651
0.000112724558175057
0.000112724341036371
0.000747836606859652
0.000527299645544689
0.000389629853065706
0.000276159296239505
0.000229941495537283
0.000200188906187917
0.000596353683414999
0.000422461413398664
0.00029942840785658
0.000219070750253351
0.000171301009644508
0.000144262555624282
0.000129422542279769
0.000121404702117024
0.000117089292226117
0.00011485035681714
0.000113758640311886
0.000113233843531434
0.000112967220170266
0.000112835218869647
0.000112774580453817
0.000112746673490108
0.000112733991092297
0.000112728335089925
0.000112725853925899
0.000112724780113797
0.000112724319856551
0.000112724123937672
0.000112724041645064
0.000112724007644714
0.000112723993757326
0.000112723988145512
0.000112723985911394
0.000112723985048905
0.000112723984749445
0.000567230659436923
0.000403728450326209
0.000291192028964005
0.000218990073005557
0.000174599510444671
0.000149494283828016
0.000134560767177436
0.000124850546690978
0.000119164059511941
0.000116197502604697
0.000114638897004111
0.00011376593646329
0.000113278155950363
0.000112995879207331
0.000112852429102258
0.00011278430693267
0.000112751927570642
0.000112736840361195
0.000112729816292937
0.000112726535476173
0.000112725117798652
0.000112724444321126
0.000112724214592071
0.000112724090362743
0.000112724025524192
0.000112724001523276
0.000112723991440908
0.000112723987164232
0.000112723985523091
0.000112723984863024
0.000112723984610439
0.000112723984522927
0.0333160530287386
0.0289427580078883
0.0243261364528604
0.0201877543336565
0.016300513115588
0.0349776517696531
0.031110769979494
0.0253206253529842
0.0208007563991877
0.0166657219732113
0.0130037519796305
0.0104360626172989
0.00835126405212156
0.00645245720518781
0.00474988471138185
0.0035619875607492
0.00264468814645306
0.00194612296439918
0.00142068661914786
0.00103643095239608
0.000761810373832468
0.000566055401911509
0.000438024159120679
0.000323034420458972
0.000245178882643402
0.000198162726218461
0.000166682375480546
0.000146117118091494
0.000133950126730827
0.000127420204390267
0.000124119722470911
0.0138912242019502
0.0104339110279236
0.00642135262529095
0.0138190450439254
0.0108426747949955
0.00784230020433046
0.0050855658657251
0.00462685884849124
0.00345139336305476
0.00264644027218956
0.00479034341657484
0.00359336820696818
0.00259231462466912
0.00194241755632315
0.00125099855680338
0.00227154166686809
0.00171595398179239
0.00114306079272751
0.000687508052997565
0.00195165251214767
0.0014261057433564
0.000984521060962781
0.000492052405634277
0.000346839427325833
0.000247111740699482
0.000191333813515411
0.000156225018422286
0.000135858604307927
0.000125114781857354
0.000119037959636117
0.000115869392076324
0.000114275466295316
0.000113471714040201
0.000113003383610588
0.000499602777602587
0.000363185754985925
0.000264974534156806
0.000214616543861218
0.000171942284696819
0.000150351304530598
0.000133923299792444
0.00012428367365298
0.000119321473139705
0.000116416510461644
0.000114707949882019
0.000113750619554431
0.000113272545050485
0.000113022595505402
0.000112873921464605
0.000112800825963905
0.000112760424281228
0.000112741793941951
0.000112732328795163
0.000112727791417417
0.000112725757753811
0.000112724782824275
0.000112724334856241
0.000112724154225637
0.000112724085734578
0.000112854539716226
0.000112783164639987
0.000112750653841732
0.000112736913553465
0.000112729642451112
0.000112726740822192
0.000112725560504543
0.000112856755992895
0.00011278619703413
0.000112752473316162
0.000112737366295659
0.000112730183054371
0.000112726775290975
0.000112725224954193
0.000112724527303954
0.000112724221025876
0.00011272408753681
0.000112724027750419
0.000112724002051586
0.000112723991527148
0.000112723987352268
0.000112723985672292
0.000112723984952193
0.000112723984657219
0.000112723984554511
0.000822889959948641
0.000674577781311075
0.000539583560103992
0.000422122194285482
0.000330223330607398
0.000263838816086408
0.000216470070288809
0.00018310259102225
0.000159894783512561
0.000143939947713603
0.000133072535415269
0.000125698985689812
0.000120665179440916
0.000116952559945581
0.000793754419248623
0.000634493057406437
0.00050343237087711
0.000397638094840408
0.000322122260535416
0.000263416198770087
0.000219645917660476
0.000188952111864325
0.000167316442079931
0.000150749213044933
0.000137930610347188
0.000128891477883577
0.000123068004235957
0.000119317807301705
0.000117031705928103
0.000115545523174097
0.000114721703253852
0.000114305904570096
0.000115298663807283
0.00011432648035109
0.000113719757622558
0.000113291610374295
0.000113053760303722
0.000112927312969046
0.00011283938251182
0.000112782150839776
0.000112752380226464
0.000112738146447119
0.000112731211645594
0.000112727659611054
0.000112725777782639
0.000112724828848271
0.000112724379960925
0.000112724178413767
0.000112724085203227
0.000112724045466095
0.000115345094065363
0.000114348206716266
0.000113731202816221
0.00011334712718709
0.000113104883082417
0.000112950494499871
0.000112854644172277
0.00011279856474858
0.000112767188192838
0.000112750679703264
0.000112743427773778
0.000923088312727948
0.000658206775149091
0.000455679490844821
0.000326530828516316
0.000245309139054646
0.000192868529044374
0.000160971089200042
0.000140392974408743
0.000128381207677052
0.000121265363091717
0.000116653728763456
0.000916914751469793
0.000642239496789554
0.00046553328152052
0.00033070578538965
0.00025317295006572
0.000193604063375943
0.000159869312684397
0.000139978850103623
0.0001272824433476
0.000121871547158772
0.000117892334592151
0.000115893330191573
0.000115028242580978
0.000114791989677838
0.000113839834108852
0.000113330990361955
0.000113029979698164
0.000112881769255874
0.000112802806477363
0.000112765311654926
0.000112745472475946
0.000112736652774969
0.000114919625643477
0.000113934620910454
0.000113383177885806
0.000113077778553271
0.000112910793067221
0.000112821515798211
0.00011277440431691
0.000112749544250363
0.000112736875918933
0.000112730485156706
0.00011272716694592
0.000112725539581992
0.000112724742396562
0.000112724350461883
0.000112724161632516
0.000112724068047531
0.000112724022275293
0.00011272400131507
0.000112723992213897
0.000112723987988262
0.000112723986109854
0.000112723985414986
0.00402660014020679
0.0030538210239173
0.00224908355139799
0.00164628421462272
0.00120408159494937
0.00087576081788083
0.000621035728541173
0.000450416317727377
0.000360804798348147
0.000278649899828103
0.000215773290280828
0.000179655753771229
0.000155010197549392
0.000138249937802557
0.000127969344627656
0.000120839259534035
0.00395057102591931
0.00299342475200683
0.00224240394264597
0.00167390401143041
0.00123913431201681
0.00090568763622822
0.000650518050584823
0.000461460975616409
0.000332816584990069
0.000251388057138341
0.000201944660025844
0.000171736369055555
0.000151116082822146
0.000133038670395187
0.000117636957906979
0.000115410162174285
0.000114169126825293
0.000113512554111887
0.000113130804733994
0.000112938215846309
0.000112835923439187
0.000112775945237149
0.000112749935435883
0.000112736654223681
0.000112730221478128
0.000112726971048655
0.000112725410323964
0.000112724671473586
0.000112724329024776
0.000112724192668723
0.000117579648456426
0.000115594317168539
0.000114330340369039
0.000113629615429348
0.000113244963122983
0.000113001617033846
0.000112871103677981
0.000112804014324906
0.000112768514895331
0.000112748568091664
0.000112737094903945
0.000112730705253479
0.000112727415371949
0.000112726032406464
0.000125143117611159
0.000120531675642713
0.000117635623530331
0.000115726674052315
0.000114542762521443
0.000113810012318714
0.000113379399583874
0.000113114866610418
0.000112948035733621
0.000112849881653738
0.000112795273349877
0.000112764423942959
0.000112745993040855
0.000112734179173668
0.000125910353946534
0.00012092303508163
0.000118030314701626
0.000116120820262505
0.000114683693209303
0.000113810940449067
0.000113351526142924
0.000113068370393768
0.000112907154984664
0.000112820040260856
0.000112773431607789
0.000112750430452496
0.000112737434221092
0.000112730690475371
0.000112727278844315
0.000112725636059093
0.000112724808351393
0.000112724380858817
0.000112724175570799
0.000112724076797926
0.000112724028700609
0.000112724005408906
0.000112723994277009
0.000112723989049679
0.000112723986598012
0.00011272398542992
0.000112723984891973
0.000112723984649691
0.000112723984535559
0.000112723984482521
0.000112723984455363
0.000112729908645318
0.000112727328070809
0.000112725800593196
0.000112724924982009
0.000112724448753728
0.000112724216075327
0.000112724107249552
0.000112724047913221
0.000112724015789478
0.000112724000128152
0.000112723992178247
0.000112723988292342
0.000112723986326953
0.000112723985328827
0.00011272398486937
0.000112723984653392
0.000112723984539158
0.000112723984484697
0.0001127239844605
0.000112723984449811
0.00011272398444481
0.00011272398444237
0.000112723984441251
0.000112723984440754
0.000112723984440525
0.000112723984440411
0.000112729193900553
0.000112726694417346
0.000112725486214971
0.000112723984440369
0.000112723984440349
0.000112723984440342
0.000112723984440338
0.000112723984440337
0.000112723984440337
0.000112723984440365
0.000112723984440346
0.00011272398444034
0.000112723984440338
0.000112723984440337
0.000112723984440337
0.000112723984440337
0.000112723984440337
0.000112723984440337
0.000112723984440337
0.000112723984440337
0.000112723984446502
0.00011272398444288
0.000112723984441439
0.00011272398444081
0.000112723984440528
0.000112723984440404
0.000112723984446586
0.000112723984443004
0.00011272398444147
0.000112723984440817
0.000112723984440539
0.000112723984440427
0.000112723984440376
0.000112723984440355
0.000112723984440347
0.000112723984440343
0.000112723984440342
0.000112723984440341
0.000112723984440341
0.000112723984440341
0.000112723984440341
0.00011272398444034
0.00011272398444034
0.000112723984440368
0.000112723984440354
0.000112723984440348
0.000112723984440346
0.000112723984440345
0.000112723984440345
0.000112723984440345
0.000112723984440345
0.000112723984440345
0.000112723984440345
0.000112723984440345
0.000112723984440345
0.000112723984440345
0.000112723984440345
0.000112723984440345
0.000112723984440345
0.000112723984440345
0.000112723984440345
0.000112723984440345
0.000112723984440366
0.000112723984440352
0.000112723984440346
0.000112723984440344
0.000112723984440343
0.000112723984440342
0.00011272398444034
0.00011272398444034
0.00011272398444034
0.00011272398444034
0.00011272398444034
0.00011272398444034
0.00011272398444034
0.00011272398444034
0.00011272398444034
0.00011272398444034
0.00011272398444034
