0.05
0.0373982028439928
0.0359083085091472
0.0339273379129396
0.0352786539533316
0.0325104476862291
0.0293147262706036
0.037203512766588
0.034299355703027
0.0291620261232875
0.0256588737451742
0.0230888710700907
0.0213751166937618
0.019453217359905
0.0177315162553944
0.0373891253552005
0.0323980363857165
0.0280062216592196
0.0273221596720653
0.0242679402167832
0.0210906508180105
0.0202831365084101
0.0198063593385105
0.019259667073604
0.0183187469481888
0.0164802350163842
0.0141247640403622
0.011954655610505
0.0100262995649293
0.00832072616367143
0.00681420609399895
0.00542040542340834
0.0371515345680186
0.0355169735858222
0.0334217055826056
0.0318070891499937
0.0305714268289011
0.029712344111692
0.0291346630395646
0.0286831149983958
0.0308977305545081
0.0283264394681043
0.0258028359597126
0.0238237326401173
0.0220393611005712
0.033940195094954
0.0342977455823747
0.0349284805634109
0.0232014909744691
0.0248370901590288
0.0267806626728115
0.0287167452750533
0.0308188172641057
0.0330087334244258
0.0349803710640433
0.0368657836325628
0.0386345140820542
0.0400431852343381
0.0411009765161419
0.0416957964650005
0.0417330636249095
0.0411057960913848
0.0397829208997769
0.0376088268699455
0.0346814616680994
0.0310891098895454
0.027025060366934
0.0229302166157041
0.019273040763696
0.0161858544962842
0.013706814652169
0.0117865823242396
0.00986932711067439
0.00799913549371021
0.006434486626127
0.00512050510222474
0.0040925274633233
0.00327003884531815
0.00264026175268979
0.00219037076772222
0.00190025191985387
0.00175350565723437
0.0194230251917233
0.0176686149099072
0.0160550563286362
0.0146133830527356
0.0134856255861218
0.0126090110791511
0.0118710299548292
0.0113784798655452
0.0110205052969623
0.0107701283156004
0.0106429477022099
0.0355172943838798
0.0363909606487294
0.0376361642877058
0.035593680536889
0.0366011419448372
0.0373368932705537
0.0379861649757832
0.0383744852776306
0.0388059586633406
0.0384889588525304
0.0398782060125248
0.0415013922489089
0.0425808853723006
0.0434013367273227
0.044074401784275
0.0444173152399108
0.0443343794890313
0.0438898361447742
0.042976706852906
0.0416611991206658
0.0399768485541043
0.0381935052656329
0.0366436589024509
0.0355270528031098
0.0348535461596724
0.038902439015656
0.0387135694244644
0.0376859075874558
0.0350921257974367
0.0309118205857298
0.0251067692465791
0.0394768249925082
0.0401049286677679
0.0407523925906701
0.0221828995679546
0.019120887499648
0.0164559778751182
0.0142259982668879
0.0123153028150853
0.010770058997241
0.00957037885653791
0.00858431343061382
0.00773850889585866
0.0070254906612795
0.00644644175996368
0.00599177247169618
0.00563975390144502
0.00536760282895569
0.00516502465956009
0.00502865940767567
0.0049581998364968
0.00495447031805687
0.00502364845027562
0.0051702501676969
0.00542070648331218
0.00578473800947489
0.00628483224249835
0.00699299436741255
0.00768072629240283
0.00876503070222163
0.00997372387731943
0.0113929387918844
0.0129184515212845
0.0143800804124722
0.0157912969035744
0.0170312061194566
0.0177826065058049
0.0183401752092221
0.0218905155212361
0.018833410810981
0.0161688314764758
0.0135024709272621
0.0111257231556879
0.00908862482724072
0.00742479351507754
0.00589268954127764
0.0045739758383538
0.00339610309032566
0.00235056217493537
0.00140147562001976
0.000531401526096055
-0.000249491312199167
-0.000941322822341167
-0.00159016243510103
-0.0021624780395734
-0.00264402751982989
-0.00305143300724763
-0.00339562947003583
-0.00366991205278419
-0.00386092060800279
-0.00396165447011699
0.0418881917511234
0.0429380342080508
0.0438760687201723
0.0446892595790878
0.0453883809973558
0.0459922380559399
0.0465126469626961
0.0469378800068305
0.0472693937143011
0.0475213351581373
0.0477029428274572
0.0478198583700553
0.0478786628909569
0.041508240104893
0.0421621128835605
0.0426253362395782
0.0428017234052665
0.0426357704205373
0.0420446605068918
0.0409855989339314
0.0393465445248249
0.0367148888718703
0.033042586938833
0.0287973181664128
0.0246688809717884
0.0209838368960961
0.017697804607788
0.0149683070644071
0.0127469738794319
0.0110459109336228
0.00976664583157773
0.00867093666699203
0.00734857345107156
0.00590009752719769
0.00471785548395573
0.00352567660572787
0.00254836095995792
0.00166390637255955
0.000822186858528273
4.02109722191486e-05
-0.000651057231026518
-0.00122980448578742
-0.00170160476226763
-0.00210113052741528
-0.00244834410197711
-0.00271903974315795
-0.00294965543965701
-0.0031488942910177
-0.00328055698951133
-0.00334976264315656
0.0373188029845315
0.0368548327746201
0.035980932290934
0.0345939535978077
0.0329270227599377
0.0306499541574706
0.0282711559370584
0.026026869457295
0.0235394172656537
0.0212289067955349
0.0196234761290824
0.0173371216123511
0.0159082976776601
0.014246148555254
0.0126366989018705
0.0114929179838265
0.0107902217744589
0.0101020257668389
0.00953545189349362
0.00912802824252535
0.00885150906460083
0.00871999341624836
0.0375128832415526
0.0373073200468731
0.0366879569170103
0.0356222281261951
0.0341723953154491
0.0324213336757021
0.0304509253035349
0.0282080426099441
0.0261870605586258
0.0240862251376191
0.0219955296087774
0.0200568368111247
0.0174975085000183
0.0151297539112056
0.0131385478870273
0.0114456459152803
0.0100494470034939
0.00886232682025308
0.00792998882579373
0.0070243896502162
0.00625202628191151
0.00564025773002746
0.00516898629384604
0.00481466842060905
0.0045869506581791
0.00446662278184509
0.028541941573737
0.0276177854330189
0.0264012442487403
0.0273949177081512
0.0255155235590759
0.023539688073329
0.0259577196309336
0.0254040430136267
0.0246733236382188
0.024866817539635
0.0224843476273644
0.0196133395796742
0.0174525662041747
0.0160846024054543
0.015174834279907
0.0147235368467093
0.0147640959615552
0.0152301921010872
0.0161221956690469
0.0173647001336681
0.0189277030099136
0.0209359187876382
0.0239074502133449
0.0277429619451044
0.0310020781936439
0.0346396488159247
0.0372413407649237
0.0393761741589715
0.0405953926473448
0.0408248137141722
0.0395839155717421
0.0368007893033334
0.0325022916554266
0.0274024821340676
0.0224689413129651
0.0181252375041853
0.0147736197388834
0.0121153183542055
0.00975746207435113
0.00808703736053743
0.00694613402244076
0.00621539212534545
0.00584291902343728
0.0225856164213751
0.0199383744131693
0.0172243959586097
0.014742182918259
0.0126243021056775
0.0107674431739332
0.00915940674405567
0.00775926916041641
0.00663034373713207
0.00573184585843002
0.00506370061332584
0.00462564934959874
0.00439777410399984
0.0230644964362354
0.0216779072100054
0.0199937027905256
0.0193539621038373
0.0186527297546283
0.0178771616596577
0.0190573247180943
0.0178578569738642
0.0163358437118115
0.0148753345566387
0.0134464699049859
0.0120265239985449
0.0106733464706823
0.00939763566196451
0.0081733743253016
0.00703933672932872
0.00597218451406052
0.00496087724201212
0.00402377431325244
0.00313393633698789
0.00231187849433444
0.0015547494079624
0.000871669716601828
0.000243356450939572
-0.000304967281887434
-0.0007802520719824
-0.00119977088401715
-0.00160655534694355
-0.00196978498348719
-0.00226537624263889
-0.00248727924620619
-0.00262262265712007
-0.00270126853529085
0.0168149537633712
0.0155232542070557
0.0140268793215509
0.0124799621948646
0.0111275469698619
0.00983312667297448
0.00851729468675656
0.00736794003618008
0.00640680788660195
0.00538219633599645
0.00435421885556359
0.00338782764433335
0.00256400512616013
0.0019011568977227
0.00121101423793648
0.000586331338831644
1.5525188273593e-05
-0.000478079206368858
-0.000891606658992411
-0.00118454965125977
-0.00141663920332726
-0.00162888619330396
-0.00178793822696381
-0.00186228584808568
0.0175508726344428
0.0171687772373692
0.0167918824198946
0.0163790769080214
0.0160056901990371
0.0156054534207575
0.015226537650691
0.0149335702758717
0.0146790810244384
0.0144497834179525
0.0142877840048399
0.014191002857011
0.0218766008741327
0.0199890017939583
0.0179281528294034
0.0157351991521523
0.0139461659540061
0.0126781604598024
0.011664229711827
0.0109058444579317
0.0104056396231791
0.0100951353661265
0.00996735700999062
0.0100167296755734
0.0102074698988433
0.0105583029273738
0.0110715378363123
0.0116699132598242
0.0122859778616722
0.0129061559828743
0.0135041073888531
0.0140340109208719
0.0144491038239656
0.0147363842394507
0.0149094219364483
0.0229852523854157
0.0226134761205659
0.022470391691716
0.022631317127696
0.023164495599079
0.024017017276795
0.025127275520945
0.0264765764689085
0.0280213872345097
0.0297164713757509
0.0315221909421173
0.0333263377792204
0.0352061052459713
0.0371109676468979
0.0388539727958694
0.040361264270179
0.0416043142202785
0.0425347665283237
0.043077650103113
0.0431545595393462
0.0426993419797704
0.0416370070160172
0.039945358729599
0.0375144462403128
0.0339403400523063
0.0296985825709177
0.0255088510037337
0.0217022892412398
0.0185451894920716
0.0159909766363638
0.0139400700867172
0.0124275403286727
0.0112850843463957
0.0106026075425929
0.010234130557134
0.0177607323553368
0.0180476295983054
0.0186799145505296
0.0165525970025608
0.0156294517440685
0.0151555897514166
0.0168169044167251
0.0151600090589138
0.0138399873614284
0.0128385254340552
0.0121787163723128
0.0116945947186868
0.0113714094105228
0.0111791465565504
0.0110892091518682
0.0218903558863718
0.0251596321627667
0.0285130483599406
0.0319112219594696
0.0343858049027476
0.036423331203166
0.0382431705381124
0.0395930025517257
0.0402762585605239
0.0401800564942253
0.0391105856110401
0.0369387097416352
0.0336880063927494
0.02969741776684
0.0254371245956383
0.0213736324594123
0.0177910290409425
0.0148164047319253
0.0123821284064492
0.010181838340537
0.00814883360726906
0.00644599948187635
0.00500914516454154
0.00381915250381599
0.00287130005709913
0.00212671368717677
0.00154305864128452
0.00112014590909068
0.000847951425565883
0.000708973083359162
0.0324760320859423
0.0329250767098509
0.0332879057208124
0.0336922053558689
0.0338931433213842
0.0340449182457858
0.00490118702386156
0.00448011681300488
0.00418228680890218
0.00404558571140166
0.00409117734016448
0.00432062812914761
0.00473217339719912
0.00533139565706798
0.00615219385399662
0.0072287916363167
0.00853761281993108
0.0100517914091868
0.0118965141087442
0.014152736434887
0.0167123249114125
0.0195670785718322
0.0226539445609348
0.0258600617556942
0.0290649845398034
0.0321663879046014
0.0350925777669861
0.0377986452079581
0.0402270950485091
0.0423124097879965
0.0440150048523802
0.0453239554519449
0.0462530832922666
0.0468357074663567
0.0471229668330524
0.00458466460568646
0.00396905412263933
0.00347230147646115
0.00311979083129104
0.00291660409115026
0.00286002970180997
0.00292330142413668
0.00312673001064876
0.00349370594747364
0.00398838507072668
0.00459064183630142
0.00537536828467436
0.00643201781799873
0.00789402790406733
0.00963063253677013
0.0115565392543276
0.013744385090312
0.0161951920245285
0.0188965867179776
0.0218757118671901
0.024808409051645
0.0281004292978465
0.030361493815628
0.0326948160946777
0.0354858298816854
0.0379640388678247
0.0402178804235593
0.0422163415694688
0.0437253443482841
0.0448475973332975
0.0455733921173941
0.0459450947824248
0.0287871310592753
0.029209844075477
0.0298624440161042
0.0305876192259452
0.031336177406505
0.0279321911035077
0.0263386860924037
0.0242160556917323
0.0226637415167802
0.021342873833903
0.0203120718061411
0.0197480698882728
0.0194777729861142
0.0194562201948705
0.0197345276433069
0.0202412988966457
0.02096866304867
0.0218799463178054
0.0229418368483165
0.0241053734949767
0.0253215030794721
0.0265781288670068
0.0277495451419213
0.029263725626055
0.0307238768256468
0.0319293580760551
0.0330041361991932
0.0339222901739043
0.0346049486453178
0.0350382673848922
0.0352849599202651
0.0309775383178973
0.029989776248523
0.0280605526708717
0.0326629730397645
0.0344547398716773
0.0364811267153203
0.0386052834566161
0.0262188056512078
0.0246627782273982
0.0233451893417748
0.0281240013457749
0.027379321970454
0.0258964631138797
0.0242982050071911
0.0217568607653262
0.0227000820827612
0.02086081376545
0.01809426909663
0.0151243943823833
0.0217950042254878
0.0201873206565903
0.018450265968294
0.0135882603049422
0.0119317092009064
0.0102592828096079
0.00886958401248218
0.00752969019257323
0.0062780724736615
0.0051930547405835
0.00414751055077706
0.00318048015293434
0.00230122140904483
0.00150102964353034
0.000666351030636707
0.013616578280431
0.0121217580304479
0.0106161478401082
0.00955931047022925
0.00828349204407003
0.00735836554215032
0.00631330236236064
0.00534417264281135
0.00456065185723359
0.00384112191409787
0.00316086936186841
0.00252735770228248
0.00199264714455932
0.0015133974510219
0.00100374426168181
0.000567443887507336
0.000136373672891532
-0.000217905624304898
-0.000539814650662385
-0.000819273022972363
-0.00103937307466316
-0.0012206592311003
-0.00136000388836491
-0.00144473500067478
-0.00148725213157379
0.000460373913100482
0.000287681344508695
0.000149833842024613
5.47370753726031e-05
-2.71285242002301e-05
-7.56941884160826e-05
-0.000102139989829985
0.000124075744112646
-0.000378136677125882
-0.000856193235012361
-0.00128029316486328
-0.00167951274036315
-0.00206287102190162
-0.00242145986143907
-0.00275689481843609
-0.00306372470177411
-0.00333980720510073
-0.00359769563402694
-0.0038327595547805
-0.00403627055921574
-0.00420063781614073
-0.00432681165128096
-0.00442459855886194
-0.00449183528194431
-0.00452574493625455
0.0175940518276738
0.0165615267319987
0.0153315413354878
0.0139431605499944
0.012544243147962
0.0112328569977956
0.0100056665204673
0.00885813238475601
0.00778514781912453
0.00678131941048011
0.00584117501805794
0.00495877086944675
0.00412863233490347
0.00330606912552989
0.0176932573066174
0.0168889983325487
0.016068697267622
0.0152571681329389
0.0145508144588096
0.0138748706171578
0.0132394053661805
0.0126661307106604
0.0121419585896138
0.0116205894358062
0.0110966351366096
0.0106194381678576
0.0102269429347068
0.0099081769560472
0.00966805527350089
0.0094796389551288
0.00935923890083923
0.00929204307951471
0.00277629869058993
0.00230116315966336
0.00186782743270768
0.00140543400697655
0.000997299875074424
0.000648016903927638
0.000238100055173537
-0.000236381660800668
-0.000678296854431752
-0.00105036558676475
-0.00136076180952922
-0.00162815424625388
-0.00186799556510063
-0.00207426932780519
-0.00223709432165517
-0.00235081282541355
-0.00242584530025798
-0.00246760737821307
0.00292485828294191
0.0025951626104722
0.00230869936993441
0.00205612031909344
0.00182813127025629
0.0016192089313544
0.00143516859008129
0.00128645934872765
0.00117590871450569
0.00110284193740807
0.00106536687013854
0.0198594973812462
0.0177108373508786
0.015423939107532
0.0133786249662844
0.0115715131604804
0.00990304565666427
0.00842716129838264
0.00699699236179843
0.00571267114472288
0.0045391760721993
0.00339338074755703
0.0204692351569518
0.0189205943097283
0.017548319497111
0.0161057121027828
0.0149837874376384
0.0137902172347273
0.012844997688325
0.012076418553597
0.0113866266788451
0.011003052746407
0.0106401764795397
0.0104148345358808
0.010302604310771
0.00293961779300298
0.00257285224468057
0.00227167637743675
0.00199067007254281
0.00177457144959979
0.00159747224949228
0.00147512417952965
0.00138529748649031
0.00133321689659412
0.00268742893754051
0.00203792818136433
0.00143945675164873
0.000885075984787654
0.000369252026439559
-0.000106688601385777
-0.000544609251782616
-0.000953883469362884
-0.00132709271996062
-0.00166411573800312
-0.00198168102221123
-0.00226488329720577
-0.00251616944905666
-0.00274305671715051
-0.00294666569475693
-0.0031354004481014
-0.00330620707198699
-0.00344946174454699
-0.00355755077223637
-0.00364022400476348
-0.00369670892493985
-0.00372491694302705
0.039554631857736
0.0406127897147768
0.0416321879824917
0.0424480495788595
0.0429708842339939
0.0431126091888007
0.0426771605638975
0.0414776468498291
0.0400160999545061
0.0373642484135883
0.0332764584200764
0.0291871821304714
0.0248737669504749
0.0205538450562426
0.0168286626894076
0.0133373161844685
0.0395406701727296
0.0405044864332408
0.0414126428563079
0.0422008318770495
0.042830069045969
0.0432263537072048
0.0432537344774879
0.0426611793938896
0.0411402730703553
0.038526026763584
0.0350589567293452
0.0313027386072454
0.0274068809687745
0.0226042196697675
0.0113248219947037
0.00925708097558555
0.00752447608522559
0.00614169835951182
0.00489089865603323
0.00389894964560413
0.00307163135565741
0.00225493400218477
0.0016625144738357
0.00116173562644376
0.000763431595887449
0.000434212618391278
0.000180488326443525
-3.87009305137757e-06
-0.000126646168916129
-0.000190145967793425
0.0113904363177611
0.009710154608729
0.00817204246244477
0.00693851022426431
0.00596782632526446
0.00505846932767426
0.00432061053460052
0.00375303307964892
0.00331114744956323
0.00294812180721539
0.00264167947642109
0.00239185746933926
0.00220964992468517
0.00211041768867276
0.0197449658678029
0.0174106900946975
0.015401050721049
0.0135751165572056
0.0119982875896882
0.0106243013699764
0.0094844481686223
0.0084894284810906
0.00757304360236113
0.0067634984989994
0.00608175198328632
0.00550040549864128
0.00497426005756426
0.0044689115562186
0.0205735589933614
0.0185875947254703
0.0169837561723594
0.0154661592185737
0.0138122645460543
0.0123688885640187
0.0112733029156416
0.0102671266076971
0.00939862977423469
0.00867394296582686
0.0080596702225312
0.00758031021387507
0.0071391909459333
0.00674971528258884
0.00640152418540477
0.0061001247799552
0.00582214231085061
0.00554654494983426
0.00528352125712301
0.00502779153445115
0.00477124994765329
0.00450959109642758
0.00424106770442567
0.00396790066912577
0.00369014743297768
0.00339956987135203
0.00310329379307903
0.00281301390996559
0.0025174527591693
0.00222340223585252
0.00191418659928916
0.00414172697792236
0.00382041336079256
0.00350177857494629
0.00318495624921067
0.00287402499980217
0.00259672590404902
0.00236792866218637
0.00214701093583392
0.00192432681196101
0.00171848816438671
0.00151788000261512
0.00132779813261899
0.00113535642022166
0.000927846991541691
0.000728606635746773
0.000540433492517656
0.000332909608714949
0.000114867214361325
-0.000100797196348792
-0.000307339659742605
-0.000513000693060078
-0.000731414883715024
-0.000954729883838659
-0.0011733339087461
-0.00139259535528674
-0.00162553600483475
0.00429726577319735
0.00417748437190709
0.00410049928162233
-0.00193646693598229
-0.00232609066965513
-0.00277780375711702
-0.00324008862996844
-0.00368104942085637
-0.00411335108917438
-0.00162213318633257
-0.0016171195155863
-0.00161359494097587
-0.00161118695229136
-0.00440311819335297
-0.00461831636416386
-0.00475762056665624
-0.00482969739393512
-0.00427127932445793
-0.00437187737761745
-0.00441920841773593
0.00163856724508038
0.00138132260785549
0.00115874934770406
0.000954952762467555
0.000763900468362294
0.000598693153251723
0.00186615898173853
0.00182570269827806
0.00178828622522334
0.00175177105417121
0.00171375648181661
0.00167566423879113
0.00163017264673889
0.00158206445082803
0.00152866091291054
0.00147150681301984
0.00141450920972991
0.00135852061373038
0.00130956848568232
0.00127029531193533
0.00124675392108474
0.00124220405461192
0.00125823352614409
0.000770654744669591
0.000943034877094543
0.00114479850530275
0.0013572370522326
0.00160115518335274
0.00186331353070349
0.00214523384544634
0.00244654827331951
0.00276862964768423
0.0031033561974255
0.00345879515352577
0.00383345994635204
0.00421424863129129
0.0045807898454194
0.00491482275155519
0.00520268806351987
0.00543151468650341
0.00558990990538163
0.0056735646792813
0.000277637112340653
2.3499921825644e-05
-0.000198851174200282
-0.000362686073660822
-0.000469629651992007
-0.000525097747513284
0.00145045324586246
0.00168519472049509
0.00192738883884473
0.00214262220362862
0.00233151183985942
0.00246554455720524
0.00253863533170344
0.0011010252671185
0.000962539050280498
0.000865755992076152
0.000817687366218118
