8.45346645469682e-05
8.45346645469682e-05
8.45346645469682e-05
8.45346645469683e-05
8.45346645469683e-05
8.45346645469683e-05
8.45346645469685e-05
8.45346645469682e-05
8.45346645469682e-05
8.45346645469683e-05
8.45346645469685e-05
8.45346645469686e-05
8.45346645469686e-05
8.45346645469687e-05
8.45346645469687e-05
8.45346645469682e-05
8.45346645469681e-05
8.4534664546968e-05
8.4534664546968e-05
8.4534664546968e-05
8.4534664546968e-05
8.4534664546968e-05
8.45346645469681e-05
8.45346645469681e-05
8.45346645469682e-05
8.45346645469682e-05
8.45346645469683e-05
8.45346645469684e-05
8.45346645469685e-05
8.45346645469685e-05
8.45346645469686e-05
8.45346645469686e-05
8.45346645469682e-05
8.45346645469682e-05
8.45346645469682e-05
8.45346645469681e-05
8.45346645469681e-05
8.45346645469681e-05
8.4534664546968e-05
8.4534664546968e-05
8.45346645469684e-05
8.45346645469685e-05
8.45346645469687e-05
8.45346645469688e-05
8.4534664546969e-05
8.45346645469683e-05
8.45346645469684e-05
8.45346645469685e-05
8.4534664546969e-05
8.45346645469691e-05
8.45346645469692e-05
8.45346645469692e-05
8.45346645469693e-05
8.45346645469694e-05
8.45346645469694e-05
8.45346645469695e-05
8.45346645469695e-05
8.45346645469695e-05
8.45346645469696e-05
8.45346645469696e-05
8.45346645469696e-05
8.45346645469696e-05
8.45346645469696e-05
8.45346645469697e-05
8.45346645469697e-05
8.45346645469697e-05
8.45346645469698e-05
8.45346645469698e-05
8.45346645469698e-05
8.45346645469698e-05
8.45346645469697e-05
8.45346645469697e-05
8.45346645469697e-05
8.45346645469697e-05
8.45346645469697e-05
8.45346645469697e-05
8.45346645469698e-05
8.45346645469698e-05
8.45346645469698e-05
8.45346645469698e-05
8.45346645469698e-05
8.45346645469698e-05
8.45346645469691e-05
8.45346645469692e-05
8.45346645469693e-05
8.45346645469693e-05
8.45346645469694e-05
8.45346645469695e-05
8.45346645469695e-05
8.45346645469695e-05
8.45346645469695e-05
8.45346645469694e-05
8.45346645469694e-05
8.45346645469685e-05
8.45346645469687e-05
8.45346645469688e-05
8.45346645469685e-05
8.45346645469686e-05
8.45346645469687e-05
8.45346645469689e-05
8.4534664546969e-05
8.45346645469691e-05
8.45346645469689e-05
8.4534664546969e-05
8.45346645469691e-05
8.45346645469691e-05
8.45346645469691e-05
8.45346645469691e-05
8.45346645469691e-05
8.45346645469691e-05
8.45346645469691e-05
8.45346645469692e-05
8.45346645469693e-05
8.45346645469693e-05
8.45346645469694e-05
8.45346645469694e-05
8.45346645469694e-05
8.45346645469695e-05
8.45346645469692e-05
8.45346645469693e-05
8.45346645469695e-05
8.45346645469697e-05
8.45346645469699e-05
8.45346645469701e-05
8.45346645469692e-05
8.45346645469693e-05
8.45346645469693e-05
8.45346645469703e-05
8.45346645469704e-05
8.45346645469706e-05
8.45346645469708e-05
8.45346645469709e-05
8.4534664546971e-05
8.4534664546971e-05
8.4534664546971e-05
8.45346645469711e-05
8.45346645469711e-05
8.4534664546971e-05
8.4534664546971e-05
8.4534664546971e-05
8.4534664546971e-05
8.4534664546971e-05
8.45346645469709e-05
8.45346645469709e-05
8.45346645469709e-05
8.45346645469709e-05
8.45346645469709e-05
8.45346645469709e-05
8.45346645469709e-05
8.45346645469709e-05
8.4534664546971e-05
8.45346645469711e-05
8.45346645469712e-05
8.45346645469712e-05
8.45346645469713e-05
8.45346645469714e-05
8.45346645469714e-05
8.45346645469714e-05
8.45346645469714e-05
8.45346645469715e-05
8.45346645469714e-05
8.45346645469702e-05
8.45346645469703e-05
8.45346645469703e-05
8.45346645469704e-05
8.45346645469704e-05
8.45346645469705e-05
8.45346645469706e-05
8.45346645469707e-05
8.45346645469708e-05
8.45346645469709e-05
8.45346645469709e-05
8.4534664546971e-05
8.45346645469711e-05
8.45346645469711e-05
8.45346645469712e-05
8.45346645469712e-05
8.45346645469712e-05
8.45346645469712e-05
8.45346645469713e-05
8.45346645469713e-05
8.45346645469713e-05
8.45346645469713e-05
8.45346645469713e-05
8.45346645469694e-05
8.45346645469694e-05
8.45346645469694e-05
8.45346645469695e-05
8.45346645469695e-05
8.45346645469696e-05
8.45346645469696e-05
8.45346645469697e-05
8.45346645469697e-05
8.45346645469698e-05
8.45346645469698e-05
8.45346645469698e-05
8.45346645469698e-05
8.45346645469695e-05
8.45346645469696e-05
8.45346645469697e-05
8.45346645469698e-05
8.45346645469699e-05
8.453466454697e-05
8.453466454697e-05
8.45346645469701e-05
8.45346645469701e-05
8.45346645469701e-05
8.45346645469701e-05
8.45346645469701e-05
8.45346645469701e-05
8.45346645469701e-05
8.45346645469701e-05
8.45346645469701e-05
8.45346645469701e-05
8.45346645469701e-05
8.45346645469701e-05
8.45346645469701e-05
8.45346645469702e-05
8.45346645469702e-05
8.45346645469702e-05
8.45346645469703e-05
8.45346645469704e-05
8.45346645469704e-05
8.45346645469705e-05
8.45346645469706e-05
8.45346645469706e-05
8.45346645469707e-05
8.45346645469707e-05
8.45346645469707e-05
8.45346645469707e-05
8.45346645469707e-05
8.45346645469707e-05
8.45346645469707e-05
8.45346645469707e-05
8.45346645469687e-05
8.45346645469687e-05
8.45346645469686e-05
8.45346645469686e-05
8.45346645469686e-05
8.45346645469686e-05
8.45346645469686e-05
8.45346645469686e-05
8.45346645469687e-05
8.45346645469687e-05
8.45346645469688e-05
8.45346645469688e-05
8.45346645469689e-05
8.4534664546969e-05
8.4534664546969e-05
8.4534664546969e-05
8.4534664546969e-05
8.4534664546969e-05
8.4534664546969e-05
8.4534664546969e-05
8.4534664546969e-05
8.4534664546969e-05
8.45346645469688e-05
8.45346645469689e-05
8.4534664546969e-05
8.45346645469691e-05
8.4534664546969e-05
8.4534664546969e-05
8.4534664546969e-05
8.4534664546969e-05
8.4534664546969e-05
8.4534664546969e-05
8.4534664546969e-05
8.4534664546969e-05
8.4534664546969e-05
8.4534664546969e-05
8.45346645469691e-05
8.45346645469691e-05
8.45346645469692e-05
8.45346645469692e-05
8.45346645469692e-05
8.45346645469692e-05
8.45346645469692e-05
8.45346645469692e-05
8.45346645469691e-05
8.45346645469691e-05
8.45346645469691e-05
8.45346645469691e-05
8.45346645469685e-05
8.45346645469685e-05
8.45346645469686e-05
8.45346645469686e-05
8.45346645469687e-05
8.45346645469688e-05
8.45346645469686e-05
8.45346645469687e-05
8.45346645469687e-05
8.45346645469687e-05
8.45346645469687e-05
8.45346645469688e-05
8.45346645469689e-05
8.4534664546969e-05
8.45346645469691e-05
8.45346645469692e-05
8.45346645469693e-05
8.45346645469694e-05
8.45346645469695e-05
8.45346645469696e-05
8.45346645469696e-05
8.45346645469697e-05
8.45346645469698e-05
8.453466454697e-05
8.45346645469701e-05
8.45346645469703e-05
8.45346645469705e-05
8.45346645469706e-05
8.45346645469707e-05
8.45346645469707e-05
8.45346645469708e-05
8.45346645469709e-05
8.45346645469709e-05
8.4534664546971e-05
8.4534664546971e-05
8.4534664546971e-05
8.45346645469709e-05
8.45346645469709e-05
8.45346645469709e-05
8.45346645469709e-05
8.4534664546971e-05
8.4534664546971e-05
8.4534664546971e-05
8.45346645469688e-05
8.45346645469688e-05
8.45346645469688e-05
8.45346645469689e-05
8.4534664546969e-05
8.4534664546969e-05
8.4534664546969e-05
8.4534664546969e-05
8.45346645469691e-05
8.45346645469691e-05
8.4534664546969e-05
8.4534664546969e-05
8.4534664546969e-05
8.45346645469689e-05
8.4534664546969e-05
8.45346645469691e-05
8.45346645469692e-05
8.45346645469693e-05
8.45346645469694e-05
8.4534664546969e-05
8.45346645469689e-05
8.45346645469688e-05
8.45346645469687e-05
8.45346645469685e-05
8.45346645469685e-05
8.45346645469684e-05
8.45346645469683e-05
8.45346645469682e-05
8.45346645469682e-05
8.45346645469682e-05
8.45346645469683e-05
8.45346645469683e-05
8.45346645469683e-05
8.45346645469683e-05
8.45346645469682e-05
8.45346645469682e-05
8.45346645469682e-05
8.45346645469682e-05
8.45346645469682e-05
8.45346645469683e-05
8.45346645469683e-05
8.45346645469684e-05
8.45346645469685e-05
8.45346645469685e-05
8.45346645469684e-05
8.45346645469684e-05
8.45346645469694e-05
8.45346645469695e-05
8.45346645469696e-05
8.45346645469697e-05
8.45346645469699e-05
8.453466454697e-05
8.45346645469702e-05
8.45346645469704e-05
8.45346645469704e-05
8.45346645469705e-05
8.45346645469706e-05
8.45346645469706e-05
8.45346645469707e-05
8.45346645469708e-05
8.45346645469709e-05
8.45346645469709e-05
8.4534664546971e-05
8.45346645469712e-05
8.45346645469713e-05
8.45346645469713e-05
8.45346645469713e-05
8.45346645469713e-05
8.45346645469713e-05
8.45346645469713e-05
8.45346645469694e-05
8.45346645469695e-05
8.45346645469696e-05
8.45346645469696e-05
8.45346645469697e-05
8.45346645469697e-05
8.45346645469698e-05
8.45346645469698e-05
8.45346645469698e-05
8.45346645469698e-05
8.45346645469699e-05
8.45346645469699e-05
8.45346645469689e-05
8.45346645469689e-05
8.4534664546969e-05
8.4534664546969e-05
8.45346645469691e-05
8.45346645469691e-05
8.45346645469692e-05
8.45346645469692e-05
8.45346645469693e-05
8.45346645469693e-05
8.45346645469693e-05
8.45346645469693e-05
8.45346645469693e-05
8.45346645469694e-05
8.45346645469694e-05
8.45346645469695e-05
8.45346645469696e-05
8.45346645469696e-05
8.45346645469696e-05
8.45346645469696e-05
8.45346645469696e-05
8.45346645469696e-05
8.45346645469696e-05
8.45346645469689e-05
8.45346645469689e-05
8.4534664546969e-05
8.4534664546969e-05
8.45346645469691e-05
8.45346645469692e-05
8.45346645469693e-05
8.45346645469693e-05
8.45346645469694e-05
8.45346645469694e-05
8.45346645469694e-05
8.45346645469695e-05
8.45346645469695e-05
8.45346645469695e-05
8.45346645469695e-05
8.45346645469696e-05
8.45346645469696e-05
8.45346645469696e-05
8.45346645469697e-05
8.45346645469697e-05
8.45346645469698e-05
8.45346645469698e-05
8.45346645469698e-05
8.45346645469699e-05
8.45346645469699e-05
8.453466454697e-05
8.45346645469701e-05
8.45346645469701e-05
8.45346645469701e-05
8.45346645469701e-05
8.45346645469701e-05
8.45346645469701e-05
8.45346645469701e-05
8.45346645469701e-05
8.45346645469701e-05
8.45346645469687e-05
8.45346645469687e-05
8.45346645469687e-05
8.45346645469687e-05
8.45346645469687e-05
8.45346645469687e-05
8.45346645469686e-05
8.45346645469686e-05
8.45346645469686e-05
8.45346645469686e-05
8.45346645469686e-05
8.45346645469685e-05
8.45346645469685e-05
8.45346645469684e-05
8.45346645469684e-05
8.45346645469687e-05
8.45346645469686e-05
8.45346645469686e-05
8.45346645469685e-05
8.45346645469685e-05
8.45346645469685e-05
8.45346645469685e-05
8.45346645469685e-05
8.45346645469685e-05
8.45346645469685e-05
8.45346645469685e-05
8.45346645469684e-05
8.45346645469684e-05
8.45346645469683e-05
8.45346645469683e-05
8.45346645469683e-05
8.45346645469684e-05
8.45346645469684e-05
8.45346645469685e-05
8.45346645469686e-05
8.45346645469687e-05
8.45346645469687e-05
8.45346645469687e-05
8.45346645469687e-05
8.45346645469686e-05
8.45346645469686e-05
8.45346645469685e-05
8.45346645469685e-05
8.45346645469684e-05
8.45346645469684e-05
8.45346645469685e-05
8.45346645469684e-05
8.45346645469684e-05
8.45346645469683e-05
8.45346645469683e-05
8.45346645469683e-05
8.45346645469686e-05
8.45346645469686e-05
8.45346645469687e-05
8.45346645469687e-05
8.45346645469687e-05
8.45346645469687e-05
8.45346645469687e-05
8.45346645469687e-05
8.45346645469687e-05
8.45346645469687e-05
8.45346645469687e-05
8.45346645469686e-05
8.45346645469686e-05
8.45346645469687e-05
8.45346645469687e-05
8.45346645469687e-05
8.45346645469688e-05
8.45346645469689e-05
8.45346645469689e-05
8.45346645469689e-05
8.45346645469689e-05
8.45346645469689e-05
8.45346645469689e-05
8.45346645469689e-05
8.45346645469689e-05
8.45346645469689e-05
8.4534664546969e-05
8.4534664546969e-05
8.4534664546969e-05
8.45346645469686e-05
8.45346645469687e-05
8.45346645469687e-05
8.45346645469686e-05
8.45346645469686e-05
8.45346645469686e-05
8.45346645469686e-05
8.45346645469687e-05
8.45346645469687e-05
8.45346645469688e-05
8.45346645469688e-05
8.45346645469688e-05
8.45346645469688e-05
8.45346645469688e-05
8.45346645469687e-05
8.45346645469687e-05
8.45346645469686e-05
8.45346645469686e-05
8.45346645469686e-05
8.45346645469686e-05
8.45346645469686e-05
8.45346645469686e-05
8.45346645469686e-05
8.45346645469685e-05
8.45346645469686e-05
8.45346645469686e-05
8.45346645469687e-05
8.45346645469687e-05
8.45346645469687e-05
8.45346645469687e-05
8.45346645469687e-05
8.45346645469688e-05
8.4534664546968e-05
8.4534664546968e-05
8.4534664546968e-05
8.4534664546968e-05
8.45346645469679e-05
8.4534664546968e-05
8.4534664546968e-05
8.45346645469679e-05
8.45346645469679e-05
8.45346645469678e-05
8.45346645469678e-05
8.45346645469677e-05
8.45346645469677e-05
8.45346645469677e-05
8.45346645469676e-05
8.45346645469676e-05
8.45346645469676e-05
8.45346645469675e-05
8.45346645469675e-05
8.45346645469676e-05
8.45346645469676e-05
8.45346645469677e-05
8.45346645469677e-05
8.45346645469677e-05
8.45346645469678e-05
8.45346645469678e-05
8.45346645469679e-05
8.45346645469679e-05
8.45346645469679e-05
8.45346645469679e-05
8.45346645469679e-05
8.45346645469679e-05
8.45346645469679e-05
8.45346645469678e-05
8.45346645469681e-05
8.45346645469682e-05
8.45346645469684e-05
8.45346645469687e-05
8.45346645469677e-05
8.45346645469675e-05
8.45346645469673e-05
8.45346645469681e-05
8.45346645469684e-05
8.45346645469686e-05
8.45346645469688e-05
8.45346645469691e-05
8.45346645469674e-05
8.45346645469675e-05
8.45346645469677e-05
8.45346645469678e-05
8.45346645469672e-05
8.4534664546967e-05
8.45346645469668e-05
8.4534664546968e-05
8.45346645469682e-05
8.45346645469684e-05
8.45346645469685e-05
8.45346645469687e-05
8.45346645469689e-05
8.4534664546969e-05
8.45346645469691e-05
8.45346645469692e-05
8.45346645469694e-05
8.45346645469695e-05
8.45346645469697e-05
8.4534664546968e-05
8.4534664546968e-05
8.45346645469682e-05
8.45346645469682e-05
8.45346645469683e-05
8.45346645469684e-05
8.45346645469684e-05
8.45346645469685e-05
8.45346645469686e-05
8.45346645469687e-05
8.45346645469687e-05
8.45346645469688e-05
8.45346645469689e-05
8.4534664546969e-05
8.45346645469691e-05
8.45346645469691e-05
8.45346645469692e-05
8.45346645469693e-05
8.45346645469694e-05
8.45346645469694e-05
8.45346645469694e-05
8.45346645469694e-05
8.45346645469695e-05
8.45346645469695e-05
8.45346645469695e-05
8.45346645469697e-05
8.45346645469697e-05
8.45346645469697e-05
8.45346645469698e-05
8.45346645469698e-05
8.45346645469698e-05
8.45346645469698e-05
8.45346645469698e-05
8.45346645469699e-05
8.453466454697e-05
8.453466454697e-05
8.45346645469699e-05
8.45346645469699e-05
8.453466454697e-05
8.453466454697e-05
8.45346645469701e-05
8.45346645469701e-05
8.45346645469701e-05
8.45346645469701e-05
8.45346645469701e-05
8.45346645469701e-05
8.45346645469701e-05
8.45346645469702e-05
8.45346645469701e-05
8.45346645469701e-05
8.45346645469667e-05
8.45346645469667e-05
8.45346645469667e-05
8.45346645469667e-05
8.45346645469667e-05
8.45346645469668e-05
8.45346645469668e-05
8.45346645469669e-05
8.45346645469669e-05
8.45346645469669e-05
8.45346645469669e-05
8.45346645469669e-05
8.4534664546967e-05
8.4534664546967e-05
8.45346645469668e-05
8.45346645469667e-05
8.45346645469666e-05
8.45346645469665e-05
8.45346645469664e-05
8.45346645469663e-05
8.45346645469663e-05
8.45346645469662e-05
8.45346645469661e-05
8.45346645469661e-05
8.4534664546966e-05
8.4534664546966e-05
8.45346645469659e-05
8.4534664546966e-05
8.4534664546966e-05
8.4534664546966e-05
8.4534664546966e-05
8.4534664546966e-05
8.4534664546967e-05
8.4534664546967e-05
8.4534664546967e-05
8.45346645469671e-05
8.45346645469671e-05
8.45346645469672e-05
8.45346645469672e-05
8.45346645469673e-05
8.45346645469674e-05
8.45346645469675e-05
8.45346645469676e-05
8.45346645469676e-05
8.45346645469676e-05
8.45346645469675e-05
8.45346645469675e-05
8.45346645469675e-05
8.45346645469675e-05
8.45346645469675e-05
8.4534664546967e-05
8.4534664546967e-05
8.4534664546967e-05
8.45346645469671e-05
8.45346645469672e-05
8.45346645469672e-05
8.45346645469673e-05
8.45346645469673e-05
8.45346645469673e-05
8.45346645469673e-05
8.45346645469673e-05
8.45346645469694e-05
8.45346645469696e-05
8.45346645469699e-05
8.45346645469702e-05
8.45346645469704e-05
8.45346645469705e-05
8.45346645469707e-05
8.45346645469708e-05
8.4534664546971e-05
8.45346645469712e-05
8.45346645469713e-05
8.45346645469693e-05
8.45346645469694e-05
8.45346645469695e-05
8.45346645469695e-05
8.45346645469696e-05
8.45346645469696e-05
8.45346645469697e-05
8.45346645469698e-05
8.45346645469699e-05
8.45346645469699e-05
8.453466454697e-05
8.453466454697e-05
8.453466454697e-05
8.45346645469714e-05
8.45346645469715e-05
8.45346645469716e-05
8.45346645469717e-05
8.45346645469718e-05
8.45346645469719e-05
8.45346645469719e-05
8.45346645469719e-05
8.45346645469719e-05
8.45346645469714e-05
8.45346645469714e-05
8.45346645469714e-05
8.45346645469715e-05
8.45346645469716e-05
8.45346645469716e-05
8.45346645469717e-05
8.45346645469717e-05
8.45346645469718e-05
8.45346645469718e-05
8.45346645469717e-05
8.45346645469718e-05
8.45346645469718e-05
8.45346645469718e-05
8.45346645469719e-05
8.45346645469721e-05
8.45346645469722e-05
8.45346645469723e-05
8.45346645469724e-05
8.45346645469725e-05
8.45346645469725e-05
8.45346645469725e-05
8.45346645469688e-05
8.45346645469689e-05
8.4534664546969e-05
8.45346645469691e-05
8.45346645469693e-05
8.45346645469694e-05
8.45346645469695e-05
8.45346645469696e-05
8.45346645469697e-05
8.45346645469698e-05
8.45346645469699e-05
8.45346645469699e-05
8.453466454697e-05
8.45346645469701e-05
8.45346645469702e-05
8.45346645469703e-05
8.45346645469688e-05
8.45346645469689e-05
8.45346645469691e-05
8.45346645469692e-05
8.45346645469694e-05
8.45346645469695e-05
8.45346645469697e-05
8.45346645469698e-05
8.45346645469699e-05
8.453466454697e-05
8.453466454697e-05
8.45346645469701e-05
8.45346645469702e-05
8.45346645469703e-05
8.45346645469704e-05
8.45346645469705e-05
8.45346645469706e-05
8.45346645469706e-05
8.45346645469707e-05
8.45346645469707e-05
8.45346645469707e-05
8.45346645469707e-05
8.45346645469707e-05
8.45346645469708e-05
8.45346645469709e-05
8.45346645469709e-05
8.45346645469709e-05
8.4534664546971e-05
8.4534664546971e-05
8.4534664546971e-05
8.45346645469704e-05
8.45346645469704e-05
8.45346645469704e-05
8.45346645469704e-05
8.45346645469703e-05
8.45346645469703e-05
8.45346645469703e-05
8.45346645469704e-05
8.45346645469704e-05
8.45346645469704e-05
8.45346645469704e-05
8.45346645469704e-05
8.45346645469704e-05
8.45346645469704e-05
8.45346645469703e-05
8.45346645469704e-05
8.45346645469704e-05
8.45346645469705e-05
8.45346645469706e-05
8.45346645469707e-05
8.45346645469708e-05
8.45346645469709e-05
8.45346645469709e-05
8.45346645469709e-05
8.4534664546971e-05
8.4534664546971e-05
8.4534664546971e-05
8.45346645469709e-05
8.45346645469703e-05
8.45346645469704e-05
8.45346645469704e-05
8.45346645469704e-05
8.45346645469705e-05
8.45346645469706e-05
8.45346645469707e-05
8.45346645469708e-05
8.45346645469709e-05
8.4534664546971e-05
8.45346645469711e-05
8.45346645469711e-05
8.45346645469711e-05
8.45346645469712e-05
8.45346645469713e-05
8.45346645469714e-05
8.45346645469715e-05
8.45346645469716e-05
8.45346645469717e-05
8.45346645469718e-05
8.45346645469719e-05
8.45346645469719e-05
8.4534664546972e-05
8.45346645469721e-05
8.45346645469721e-05
8.45346645469722e-05
8.45346645469723e-05
8.45346645469724e-05
8.45346645469725e-05
8.45346645469726e-05
8.45346645469726e-05
8.45346645469709e-05
8.45346645469709e-05
8.45346645469709e-05
8.45346645469709e-05
8.45346645469709e-05
8.45346645469709e-05
8.45346645469709e-05
8.45346645469709e-05
8.45346645469709e-05
8.45346645469709e-05
8.45346645469709e-05
8.45346645469708e-05
8.45346645469708e-05
8.45346645469707e-05
8.45346645469706e-05
8.45346645469706e-05
8.45346645469705e-05
8.45346645469705e-05
8.45346645469705e-05
8.45346645469705e-05
8.45346645469705e-05
8.45346645469705e-05
8.45346645469704e-05
8.45346645469703e-05
8.45346645469702e-05
8.45346645469701e-05
8.45346645469709e-05
8.45346645469709e-05
8.45346645469709e-05
8.45346645469701e-05
8.453466454697e-05
8.453466454697e-05
8.453466454697e-05
8.453466454697e-05
8.45346645469699e-05
8.453466454697e-05
8.45346645469699e-05
8.45346645469699e-05
8.45346645469698e-05
8.45346645469699e-05
8.45346645469698e-05
8.45346645469698e-05
8.45346645469698e-05
8.45346645469699e-05
8.45346645469698e-05
8.45346645469698e-05
8.45346645469727e-05
8.45346645469729e-05
8.4534664546973e-05
8.45346645469731e-05
8.45346645469733e-05
8.45346645469735e-05
8.45346645469726e-05
8.45346645469726e-05
8.45346645469726e-05
8.45346645469726e-05
8.45346645469725e-05
8.45346645469725e-05
8.45346645469724e-05
8.45346645469724e-05
8.45346645469723e-05
8.45346645469723e-05
8.45346645469723e-05
8.45346645469722e-05
8.45346645469722e-05
8.45346645469721e-05
8.45346645469721e-05
8.45346645469721e-05
8.45346645469721e-05
8.45346645469737e-05
8.4534664546974e-05
8.45346645469742e-05
8.45346645469744e-05
8.45346645469745e-05
8.45346645469747e-05
8.45346645469747e-05
8.45346645469748e-05
8.45346645469749e-05
8.4534664546975e-05
8.45346645469751e-05
8.45346645469751e-05
8.45346645469751e-05
8.45346645469752e-05
8.45346645469752e-05
8.45346645469752e-05
8.45346645469752e-05
8.45346645469753e-05
8.45346645469753e-05
8.45346645469734e-05
8.45346645469733e-05
8.45346645469732e-05
8.45346645469731e-05
8.45346645469731e-05
8.45346645469731e-05
8.4534664546972e-05
8.4534664546972e-05
8.4534664546972e-05
8.4534664546972e-05
8.4534664546972e-05
8.4534664546972e-05
8.45346645469719e-05
8.45346645469721e-05
8.45346645469721e-05
8.45346645469721e-05
8.45346645469721e-05
