0.05
0.0375275873708285
0.0350167168990795
0.0309274993956424
0.0358639926273074
0.0335936021356377
0.0312047627676684
0.0374745700904338
0.0351404953736806
0.0313247888333252
0.0287822259324461
0.026753111853656
0.0251706584644601
0.0229329141626558
0.0199957694245686
0.0376531049273946
0.0343687673756235
0.0318939576497634
0.0316715726609564
0.0313504512019187
0.0310737083116172
0.0309313399381506
0.0307552876149916
0.0304063090179161
0.0295265856764999
0.0273342833496464
0.0240968803837724
0.0208223934781042
0.0177472641816606
0.0149314838803344
0.0123714976223183
0.00992423698221446
0.0373723108640704
0.0356897490538631
0.033479332644402
0.0316928035631015
0.0302089652848074
0.0290385923340677
0.0280740743181668
0.027064926707091
0.0287243148473618
0.0265255089648091
0.0238876491321249
0.0212139610245709
0.0179092928058196
0.0285111999837334
0.0263564888659817
0.0241618553849277
0.0164085447608225
0.0148006631160734
0.0132383510189431
0.011895962786932
0.0105946691299879
0.00935028136509668
0.00828508185362125
0.00728209992147949
0.00631328593867172
0.00546113214495185
0.00466887317117385
0.00394606973279231
0.00326742391693496
0.0026612853169993
0.00212399124602705
0.0016144229784993
0.00114782744362451
0.000698603498724559
0.000248446195203907
-0.000192875032034095
-0.000601063692188358
-0.000971285973169264
-0.00129782369180585
-0.00157783651053696
-0.00188857024765607
-0.00222451342158411
-0.00253225055441717
-0.00281256011651586
-0.0030476914300514
-0.00324706286238034
-0.00340706619176638
-0.00352553171239449
-0.0036038827317314
-0.00364413797630104
0.0165261698925836
0.0155056559810784
0.0144821092350479
0.013481145469349
0.0126280049414087
0.0119123049467597
0.0112654523423675
0.0108080663316601
0.0104603681021874
0.0102083042909384
0.0100772004666463
0.0229334671650877
0.0213725491707556
0.0193065968765125
0.0215841626002987
0.0183338877364744
0.014995516716136
0.0187229034480068
0.0180792771371851
0.0173658005244215
0.018016538787782
0.0160075828369714
0.0136696468483197
0.0120220453092321
0.0106043420889224
0.00911122542439603
0.00765733208822213
0.00652667376302306
0.00557619395159506
0.00467097179397284
0.00390845415483446
0.0032540177664362
0.00274043875943493
0.00237894402185545
0.00215216629284618
0.0020264882306327
0.016143560039516
0.0143558032695537
0.0121861109569819
0.010101215996977
0.008313518316086
0.00656455505493014
0.0164634847178435
0.0156157348554381
0.014736297782827
0.00575484827955878
0.00499734954562229
0.00438072509505775
0.00389829514396227
0.00352836828573833
0.00328896050876222
0.00317664480453273
0.00317596839997008
0.0032980561314124
0.00356609192175881
0.00399651038544469
0.00459535550375707
0.00537411976027633
0.00637154189965023
0.00763402152228216
0.00920430238877893
0.0111086874901703
0.013372806185131
0.0160613145362515
0.0190245266480256
0.0224215441440699
0.0259613079722097
0.0295381632120385
0.0332672984667094
0.0360106324943892
0.0393148253234537
0.0420435962063117
0.044405988392825
0.0462411307115022
0.0475075327421014
0.0483871227840096
0.0489452287182234
0.0492101195074336
0.0493699028941358
0.00572543807825136
0.00500800097535333
0.00441908031016022
0.00385976072342409
0.00339384288592422
0.00303733609835928
0.00279716523462205
0.00264164995986556
0.00258437918368989
0.0026203436678372
0.00274871914841523
0.00297281407352404
0.00329992049066803
0.00372676498373314
0.00424565979498056
0.0048924404287565
0.00563336045535609
0.00641855144664014
0.00723080108152583
0.0080493225895816
0.00880690580935442
0.00939909017700456
0.00973573792051462
0.0133593163396477
0.0120641645564529
0.0108900411706641
0.00985327849696115
0.00893874910011347
0.00812121605599783
0.00738524454604525
0.00675219239724323
0.00623079443375423
0.00581239079707815
0.00549538538789453
0.00528285047676448
0.00517297824758708
0.0134992690378731
0.0122730617022094
0.0111032747694715
0.010061358734637
0.00910277187530479
0.00823412352442086
0.00748465192936341
0.00680343485327093
0.00608068169925462
0.00533643414633685
0.00462816642164652
0.00400981154704899
0.00348396662103489
0.00302455883919405
0.00264990997315053
0.00235648748643735
0.00215018983672144
0.00201913207236924
0.00193641188391087
0.00188118979122349
0.00187324389196078
0.00191520577841538
0.00201910379689553
0.00216581377166589
0.00236267184523695
0.00262709004973097
0.00296700422012115
0.00337486125484659
0.00382510057490199
0.00429158923599973
0.00477827465173657
0.00529026471741687
0.00576348368839839
0.00623062968161051
0.0066872334406628
0.00701611255718378
0.00719857402434135
0.0135311236194238
0.01221020229051
0.0109977389793222
0.00977436464315762
0.00870617098556361
0.00755570445508155
0.00653499206474819
0.00565728219885961
0.00472991621067731
0.00387391805799146
0.003268954411321
0.00238033434889214
0.001801072999434
0.0010965497238214
0.000377318823790679
-0.000158488934312598
-0.00049865957038141
-0.000841216245105703
-0.00113050407143711
-0.00134270763692915
-0.00148885331957741
-0.00155896376010299
0.0137844564320839
0.0126129644285291
0.0114763002367179
0.0103806736127396
0.00937402776580607
0.00845152463022312
0.00759587609052765
0.00674327814088014
0.00602960530823219
0.00531029680819783
0.00458817333531826
0.00389364641996756
0.00292987828820259
0.00198276993443727
0.00113316596652285
0.000363350523668693
-0.000308607695480883
-0.000908699122592392
-0.00139989981084209
-0.00189611281373888
-0.0023352757011871
-0.00269371696574523
-0.0029758819123584
-0.00319148096649525
-0.00333160883295696
-0.00340617797929665
0.0305181768481136
0.0296833585780402
0.0285575001767446
0.0300612139439057
0.0289808637712909
0.0278061792716927
0.0280216925428569
0.0273349042815505
0.026408538269794
0.0277342418284856
0.0263535265002054
0.0243736518131269
0.0224434742672497
0.0207401926804515
0.0189844946028535
0.0171630978807685
0.0154326315549504
0.0139287999091226
0.0125195910280476
0.0112889611807473
0.0102207819695799
0.00921530290896422
0.00803765987579753
0.00672800702106971
0.00569963078913623
0.0045792959813234
0.00372962119748501
0.00290951151567038
0.00220864494195183
0.00150342882701187
0.000865472790062376
0.000308332976732875
-0.000211354130260586
-0.000690957648473875
-0.00112353683208893
-0.00151559400242809
-0.00183872451647848
-0.00211337326407937
-0.00237412104460494
-0.00256952169349089
-0.00270851829179509
-0.00280008694986226
-0.0028475837343016
0.0253539618194086
0.0238553428473782
0.02208358828936
0.0202271207473812
0.0184745371234424
0.0168318370153418
0.0153489920265729
0.0140255572837108
0.0129439214712474
0.0120769062369976
0.0114298642019781
0.0110049406471285
0.0107837326870024
0.0230182097242658
0.0200423258968955
0.0166193322339661
0.0151810805173272
0.01371106247409
0.0121828099526244
0.0152743061594453
0.0137753127579576
0.0120512997518433
0.01051710626995
0.00910345715146905
0.00776555366934403
0.00654012792421096
0.00542223885558802
0.00437917970024866
0.00343561639413665
0.00256484428709124
0.00175245553330633
0.0010084321824653
0.000307520930217318
-0.000337220631773009
-0.000930441241711928
-0.00146658871707444
-0.00196167765783846
-0.00239612612061382
-0.00277519315215491
-0.00311212701477452
-0.00344099933505701
-0.00373628204193266
-0.00397765712743952
-0.00415948337526246
-0.00427063933580875
-0.00433532939568854
0.0110018125536976
0.00970359967881279
0.00830599786076871
0.00693606060702634
0.00578332546006868
0.00471250195099357
0.00365144001787924
0.00274295511476303
0.00199372472992179
0.00120336603192166
0.000416345089430136
-0.000320863870204191
-0.000949437244284951
-0.00145654369756153
-0.00198683817534557
-0.00246968545847242
-0.00291382111869272
-0.00330043274557229
-0.003626253182754
-0.0038581306670139
-0.00404250976221425
-0.00421166712842245
-0.00433874929515695
-0.00439824453897312
0.0108651020128125
0.00959367292528185
0.0085232260224687
0.00749433482808366
0.00665542443211231
0.00583012312107058
0.00510346640638009
0.00457176059178246
0.00413004229872301
0.00374569874610654
0.00348004991960981
0.00332363489356042
0.0269986233494912
0.0258787114627658
0.0243772973710678
0.0224193189655806
0.0204562414391491
0.018753811200015
0.0170639846378696
0.0154338823462788
0.0139687644498149
0.0125674400846516
0.0112229127945047
0.0100179387726788
0.00897921129812501
0.00792386646936418
0.00685270782762612
0.0058962807706737
0.00509319554607925
0.00440525945504752
0.00382352615076262
0.00335896564061551
0.00302203007690153
0.00280082053730235
0.00267230290348579
0.0271528154727893
0.0262979912881863
0.0251571437185586
0.0235983545877306
0.0217408584543751
0.0198330786151735
0.0179785110202571
0.0161850594732282
0.0144855635245941
0.0128926279602575
0.0114027075787353
0.0100584662421709
0.00876067979813958
0.00750721203910084
0.0063702157670445
0.00534565319488372
0.00440407174305693
0.00352662981170277
0.00271012654971852
0.00196432706800114
0.00127674846982813
0.000644533860384283
7.97884838160961e-05
-0.00044840014478921
-0.00102093345999182
-0.00159386025937545
-0.00211863242333828
-0.00259227004752586
-0.00299843861151283
-0.00334372215550571
-0.00363607120652767
-0.00386229390997803
-0.00404033038162704
-0.0041498440767482
-0.00421012787409947
0.0183534096771029
0.0163404418108066
0.0138089004194334
0.0198071765129158
0.0196537496198508
0.0195727550814272
0.0124192032081235
0.0110576125718073
0.00983637907159725
0.00877775263722975
0.00798239619238104
0.00731911779646245
0.0068196074693129
0.00649132133506608
0.0063270948873714
0.0114481840967677
0.00941067718835826
0.0075262283374858
0.0057136333384893
0.00488187679528803
0.00421065876110206
0.00358464661538363
0.00303240273752699
0.00256887149931197
0.00216128716139836
0.00181134280893381
0.00151248587896981
0.00125714031128521
0.00104120938001909
0.000858677888821777
0.000707912049215216
0.000588236762375155
0.000499230400831789
0.000436707493777121
0.0003924647270074
0.000366493370989237
0.000361109927002324
0.000374405306488671
0.000403899697143652
0.000444436332232584
0.000490566070375691
0.000537988649761593
0.000579789715182253
0.000610490289174541
0.000627465564439318
0.00494227943989526
0.00434517348521269
0.00390051323247919
0.00345537262041491
0.00324918950094201
0.00310182512924274
0.00884535015958017
0.00779761367224493
0.00678786163608479
0.00587906845187838
0.00512714086374348
0.00453471322092164
0.0040910926821717
0.0037810620767202
0.0035919234511428
0.00352647772294854
0.00358493391488961
0.00375441448797538
0.00404684217538548
0.00448620641306831
0.00506492671603717
0.00580092450246382
0.00671332066998053
0.00781674375390527
0.00912101872612147
0.0106268302348208
0.0123234703015479
0.0141891716211303
0.0161673968094129
0.0181594883147611
0.0200501185456569
0.0217200029009205
0.0230580946372671
0.0239813652485931
0.0244664329756068
0.00852093044340969
0.00740616681989565
0.00639778865172103
0.00552948152754936
0.00480513436527046
0.00425749196805889
0.00383247106101762
0.00347515558392238
0.00321674671441511
0.00307675205550043
0.00303459434580596
0.0030831139380467
0.00323917200620602
0.00353480148406539
0.00395163574396253
0.00447117080429631
0.00511907698798198
0.00590970738884302
0.00686322742753973
0.00803234882901895
0.00933777837676409
0.0110353026521088
0.0123808276403729
0.0139577626361904
0.0161575803647157
0.0184299106895849
0.0207512270105809
0.0230321192780205
0.0249182659880709
0.0264349449282521
0.0274790878700121
0.0280372442691303
0.0257852364411942
0.0239933197992392
0.0220207684019723
0.020096837599369
0.018094629149078
0.0266371322326699
0.0255985346388448
0.0240087584513694
0.0226059257795951
0.0210742964520023
0.0194130609252864
0.017989366184474
0.0165909808711881
0.0150772468681018
0.0134534313544698
0.0120840304064808
0.010802585109152
0.00961251345682564
0.00851133456959575
0.00751029027407064
0.00661308684666179
0.00579959055412609
0.00511861888909063
0.00431613627983435
0.00359779751556237
0.00303628423289874
0.00255620600901002
0.00215942490307743
0.00187136477023591
0.00169127601163276
0.00158975448704758
0.0164197172844499
0.0136960238625154
0.010244484347256
0.0170214874593612
0.0154700381876745
0.0136413590073081
0.0116952521918892
0.00849708208204625
0.00726944757528964
0.00636801227135742
0.00896522324463824
0.0078379278450766
0.00670546484982543
0.00582962266584791
0.00470181735394431
0.00609348534243654
0.00558143746647712
0.00494822549820494
0.0043549382990135
0.00538209827585042
0.00450022893197173
0.00362800420511751
0.00430101303736114
0.00433168888629107
0.00445758443336645
0.00464981946559773
0.00493142506151491
0.00530499422397615
0.0057440755273111
0.00630660253303475
0.00699967895643722
0.00783593699625938
0.00883264191659921
0.0101734516712315
0.00388599017944537
0.003453046504019
0.00305349720769461
0.00280131993395251
0.00253833506313232
0.00238498141098007
0.00226223556185593
0.00221226827458316
0.00223218904918428
0.00231328248372019
0.00246205382809853
0.00268501561159153
0.00296123308331235
0.00330083144245225
0.00377526780214582
0.00428717979388014
0.00491491061189634
0.00554746400811438
0.0062402094898886
0.00695644977154601
0.00761220229960993
0.00822561401905827
0.00874943348845837
0.00909185064443946
0.00927127586027695
0.00973431202036297
0.00950609266576626
0.0094435623920884
0.00947276221301034
0.00955604086623275
0.00963153995764772
0.00968228579833216
0.0120804986337611
0.0142306003860879
0.0167027629240976
0.0192847701797725
0.0220620960768914
0.0250324443394473
0.0280500069652438
0.0310502363907488
0.0339185668611337
0.0365790965943577
0.0391079785294169
0.0414146136917631
0.0433697216786712
0.0448817091904754
0.0459764767838069
0.0467710719104125
0.0472839027850786
0.0475308519312738
0.00337683745629382
0.00309910489718203
0.00278906122482393
0.00245471095162835
0.00212823951169918
0.00182926494924895
0.00155481501051262
0.00130298887676822
0.0010728467542736
0.000864298049875622
0.000677968803796355
0.000514907283060332
0.000376509699720194
0.000258576057009354
0.00308950537631317
0.00253167839248127
0.00196835102280457
0.00141106359928044
0.000922524747563519
0.000449157617358232
-3.77765683471276e-06
-0.000421137295764642
-0.000811257430346233
-0.00120756345081709
-0.00161373124533778
-0.0019902882053794
-0.00230487674721967
-0.00256383883521469
-0.002761101702601
-0.0029172862211384
-0.00301771551640558
-0.00307399854110296
0.000556016621166405
0.000885545632760844
0.00124216369197759
0.00169491072116736
0.00217832007641881
0.0026742358596471
0.00336313673268586
0.00430110109067872
0.00532331999376346
0.00632460878423505
0.00728663745749299
0.00823199341650042
0.00919377314338438
0.0101249575479974
0.0109392565967009
0.0115540247246052
0.0119825682802553
0.0122300998141891
-7.41237670278142e-05
-0.000367940956402873
-0.000627189503790148
-0.000858267600033326
-0.0010683203240669
-0.00126154567620132
-0.00143199608617823
-0.00156970381617973
-0.00167198186111925
-0.00173950754081619
-0.00177411081590793
0.00430867958990686
0.00391994299739335
0.00354485311654346
0.00323398520319293
0.00297717230769632
0.00275749216171884
0.00258290833994593
0.00244148019515656
0.00235233753234588
0.00232010185804812
0.0023538986430528
0.00381489272890235
0.00283156830456313
0.00198618741483608
0.00110123754089136
0.000403562525919152
-0.00035596672390143
-0.000974855355599469
-0.00149201675170044
-0.00196870283690123
-0.00223887431023681
-0.00249856282836829
-0.00266178342199157
-0.00274367009045088
0.00167777740453132
0.00112259484107088
0.000663984465729966
0.000236288301770198
-9.07306597841372e-05
-0.000356417241492247
-0.000538303712730821
-0.00067072016401355
-0.000746956033742732
0.0030295842430364
0.00378566311497355
0.00463286928288932
0.00558749618072668
0.00666904947224325
0.0078843916660704
0.0092438179593368
0.0107854330679385
0.0124830520293213
0.0143138812335211
0.0163503999958949
0.0184613981831767
0.0205976181476245
0.022761680586979
0.0249022246500697
0.0270454323822725
0.0291001846472085
0.0308980541773848
0.0322932277791705
0.0333799619823839
0.0341308824179384
0.0345080874787754
0.0108456503797335
0.00989764689508458
0.00893842177341365
0.00804562326157044
0.00722062977550166
0.00643612489128732
0.00562971491617347
0.00489550140355312
0.00439082058879552
0.00377777796058693
0.00310794179324294
0.00255404304136209
0.0020102865616075
0.0014631303907151
0.000967149533982191
0.000471939830431947
0.0108244216039568
0.00994495868716698
0.0091153381211172
0.00835429998875786
0.00764112640163846
0.00695991436899217
0.00629525067647486
0.00564834208805903
0.00505668453948063
0.00455209611954668
0.00414842417486119
0.0038368032887707
0.00357940740306136
0.00331568563908591
0.000331433112125545
0.00018492060377803
6.06181100716731e-05
-3.90431755024869e-05
-0.000128316455069855
-0.000196548930687125
-0.000249248016201436
-0.000293606581461708
-0.000317117268624793
-0.000327607142089595
-0.000326890141857069
-0.00031789531848968
-0.000304335580779406
-0.000290127921880046
-0.000278314549073813
-0.000271374312711734
4.74799232459122e-05
-0.000364870383979879
-0.000786667021931511
-0.00116144952079235
-0.00148405506953866
-0.00181321591977006
-0.0021021522729028
-0.00233954502631577
-0.00253462361188587
-0.00270229788593808
-0.00284940061851397
-0.0029732399526807
-0.0030658203064215
-0.00311704467881401
0.00319448220294954
0.00313342926928923
0.00312039938392941
0.00315625871442643
0.00324364246617166
0.00338630141857314
0.00357727847164924
0.00382610628294525
0.00415773508653993
0.00457393767253676
0.00505775836093403
0.00560936682310735
0.00626298121886595
0.0070740876113472
0.00320870309900694
0.0031447113009526
0.00313830551720126
0.00319315622650021
0.00333880947160425
0.00356792111396592
0.00385370771502846
0.00426334822711984
0.00479314113607362
0.00543966117699833
0.006227027006688
0.00708156995398849
0.00815087775678226
0.00942073928356024
0.0109116511044924
0.012546823441188
0.0143851952698637
0.0165373878595831
0.0188744330183525
0.0213556967027608
0.0239736781562473
0.0266897196403391
0.0294436972871337
0.0321451962490632
0.0347386230914324
0.0372396486356893
0.0395064859797978
0.0413635250273543
0.0427502741057093
0.0434055911042526
0.0429596002227788
0.00834800111153555
0.00987295379316901
0.0116966208279203
0.0138607144889876
0.0163652220559204
0.0189400760678502
0.0213062789932233
0.0237827446202773
0.0264300713924834
0.0289575322133389
0.0314407300629496
0.0337610443772281
0.0360287594553032
0.0383289349618321
0.0403492480827803
0.0420453342259025
0.0436324055763772
0.0449318489959361
0.0458037273428226
0.0462135556726089
0.0461540067917487
0.0454731682537368
0.0439002873396788
0.0411824231516523
0.0370899315792017
0.0316331487522347
0.00661978776200744
0.0062948995395891
0.00608271510317892
0.0271364303727989
0.0220003063566835
0.0169807439244859
0.0127172765710788
0.00929381257843448
0.00636745568260363
0.0276700391428299
0.0229929466158671
0.0201590432015603
0.0184196853645806
0.00480978919754363
0.0038026942147191
0.00321213318795002
0.00292481397180306
0.00515183051415874
0.0044358118499492
0.00411374182667469
0.0413886986393774
0.0378484194204201
0.0328527427057927
0.0269601467504629
0.0207272724759222
0.0149207893061675
0.0424094786996542
0.0402840885563029
0.0365851173976406
0.0317553904082617
0.0265568857832224
0.0220556012997151
0.0178480919106946
0.0145313039563274
0.0117841252684485
0.00954763808007236
0.00777477130110524
0.00630715799516252
0.00512972996409745
0.00414221194056848
0.00333390320572311
0.0026850219401557
0.00210598170415515
0.0121087985662299
0.0100905746603354
0.00834298043275167
0.00695736907327135
0.00574921292314855
0.00476224880942038
0.00395114721805533
0.00328585660556767
0.00273765002453481
0.0022947086410536
0.00192575638888794
0.00161837308459727
0.00136827510117018
0.00117142159459661
0.00102062131109464
0.000908031323441354
0.000828048722297962
0.000776989853399689
0.000751351315006108
0.012396597533311
0.0106008742393227
0.00916905077347839
0.0081886852498561
0.00758076391769026
0.00727533226891791
0.00174603055755784
0.00142884664547551
0.0011799856996209
0.00100284346128351
0.000872628121979261
0.000791356105235041
0.000750463806557929
0.00177009949155423
0.00150393067888892
0.00133024419808711
0.00124726803807913
