0.05
0.0368093512826538
0.0337273370611847
0.0285566933171968
0.0350896083294625
0.0326482387972072
0.0299405247641735
0.0367909780552605
0.0340663342130557
0.0292218857722255
0.0257241740866935
0.0228994958467285
0.0208008939867459
0.0180799040415443
0.0149394946834081
0.036965394039675
0.0322127437288148
0.0280649608327767
0.0274566991716169
0.0249272025376559
0.0223644424856543
0.0217443887843693
0.021409926783055
0.021073165492859
0.0205778100382112
0.0197486584722262
0.0188250256500677
0.0181118441369126
0.0176072797350315
0.0172690876820446
0.0170436072070885
0.0168618449210663
0.0366779981384207
0.0348437361031446
0.0323700835808217
0.0303064315295918
0.0285354048310131
0.0270993505997559
0.0258914964874278
0.0246184361810504
0.0255009525969879
0.0225898575986335
0.0193779740315675
0.0164652048511795
0.0132439428708952
0.0256275475882833
0.0231248329455654
0.0207358768354838
0.0122614685638179
0.0113672023226194
0.0106541437486223
0.0101826810561607
0.00988117732441166
0.00977510013609955
0.00986559059568417
0.0101474610861727
0.01065496982296
0.0113511134069557
0.012271467896254
0.0134067486352968
0.0147993282746333
0.0163746071422261
0.0180864652767671
0.0200350005365966
0.0221295540419387
0.0244268669384619
0.0269668039936029
0.0296335416532344
0.0322122778634567
0.0346154374018475
0.0367622975225905
0.0385981480540518
0.0405929588829523
0.0426478649059727
0.0443857193386862
0.0457979250356703
0.0468214618686037
0.04755235366777
0.0480374203184258
0.0483343321112188
0.0485002458579639
0.0485756073901578
0.0115335154273625
0.0103428276237547
0.00919573649714124
0.00810876982570884
0.00720264293082927
0.00645373514966782
0.00578410103540471
0.00531384029244715
0.00495793321263379
0.00470070062255643
0.00456714777317014
0.0192508979977571
0.017536008811199
0.0154519858639875
0.018775322265635
0.0169684362200516
0.0156938611706405
0.0149499026238366
0.0144129411637334
0.0138343543393088
0.013882274125614
0.0118199292401103
0.00981263691822968
0.0086489758199555
0.00782713491324484
0.00714156684307198
0.00665191531874427
0.00639723289059194
0.00627700682703995
0.00625083294335792
0.00629975217530677
0.00639676618102398
0.00651024448578015
0.00661130481952178
0.00668460354991314
0.00672895249484904
0.0141368665223477
0.0153236862055641
0.0175482276216303
0.0205790139014386
0.0239601038010562
0.0279488034633057
0.0129073332751119
0.0120690075753759
0.0112304893250636
0.0300353304381572
0.0324898107507716
0.0349662541730484
0.0373217383020067
0.0394822535496462
0.0411198412922342
0.0419860516667541
0.0419462554678894
0.0406238116204129
0.037505982131659
0.0326097453671337
0.0270097787805475
0.0218092083676681
0.0173723743425944
0.013720851106526
0.010763925291149
0.00838834750627737
0.00646347962342273
0.00485279682208187
0.00354052489210791
0.00237212701267664
0.00137357304213394
0.000499658867349528
-0.000322028755785334
-0.00089218115614999
-0.00155518398615966
-0.002103435430437
-0.00259954124099266
-0.00302368216425894
-0.00336107293092343
-0.00364167885111964
-0.0038610306603876
-0.00398495232397812
-0.00407215030853325
0.03012069093516
0.0324394863564247
0.0347541596879703
0.0373019894923074
0.039516040814883
0.0409406221654632
0.0411776611450573
0.0398102806248937
0.0364284618520933
0.031182832513947
0.0253297671504089
0.019901970293306
0.0153087034681315
0.0116415376179859
0.00876983080018376
0.00638801708081136
0.00451861270973017
0.00309977969958597
0.0020012875501617
0.00114134646444767
0.000498189298098703
7.14079820079678e-05
-0.000146756008476474
0.0094262640304468
0.00787399081055593
0.00657503559360631
0.00550835935214177
0.00462775427651519
0.00388743119783391
0.00325842135051453
0.00274547099386366
0.00234239363960094
0.00203164414960998
0.00180377588275164
0.0016546949902657
0.00157882504982445
0.0107132533084149
0.0104430717905504
0.0104361789656384
0.0106876755155879
0.0111931265576687
0.0119481634458459
0.0129122669645235
0.0141315144944198
0.0158522648696765
0.0181069069493729
0.0207360294537981
0.0234897264734828
0.0262441006681332
0.0290248880481166
0.0316184577461455
0.0339606631654762
0.0359245569004105
0.0374988415458961
0.0388688555165491
0.0404180186301205
0.0417592551412216
0.0422563457382875
0.0416765314592098
0.0397455616292203
0.0362613073460023
0.031165079096035
0.0253506757887506
0.0200350635869525
0.015802406899699
0.0125960317286318
0.010076038291869
0.008039724216569
0.00655454370283577
0.00536248619195401
0.00438442681499599
0.00376155616063835
0.00344177690923942
0.0154661854616818
0.0155384886452752
0.0158428994934477
0.0163970430760764
0.0171035283888077
0.0181233682586512
0.0192764403875905
0.0204784534907894
0.0219845100142054
0.023589289779251
0.0248365746326029
0.0268419850977361
0.0282541176654122
0.0300863291150129
0.0320793874409063
0.0336385598210358
0.0346595105414009
0.0357132910102067
0.0366221663238839
0.0372991302686837
0.0377703208627522
0.0379977004268122
0.0152381100806897
0.0150363125538657
0.0150725182419067
0.015343967641096
0.0158260586397619
0.0164917430370807
0.0173279828613906
0.0184015429127249
0.0195130871422974
0.02086691315362
0.0224809585599289
0.0242422430651659
0.0269187999637503
0.0297233610342117
0.0323578009512326
0.034826853239222
0.0370315451681168
0.03902663116242
0.040666254176252
0.0423146478332718
0.0437469424467003
0.0448796509917509
0.0457382287819541
0.0463686116550431
0.0467641497663444
0.0469693215362103
0.0293904962319637
0.0287598433397794
0.0279634197911185
0.0281120402119474
0.0262464887176322
0.0241493386439034
0.0277403770224349
0.0274740703561685
0.0271362610680385
0.0266689197804337
0.0245608787390433
0.0217537510491393
0.0193099186043235
0.0174074337600862
0.015666872862132
0.0140507085190138
0.0126692971388779
0.0115949480052948
0.0107156391817392
0.0100790064084677
0.00967167123984135
0.00946614199960034
0.00946796403525934
0.0097655794750105
0.0102867386320982
0.011272971721892
0.0124406464920119
0.0140520036975147
0.0159316954821489
0.0184162109936293
0.0212567161385512
0.0242157460372333
0.0273542522085454
0.0305301495739644
0.0335857199918936
0.0364840743631768
0.0389412841723604
0.0410558176273859
0.0430566221190508
0.0445224307128327
0.0455311257523016
0.0461732283988357
0.0464974401418202
0.0260661240105171
0.0246560963887529
0.0229646873091395
0.0211213041743888
0.0193158184103015
0.0175737021252161
0.0159656384127897
0.0145054201357081
0.0132962580833481
0.0123174210766408
0.0115815988612127
0.0110959556968716
0.0108423629744265
0.0266043491471319
0.0263169209885229
0.0261644958464571
0.0256527365522357
0.0252036974718169
0.0248226516733285
0.0272064717047319
0.0286833553872154
0.0306981155078096
0.0327512289647816
0.0348498185737542
0.0369673125940502
0.0389192265774077
0.0405684598441707
0.0418039200459498
0.042434040564045
0.0423210670563656
0.0412594440901732
0.0390753871133813
0.0356393995260323
0.0313191751335433
0.0267317784003591
0.0224943727415773
0.0187650705550512
0.0157530516628915
0.0133705093306745
0.0114581899020853
0.00976474221668222
0.00836555852096246
0.00729952183670308
0.00654028902876176
0.0060933675863
0.00583987177039155
0.0261679078966218
0.0280262004782976
0.0303914655650476
0.0329962880738895
0.035339589937854
0.0375662502947508
0.0396972581005083
0.041299067984727
0.0423132186290394
0.0428913982820622
0.0426613795307406
0.0412708681150344
0.0387179784433789
0.0355027650408211
0.0310529205545121
0.0263986147219915
0.0220062697399878
0.0183353294847044
0.0154420567440895
0.0135124132932124
0.0120640498413736
0.0108063626031333
0.0099023149388169
0.00949003192409555
0.0231710519814774
0.0217206182355198
0.0206380018554537
0.0197385061844533
0.0191180072508066
0.0186169940369195
0.0182721025109302
0.0180820486158848
0.0179716509686786
0.017911484970588
0.0178868296344796
0.0178793157629081
0.0227876095602585
0.0210851820296792
0.0190410306818716
0.0166405568545952
0.01444564322679
0.0126685755876622
0.0109916047153187
0.00943060569285734
0.0080594186431812
0.00676788529604342
0.00554257137978078
0.00445409406960296
0.00352271898409833
0.00258279424697233
0.00163451933244573
0.000792570937521072
8.92888631171366e-05
-0.000510258347610805
-0.00101500245587323
-0.001416510983438
-0.00170680689951606
-0.00189696348201439
-0.00200726125368584
0.0229845748143088
0.0216296822494652
0.0200629682629327
0.0182224264070972
0.0163374288881733
0.0146541250799334
0.0132154255952108
0.0119911429563473
0.0109814349786429
0.0101787174774479
0.00957267604966029
0.00916886603702346
0.00893549489930611
0.00889003118909165
0.00903910154395178
0.00936670787194899
0.00986846984617698
0.0105506913567455
0.0114165071467249
0.0124481854712708
0.0136481104729891
0.0150040167982243
0.0164626403401567
0.0180812248124211
0.0201130221982318
0.0223791036834113
0.0246422940595793
0.0268290668987352
0.0288031544623364
0.0305461124352998
0.0320638272813758
0.0332614965800846
0.034217165635417
0.0348098722648423
0.0351377749362676
0.0135877489065635
0.0120284355097569
0.0101587027311195
0.0143224715309986
0.0138445474869009
0.0136004608307478
0.00862816973066472
0.00716812803052628
0.00588312152242043
0.0047835586679491
0.00396411128387011
0.00328441128818749
0.00277436799470381
0.00243990731685882
0.00227279761930139
0.0090429342002826
0.00826756369425348
0.00776198659487885
0.00752339237125815
0.00889781077329104
0.0103776571116936
0.0121978332706618
0.0143219512527984
0.0166491102649054
0.0192710960995606
0.0220932140754369
0.0250293583050204
0.0280024099701903
0.0309137612765514
0.0337155314991327
0.0363205152195468
0.0386330539141051
0.0405490712637431
0.0420420972936362
0.0432104228919127
0.0439590539723956
0.0441012898373578
0.0435522459889941
0.0422203120958155
0.0401539894454825
0.0375559371628179
0.0347164705754247
0.0321547750484533
0.030274989850101
0.0292448471557233
0.00613359573882556
0.00507787667269989
0.00430445137790007
0.00354312393224319
0.00319411580358128
0.0029466537679366
0.0166985643013464
0.0164588285108342
0.0160901967170737
0.015566751994023
0.0148974536333382
0.0141010184623039
0.013207999433142
0.0122442101787677
0.0112103410723785
0.0101287516137773
0.00906928530768127
0.00806895446432095
0.00706640465550222
0.00605601299457385
0.00510075729191424
0.00419275070568371
0.00333320388105286
0.00252860147356054
0.0017843359879605
0.00110429518915288
0.000489724933893176
-6.12843241489228e-05
-0.000547541843944082
-0.000965735291525783
-0.00131484981674509
-0.00159445720064749
-0.00180355000016445
-0.00194157598595285
-0.00201230753046979
0.0168078517678357
0.0167042648426083
0.0165052216455601
0.0161812337239486
0.0157217918608305
0.0151832364147199
0.0145731532917236
0.0138186084672082
0.0129578453197441
0.0121060152499719
0.0112896990369215
0.0104324999836993
0.00948919962697545
0.00840087962817927
0.00731610824338417
0.00631048405342213
0.00535894151431841
0.00446457005703875
0.00362170445824954
0.0028092383974735
0.00209032618889437
0.00134939504315161
0.000868211521661578
0.000392454559617479
-0.000150133714021503
-0.000613302724668499
-0.00102720787574537
-0.0013946355343815
-0.00167739464304664
-0.0018941908388492
-0.00203920914929268
-0.00211553238283263
0.0231818161312411
0.0212353361075185
0.0191778860593017
0.0172573833784593
0.0153403876327489
0.0238747236022084
0.022070746098764
0.0194359348718862
0.0173021859236719
0.0152044976782303
0.0131583569254182
0.0115565005007256
0.0100933104816627
0.00859463226798823
0.00706257940693809
0.00582541577596125
0.00471158303993564
0.00371380851325679
0.00282211205156591
0.00203878650451302
0.00135997837298075
0.000765003232029185
0.000282998162122397
-0.000266607828706286
-0.00074336704612738
-0.00110609344389106
-0.00140893173639307
-0.00165397678419715
-0.00182886437204493
-0.00193690793143604
-0.0019973245595986
0.01385680191706
0.0115259727610237
0.00864459704484636
0.014274550369304
0.012832638820762
0.0112055318933235
0.0095293674145893
0.00723879943895225
0.00627858158027166
0.00559678718722187
0.007555500347938
0.00667067734996123
0.00585739833823474
0.00528719337154559
0.00463880802693724
0.00549925205250272
0.00547722106770116
0.00563164775393475
0.00600955503562869
0.0048237692674495
0.00418437237310713
0.00360613158359594
0.00665391200268332
0.00770303785485667
0.00920660864728989
0.0109312323357294
0.0131750030862811
0.0159834156449189
0.01914644277761
0.0229560037929643
0.0271559912427663
0.0314423091008653
0.0355825559847658
0.0399443732455906
0.00602842849419294
0.00623752890931459
0.00668235701577433
0.00717957500393949
0.00805107653547375
0.00892695623795299
0.0102455991567313
0.011881835043593
0.013586281624909
0.0155313898795445
0.0177727921471061
0.0202734230465732
0.022740803927994
0.0252518140575453
0.0282090901025195
0.0309338973817676
0.033788558618716
0.0362443002623546
0.0385522350337977
0.040597997967903
0.0422174722081393
0.0435405917151249
0.044539148521454
0.0451339104914392
0.0454277101856047
0.0417065683395566
0.0432493292838805
0.0445272388557063
0.0454215477511013
0.046190817917921
0.0466418199606038
0.0468844146761242
0.041998469925692
0.0436610117001259
0.044847663460394
0.0453692878128229
0.0451503916345924
0.0439061561564698
0.0412353316471007
0.0368233351497922
0.0312084896310064
0.025550497725797
0.0203770310888542
0.0160599286470323
0.0127046057277921
0.0102550324728202
0.00852561082846166
0.00727288648867005
0.00645471105687499
0.00605511661872774
0.00374202905660879
0.0039758522358266
0.00433727084153125
0.00484066692323428
0.0054509401747923
0.00613495158924077
0.00689735824155374
0.00774457440074065
0.00868436718877284
0.009725085632938
0.010874258996251
0.0121373519036329
0.0135144043959737
0.0150730195436424
0.00297097106186165
0.00233115103952727
0.00170086534634934
0.00109180771895498
0.000569999709448753
7.62182213352092e-05
-0.000384288954698545
-0.000797553786712651
-0.00117424858460534
-0.00154829112024485
-0.00192386345395147
-0.00226576430948268
-0.00254687098115093
-0.00277506330916304
-0.00294685617054121
-0.00308157179285747
-0.00316761123301321
-0.00321561092741799
0.0165220008521388
0.0180604276228456
0.0196610236810124
0.0215974535145041
0.0235334623570213
0.02537724778462
0.0277438098010436
0.0306877758705548
0.033578222543517
0.0361048035878022
0.0382660316386213
0.0401542288940858
0.0418531543126729
0.043300771861317
0.0444202485279845
0.0451824452588823
0.0456735317234361
0.0459417911224044
0.0156217430438077
0.0162325817122673
0.0168910752469203
0.0175900356755997
0.0183295665096298
0.0191032383630418
0.0198602440630577
0.0205233143045074
0.0210466869744499
0.0214072440501704
0.0215968765272354
0.00506326000520658
0.00567495243676778
0.00650764946237765
0.00747164255970179
0.00856427309694155
0.00985326711820919
0.0113041619187024
0.0130897917479042
0.0151119344853434
0.0173839930344285
0.0200233660573722
0.00357663298614772
0.00243745810491807
0.00148612698339741
0.000518133384006485
-0.000225490265157782
-0.00101474132346196
-0.00164261176872453
-0.00215664008757846
-0.00262150896806222
-0.0028814924714175
-0.00312862015730851
-0.00328263196808781
-0.00335949973687287
0.0207261840273574
0.0215746674368529
0.0224952738020639
0.0235714355820618
0.0245559069827912
0.0254753808562744
0.0261709411311028
0.0267157316201574
0.0270459934113124
0.0222873313526145
0.0247077742603567
0.0272368604250871
0.0298301111010004
0.0324414886436129
0.0349926361624847
0.037421869306828
0.0397110728649862
0.0417467740810194
0.0434647788032588
0.044891238120989
0.0459133332396078
0.0465244909263597
0.0467159308762135
0.04643570161331
0.0455741327352285
0.0439885056445602
0.0416755649077204
0.0390592914097565
0.0364174762855454
0.0342585384529462
0.0330719475406734
0.00884367375758364
0.00810677292287237
0.00738710102180937
0.00674079349776723
0.00616480339797274
0.00563722764824951
0.00511701036868777
0.00466452429739274
0.00436628465324073
0.00401971673870078
0.00366338997342285
0.00338946165045081
0.00314242606963508
0.00292038065612189
0.0027472910361228
0.00260627035957
0.00876329770508393
0.00801089194428921
0.00731923329429865
0.006700792361147
0.0061365346342407
0.00561327566626766
0.00512025425801519
0.00466108295457433
0.00426466297442874
0.00395142759116111
0.00372498633142977
0.00357230364519579
0.0034685368872088
0.00339562611833461
0.00283714528545667
0.0031780903757395
0.00357965223090066
0.00401812057111683
0.00455412144151198
0.0051199282151194
0.00573200284394408
0.00652027788360972
0.00725114624359659
0.00801447157015724
0.00874589413382759
0.00945658956054916
0.0100836774627027
0.0105899563307396
0.0109540567148081
0.0111518076133851
0.00230364246443217
0.00203668635400326
0.00179229576965289
0.00160173316616971
0.00146039636898478
0.00134103685284702
0.00125959149489326
0.00121138748055478
0.00118634955254684
0.00117680095386093
0.00117854735409087
0.00118794252283138
0.00119994025648117
0.00120845028811197
0.00343736211429732
0.00353244518425776
0.00368006383328333
0.00389321253192088
0.00416902327854535
0.004515056537719
0.0049148049404669
0.00538829701895464
0.00597629018476639
0.00667409465117513
0.00744989538419305
0.00830271250551558
0.00928131407174124
0.0104593220734152
0.00333330803166501
0.00332769251309583
0.00338627820639669
0.00352678841402382
0.00379912600817098
0.00417679530254653
0.00461514376359155
0.00521523932243518
0.00596742274520989
0.00686436153466136
0.00793722293610479
0.0090851436315701
0.0105037760295811
0.0121667360421233
0.0140898458962127
0.0161588725797734
0.0184281142450023
0.0209989895730252
0.0236763710564178
0.0263845375769876
0.0290908428695454
0.0317295118936995
0.034208109891098
0.0363947252867864
0.0381675642010989
0.0393991721079588
0.0397920356233656
0.0390180354599736
0.0365717435519494
0.0320170668394126
0.0254227220918648
0.0121314491739882
0.0141029564476091
0.0164155692244274
0.0190880476295469
0.022069739282752
0.0249986926502096
0.0275671675502135
0.0301357612416968
0.0327573393604809
0.0351476802383127
0.0373839388462147
0.0393518680554984
0.041122222959483
0.0427033556403876
0.0438408743847068
0.0445119610235417
0.0447222961606527
0.0442256848207427
0.0428300956787725
0.0404479243279265
0.0369807362530609
0.0323672998996176
0.0272986603240494
0.0225673368503749
0.0183239055396418
0.0144045291554818
0.00998150232477374
0.00964382648520541
0.00942559499161251
0.0117766576495071
0.00918319640312441
0.00674832910863689
0.00466808065521004
0.00296464602733546
0.00147915918647109
0.0120277747066305
0.00975412988689802
0.00847289142254759
0.00771005367294961
0.000664428965665235
0.000124918717032209
-0.000197277324176277
-0.000355906196954983
0.000866798557512883
0.00050119283861375
0.000335395969394451
0.0214562270352267
0.0176242751146155
0.0143320998622962
0.0113273569697119
0.00844459715521941
0.00577517504392196
0.0219231685057794
0.0186326033238659
0.0156035381699741
0.0129086453175167
0.010525630842022
0.00858628381669733
0.00676024769107268
0.00525779059799385
0.00394415844479842
0.00281234713420859
0.00186521420927404
0.00103999461003675
0.000345576656196518
-0.000263563416026784
-0.000783488414728806
-0.00121674137556981
-0.0016161513534359
0.00437349780180939
0.00332097756537182
0.00236666110260246
0.00157489244374523
0.000852774306487027
0.000235977996437369
-0.000293316324801675
-0.000746133589834737
-0.00113494202961383
-0.00146185811364489
-0.00174494429276283
-0.0019899807586734
-0.0021968538304869
-0.00236536719255911
-0.00249844917946756
-0.00260041708308719
-0.00267437895824712
-0.002722323944079
-0.0027466337415825
0.00468433717747197
0.00388754822980459
0.00323613375874826
0.00278093048155586
0.00249457620241553
0.00234941934989237
-0.00188365449217992
-0.00212990672610809
-0.00233105276123272
-0.00247933343096832
-0.00259161821053186
-0.00266329697248743
-0.00269989333506727
-0.00183969300472525
-0.00202118949441042
-0.00214180877239912
-0.00220009191392891
