0.05
0.037849318416184
0.0366879057434807
0.0353707653441688
0.0360500690260143
0.0338258952861242
0.0317923717680724
0.0376650471136314
0.0354974278419754
0.0323357300165662
0.0308615526906273
0.0303238467787439
0.0303092619876146
0.0307870875154448
0.0319712444933013
0.0377743104128797
0.0311255432025451
0.0250960009601067
0.0242573797870187
0.0211065431509046
0.0181284202173276
0.0175102276255305
0.017279402952505
0.0172093641722693
0.0174379874188726
0.0184668004981944
0.020374724867575
0.022675208447996
0.025112494753809
0.0274007341511943
0.0292193968644949
0.0303412106266794
0.0375800809268212
0.0359922480346124
0.033984577766151
0.0324599575234378
0.0313066933151587
0.0305060239044365
0.0299554401064964
0.0294928580084382
0.034116836235848
0.0337553920674307
0.0340409059115331
0.0348220235545256
0.0361666882692316
0.035307785824894
0.0356092084692313
0.0361975163694339
0.0373245580035408
0.0385957758823807
0.0397417599305574
0.0405256469287692
0.0409455455946579
0.0408125455824164
0.0400419309185647
0.0385099909723836
0.036039677310661
0.0329527190068508
0.0293841466783665
0.0257381205461323
0.022188152593357
0.0190673539080872
0.0164212283738917
0.0140614728748592
0.0120522074331832
0.010260969636524
0.00859859557658502
0.00708571353655632
0.00578402657725205
0.00468587712126515
0.00378628554531152
0.00306804228884393
0.00232442017434011
0.0015703787802406
0.000915962070316212
0.000346812145192316
-0.00011291526845145
-0.000491270649008453
-0.000788031069698571
-0.00100410894540621
-0.00114539360141342
-0.00121748243383913
0.0362261434138523
0.0363464436005486
0.0365433797700673
0.0368194730237755
0.0371253036725671
0.0374350333986149
0.0377592713105653
0.0380134875362893
0.038221133862617
0.0383798000228973
0.0384650655451768
0.0366886867718135
0.0374528885983218
0.0385634203028423
0.0370381269583106
0.0384017062131572
0.0396975809245978
0.0388730238742261
0.0392159808463809
0.0395957220825379
0.0393420653268561
0.0405877047246506
0.0419678863575416
0.0427805355079093
0.0432720936977179
0.0434625592811126
0.0431423104261213
0.0423426956405154
0.0410984284820166
0.0392124589079798
0.0369350637616308
0.034395332727133
0.0320124418881544
0.0301370911054605
0.02888128796985
0.0281596171495646
0.0394942008462623
0.0388681964474168
0.0370924184824641
0.0335522620834498
0.0286293788688341
0.022486357218155
0.0402146920800673
0.0407872721191027
0.0413683958756388
0.0194860065312024
0.0165025981738583
0.0139628465472297
0.0118436158147734
0.010008932351983
0.00849398918695787
0.0072838443962424
0.00625330829076223
0.00532882161158034
0.00450323699526493
0.00378161399333342
0.00315986553640929
0.00261826082788475
0.00212919996554182
0.00167673808754401
0.00125217659858015
0.000850766296400437
0.000465277153421198
8.16716210972592e-05
-0.000288498121564966
-0.000676961332130526
-0.00106496811787402
-0.00145611778232622
-0.00187510298541375
-0.00219706886504763
-0.00260717769276908
-0.00297503923636719
-0.00333038407221406
-0.00365035132047953
-0.00391473694980803
-0.00414086136748805
-0.00432128472394377
-0.00442444856875627
-0.00449767793948234
0.0192954800003914
0.0164065301701201
0.0139465605079791
0.0115065325792565
0.00933184573168515
0.0074625007025834
0.00593174570062044
0.00452157261096033
0.00331166878739529
0.00223887750554619
0.00129748299844935
0.000455708005831402
-0.000302288919055944
-0.000969463989393185
-0.00154911328172909
-0.00208242782088369
-0.0025445025955404
-0.00292737365972128
-0.00324720563164652
-0.00351460387242049
-0.0037259155117838
-0.00387216904372686
-0.00394900069846372
0.0425459775272605
0.0435587086896938
0.0443891320462037
0.0450404623892724
0.0455379147209343
0.0459086445038025
0.0461704211529039
0.0463304607391343
0.0464088506105636
0.0464310295123056
0.0464201808028142
0.0463979320526784
0.0463811929690255
0.0418228024069148
0.0420643909767937
0.0419888371431416
0.0415116265997611
0.0405468095428429
0.0390333963497232
0.0370398422915166
0.0345357380827004
0.0311790089514121
0.0272020884773023
0.0231740554566204
0.0196051690317978
0.0165869547349806
0.0139619990706876
0.0117960600420407
0.0100270360799842
0.00865847012002539
0.00761419028992195
0.00670469694306868
0.00558824240104939
0.00434806401559804
0.00332485665233045
0.0022840008213765
0.00142593075620382
0.000647191456789101
-9.44258769967472e-05
-0.000782526136767339
-0.00138907506815751
-0.00189499197792303
-0.00230578858295866
-0.00265231178649714
-0.00295231922465385
-0.00318538577440867
-0.00338331224147287
-0.00355383674575832
-0.00366629982497771
-0.00372533842371143
0.040006981389632
0.039963234956766
0.039569731809828
0.038729374825741
0.0375326611034605
0.0356642505196132
0.0334608489726923
0.0311667517340749
0.0284035321682499
0.0256759305599204
0.0237210351120538
0.0208747548226703
0.0190826750956726
0.0169980412701549
0.0149943936805041
0.0135860816364165
0.0127289814067224
0.0118969634543391
0.0112179546720979
0.0107331977691985
0.0104060059904654
0.0102509079755013
0.0401396639859365
0.0403076226838482
0.0401595472230347
0.0396369234672928
0.0387259687222078
0.0374397305276214
0.0357998376331684
0.0337127792874558
0.0316442423161822
0.029313652062675
0.0268387515895865
0.0244528567252023
0.0212392430413357
0.0182579715417705
0.0157728171490253
0.0136917764012696
0.0120045614985503
0.010593942736649
0.00950295387108037
0.00845945713141425
0.00758289294392287
0.00689737125482926
0.00637422636283787
0.00598370053330445
0.00573396085318745
0.00560241176630448
0.0313959486724947
0.0310269817740978
0.0306762644105683
0.0306994420553726
0.0298822856161481
0.0292942228357213
0.0306429486643189
0.0306392441975485
0.0306755836378947
0.0301045220081492
0.0298567448260185
0.0301483259129214
0.0308370251715128
0.0317141829541764
0.0328603577476446
0.0342857128883035
0.0358407716645424
0.0373253446173263
0.0387829841012876
0.0400281998291113
0.0409666274611733
0.0415378547194864
0.0415708586097616
0.0404938469234046
0.0382610201677338
0.0337799885879295
0.0290360194302371
0.0238406093645846
0.0194113229345961
0.0152434281297996
0.0118366698738908
0.00916939784998607
0.00694074586674178
0.00509605078261519
0.00359422282142401
0.00235419140373439
0.00140882009596915
0.000653961561769104
-2.51470716597432e-05
-0.000513904162137565
-0.000852225274032593
-0.00107114718309268
-0.00118349216696184
0.0293110430509151
0.0279668289822504
0.0269219364114756
0.0262825665858686
0.0260244793314465
0.0260577661009512
0.0263108439136685
0.026719353996046
0.0271846476587872
0.0276464116198103
0.0280440213146428
0.0283303574404339
0.0284877686708569
0.0322214338825196
0.0336966393430805
0.0352119456076309
0.035705929032922
0.0360044674745287
0.0360706269758778
0.0355937147900687
0.0353499795851883
0.0341927154587245
0.0322215334018276
0.0295088233552656
0.0262436357528434
0.0228898082226568
0.0197394898862776
0.0168623230421242
0.0143816129012731
0.0122227525420459
0.0103300246533912
0.00869977533964074
0.00725237080711641
0.0059939993313745
0.00489583544957692
0.00395060223556658
0.00311616416634837
0.00241384649493367
0.00182458147663758
0.00131939840459816
0.000841741164963332
0.000423693949964168
8.89367096615333e-05
-0.000159274245722075
-0.000309438229379383
-0.000396223092463689
0.0349696670848727
0.0328980220931595
0.0297704417749657
0.0260423814880667
0.0226489519628575
0.019468814800182
0.0164267102075176
0.0139702633255307
0.012062898033119
0.0101722075837517
0.00841137746112048
0.00686782584550572
0.00562804830699274
0.00467620700488146
0.0037258506330984
0.00289803459643956
0.00216660869132447
0.0015519947560635
0.00104911310965559
0.000699065722086162
0.000425512967313247
0.000178346075112229
-5.19455108051526e-06
-9.05443112084402e-05
0.0366382611075161
0.0365911002850215
0.0360163756117192
0.0349200899846996
0.0335887124661631
0.0318646281948751
0.0300112896092616
0.0284704682568983
0.0270756778587609
0.0257935104301357
0.0248821788948788
0.0243374447273433
0.0290203378068533
0.0290385659065168
0.0293753603290917
0.0300726459391625
0.0309738533200173
0.031916586122523
0.033018315952776
0.034252666730497
0.0355129008415019
0.0368552309054008
0.0382693156090445
0.0396376470736441
0.0408852590764331
0.0421977875757535
0.0435420271466251
0.044721841316509
0.0456743093937038
0.0464457183617571
0.0470546508962762
0.0475059121248248
0.047811035664251
0.0480003002069246
0.0481056389583943
0.0292138919809935
0.029457275746524
0.0300593469692618
0.0310948802173468
0.0324723634434302
0.0339741479845359
0.0354848842238767
0.0369612443527862
0.0383235575639753
0.0394903056548892
0.0403757650898576
0.0408677834038533
0.0408938564471849
0.0402705822956148
0.0388940879980873
0.0367691766956602
0.0339621836265203
0.0306515103009887
0.0271398892086793
0.0237745031161497
0.0206996244453152
0.017995150793919
0.0157320496815331
0.0137770458000272
0.0118296996710457
0.0100215440603753
0.00847754964570433
0.00717146783827546
0.00611357128743196
0.00525699070763884
0.00456105794028486
0.00404002077078535
0.00364058449191199
0.00339923741691979
0.0032679062683015
0.0333014999789319
0.0349671018646386
0.0369798894551477
0.0312029209718243
0.0305358794215545
0.0301720361360538
0.0390383564762503
0.0409087708108987
0.0425041463895488
0.0438345509428155
0.0447997659767854
0.0455768613586535
0.0461417565640042
0.0465018277533281
0.0466782086872695
0.0375259602568281
0.0369996407621217
0.0350064867447411
0.0312953752090346
0.0279731237561173
0.0246774653676379
0.0212394009632272
0.0180339434990491
0.0152768046442906
0.0128195245412617
0.0106827333069836
0.00882618278585956
0.00720003712547939
0.00577605225084871
0.00451350147439835
0.00340075667335481
0.00243418687190138
0.00161645427789749
0.000924101183500396
0.000272411461725161
-0.000355788321460141
-0.000904236079707895
-0.00138572773779914
-0.00179959644490573
-0.00214038353461824
-0.00241583750197187
-0.00263702688748879
-0.00280041162560192
-0.00290703882953278
-0.00296195919893005
0.0303176796110675
0.028997699781012
0.0277040062726796
0.0261335881660879
0.0253399460167935
0.0247404681845767
0.0307667420185332
0.0301436696476677
0.028320864313341
0.0255338036445429
0.0223380432352478
0.0191786358239044
0.0162925343175895
0.0137315543504224
0.0114322681585262
0.00937951969099728
0.00762399054953984
0.00614269643265654
0.0047942134724012
0.00354627102184473
0.00244968273129901
0.0014693749212131
0.000587870216963837
-0.000202949599343724
-0.000909623871868189
-0.00153775302671296
-0.00209325374537005
-0.00258301822914116
-0.00300972303428635
-0.00337318928834111
-0.00367448042081238
-0.00391456456561104
-0.00409347328853611
-0.00421130747684519
-0.00427161357040104
0.0301524725502408
0.0290914076062573
0.0271961942954576
0.0247200403115556
0.0220012565500575
0.0195163760672526
0.0172619178379009
0.0150025891571367
0.0128934158772565
0.011136478675245
0.00967687958556804
0.00833027562292966
0.00701146870715215
0.00562855813771449
0.00435250330221085
0.00324408698427999
0.00225312642938499
0.00136559753611509
0.000561813436429272
-0.00018789522778855
-0.000834290101508499
-0.00148653466272389
-0.00190444203412709
-0.0023137517120008
-0.00277649636794492
-0.00316923018177195
-0.00351920562192458
-0.00382947738523227
-0.00406816549308348
-0.00425119564522283
-0.00437366780449881
-0.00443814546043421
0.0288343387687078
0.027998530686596
0.0270596132813342
0.0260278868758097
0.0247609721434142
0.029577345583855
0.0301448310602064
0.0312494780193546
0.0323085278260354
0.0335024598317747
0.0348205290367756
0.035977727802967
0.037148381398162
0.0384497562503635
0.0398751095537301
0.0410835495852373
0.042193572728247
0.0431717874854335
0.0439901285426396
0.0446136092157062
0.0450221578897542
0.0452081470093305
0.0451661873840256
0.04481456194098
0.0441380798584299
0.043272075683633
0.0422028720453759
0.0410171944534564
0.0399468042108199
0.0391756281969387
0.0386992217031277
0.0232120446524885
0.0203957938907012
0.0166036781763115
0.0243049415683074
0.0232277137785584
0.0215662215997375
0.0194523449379387
0.0145808083815898
0.0131270974089939
0.0120389755546677
0.0152563265510139
0.0139728991002387
0.0126107370493903
0.0115152454057911
0.0100559599673776
0.0115399084472475
0.0104663096855168
0.00899392208351683
0.00745191529034143
0.0109289631381501
0.00990917373300703
0.00887782044060534
0.00667994296841009
0.00582433861676083
0.00493038782449659
0.00415985393193688
0.00338924007203079
0.00264234714396908
0.001972397447301
0.00130613508025858
0.000671690513270929
7.99802299954075e-05
-0.000470143273366068
-0.00105456306327003
0.00663433174499058
0.00580206457700389
0.00493518262343589
0.00430603523176145
0.00351966900895076
0.00292950855871391
0.00223997505250258
0.00157707981629487
0.00102328365350288
0.000499373850541671
-1.04531521789636e-05
-0.000499132619119659
-0.000923347397434008
-0.00131369647518469
-0.00173918337571078
-0.00211122803817189
-0.00248608291115042
-0.00279964662326918
-0.00308903130661835
-0.00334377571054393
-0.00354672537410923
-0.0037154644179669
-0.00384615332156263
-0.00392603186701236
-0.00396623720402842
-0.00124372538476931
-0.00141305453802465
-0.00155609026224365
-0.00165904008802915
-0.00175085433350703
-0.00180667445405308
-0.00183755130203548
-0.00139747356724326
-0.00172229848276514
-0.00204168535209422
-0.00233661511415786
-0.00262707865176311
-0.00292032739177552
-0.0032095336004364
-0.00349483922747051
-0.00376951777028684
-0.00402858205298472
-0.00428120412724705
-0.00452055143403229
-0.00473470963892546
-0.00491225107555722
-0.00505123030063825
-0.00516054334585087
-0.00523651630548076
-0.00527508284464221
0.00838313570406051
0.00779694447634374
0.00709975315704693
0.00630497912649136
0.00549045846213581
0.00471045726039819
0.00396353610081431
0.00324878774415045
0.00256552256235838
0.00191302303069435
0.00129043559905044
0.000696376195636469
0.000129502547056473
-0.000438889103502831
0.00843646980758332
0.00798010884690727
0.00752038741084421
0.00706694705627645
0.00667078387400485
0.00628836884571582
0.00592401825685036
0.00558977493196877
0.00527864440730466
0.00496373021929575
0.00464198369786661
0.00434446458708772
0.00409642533453722
0.00389258580787635
0.00373751277634488
0.0036148536064695
0.00353603400963942
0.00349188052527865
-0.000819208846697962
-0.00116616066398905
-0.00148703573698813
-0.00183433381418326
-0.00214566418783905
-0.00241611277560768
-0.0027380671671922
-0.00311582373323412
-0.00347200576063122
-0.00377515625697065
-0.00403041309166906
-0.00425207575762773
-0.00445233548451419
-0.00462567426321187
-0.0047632313515607
-0.00485968316082907
-0.00492349908176661
-0.00495908406268255
-0.000695896622766039
-0.00092114939320461
-0.00111926636925083
-0.00129591369192167
-0.00145699200596975
-0.00160592718163904
-0.00173810773061372
-0.00184555543088487
-0.00192580355578097
-0.00197901867879647
-0.00200636840656654
0.00909278837694122
0.00804232878744315
0.0069224112209909
0.00589349692085504
0.00495061683365412
0.00404535533026761
0.00321378203402734
0.00237887586253486
0.00160485901032074
0.000878396882614423
0.000153269057769702
0.00932321013516477
0.00851064145162193
0.00781334349087771
0.00708552748402687
0.00651359585842811
0.00589303379180644
0.00538892102361439
0.00496867042598945
0.00458206375722418
0.00436320627885609
0.00415302612859753
0.00402100359662452
0.00395479195829837
-0.000147773608566814
-0.00040098616291555
-0.000615805295694649
-0.000822326217090778
-0.000985255047014677
-0.00112162642540432
-0.0012173434967046
-0.00128846753491899
-0.00133006338054029
-0.000293188750458737
-0.000713410262605829
-0.00110996662719267
-0.00148673892629771
-0.00184694968846237
-0.00218904746597303
-0.00251350969650494
-0.00282653310159811
-0.00312146718380049
-0.00339664713471611
-0.00366455578345058
-0.00391127303053491
-0.00413705020687122
-0.00434713089750279
-0.00454111795321026
-0.00472559686690791
-0.00489627110858883
-0.00504215040014497
-0.00515387913484624
-0.00524033147131919
-0.00529990839282325
-0.00532981760464487
0.0184206331824335
0.0171317531260548
0.0157252071343304
0.0143463782947463
0.0130269471158894
0.0117420985213087
0.0103990007509046
0.00916297345886116
0.00830892836504406
0.00726844889297994
0.00613039578492145
0.00519028617836872
0.00426927651229338
0.00334497427601536
0.00250932633839762
0.0016767694072433
0.0184399391987052
0.0172885442557651
0.0161061799391591
0.0149500967206395
0.0138103086581171
0.0126729652638991
0.0115161423551385
0.0103395195500416
0.00920785839874758
0.00818394503228365
0.00730654811304616
0.00657487495834579
0.00591505354001391
0.00515583544514801
0.0011359551594449
0.000520214877363603
-4.99233404546655e-05
-0.000548868697885488
-0.00104165445333766
-0.00146519948298513
-0.00184428117724057
-0.0022455099024478
-0.00255455812472099
-0.0028290614485867
-0.00305663925245827
-0.00325136693735831
-0.0034056904192979
-0.00352022317326792
-0.00359766340267679
-0.00363809893170502
0.00121221085985641
0.000772768192896215
0.000333525322744374
-4.90931160916058e-05
-0.000373206278162785
-0.000699362749108403
-0.000982505904864177
-0.00121336945124255
-0.00140217700732159
-0.00156401800191592
-0.00170582502020998
-0.00182518044252071
-0.00191443856616986
-0.00196384458482223
0.00464412876123138
0.00421248771182061
0.00382200519666889
0.00344574956035939
0.0030997804979332
0.0027790492550396
0.00249740707232328
0.00223890625522002
0.00199008255345181
0.0017623881853442
0.00156639277374491
0.00139812783292472
0.00124731901407237
0.00110682638413981
0.00490377109759462
0.00466028526296615
0.00446246933340329
0.0042729963203793
0.00406495202994999
0.0038851234915611
0.00375430770702959
0.00364517719270892
0.003567482755072
0.00352439856178757
0.00351501106354716
0.00353549510100774
0.00358687149338757
0.00366858348524123
0.00377949789371115
0.00391012287275171
0.00406193243566364
0.00424233676734884
0.00443992412563082
0.0046522088878899
0.004881235202778
0.00512808292427845
0.0053935279403657
0.00567679742104341
0.00598226222791303
0.00632850909436195
0.00672309231769125
0.00716951249454941
0.00771053402600458
0.00836924309850166
0.00923228900316454
0.00105115555018896
0.00100810067613942
0.000979156057804502
0.00096646737952566
0.000972506290150293
0.000996348172550706
0.00103161193982942
0.00108136328248956
0.00114925904909883
0.00122948646421934
0.00132514335765828
0.00143279974860588
0.00155974891141363
0.00171721770639926
0.00188804097791435
0.00206789225809729
0.00228896842480268
0.00255010064260871
0.00284179546683372
0.00315722201460501
0.00351175786493105
0.00393918735518815
0.00443899411743778
0.00499910047615367
0.00564087672652974
0.00641896989693596
0.00102188093927367
0.000960588201560943
0.000920188913083705
0.00803472923904982
0.0102692738849104
0.0131260442255582
0.0163500103477961
0.0197143679094537
0.0232250396014462
0.00585484191377759
0.00529804767803193
0.00497965740868028
0.00478880315260204
0.0258034765426005
0.0277836279075663
0.0290883419638744
0.0297688652352356
0.0243894723781089
0.0251583674735503
0.025528282847006
0.0102100156712641
0.011431947799109
0.01282964157689
0.0145015613174783
0.0165707393203609
0.0189494411353051
0.00939341660131047
0.00978388812685705
0.0104279755723548
0.0113405834503578
0.0125497627418469
0.0139491533414852
0.0157713667964791
0.0177978255647741
0.020119677610357
0.022677471267316
0.0253341671667694
0.0281346801280811
0.0309206359711102
0.0337532478882663
0.0364986145411576
0.0390232631533332
0.0415106835735995
0.0214805078483942
0.0237890502023171
0.0262806793327022
0.0286986581452286
0.0312415189147768
0.0337147601212835
0.0360944430904883
0.0383401696613663
0.0404277815339587
0.0422851369390931
0.04394464617737
0.0453854904858867
0.0465680389221867
0.0474765476383348
0.0481374314758658
0.0485977494125081
0.0489011782965365
0.0490823877149265
0.0491691796844068
0.0189564821101535
0.0190870877344259
0.0192979753986206
0.0195098722020969
0.0196738876200737
0.0197671929155154
0.043320656898208
0.0450266575961984
0.0463987608799769
0.0473610614693341
0.048039417073843
0.0484410325159327
0.0486344291150952
0.0428529260648485
0.0439936071923381
0.0447732213465661
0.0451546380245853
