3.52990616922985e-05
3.52990616922985e-05
3.52990616922985e-05
3.52990616922986e-05
3.52990616922986e-05
3.52990616922986e-05
3.52990616922986e-05
3.52990616922985e-05
3.52990616922986e-05
3.52990616922986e-05
3.52990616922987e-05
3.52990616922987e-05
3.52990616922987e-05
3.52990616922987e-05
3.52990616922988e-05
3.52990616922985e-05
3.52990616922985e-05
3.52990616922985e-05
3.52990616922984e-05
3.52990616922985e-05
3.52990616922985e-05
3.52990616922985e-05
3.52990616922985e-05
3.52990616922985e-05
3.52990616922985e-05
3.52990616922985e-05
3.52990616922986e-05
3.52990616922986e-05
3.52990616922987e-05
3.52990616922987e-05
3.52990616922987e-05
3.52990616922987e-05
3.52990616922985e-05
3.52990616922985e-05
3.52990616922985e-05
3.52990616922985e-05
3.52990616922985e-05
3.52990616922985e-05
3.52990616922985e-05
3.52990616922985e-05
3.52990616922986e-05
3.52990616922987e-05
3.52990616922987e-05
3.52990616922987e-05
3.52990616922988e-05
3.52990616922986e-05
3.52990616922986e-05
3.52990616922986e-05
3.52990616922988e-05
3.52990616922988e-05
3.52990616922989e-05
3.52990616922989e-05
3.52990616922989e-05
3.52990616922989e-05
3.52990616922989e-05
3.52990616922989e-05
3.52990616922989e-05
3.52990616922989e-05
3.52990616922989e-05
3.52990616922989e-05
3.52990616922989e-05
3.52990616922989e-05
3.52990616922989e-05
3.52990616922989e-05
3.52990616922989e-05
3.5299061692299e-05
3.5299061692299e-05
3.5299061692299e-05
3.5299061692299e-05
3.5299061692299e-05
3.52990616922989e-05
3.52990616922989e-05
3.52990616922989e-05
3.52990616922989e-05
3.52990616922989e-05
3.52990616922989e-05
3.52990616922989e-05
3.52990616922989e-05
3.52990616922989e-05
3.52990616922989e-05
3.52990616922989e-05
3.52990616922989e-05
3.52990616922989e-05
3.52990616922989e-05
3.52990616922989e-05
3.52990616922989e-05
3.5299061692299e-05
3.5299061692299e-05
3.5299061692299e-05
3.5299061692299e-05
3.5299061692299e-05
3.5299061692299e-05
3.5299061692299e-05
3.52990616922986e-05
3.52990616922987e-05
3.52990616922987e-05
3.52990616922986e-05
3.52990616922987e-05
3.52990616922987e-05
3.52990616922987e-05
3.52990616922988e-05
3.52990616922988e-05
3.52990616922987e-05
3.52990616922988e-05
3.52990616922988e-05
3.52990616922988e-05
3.52990616922988e-05
3.52990616922988e-05
3.52990616922988e-05
3.52990616922988e-05
3.52990616922988e-05
3.52990616922988e-05
3.52990616922989e-05
3.52990616922989e-05
3.52990616922989e-05
3.52990616922989e-05
3.52990616922989e-05
3.52990616922989e-05
3.52990616922988e-05
3.52990616922989e-05
3.52990616922989e-05
3.52990616922989e-05
3.5299061692299e-05
3.5299061692299e-05
3.52990616922988e-05
3.52990616922989e-05
3.52990616922989e-05
3.52990616922991e-05
3.52990616922991e-05
3.52990616922992e-05
3.52990616922992e-05
3.52990616922992e-05
3.52990616922993e-05
3.52990616922993e-05
3.52990616922993e-05
3.52990616922993e-05
3.52990616922992e-05
3.52990616922992e-05
3.52990616922992e-05
3.52990616922992e-05
3.52990616922992e-05
3.52990616922992e-05
3.52990616922991e-05
3.52990616922991e-05
3.52990616922991e-05
3.52990616922991e-05
3.52990616922991e-05
3.52990616922991e-05
3.52990616922991e-05
3.52990616922991e-05
3.52990616922991e-05
3.52990616922991e-05
3.52990616922992e-05
3.52990616922992e-05
3.52990616922992e-05
3.52990616922993e-05
3.52990616922993e-05
3.52990616922993e-05
3.52990616922993e-05
3.52990616922993e-05
3.52990616922993e-05
3.52990616922991e-05
3.52990616922991e-05
3.5299061692299e-05
3.52990616922991e-05
3.52990616922991e-05
3.52990616922991e-05
3.52990616922991e-05
3.52990616922991e-05
3.52990616922992e-05
3.52990616922992e-05
3.52990616922992e-05
3.52990616922992e-05
3.52990616922992e-05
3.52990616922992e-05
3.52990616922992e-05
3.52990616922992e-05
3.52990616922992e-05
3.52990616922992e-05
3.52990616922992e-05
3.52990616922992e-05
3.52990616922992e-05
3.52990616922992e-05
3.52990616922992e-05
3.52990616922989e-05
3.52990616922989e-05
3.52990616922989e-05
3.52990616922989e-05
3.52990616922989e-05
3.52990616922989e-05
3.5299061692299e-05
3.5299061692299e-05
3.5299061692299e-05
3.5299061692299e-05
3.5299061692299e-05
3.5299061692299e-05
3.5299061692299e-05
3.52990616922989e-05
3.5299061692299e-05
3.5299061692299e-05
3.52990616922991e-05
3.52990616922991e-05
3.52990616922991e-05
3.52990616922991e-05
3.52990616922991e-05
3.52990616922991e-05
3.52990616922991e-05
3.52990616922991e-05
3.52990616922991e-05
3.52990616922991e-05
3.5299061692299e-05
3.5299061692299e-05
3.5299061692299e-05
3.5299061692299e-05
3.5299061692299e-05
3.5299061692299e-05
3.5299061692299e-05
3.5299061692299e-05
3.5299061692299e-05
3.5299061692299e-05
3.5299061692299e-05
3.52990616922991e-05
3.52990616922991e-05
3.52990616922991e-05
3.52990616922991e-05
3.52990616922991e-05
3.52990616922991e-05
3.52990616922992e-05
3.52990616922992e-05
3.52990616922991e-05
3.52990616922992e-05
3.52990616922992e-05
3.52990616922991e-05
3.52990616922991e-05
3.52990616922987e-05
3.52990616922987e-05
3.52990616922987e-05
3.52990616922987e-05
3.52990616922987e-05
3.52990616922987e-05
3.52990616922987e-05
3.52990616922987e-05
3.52990616922987e-05
3.52990616922987e-05
3.52990616922988e-05
3.52990616922988e-05
3.52990616922988e-05
3.52990616922988e-05
3.52990616922989e-05
3.52990616922989e-05
3.52990616922989e-05
3.52990616922989e-05
3.52990616922989e-05
3.52990616922989e-05
3.52990616922988e-05
3.52990616922988e-05
3.52990616922988e-05
3.52990616922988e-05
3.52990616922988e-05
3.52990616922989e-05
3.52990616922988e-05
3.52990616922988e-05
3.52990616922988e-05
3.52990616922988e-05
3.52990616922988e-05
3.52990616922988e-05
3.52990616922988e-05
3.52990616922988e-05
3.52990616922988e-05
3.52990616922988e-05
3.52990616922988e-05
3.52990616922989e-05
3.52990616922989e-05
3.52990616922989e-05
3.52990616922989e-05
3.52990616922989e-05
3.52990616922989e-05
3.52990616922989e-05
3.52990616922988e-05
3.52990616922988e-05
3.52990616922988e-05
3.52990616922988e-05
3.52990616922986e-05
3.52990616922987e-05
3.52990616922987e-05
3.52990616922987e-05
3.52990616922987e-05
3.52990616922988e-05
3.52990616922987e-05
3.52990616922987e-05
3.52990616922987e-05
3.52990616922987e-05
3.52990616922987e-05
3.52990616922987e-05
3.52990616922988e-05
3.52990616922988e-05
3.52990616922988e-05
3.52990616922988e-05
3.52990616922989e-05
3.52990616922989e-05
3.52990616922989e-05
3.52990616922989e-05
3.52990616922989e-05
3.5299061692299e-05
3.5299061692299e-05
3.5299061692299e-05
3.52990616922991e-05
3.52990616922991e-05
3.52990616922992e-05
3.52990616922992e-05
3.52990616922992e-05
3.52990616922992e-05
3.52990616922992e-05
3.52990616922992e-05
3.52990616922992e-05
3.52990616922993e-05
3.52990616922993e-05
3.52990616922992e-05
3.52990616922992e-05
3.52990616922992e-05
3.52990616922992e-05
3.52990616922992e-05
3.52990616922992e-05
3.52990616922992e-05
3.52990616922992e-05
3.52990616922987e-05
3.52990616922987e-05
3.52990616922988e-05
3.52990616922988e-05
3.52990616922988e-05
3.52990616922988e-05
3.52990616922988e-05
3.52990616922988e-05
3.52990616922988e-05
3.52990616922988e-05
3.52990616922988e-05
3.52990616922988e-05
3.52990616922988e-05
3.52990616922987e-05
3.52990616922988e-05
3.52990616922988e-05
3.52990616922988e-05
3.52990616922989e-05
3.52990616922989e-05
3.52990616922988e-05
3.52990616922987e-05
3.52990616922987e-05
3.52990616922987e-05
3.52990616922986e-05
3.52990616922986e-05
3.52990616922986e-05
3.52990616922986e-05
3.52990616922985e-05
3.52990616922985e-05
3.52990616922985e-05
3.52990616922986e-05
3.52990616922986e-05
3.52990616922986e-05
3.52990616922986e-05
3.52990616922986e-05
3.52990616922986e-05
3.52990616922986e-05
3.52990616922986e-05
3.52990616922986e-05
3.52990616922986e-05
3.52990616922986e-05
3.52990616922987e-05
3.52990616922987e-05
3.52990616922987e-05
3.52990616922987e-05
3.52990616922987e-05
3.52990616922989e-05
3.52990616922989e-05
3.52990616922989e-05
3.52990616922989e-05
3.5299061692299e-05
3.5299061692299e-05
3.52990616922991e-05
3.52990616922991e-05
3.52990616922991e-05
3.52990616922991e-05
3.52990616922991e-05
3.52990616922992e-05
3.52990616922992e-05
3.52990616922992e-05
3.52990616922992e-05
3.52990616922992e-05
3.52990616922993e-05
3.52990616922993e-05
3.52990616922993e-05
3.52990616922994e-05
3.52990616922994e-05
3.52990616922994e-05
3.52990616922994e-05
3.52990616922994e-05
3.52990616922989e-05
3.52990616922989e-05
3.52990616922989e-05
3.52990616922989e-05
3.5299061692299e-05
3.5299061692299e-05
3.5299061692299e-05
3.5299061692299e-05
3.5299061692299e-05
3.5299061692299e-05
3.5299061692299e-05
3.5299061692299e-05
3.52990616922988e-05
3.52990616922988e-05
3.52990616922988e-05
3.52990616922988e-05
3.52990616922989e-05
3.52990616922989e-05
3.52990616922989e-05
3.52990616922989e-05
3.52990616922989e-05
3.52990616922989e-05
3.52990616922989e-05
3.52990616922989e-05
3.52990616922989e-05
3.52990616922989e-05
3.52990616922989e-05
3.5299061692299e-05
3.5299061692299e-05
3.5299061692299e-05
3.5299061692299e-05
3.5299061692299e-05
3.5299061692299e-05
3.5299061692299e-05
3.5299061692299e-05
3.52990616922988e-05
3.52990616922988e-05
3.52990616922988e-05
3.52990616922988e-05
3.52990616922988e-05
3.52990616922989e-05
3.52990616922989e-05
3.52990616922989e-05
3.52990616922989e-05
3.52990616922989e-05
3.52990616922989e-05
3.52990616922989e-05
3.52990616922989e-05
3.52990616922989e-05
3.52990616922989e-05
3.52990616922989e-05
3.52990616922989e-05
3.52990616922989e-05
3.52990616922989e-05
3.52990616922989e-05
3.52990616922989e-05
3.52990616922989e-05
3.5299061692299e-05
3.5299061692299e-05
3.5299061692299e-05
3.5299061692299e-05
3.5299061692299e-05
3.5299061692299e-05
3.5299061692299e-05
3.5299061692299e-05
3.5299061692299e-05
3.5299061692299e-05
3.5299061692299e-05
3.5299061692299e-05
3.5299061692299e-05
3.52990616922988e-05
3.52990616922988e-05
3.52990616922988e-05
3.52990616922988e-05
3.52990616922988e-05
3.52990616922988e-05
3.52990616922987e-05
3.52990616922987e-05
3.52990616922987e-05
3.52990616922987e-05
3.52990616922987e-05
3.52990616922987e-05
3.52990616922987e-05
3.52990616922987e-05
3.52990616922986e-05
3.52990616922988e-05
3.52990616922987e-05
3.52990616922987e-05
3.52990616922987e-05
3.52990616922987e-05
3.52990616922987e-05
3.52990616922987e-05
3.52990616922987e-05
3.52990616922987e-05
3.52990616922987e-05
3.52990616922987e-05
3.52990616922987e-05
3.52990616922986e-05
3.52990616922986e-05
3.52990616922986e-05
3.52990616922986e-05
3.52990616922987e-05
3.52990616922987e-05
3.52990616922987e-05
3.52990616922987e-05
3.52990616922988e-05
3.52990616922988e-05
3.52990616922988e-05
3.52990616922988e-05
3.52990616922987e-05
3.52990616922987e-05
3.52990616922987e-05
3.52990616922987e-05
3.52990616922987e-05
3.52990616922987e-05
3.52990616922987e-05
3.52990616922987e-05
3.52990616922986e-05
3.52990616922986e-05
3.52990616922986e-05
3.52990616922986e-05
3.52990616922987e-05
3.52990616922987e-05
3.52990616922987e-05
3.52990616922987e-05
3.52990616922987e-05
3.52990616922987e-05
3.52990616922987e-05
3.52990616922987e-05
3.52990616922987e-05
3.52990616922987e-05
3.52990616922987e-05
3.52990616922987e-05
3.52990616922987e-05
3.52990616922987e-05
3.52990616922987e-05
3.52990616922987e-05
3.52990616922987e-05
3.52990616922988e-05
3.52990616922988e-05
3.52990616922988e-05
3.52990616922988e-05
3.52990616922988e-05
3.52990616922988e-05
3.52990616922988e-05
3.52990616922988e-05
3.52990616922988e-05
3.52990616922988e-05
3.52990616922988e-05
3.52990616922988e-05
3.52990616922987e-05
3.52990616922987e-05
3.52990616922987e-05
3.52990616922987e-05
3.52990616922987e-05
3.52990616922987e-05
3.52990616922987e-05
3.52990616922987e-05
3.52990616922987e-05
3.52990616922987e-05
3.52990616922987e-05
3.52990616922988e-05
3.52990616922987e-05
3.52990616922987e-05
3.52990616922987e-05
3.52990616922987e-05
3.52990616922987e-05
3.52990616922987e-05
3.52990616922987e-05
3.52990616922987e-05
3.52990616922987e-05
3.52990616922987e-05
3.52990616922987e-05
3.52990616922987e-05
3.52990616922987e-05
3.52990616922987e-05
3.52990616922987e-05
3.52990616922987e-05
3.52990616922987e-05
3.52990616922987e-05
3.52990616922988e-05
3.52990616922988e-05
3.52990616922985e-05
3.52990616922985e-05
3.52990616922985e-05
3.52990616922984e-05
3.52990616922984e-05
3.52990616922985e-05
3.52990616922985e-05
3.52990616922985e-05
3.52990616922984e-05
3.52990616922984e-05
3.52990616922984e-05
3.52990616922984e-05
3.52990616922984e-05
3.52990616922984e-05
3.52990616922984e-05
3.52990616922984e-05
3.52990616922984e-05
3.52990616922984e-05
3.52990616922984e-05
3.52990616922984e-05
3.52990616922984e-05
3.52990616922984e-05
3.52990616922984e-05
3.52990616922985e-05
3.52990616922985e-05
3.52990616922985e-05
3.52990616922985e-05
3.52990616922985e-05
3.52990616922986e-05
3.52990616922986e-05
3.52990616922986e-05
3.52990616922984e-05
3.52990616922984e-05
3.52990616922984e-05
3.52990616922985e-05
3.52990616922985e-05
3.52990616922986e-05
3.52990616922986e-05
3.52990616922984e-05
3.52990616922983e-05
3.52990616922983e-05
3.52990616922985e-05
3.52990616922986e-05
3.52990616922987e-05
3.52990616922987e-05
3.52990616922988e-05
3.52990616922983e-05
3.52990616922984e-05
3.52990616922984e-05
3.52990616922985e-05
3.52990616922983e-05
3.52990616922982e-05
3.52990616922981e-05
3.52990616922985e-05
3.52990616922986e-05
3.52990616922986e-05
3.52990616922987e-05
3.52990616922987e-05
3.52990616922988e-05
3.52990616922988e-05
3.52990616922988e-05
3.52990616922989e-05
3.52990616922989e-05
3.52990616922989e-05
3.5299061692299e-05
3.52990616922985e-05
3.52990616922985e-05
3.52990616922986e-05
3.52990616922986e-05
3.52990616922986e-05
3.52990616922986e-05
3.52990616922987e-05
3.52990616922987e-05
3.52990616922987e-05
3.52990616922987e-05
3.52990616922987e-05
3.52990616922988e-05
3.52990616922988e-05
3.52990616922988e-05
3.52990616922989e-05
3.52990616922989e-05
3.52990616922989e-05
3.52990616922989e-05
3.52990616922989e-05
3.5299061692299e-05
3.5299061692299e-05
3.5299061692299e-05
3.5299061692299e-05
3.5299061692299e-05
3.5299061692299e-05
3.5299061692299e-05
3.5299061692299e-05
3.5299061692299e-05
3.5299061692299e-05
3.5299061692299e-05
3.5299061692299e-05
3.5299061692299e-05
3.5299061692299e-05
3.5299061692299e-05
3.5299061692299e-05
3.5299061692299e-05
3.5299061692299e-05
3.5299061692299e-05
3.5299061692299e-05
3.5299061692299e-05
3.5299061692299e-05
3.5299061692299e-05
3.5299061692299e-05
3.5299061692299e-05
3.5299061692299e-05
3.5299061692299e-05
3.5299061692299e-05
3.5299061692299e-05
3.5299061692299e-05
3.5299061692299e-05
3.52990616922981e-05
3.52990616922981e-05
3.52990616922981e-05
3.52990616922981e-05
3.52990616922982e-05
3.52990616922982e-05
3.52990616922982e-05
3.52990616922982e-05
3.52990616922983e-05
3.52990616922983e-05
3.52990616922983e-05
3.52990616922983e-05
3.52990616922983e-05
3.52990616922983e-05
3.52990616922981e-05
3.52990616922981e-05
3.52990616922981e-05
3.52990616922981e-05
3.52990616922981e-05
3.5299061692298e-05
3.5299061692298e-05
3.5299061692298e-05
3.5299061692298e-05
3.5299061692298e-05
3.5299061692298e-05
3.5299061692298e-05
3.5299061692298e-05
3.5299061692298e-05
3.5299061692298e-05
3.5299061692298e-05
3.5299061692298e-05
3.5299061692298e-05
3.52990616922984e-05
3.52990616922984e-05
3.52990616922984e-05
3.52990616922984e-05
3.52990616922984e-05
3.52990616922984e-05
3.52990616922985e-05
3.52990616922985e-05
3.52990616922985e-05
3.52990616922986e-05
3.52990616922986e-05
3.52990616922986e-05
3.52990616922986e-05
3.52990616922986e-05
3.52990616922986e-05
3.52990616922986e-05
3.52990616922986e-05
3.52990616922986e-05
3.52990616922984e-05
3.52990616922984e-05
3.52990616922984e-05
3.52990616922984e-05
3.52990616922984e-05
3.52990616922984e-05
3.52990616922985e-05
3.52990616922985e-05
3.52990616922985e-05
3.52990616922985e-05
3.52990616922985e-05
3.52990616922989e-05
3.5299061692299e-05
3.5299061692299e-05
3.52990616922991e-05
3.52990616922991e-05
3.52990616922992e-05
3.52990616922992e-05
3.52990616922992e-05
3.52990616922993e-05
3.52990616922993e-05
3.52990616922993e-05
3.52990616922989e-05
3.52990616922989e-05
3.52990616922989e-05
3.5299061692299e-05
3.5299061692299e-05
3.5299061692299e-05
3.5299061692299e-05
3.5299061692299e-05
3.52990616922991e-05
3.52990616922991e-05
3.52990616922991e-05
3.52990616922991e-05
3.52990616922991e-05
3.52990616922994e-05
3.52990616922994e-05
3.52990616922994e-05
3.52990616922995e-05
3.52990616922995e-05
3.52990616922995e-05
3.52990616922995e-05
3.52990616922995e-05
3.52990616922995e-05
3.52990616922993e-05
3.52990616922993e-05
3.52990616922993e-05
3.52990616922993e-05
3.52990616922993e-05
3.52990616922993e-05
3.52990616922993e-05
3.52990616922993e-05
3.52990616922994e-05
3.52990616922993e-05
3.52990616922993e-05
3.52990616922993e-05
3.52990616922993e-05
3.52990616922993e-05
3.52990616922994e-05
3.52990616922994e-05
3.52990616922995e-05
3.52990616922995e-05
3.52990616922995e-05
3.52990616922996e-05
3.52990616922996e-05
3.52990616922996e-05
3.52990616922987e-05
3.52990616922987e-05
3.52990616922987e-05
3.52990616922988e-05
3.52990616922988e-05
3.52990616922988e-05
3.52990616922989e-05
3.52990616922989e-05
3.52990616922989e-05
3.52990616922989e-05
3.5299061692299e-05
3.5299061692299e-05
3.5299061692299e-05
3.5299061692299e-05
3.52990616922991e-05
3.52990616922991e-05
3.52990616922987e-05
3.52990616922987e-05
3.52990616922988e-05
3.52990616922988e-05
3.52990616922988e-05
3.52990616922989e-05
3.52990616922989e-05
3.52990616922989e-05
3.52990616922989e-05
3.5299061692299e-05
3.5299061692299e-05
3.5299061692299e-05
3.5299061692299e-05
3.5299061692299e-05
3.52990616922991e-05
3.52990616922992e-05
3.52990616922992e-05
3.52990616922992e-05
3.52990616922992e-05
3.52990616922992e-05
3.52990616922992e-05
3.52990616922992e-05
3.52990616922992e-05
3.52990616922992e-05
3.52990616922992e-05
3.52990616922992e-05
3.52990616922992e-05
3.52990616922992e-05
3.52990616922992e-05
3.52990616922992e-05
3.52990616922991e-05
3.52990616922991e-05
3.52990616922991e-05
3.52990616922991e-05
3.52990616922991e-05
3.5299061692299e-05
3.5299061692299e-05
3.52990616922991e-05
3.52990616922991e-05
3.52990616922991e-05
3.52990616922991e-05
3.52990616922991e-05
3.5299061692299e-05
3.5299061692299e-05
3.5299061692299e-05
3.5299061692299e-05
3.52990616922991e-05
3.52990616922991e-05
3.52990616922991e-05
3.52990616922991e-05
3.52990616922992e-05
3.52990616922992e-05
3.52990616922992e-05
3.52990616922992e-05
3.52990616922992e-05
3.52990616922992e-05
3.52990616922992e-05
3.52990616922992e-05
3.5299061692299e-05
3.5299061692299e-05
3.5299061692299e-05
3.5299061692299e-05
3.5299061692299e-05
3.52990616922991e-05
3.52990616922991e-05
3.52990616922991e-05
3.52990616922991e-05
3.52990616922992e-05
3.52990616922992e-05
3.52990616922991e-05
3.52990616922991e-05
3.52990616922991e-05
3.52990616922992e-05
3.52990616922992e-05
3.52990616922992e-05
3.52990616922992e-05
3.52990616922993e-05
3.52990616922993e-05
3.52990616922993e-05
3.52990616922993e-05
3.52990616922993e-05
3.52990616922993e-05
3.52990616922993e-05
3.52990616922994e-05
3.52990616922994e-05
3.52990616922994e-05
3.52990616922994e-05
3.52990616922994e-05
3.52990616922994e-05
3.52990616922992e-05
3.52990616922992e-05
3.52990616922992e-05
3.52990616922992e-05
3.52990616922992e-05
3.52990616922992e-05
3.52990616922992e-05
3.52990616922992e-05
3.52990616922992e-05
3.52990616922992e-05
3.52990616922992e-05
3.52990616922992e-05
3.52990616922991e-05
3.52990616922991e-05
3.52990616922991e-05
3.52990616922991e-05
3.52990616922991e-05
3.52990616922991e-05
3.52990616922991e-05
3.52990616922991e-05
3.52990616922991e-05
3.52990616922991e-05
3.5299061692299e-05
3.5299061692299e-05
3.5299061692299e-05
3.52990616922989e-05
3.52990616922992e-05
3.52990616922992e-05
3.52990616922992e-05
3.52990616922989e-05
3.52990616922989e-05
3.52990616922989e-05
3.52990616922989e-05
3.52990616922989e-05
3.52990616922989e-05
3.52990616922989e-05
3.52990616922988e-05
3.52990616922988e-05
3.52990616922988e-05
3.52990616922989e-05
3.52990616922989e-05
3.52990616922989e-05
3.52990616922989e-05
3.52990616922989e-05
3.52990616922989e-05
3.52990616922989e-05
3.52990616922994e-05
3.52990616922995e-05
3.52990616922995e-05
3.52990616922995e-05
3.52990616922996e-05
3.52990616922996e-05
3.52990616922994e-05
3.52990616922994e-05
3.52990616922994e-05
3.52990616922994e-05
3.52990616922994e-05
3.52990616922994e-05
3.52990616922994e-05
3.52990616922993e-05
3.52990616922993e-05
3.52990616922993e-05
3.52990616922993e-05
3.52990616922993e-05
3.52990616922993e-05
3.52990616922993e-05
3.52990616922993e-05
3.52990616922993e-05
3.52990616922993e-05
3.52990616922997e-05
3.52990616922997e-05
3.52990616922998e-05
3.52990616922999e-05
3.52990616922999e-05
3.52990616923e-05
3.52990616923e-05
3.52990616923e-05
3.52990616923e-05
3.52990616923e-05
3.52990616923001e-05
3.52990616923001e-05
3.52990616923001e-05
3.52990616923001e-05
3.52990616923001e-05
3.52990616923001e-05
3.52990616923001e-05
3.52990616923001e-05
3.52990616923001e-05
3.52990616922996e-05
3.52990616922995e-05
3.52990616922995e-05
3.52990616922995e-05
3.52990616922994e-05
3.52990616922994e-05
3.52990616922993e-05
3.52990616922992e-05
3.52990616922992e-05
3.52990616922992e-05
3.52990616922992e-05
3.52990616922992e-05
3.52990616922992e-05
3.52990616922993e-05
3.52990616922993e-05
3.52990616922993e-05
3.52990616922993e-05
