0.05
0.0370656483467512
0.0347393474329605
0.0311022985857364
0.0351903775630213
0.0326437689445201
0.0297813064630185
0.0369635289587249
0.0341619722977348
0.029182548317823
0.0255994537993411
0.0227208233721035
0.0205935248256527
0.0178517932334895
0.0147096134445989
0.0371381514431488
0.0320324284360907
0.0276625060795168
0.0271334545926088
0.0254988954916727
0.0240153454964884
0.0236819752607268
0.0235108173436625
0.0233371417116787
0.0230489575098644
0.0224224413546997
0.0214154757095063
0.0201630086612131
0.0186961318688392
0.0170792325703126
0.0153861254006505
0.0135924909459899
0.0368805472219768
0.035146412875569
0.0328701824404847
0.0310516223951341
0.0295840679939433
0.0284837660776436
0.0276488575565435
0.0268654539782556
0.0275789906989597
0.0242566011306226
0.0206336970547401
0.017412600469725
0.0139573413938385
0.0298031480398041
0.0289128884559422
0.0282651693691253
0.0133074920331523
0.0128800005200019
0.0127429839533542
0.01288509804127
0.0133116223831753
0.0140553840268476
0.0150177202305874
0.0162624225420199
0.0178437275526965
0.0195986617019736
0.0215800799712227
0.0237084704592122
0.0259976687351657
0.0282769806064224
0.030472644162826
0.0326944691906155
0.0348229207273326
0.0369133213383884
0.0389821852916458
0.040901868058465
0.0424854281924144
0.0436490595136783
0.0443281399482035
0.0445186332402776
0.0441622013268189
0.0429333201123513
0.0407517846389111
0.0375190307325457
0.0337218012788028
0.0297773629004884
0.0262628094294722
0.0235466247399461
0.0217278046468178
0.0207924345521464
0.0117453490288565
0.0102241887274591
0.00877485701223907
0.00741675702480513
0.00629602890742899
0.00537768545739313
0.00456280831413044
0.00399395082114746
0.00356535031195794
0.0032566556216454
0.00309674507731933
0.0275519300972666
0.0268453420934804
0.0261184599972423
0.0289553743190566
0.0304975274399849
0.0325510973881821
0.0259844949512759
0.0258558273152489
0.0257324341974658
0.0255344487415109
0.025107632699451
0.0251838664255546
0.0256667394424577
0.0264145508995009
0.0275476488797104
0.0289937891590096
0.0303544781560008
0.0316662607432417
0.0330648810767012
0.0343541729066687
0.0355397531001537
0.0365188283029777
0.0372331306207801
0.037692158905205
0.0379504730266168
0.0265314219090969
0.0284598028916961
0.0314507741449296
0.0347956981144204
0.0377707880452408
0.0403866854302896
0.0254473989963532
0.0252205274934142
0.0250259053636594
0.0413143473836627
0.0413616991319789
0.0402011324001384
0.0376318679860673
0.0335153095487513
0.0286207448793471
0.0240433315211538
0.0200064223517024
0.0165018357570474
0.0135877834895481
0.0112609405212131
0.00944087894758808
0.00800070761254053
0.00681639335275267
0.00581530797936759
0.00495301299465026
0.00419965366323889
0.00352585237295129
0.00289672882838954
0.00232249355647717
0.0017489516573461
0.00120092155724351
0.000669826799155438
0.000121709549613505
-0.000286443817681917
-0.000790846370789364
-0.00122943524333393
-0.00164099818687104
-0.00200163163168227
-0.00229262687158199
-0.00253644609928356
-0.00272761853757488
-0.00283569427946232
-0.00291170545865096
0.0412664346928114
0.0411693035724974
0.0398412889812126
0.0365597657749808
0.0315394736125751
0.0258464491563267
0.0207962591769847
0.0162389345371944
0.0125871248803962
0.00961088428896638
0.00721798850251826
0.005252888255964
0.00362029788923676
0.0022849472289537
0.00119703100381722
0.000251765495313239
-0.000527504967999354
-0.00114742472063483
-0.00164850970896565
-0.00205636400529622
-0.00237187893790908
-0.00258687130258596
-0.00269871097930905
0.0242389659448654
0.023747437075903
0.023517594373996
0.0234947642332899
0.0236227680465374
0.0238606823239385
0.0241789783124236
0.0245341548192856
0.0248845648762731
0.025204412853333
0.0254700752330279
0.0256596477436927
0.0257613872745612
0.0254707546385406
0.0262248341067095
0.0272488232763619
0.0284431564927947
0.0298043167746947
0.031278040305471
0.0327566192616454
0.0342805880237124
0.0360621646853398
0.0380007986912749
0.039849334438057
0.0413484553996189
0.0423804260069531
0.0428871260029754
0.0427475129548935
0.0418823846812002
0.0402842880025526
0.0380839174199727
0.0352093998298676
0.0306274263960687
0.0249480283102583
0.0202687328480613
0.0157880243495011
0.0124098855240314
0.00961879984956964
0.00721004349529251
0.00519005465062961
0.0035755073948102
0.00234249192282179
0.00141355974786973
0.000678192917414359
7.63641848676123e-05
-0.000369208635679582
-0.000732440767681721
-0.00103494349192012
-0.00122981563722262
-0.00133063130650719
0.033635239422802
0.0347922563979513
0.0359905183790578
0.0373176609888904
0.0385559861934825
0.0399488979447037
0.0412004256211238
0.0422527330963681
0.0432936073220074
0.0441343079628919
0.0446277404932308
0.0451436124634683
0.0452822311251616
0.0451543700635289
0.0445338836762836
0.0435741841089151
0.0426472932929679
0.0413685744577147
0.0399491322232598
0.0386732617027508
0.0376600200913006
0.0371330282659648
0.0333430485903229
0.0342730948879935
0.0353218523525512
0.0364616389290507
0.0376095159555699
0.0387294543228332
0.0398040097203695
0.0408777424822177
0.0417417039754877
0.0425326187313674
0.0431792843295806
0.0436074665947073
0.0438604671240689
0.0436128375319384
0.0427205373625603
0.0410334011251619
0.0385870023554083
0.0354589208241883
0.0322227498263336
0.0284080295512734
0.0247590700946579
0.0217326379221989
0.0193800715989339
0.0176213882581408
0.0165020829164301
0.015915562714038
0.0292149249789787
0.0285588775716774
0.0277150313874226
0.0277897208146653
0.0257510933028269
0.0234778241324997
0.0274412501379091
0.0271022677023258
0.0266558732391196
0.0264811337030771
0.0244230515218921
0.0216636059883709
0.0192647709580396
0.0174070093265061
0.0157185930426296
0.0141612695553018
0.0128372016374222
0.0118103903165175
0.010969515221658
0.010356486463204
0.00995546283964759
0.00973575090046967
0.0096908442250398
0.00989728265568825
0.0103078057836251
0.0111181992572172
0.0121021548345286
0.0134857019342147
0.0151297583827541
0.0173455134289571
0.0199353588482403
0.0226933150897282
0.0256780926571142
0.0287509646734115
0.0317490346179106
0.034629075910015
0.0371045947258299
0.0392700486654404
0.041363272557286
0.042935279466962
0.0440428649531081
0.0447621061062607
0.0451304237266643
0.0267388171490897
0.0268409796318178
0.0267500419506028
0.0263477347200748
0.0256647962940138
0.0247544227749565
0.0237106814010562
0.0226076368501476
0.0215952204373524
0.0207177298333384
0.0200283069996881
0.0195609014341891
0.0193131391128204
0.0246669242488186
0.0228402446920017
0.0205775333047727
0.019668466422042
0.0186909045059407
0.017632213060842
0.019446426739697
0.0180327903522245
0.0162839156504925
0.0146488098196732
0.0130881943529829
0.0115718984029495
0.0101549288578195
0.00884134015960078
0.00759905218399489
0.00646275945073752
0.00540501980519691
0.00441204383926735
0.00349936755227927
0.00263877015819592
0.00184847287067211
0.00112426203216178
0.00047361020019786
-0.000122803656390966
-0.000641789981423837
-0.00109054835138841
-0.00148584071972549
-0.00186849440704959
-0.00220974910814139
-0.00248719271161416
-0.00269532688871789
-0.00282221656749336
-0.00289592904550185
0.0164384119273785
0.0150338159295186
0.0134495191741252
0.0118464767383312
0.0104682241483435
0.00916714258773346
0.0078609071699947
0.00673189116582573
0.0057954917301005
0.0048045011820392
0.00381719172553032
0.00289486704656432
0.00211270389819782
0.00148590286182732
0.000835591355384764
0.000248827928260131
-0.000285870435825766
-0.000747198616357314
-0.00113297678021723
-0.0014058971470745
-0.00162190137059918
-0.00181926274186625
-0.00196706194202445
-0.00203612362419575
0.0169977441207788
0.0163388223726209
0.0157505774119445
0.0151578179823125
0.0146566798582227
0.0141491423187807
0.0136916118356203
0.0133510427878947
0.0130642903602029
0.0128122297437759
0.012636926661566
0.0125332924372757
0.0219982529035646
0.0202027383308101
0.0180976019016812
0.0156712394063627
0.0134843435411833
0.0117323126194253
0.0100926776816223
0.00857673550322676
0.00725213294942687
0.00600983171381451
0.00483568207552654
0.00379617987963819
0.00290937553515033
0.00201686234736874
0.00111852980711589
0.000322558597571847
-0.000341145554453784
-0.000906088185501338
-0.00138106512145691
-0.00175847019268191
-0.00203110084711946
-0.00220957512309622
-0.00231305158195887
0.0222639135906231
0.020916043873061
0.0194344538287558
0.0177900166986714
0.0162213866986946
0.0149481421906675
0.0140005892104149
0.013357017474763
0.0130165861734173
0.0129713093754399
0.0132139083179513
0.0137167425741563
0.0145101157747357
0.0156208828763863
0.0169748706396413
0.0185211838207843
0.020247763043184
0.0221423523123511
0.0241652997517484
0.0262357656198075
0.0283307220080443
0.0304093511378845
0.032387640790711
0.0343403912439172
0.0365434411636567
0.038790109425052
0.040849981610076
0.0426769259639767
0.0441879692841203
0.0454069286953032
0.0463733956576419
0.0470697051304447
0.0475800348744633
0.0478763112322544
0.0480328252068029
0.0133773910219991
0.0118474740659269
0.0100203601203188
0.0140718787137318
0.0135784902216717
0.0133266871240042
0.00846893899098951
0.0069904903203202
0.00569033588088266
0.00457852037360365
0.00375033216196705
0.00306363557433624
0.00254849177185615
0.00221075695500426
0.00204203289682382
0.00899707491296268
0.00831500505895222
0.0079105579379305
0.00778638535897497
0.00930089307694998
0.0109175926411045
0.0128921328358259
0.0151790994819344
0.0176615440485602
0.0204254956609123
0.0233571295089523
0.026358471089014
0.0293490148507215
0.0322327006426684
0.034964726984968
0.0374579650585982
0.0396141622164273
0.0413289252719144
0.0425745301746374
0.0434152610973764
0.0437240617767298
0.043322130221052
0.042084509965294
0.0399253809867786
0.0370247931336398
0.0337634204310366
0.0305303767358001
0.0278325941706601
0.0259568223469632
0.0249612648467353
0.00637165961064139
0.00529990005776423
0.00451665464185923
0.00374769292314533
0.00339577925220566
0.00314658762777771
0.0127801679067892
0.0118870362056546
0.0109268899031467
0.00997481785758101
0.00910949742384205
0.00835643695565488
0.00772270706022177
0.00720381907705837
0.00678880029557572
0.00648508537698615
0.00630734254902888
0.00625027099433806
0.0063113018087926
0.00651234494731076
0.00686072835668069
0.00737341124583621
0.0080709764468585
0.00897075558830123
0.0100843118154039
0.0114123291419292
0.0129418522233526
0.0146470658422743
0.016468898551972
0.0183097996157738
0.0200589921147255
0.0216046754814008
0.0228441022111066
0.0237002206956048
0.0241504843196284
0.012461853530154
0.0114742318282702
0.0105020299716505
0.00959394961940337
0.00877284602627239
0.00809945750791579
0.00752888495266141
0.00699086888401223
0.00652523926472855
0.00617691229710087
0.00592961094955731
0.00575400060589853
0.00565024892949937
0.00562773522221787
0.0057052104057864
0.00588464848489673
0.00618096893227454
0.00660775076963829
0.00718196806579416
0.00794425743296034
0.0088479035815269
0.0100810368794762
0.0110945923235858
0.0123167727195641
0.0140786844772407
0.0159603376419516
0.0179342211527862
0.0199219508657626
0.021602438208832
0.0229790242942759
0.0239402997960491
0.0244589834182521
0.0264980521344891
0.0261638862411863
0.0258959576631419
0.0256450737856381
0.0253101332250338
0.0259232721931476
0.0237074376583605
0.0205506241537639
0.0180726990972791
0.0157334533667467
0.0135626644423255
0.0119561071577862
0.0105741710208946
0.00924180875185077
0.00797154898973878
0.00702734716456256
0.00625310372229555
0.00563095746075328
0.00514293219284843
0.00477843567129284
0.00452194950892385
0.00435359672802531
0.00426469925642287
0.0042214259885289
0.00423536821433251
0.00428189634736374
0.00434852449095501
0.00442346330924595
0.0044895488620763
0.00453596560067827
0.00456409407749895
0.024012042008894
0.0216287229579427
0.018357739137408
0.0260519622916618
0.0268357194423168
0.0273514780460005
0.0273288098537923
0.0165395489618054
0.0152152626780807
0.0142123851558424
0.0172689146861574
0.0161678514399173
0.0149472286547849
0.0139348762086687
0.0125518598863245
0.0137305598362047
0.0126521666368081
0.0111432080162828
0.00954096531593714
0.0131851112926463
0.0122237430967475
0.0112370392949025
0.00873387260756932
0.0078257100392896
0.00686500322738834
0.00602841869852203
0.00518455536019138
0.0043607314772741
0.00361773160168897
0.0028758844261803
0.00216759943711609
0.0015060376284155
0.000890488560738205
0.000236179673592557
0.00868224604690435
0.00779784779267364
0.00686717919131257
0.00618636318439805
0.0053294333263839
0.00468265717520476
0.00392348256560583
0.00319092884424693
0.00257759463376756
0.00199676853480297
0.00143153196735452
0.0008902418851438
0.000421211136297026
-9.33041166147418e-06
-0.000477293614801806
-0.000885280247626823
-0.00129508124837203
-0.00163681527335905
-0.00195126749175701
-0.00222730284555253
-0.00244668234593268
-0.0026287073105154
-0.00276944601876862
-0.00285536545253342
-0.00289858050914207
3.78968841257409e-05
-0.000139013295243241
-0.000288060677523145
-0.000395141642273085
-0.000490502933080859
-0.000548424163363029
-0.00058044415566257
-0.000161371273117669
-0.00053858540315665
-0.000909684864969155
-0.00125215119460371
-0.00158888886321233
-0.00192799500935831
-0.00226130296185398
-0.00258879522524653
-0.00290267704056293
-0.00319732807021933
-0.00348327186970132
-0.0037528860544458
-0.0039930372611504
-0.00419135633180471
-0.00434612223138173
-0.00446755696901399
-0.00455180105420097
-0.00459451807899519
0.0107310765385355
0.0101224205271942
0.00938945490539909
0.00854553143375033
0.00767359390960257
0.00683266483667481
0.00602232927585692
0.0052425587841947
0.00449343609394055
0.00377492154830415
0.00308675118463004
0.00242800751804138
0.00179775792313316
0.00116453549441801
0.0108406080930807
0.0104251119380573
0.0100018574926848
0.0095802707259718
0.00920864476614668
0.00884683537120633
0.00849913390633504
0.00817752213290938
0.00787595524117306
0.00756882892452958
0.00725340661791578
0.00696047687459301
0.00671540027074265
0.00651341008738345
0.00635938758381421
0.00623733791710676
0.00615881302473519
0.00611478899309581
0.000737279373583358
0.000346663921554056
-1.50635318511076e-05
-0.000406895202320074
-0.000758219138963511
-0.00106328624907258
-0.00142614142702098
-0.00185133507510353
-0.00225158178306354
-0.00259161112560045
-0.00287739529750287
-0.00312512869964754
-0.00334855640599755
-0.00354163233821972
-0.00369463315667785
-0.00380179506949165
-0.00387264077179453
-0.00391212421132157
0.00088022602684652
0.000630624259042222
0.000410781369050809
0.000214532937604629
3.54102561674969e-05
-0.000130333237875959
-0.000277512894274368
-0.000397200416118362
-0.00048661425256532
-0.000545917867545739
-0.000576399826697633
0.0115613075174498
0.010460032318973
0.00926726045904
0.008156788217226
0.00712814265899626
0.00613144329126427
0.00520870726388069
0.0042759641885969
0.00340627177313284
0.00258628704974252
0.00176497095914951
0.0119072012442439
0.011174808687862
0.0105344354211434
0.00985505486926408
0.0093141171816039
0.00872034118475611
0.00823326429571928
0.00782414788749933
0.00744537084885342
0.00723006083156071
0.00702261291732761
0.00689199876842133
0.0068264024192444
0.00145111588239721
0.00118791664646895
0.000965234518804684
0.000751736113605299
0.000583722175417912
0.000443398806418786
0.000345074702280818
0.000272110009742414
0.000229479294824671
0.00123482669514184
0.00073383361507367
0.000260012110235835
-0.000190336335076983
-0.000620267887199647
-0.00102728889357712
-0.00141151649766746
-0.00177996056778444
-0.00212463680579507
-0.00244371434368802
-0.00275176909818473
-0.00303301620181162
-0.00328819048510336
-0.00352359964502987
-0.00373919002271534
-0.00394269272648706
-0.004129761684858
-0.00428877402888818
-0.00441003231591583
-0.00450354346174722
-0.00456782436086459
-0.00460004586322589
0.0269052043550297
0.0259410627119836
0.0245112667404628
0.0228186902953538
0.0210054861565502
0.0191259215325719
0.0171033503567283
0.0152362836493638
0.0139590841992693
0.0124257872104526
0.0107844732276672
0.0094587621706556
0.00818643719825203
0.00693454667257171
0.00582223539464508
0.00472993422531666
0.027241213697888
0.0266958620196549
0.0257539219750153
0.0245192438479286
0.0230530926841674
0.021403035345269
0.0195961871658476
0.0176880388780773
0.0158359377984532
0.0141747299037911
0.0127739784772072
0.0116251437844174
0.010604376659449
0.0094459428117268
0.00403389807513573
0.00325498296265133
0.00254496614671372
0.00193217144677107
0.00133470446339889
0.000827173256808734
0.000377573442740858
-9.34525001196018e-05
-0.000453017267488828
-0.000769991991141858
-0.00103109180395563
-0.00125328012078485
-0.00142857262857767
-0.00155821471999483
-0.00164564895042408
-0.00169122933244476
0.00412260579417635
0.00355809068570974
0.00300258949283952
0.00252542317029951
0.00212606355422368
0.00172874527920846
0.00138746421085415
0.00111170739606838
0.000887897457945094
0.000697308724838315
0.000531273328532683
0.000392215435671358
0.000288627291872835
0.000231434387693657
0.00867076877260294
0.00802555457557441
0.00744817060042921
0.0068966577437377
0.00639268337685189
0.00592698633162984
0.00551796158273771
0.00514108227612238
0.00477521598691297
0.00443546741863605
0.0041366040879595
0.00387242824445745
0.00362628060630604
0.00338460914140326
0.00906775777776262
0.00871191645327464
0.0084296858011474
0.00816493291488919
0.00787800374685132
0.00762996377190836
0.00744553885022398
0.00728233638831641
0.00714943785673355
0.0070475143352999
0.00697036363601835
0.00691746879115136
0.00687481429238401
0.00684052589836946
0.00680935327614882
0.00677755787875869
0.00673940320032808
0.00668797581809139
0.00662156991567404
0.00653757449461014
0.00643259012249515
0.00630446195375902
0.00615302187692172
0.00598207605622759
0.00579616633354625
0.00559578731484749
0.00539462031123322
0.00521156496634793
0.00505206311441026
0.00493479801564405
0.00487174256816778
0.00322644461776336
0.00306946648851729
0.00291272586804923
0.00275627708239721
0.00260246463584241
0.00246515729617745
0.00235169484770612
0.00224181411676489
0.00213043384507303
0.00202655976891942
0.00192410579299427
0.00182558449026335
0.00172413714500555
0.00161271993573647
0.0015039184558599
0.00139972167142774
0.00128352129179781
0.00116055923346898
0.00103882129860761
0.000922901416326452
0.000808865201628937
0.000690045678087219
0.000571784643421146
0.000459822320351164
0.00035174778793824
0.000241722967108915
0.00330122841791734
0.0032414232703315
0.0032021774841148
0.000186238831111545
0.000119600729192149
4.12446877297147e-05
-4.04089471876251e-05
-0.00011682995120665
-0.000187542866521842
0.000133437451078051
6.55395440641848e-06
-7.47698213573949e-05
-0.000127735462447759
-0.000182960812168615
-0.000167644754334961
-0.000151230193094511
-0.000140453236070593
-0.000255809681501238
-0.000300447694447737
-0.000321563706579074
0.00485426239712837
0.00494149340128564
0.00512998117979106
0.00543604864656499
0.00590414216682944
0.00654504336665157
0.00490616551545128
0.00503327798299044
0.00526317666613139
0.00560507244126901
0.00607530158489229
0.00663925723765162
0.00740334185154112
0.00829717452285203
0.0093873366782701
0.0106870127318783
0.0121699726198751
0.0139063170812487
0.015834959537168
0.0180195849747428
0.0203617077039894
0.0227171142362311
0.0252344943082912
0.00820381316494935
0.00979702915273489
0.0116334112797969
0.0135627255206145
0.0157765028504603
0.018134011921765
0.0206060334079011
0.0231316120647367
0.0256620015144657
0.0280886120836127
0.0304413477063574
0.032689265747818
0.0347553231201364
0.0365600398735338
0.0380647022862075
0.0392642173300852
0.0401582055431406
0.0407476897904812
0.0410494412104418
0.00564305827533011
0.00497931102298599
0.00443533032758179
0.00405530369336321
0.00381653216204417
0.00369563844780901
0.0275870753814297
0.0300644507601026
0.0323154003720036
0.0341132106994943
0.0355581589692107
0.036518105703033
0.0370199164328545
0.0262773112373984
0.0272554439167064
0.0279783977574314
0.0283506986292847
