3.80175569745769e-05
3.80175569745769e-05
3.80175569745769e-05
3.80175569745769e-05
3.80175569745769e-05
3.80175569745769e-05
3.8017556974577e-05
3.80175569745769e-05
3.80175569745769e-05
3.8017556974577e-05
3.8017556974577e-05
3.80175569745771e-05
3.80175569745771e-05
3.80175569745771e-05
3.80175569745771e-05
3.80175569745769e-05
3.80175569745769e-05
3.80175569745768e-05
3.80175569745768e-05
3.80175569745768e-05
3.80175569745768e-05
3.80175569745768e-05
3.80175569745768e-05
3.80175569745768e-05
3.80175569745768e-05
3.80175569745769e-05
3.80175569745769e-05
3.8017556974577e-05
3.8017556974577e-05
3.8017556974577e-05
3.80175569745771e-05
3.80175569745771e-05
3.80175569745769e-05
3.80175569745769e-05
3.80175569745769e-05
3.80175569745769e-05
3.80175569745769e-05
3.80175569745768e-05
3.80175569745768e-05
3.80175569745768e-05
3.8017556974577e-05
3.8017556974577e-05
3.80175569745771e-05
3.80175569745771e-05
3.80175569745772e-05
3.80175569745769e-05
3.80175569745769e-05
3.8017556974577e-05
3.80175569745772e-05
3.80175569745772e-05
3.80175569745772e-05
3.80175569745773e-05
3.80175569745773e-05
3.80175569745773e-05
3.80175569745773e-05
3.80175569745773e-05
3.80175569745773e-05
3.80175569745773e-05
3.80175569745773e-05
3.80175569745773e-05
3.80175569745773e-05
3.80175569745773e-05
3.80175569745773e-05
3.80175569745773e-05
3.80175569745773e-05
3.80175569745774e-05
3.80175569745774e-05
3.80175569745774e-05
3.80175569745774e-05
3.80175569745774e-05
3.80175569745773e-05
3.80175569745773e-05
3.80175569745773e-05
3.80175569745773e-05
3.80175569745773e-05
3.80175569745773e-05
3.80175569745773e-05
3.80175569745773e-05
3.80175569745773e-05
3.80175569745773e-05
3.80175569745773e-05
3.80175569745773e-05
3.80175569745772e-05
3.80175569745773e-05
3.80175569745773e-05
3.80175569745773e-05
3.80175569745774e-05
3.80175569745774e-05
3.80175569745774e-05
3.80175569745774e-05
3.80175569745774e-05
3.80175569745774e-05
3.80175569745774e-05
3.8017556974577e-05
3.8017556974577e-05
3.80175569745771e-05
3.8017556974577e-05
3.80175569745771e-05
3.80175569745771e-05
3.80175569745771e-05
3.80175569745771e-05
3.80175569745772e-05
3.80175569745771e-05
3.80175569745772e-05
3.80175569745772e-05
3.80175569745772e-05
3.80175569745772e-05
3.80175569745772e-05
3.80175569745772e-05
3.80175569745772e-05
3.80175569745772e-05
3.80175569745772e-05
3.80175569745773e-05
3.80175569745773e-05
3.80175569745773e-05
3.80175569745773e-05
3.80175569745773e-05
3.80175569745773e-05
3.80175569745772e-05
3.80175569745772e-05
3.80175569745773e-05
3.80175569745773e-05
3.80175569745774e-05
3.80175569745775e-05
3.80175569745772e-05
3.80175569745772e-05
3.80175569745773e-05
3.80175569745775e-05
3.80175569745775e-05
3.80175569745776e-05
3.80175569745776e-05
3.80175569745777e-05
3.80175569745777e-05
3.80175569745777e-05
3.80175569745777e-05
3.80175569745777e-05
3.80175569745777e-05
3.80175569745777e-05
3.80175569745777e-05
3.80175569745776e-05
3.80175569745776e-05
3.80175569745776e-05
3.80175569745776e-05
3.80175569745775e-05
3.80175569745775e-05
3.80175569745775e-05
3.80175569745775e-05
3.80175569745775e-05
3.80175569745775e-05
3.80175569745775e-05
3.80175569745775e-05
3.80175569745776e-05
3.80175569745776e-05
3.80175569745776e-05
3.80175569745777e-05
3.80175569745777e-05
3.80175569745777e-05
3.80175569745777e-05
3.80175569745777e-05
3.80175569745777e-05
3.80175569745777e-05
3.80175569745775e-05
3.80175569745775e-05
3.80175569745775e-05
3.80175569745775e-05
3.80175569745775e-05
3.80175569745775e-05
3.80175569745775e-05
3.80175569745776e-05
3.80175569745776e-05
3.80175569745776e-05
3.80175569745776e-05
3.80175569745776e-05
3.80175569745776e-05
3.80175569745776e-05
3.80175569745777e-05
3.80175569745776e-05
3.80175569745777e-05
3.80175569745777e-05
3.80175569745777e-05
3.80175569745777e-05
3.80175569745777e-05
3.80175569745777e-05
3.80175569745777e-05
3.80175569745773e-05
3.80175569745773e-05
3.80175569745773e-05
3.80175569745773e-05
3.80175569745773e-05
3.80175569745773e-05
3.80175569745774e-05
3.80175569745774e-05
3.80175569745774e-05
3.80175569745774e-05
3.80175569745775e-05
3.80175569745774e-05
3.80175569745774e-05
3.80175569745773e-05
3.80175569745774e-05
3.80175569745774e-05
3.80175569745775e-05
3.80175569745775e-05
3.80175569745775e-05
3.80175569745775e-05
3.80175569745775e-05
3.80175569745775e-05
3.80175569745775e-05
3.80175569745775e-05
3.80175569745775e-05
3.80175569745775e-05
3.80175569745775e-05
3.80175569745775e-05
3.80175569745774e-05
3.80175569745775e-05
3.80175569745774e-05
3.80175569745774e-05
3.80175569745774e-05
3.80175569745774e-05
3.80175569745774e-05
3.80175569745774e-05
3.80175569745775e-05
3.80175569745775e-05
3.80175569745775e-05
3.80175569745775e-05
3.80175569745775e-05
3.80175569745776e-05
3.80175569745776e-05
3.80175569745776e-05
3.80175569745776e-05
3.80175569745776e-05
3.80175569745776e-05
3.80175569745776e-05
3.80175569745776e-05
3.80175569745776e-05
3.80175569745771e-05
3.80175569745771e-05
3.80175569745771e-05
3.8017556974577e-05
3.8017556974577e-05
3.80175569745771e-05
3.80175569745771e-05
3.80175569745771e-05
3.80175569745771e-05
3.80175569745771e-05
3.80175569745771e-05
3.80175569745772e-05
3.80175569745772e-05
3.80175569745772e-05
3.80175569745772e-05
3.80175569745772e-05
3.80175569745772e-05
3.80175569745772e-05
3.80175569745772e-05
3.80175569745772e-05
3.80175569745772e-05
3.80175569745772e-05
3.80175569745771e-05
3.80175569745772e-05
3.80175569745772e-05
3.80175569745772e-05
3.80175569745772e-05
3.80175569745772e-05
3.80175569745772e-05
3.80175569745772e-05
3.80175569745772e-05
3.80175569745772e-05
3.80175569745772e-05
3.80175569745772e-05
3.80175569745772e-05
3.80175569745772e-05
3.80175569745772e-05
3.80175569745772e-05
3.80175569745773e-05
3.80175569745773e-05
3.80175569745773e-05
3.80175569745773e-05
3.80175569745773e-05
3.80175569745773e-05
3.80175569745772e-05
3.80175569745772e-05
3.80175569745772e-05
3.80175569745772e-05
3.8017556974577e-05
3.8017556974577e-05
3.8017556974577e-05
3.80175569745771e-05
3.80175569745771e-05
3.80175569745771e-05
3.80175569745771e-05
3.80175569745771e-05
3.80175569745771e-05
3.80175569745771e-05
3.80175569745771e-05
3.80175569745771e-05
3.80175569745771e-05
3.80175569745771e-05
3.80175569745772e-05
3.80175569745772e-05
3.80175569745772e-05
3.80175569745773e-05
3.80175569745773e-05
3.80175569745773e-05
3.80175569745773e-05
3.80175569745774e-05
3.80175569745774e-05
3.80175569745774e-05
3.80175569745775e-05
3.80175569745775e-05
3.80175569745776e-05
3.80175569745776e-05
3.80175569745776e-05
3.80175569745776e-05
3.80175569745776e-05
3.80175569745777e-05
3.80175569745777e-05
3.80175569745777e-05
3.80175569745777e-05
3.80175569745777e-05
3.80175569745776e-05
3.80175569745776e-05
3.80175569745776e-05
3.80175569745777e-05
3.80175569745777e-05
3.80175569745777e-05
3.80175569745777e-05
3.80175569745771e-05
3.80175569745771e-05
3.80175569745771e-05
3.80175569745771e-05
3.80175569745771e-05
3.80175569745772e-05
3.80175569745772e-05
3.80175569745772e-05
3.80175569745772e-05
3.80175569745772e-05
3.80175569745772e-05
3.80175569745772e-05
3.80175569745772e-05
3.80175569745771e-05
3.80175569745771e-05
3.80175569745772e-05
3.80175569745772e-05
3.80175569745772e-05
3.80175569745773e-05
3.80175569745771e-05
3.80175569745771e-05
3.80175569745771e-05
3.8017556974577e-05
3.8017556974577e-05
3.8017556974577e-05
3.80175569745769e-05
3.80175569745769e-05
3.80175569745769e-05
3.80175569745769e-05
3.80175569745769e-05
3.80175569745769e-05
3.80175569745769e-05
3.80175569745769e-05
3.80175569745769e-05
3.80175569745769e-05
3.80175569745769e-05
3.80175569745769e-05
3.80175569745769e-05
3.8017556974577e-05
3.8017556974577e-05
3.8017556974577e-05
3.8017556974577e-05
3.80175569745771e-05
3.8017556974577e-05
3.8017556974577e-05
3.80175569745771e-05
3.80175569745773e-05
3.80175569745773e-05
3.80175569745773e-05
3.80175569745773e-05
3.80175569745774e-05
3.80175569745774e-05
3.80175569745775e-05
3.80175569745775e-05
3.80175569745776e-05
3.80175569745776e-05
3.80175569745776e-05
3.80175569745776e-05
3.80175569745776e-05
3.80175569745776e-05
3.80175569745776e-05
3.80175569745777e-05
3.80175569745777e-05
3.80175569745778e-05
3.80175569745778e-05
3.80175569745778e-05
3.80175569745778e-05
3.80175569745778e-05
3.80175569745778e-05
3.80175569745778e-05
3.80175569745773e-05
3.80175569745773e-05
3.80175569745773e-05
3.80175569745773e-05
3.80175569745774e-05
3.80175569745774e-05
3.80175569745774e-05
3.80175569745774e-05
3.80175569745774e-05
3.80175569745774e-05
3.80175569745774e-05
3.80175569745774e-05
3.80175569745772e-05
3.80175569745772e-05
3.80175569745772e-05
3.80175569745772e-05
3.80175569745773e-05
3.80175569745773e-05
3.80175569745773e-05
3.80175569745773e-05
3.80175569745773e-05
3.80175569745773e-05
3.80175569745773e-05
3.80175569745773e-05
3.80175569745773e-05
3.80175569745773e-05
3.80175569745773e-05
3.80175569745774e-05
3.80175569745774e-05
3.80175569745774e-05
3.80175569745774e-05
3.80175569745774e-05
3.80175569745774e-05
3.80175569745774e-05
3.80175569745774e-05
3.80175569745771e-05
3.80175569745772e-05
3.80175569745772e-05
3.80175569745772e-05
3.80175569745772e-05
3.80175569745772e-05
3.80175569745773e-05
3.80175569745773e-05
3.80175569745773e-05
3.80175569745773e-05
3.80175569745773e-05
3.80175569745773e-05
3.80175569745773e-05
3.80175569745773e-05
3.80175569745773e-05
3.80175569745773e-05
3.80175569745773e-05
3.80175569745773e-05
3.80175569745773e-05
3.80175569745773e-05
3.80175569745774e-05
3.80175569745774e-05
3.80175569745774e-05
3.80175569745774e-05
3.80175569745774e-05
3.80175569745774e-05
3.80175569745774e-05
3.80175569745774e-05
3.80175569745774e-05
3.80175569745774e-05
3.80175569745774e-05
3.80175569745774e-05
3.80175569745774e-05
3.80175569745774e-05
3.80175569745774e-05
3.80175569745771e-05
3.80175569745771e-05
3.80175569745771e-05
3.80175569745771e-05
3.80175569745771e-05
3.80175569745771e-05
3.80175569745771e-05
3.80175569745771e-05
3.80175569745771e-05
3.80175569745771e-05
3.80175569745771e-05
3.80175569745771e-05
3.8017556974577e-05
3.8017556974577e-05
3.8017556974577e-05
3.80175569745771e-05
3.80175569745771e-05
3.80175569745771e-05
3.80175569745771e-05
3.80175569745771e-05
3.80175569745771e-05
3.80175569745771e-05
3.80175569745771e-05
3.80175569745771e-05
3.8017556974577e-05
3.8017556974577e-05
3.8017556974577e-05
3.8017556974577e-05
3.8017556974577e-05
3.8017556974577e-05
3.8017556974577e-05
3.8017556974577e-05
3.8017556974577e-05
3.80175569745771e-05
3.80175569745771e-05
3.80175569745771e-05
3.80175569745771e-05
3.80175569745771e-05
3.80175569745771e-05
3.80175569745771e-05
3.80175569745771e-05
3.80175569745771e-05
3.80175569745771e-05
3.8017556974577e-05
3.8017556974577e-05
3.8017556974577e-05
3.8017556974577e-05
3.8017556974577e-05
3.8017556974577e-05
3.8017556974577e-05
3.8017556974577e-05
3.80175569745771e-05
3.80175569745771e-05
3.80175569745771e-05
3.80175569745771e-05
3.80175569745771e-05
3.80175569745771e-05
3.80175569745771e-05
3.80175569745771e-05
3.80175569745771e-05
3.80175569745771e-05
3.80175569745771e-05
3.80175569745771e-05
3.80175569745771e-05
3.80175569745771e-05
3.80175569745771e-05
3.80175569745771e-05
3.80175569745771e-05
3.80175569745772e-05
3.80175569745772e-05
3.80175569745772e-05
3.80175569745772e-05
3.80175569745772e-05
3.80175569745771e-05
3.80175569745771e-05
3.80175569745771e-05
3.80175569745771e-05
3.80175569745772e-05
3.80175569745772e-05
3.80175569745772e-05
3.80175569745771e-05
3.80175569745771e-05
3.80175569745771e-05
3.80175569745771e-05
3.80175569745771e-05
3.80175569745771e-05
3.80175569745771e-05
3.80175569745771e-05
3.80175569745771e-05
3.80175569745771e-05
3.80175569745771e-05
3.80175569745771e-05
3.80175569745771e-05
3.80175569745771e-05
3.80175569745771e-05
3.80175569745771e-05
3.80175569745771e-05
3.80175569745771e-05
3.80175569745771e-05
3.8017556974577e-05
3.80175569745771e-05
3.8017556974577e-05
3.8017556974577e-05
3.8017556974577e-05
3.80175569745771e-05
3.80175569745771e-05
3.80175569745771e-05
3.80175569745771e-05
3.80175569745771e-05
3.80175569745771e-05
3.80175569745771e-05
3.80175569745771e-05
3.80175569745768e-05
3.80175569745768e-05
3.80175569745768e-05
3.80175569745768e-05
3.80175569745768e-05
3.80175569745768e-05
3.80175569745768e-05
3.80175569745768e-05
3.80175569745768e-05
3.80175569745767e-05
3.80175569745767e-05
3.80175569745767e-05
3.80175569745767e-05
3.80175569745767e-05
3.80175569745767e-05
3.80175569745767e-05
3.80175569745767e-05
3.80175569745767e-05
3.80175569745767e-05
3.80175569745767e-05
3.80175569745767e-05
3.80175569745768e-05
3.80175569745768e-05
3.80175569745768e-05
3.80175569745768e-05
3.80175569745769e-05
3.80175569745769e-05
3.80175569745769e-05
3.80175569745769e-05
3.80175569745769e-05
3.80175569745769e-05
3.80175569745768e-05
3.80175569745768e-05
3.80175569745768e-05
3.80175569745768e-05
3.80175569745769e-05
3.80175569745769e-05
3.8017556974577e-05
3.80175569745767e-05
3.80175569745767e-05
3.80175569745766e-05
3.80175569745769e-05
3.8017556974577e-05
3.80175569745771e-05
3.80175569745771e-05
3.80175569745772e-05
3.80175569745766e-05
3.80175569745767e-05
3.80175569745768e-05
3.80175569745768e-05
3.80175569745766e-05
3.80175569745765e-05
3.80175569745765e-05
3.80175569745769e-05
3.80175569745769e-05
3.8017556974577e-05
3.8017556974577e-05
3.80175569745771e-05
3.80175569745771e-05
3.80175569745772e-05
3.80175569745772e-05
3.80175569745772e-05
3.80175569745773e-05
3.80175569745773e-05
3.80175569745774e-05
3.80175569745769e-05
3.80175569745769e-05
3.80175569745769e-05
3.8017556974577e-05
3.8017556974577e-05
3.8017556974577e-05
3.8017556974577e-05
3.8017556974577e-05
3.80175569745771e-05
3.80175569745771e-05
3.80175569745771e-05
3.80175569745771e-05
3.80175569745772e-05
3.80175569745772e-05
3.80175569745772e-05
3.80175569745773e-05
3.80175569745773e-05
3.80175569745773e-05
3.80175569745773e-05
3.80175569745774e-05
3.80175569745774e-05
3.80175569745774e-05
3.80175569745774e-05
3.80175569745774e-05
3.80175569745774e-05
3.80175569745774e-05
3.80175569745774e-05
3.80175569745774e-05
3.80175569745774e-05
3.80175569745774e-05
3.80175569745774e-05
3.80175569745774e-05
3.80175569745774e-05
3.80175569745775e-05
3.80175569745775e-05
3.80175569745775e-05
3.80175569745774e-05
3.80175569745774e-05
3.80175569745774e-05
3.80175569745774e-05
3.80175569745774e-05
3.80175569745774e-05
3.80175569745774e-05
3.80175569745774e-05
3.80175569745774e-05
3.80175569745774e-05
3.80175569745774e-05
3.80175569745775e-05
3.80175569745774e-05
3.80175569745774e-05
3.80175569745764e-05
3.80175569745764e-05
3.80175569745764e-05
3.80175569745764e-05
3.80175569745765e-05
3.80175569745765e-05
3.80175569745765e-05
3.80175569745765e-05
3.80175569745766e-05
3.80175569745766e-05
3.80175569745766e-05
3.80175569745766e-05
3.80175569745766e-05
3.80175569745766e-05
3.80175569745764e-05
3.80175569745764e-05
3.80175569745764e-05
3.80175569745764e-05
3.80175569745763e-05
3.80175569745763e-05
3.80175569745763e-05
3.80175569745763e-05
3.80175569745763e-05
3.80175569745763e-05
3.80175569745762e-05
3.80175569745762e-05
3.80175569745762e-05
3.80175569745763e-05
3.80175569745763e-05
3.80175569745763e-05
3.80175569745763e-05
3.80175569745763e-05
3.80175569745766e-05
3.80175569745767e-05
3.80175569745767e-05
3.80175569745767e-05
3.80175569745767e-05
3.80175569745768e-05
3.80175569745768e-05
3.80175569745768e-05
3.80175569745769e-05
3.80175569745769e-05
3.80175569745769e-05
3.80175569745769e-05
3.80175569745769e-05
3.80175569745769e-05
3.80175569745769e-05
3.80175569745769e-05
3.80175569745769e-05
3.80175569745769e-05
3.80175569745767e-05
3.80175569745767e-05
3.80175569745767e-05
3.80175569745767e-05
3.80175569745767e-05
3.80175569745768e-05
3.80175569745768e-05
3.80175569745768e-05
3.80175569745768e-05
3.80175569745768e-05
3.80175569745768e-05
3.80175569745773e-05
3.80175569745774e-05
3.80175569745775e-05
3.80175569745775e-05
3.80175569745776e-05
3.80175569745776e-05
3.80175569745777e-05
3.80175569745777e-05
3.80175569745777e-05
3.80175569745777e-05
3.80175569745778e-05
3.80175569745773e-05
3.80175569745773e-05
3.80175569745773e-05
3.80175569745773e-05
3.80175569745774e-05
3.80175569745774e-05
3.80175569745774e-05
3.80175569745774e-05
3.80175569745775e-05
3.80175569745775e-05
3.80175569745775e-05
3.80175569745775e-05
3.80175569745775e-05
3.80175569745778e-05
3.80175569745779e-05
3.80175569745779e-05
3.80175569745779e-05
3.80175569745779e-05
3.8017556974578e-05
3.8017556974578e-05
3.80175569745779e-05
3.80175569745779e-05
3.80175569745778e-05
3.80175569745778e-05
3.80175569745778e-05
3.80175569745778e-05
3.80175569745778e-05
3.80175569745778e-05
3.80175569745778e-05
3.80175569745778e-05
3.80175569745778e-05
3.80175569745778e-05
3.80175569745778e-05
3.80175569745778e-05
3.80175569745778e-05
3.80175569745778e-05
3.80175569745778e-05
3.80175569745779e-05
3.80175569745779e-05
3.8017556974578e-05
3.8017556974578e-05
3.80175569745781e-05
3.80175569745781e-05
3.80175569745781e-05
3.8017556974577e-05
3.80175569745771e-05
3.80175569745771e-05
3.80175569745771e-05
3.80175569745772e-05
3.80175569745772e-05
3.80175569745773e-05
3.80175569745773e-05
3.80175569745773e-05
3.80175569745773e-05
3.80175569745774e-05
3.80175569745774e-05
3.80175569745774e-05
3.80175569745775e-05
3.80175569745775e-05
3.80175569745775e-05
3.8017556974577e-05
3.80175569745771e-05
3.80175569745771e-05
3.80175569745772e-05
3.80175569745772e-05
3.80175569745773e-05
3.80175569745773e-05
3.80175569745773e-05
3.80175569745774e-05
3.80175569745774e-05
3.80175569745774e-05
3.80175569745774e-05
3.80175569745774e-05
3.80175569745775e-05
3.80175569745775e-05
3.80175569745776e-05
3.80175569745776e-05
3.80175569745776e-05
3.80175569745776e-05
3.80175569745776e-05
3.80175569745776e-05
3.80175569745776e-05
3.80175569745776e-05
3.80175569745776e-05
3.80175569745776e-05
3.80175569745777e-05
3.80175569745777e-05
3.80175569745777e-05
3.80175569745777e-05
3.80175569745777e-05
3.80175569745775e-05
3.80175569745775e-05
3.80175569745775e-05
3.80175569745775e-05
3.80175569745775e-05
3.80175569745775e-05
3.80175569745775e-05
3.80175569745775e-05
3.80175569745775e-05
3.80175569745775e-05
3.80175569745775e-05
3.80175569745775e-05
3.80175569745775e-05
3.80175569745775e-05
3.80175569745775e-05
3.80175569745775e-05
3.80175569745775e-05
3.80175569745775e-05
3.80175569745776e-05
3.80175569745776e-05
3.80175569745776e-05
3.80175569745776e-05
3.80175569745776e-05
3.80175569745777e-05
3.80175569745777e-05
3.80175569745777e-05
3.80175569745777e-05
3.80175569745776e-05
3.80175569745774e-05
3.80175569745774e-05
3.80175569745774e-05
3.80175569745774e-05
3.80175569745775e-05
3.80175569745775e-05
3.80175569745775e-05
3.80175569745775e-05
3.80175569745776e-05
3.80175569745776e-05
3.80175569745776e-05
3.80175569745776e-05
3.80175569745776e-05
3.80175569745776e-05
3.80175569745776e-05
3.80175569745776e-05
3.80175569745777e-05
3.80175569745777e-05
3.80175569745777e-05
3.80175569745777e-05
3.80175569745778e-05
3.80175569745778e-05
3.80175569745778e-05
3.80175569745778e-05
3.80175569745778e-05
3.80175569745778e-05
3.80175569745778e-05
3.80175569745779e-05
3.80175569745779e-05
3.80175569745779e-05
3.80175569745779e-05
3.80175569745776e-05
3.80175569745776e-05
3.80175569745776e-05
3.80175569745776e-05
3.80175569745776e-05
3.80175569745776e-05
3.80175569745776e-05
3.80175569745776e-05
3.80175569745776e-05
3.80175569745776e-05
3.80175569745776e-05
3.80175569745776e-05
3.80175569745776e-05
3.80175569745775e-05
3.80175569745775e-05
3.80175569745775e-05
3.80175569745775e-05
3.80175569745775e-05
3.80175569745775e-05
3.80175569745775e-05
3.80175569745775e-05
3.80175569745775e-05
3.80175569745775e-05
3.80175569745774e-05
3.80175569745774e-05
3.80175569745773e-05
3.80175569745776e-05
3.80175569745776e-05
3.80175569745776e-05
3.80175569745773e-05
3.80175569745773e-05
3.80175569745773e-05
3.80175569745773e-05
3.80175569745773e-05
3.80175569745773e-05
3.80175569745773e-05
3.80175569745773e-05
3.80175569745772e-05
3.80175569745772e-05
3.80175569745773e-05
3.80175569745772e-05
3.80175569745772e-05
3.80175569745773e-05
3.80175569745773e-05
3.80175569745773e-05
3.80175569745773e-05
3.80175569745779e-05
3.8017556974578e-05
3.8017556974578e-05
3.8017556974578e-05
3.80175569745781e-05
3.80175569745781e-05
3.80175569745779e-05
3.80175569745779e-05
3.80175569745779e-05
3.80175569745779e-05
3.80175569745779e-05
3.80175569745779e-05
3.80175569745779e-05
3.80175569745778e-05
3.80175569745778e-05
3.80175569745778e-05
3.80175569745778e-05
3.80175569745778e-05
3.80175569745778e-05
3.80175569745777e-05
3.80175569745777e-05
3.80175569745777e-05
3.80175569745777e-05
3.80175569745782e-05
3.80175569745783e-05
3.80175569745784e-05
3.80175569745784e-05
3.80175569745785e-05
3.80175569745785e-05
3.80175569745785e-05
3.80175569745785e-05
3.80175569745786e-05
3.80175569745786e-05
3.80175569745786e-05
3.80175569745786e-05
3.80175569745786e-05
3.80175569745786e-05
3.80175569745786e-05
3.80175569745786e-05
3.80175569745786e-05
3.80175569745786e-05
3.80175569745786e-05
3.80175569745781e-05
3.8017556974578e-05
3.8017556974578e-05
3.8017556974578e-05
3.80175569745779e-05
3.80175569745779e-05
3.80175569745777e-05
3.80175569745777e-05
3.80175569745777e-05
3.80175569745777e-05
3.80175569745777e-05
3.80175569745777e-05
3.80175569745777e-05
3.80175569745777e-05
3.80175569745777e-05
3.80175569745777e-05
3.80175569745777e-05
