0.05
0.0372178721678495
0.0355371241602011
0.0331512524607808
0.0351882848589068
0.0325106103862621
0.0294157783970039
0.0370431931396973
0.0341168335597328
0.0288725926609472
0.0252113359710858
0.0224484107324675
0.020550987317871
0.0183327020671014
0.0161714762226033
0.0371985033517569
0.030651926604891
0.024723168367015
0.0239121575529801
0.0209363584246742
0.0181560420831955
0.0175935544921186
0.0174005471538736
0.017380934764493
0.0177092187158807
0.0189557220657325
0.0211730749410809
0.0238209724275282
0.026720901469266
0.0297547728425243
0.0328306130733009
0.0360325805739097
0.0369644451025808
0.0352117210687243
0.0328963500096121
0.0310210794305145
0.0294709320789408
0.0282652001801447
0.0272969589260755
0.0263190703341358
0.031037215911139
0.0294819925874923
0.0281843327886557
0.027378257219687
0.0269141706685168
0.032388785619543
0.0319361665502745
0.0316198662497772
0.0284383590241466
0.0303374906360039
0.0323863763900199
0.0342614393061443
0.0361295413778205
0.0378819537721299
0.0392542942206344
0.0403173595288858
0.0409656102044484
0.0410228931067308
0.0404031738593971
0.0390006764058087
0.0366955303167218
0.0336979795678123
0.0303533802984949
0.0267573364468609
0.0233274419626128
0.0200875739996761
0.0170153648280648
0.0142188741890535
0.0118394183875227
0.0098668248909891
0.00828592451512445
0.00705378395135847
0.00581073802884735
0.00458284208729799
0.00354245602309783
0.00265775620310882
0.0019574933541045
0.00139130248343134
0.000953819921421019
0.000639014510705984
0.000434922004343898
0.000331340270447353
0.0250094237809363
0.0237298491614601
0.0225577495883061
0.0215221821876897
0.0207266787395109
0.0201223021107864
0.0196273218682213
0.0193059138151284
0.0190780474441172
0.0189221677764781
0.0188442371792489
0.0318796520199179
0.0322123816814558
0.0325905966462058
0.0303523667762043
0.0284467466484642
0.0259026771344266
0.0326253906592772
0.0326477379049167
0.0326539073050785
0.0330528495347606
0.0332965389234162
0.0327941270637179
0.0317145390011839
0.0301968356690478
0.0280171664331986
0.0254201471607733
0.0231831923801225
0.0212177746328497
0.0193203433398662
0.0177334195800727
0.0163946745275014
0.0153651864486438
0.0146539126237141
0.014214168224665
0.0139729096396643
0.0320169896819021
0.0301349673762388
0.0268806020747635
0.0229691094738694
0.0192601685552814
0.015503219023408
0.0327121614327711
0.0327146655865477
0.0326599166325531
0.0138074705737802
0.0121924129140001
0.0108305274666436
0.0096919667085959
0.00870535018186354
0.00789760066768096
0.00726753532953286
0.00675402571250062
0.00632664572902349
0.00599054158928825
0.00575423045852817
0.00561791454416503
0.00557538114049404
0.00562503792524844
0.00577485057956659
0.00603804321511369
0.00642929723952441
0.00696891940019331
0.00769974049127342
0.00862201416872077
0.00985376695237224
0.0113900757183933
0.0132805127347755
0.0157097189079824
0.0178590824289701
0.0209316340451681
0.0239479773109996
0.0270392521454589
0.0299277142960329
0.0323661941123046
0.0344783156655297
0.0361740191004639
0.0371438462293719
0.0378323777171032
0.0136268234443214
0.0119776924239262
0.0105619524362588
0.0091179913487216
0.00778366474202165
0.00658897243075308
0.00556795757546348
0.00458346538419467
0.0036964592349196
0.00286886648273085
0.00210352538514374
0.00138203615096532
0.000697512406313981
6.45149271209563e-05
-0.000510240835589241
-0.00106006939064889
-0.00155222406640415
-0.00197018696602474
-0.00232552190877736
-0.00262620867691807
-0.00286567108253451
-0.00303215508387746
-0.00311981561833384
0.0329400639254133
0.0327524940723654
0.0321574619829569
0.0312601313171543
0.0301604413282632
0.0289288586480004
0.0276254073050104
0.0263682836014902
0.0252491824112475
0.0243035798663675
0.0235628505009669
0.0230560270545526
0.0227910842017529
0.0318510230733407
0.0305696678971468
0.0288904789653652
0.0270188214723832
0.0250147445223779
0.0230111000124776
0.0211770853977853
0.0194549929816208
0.0175999116772882
0.0156806436593068
0.0138486080741355
0.0122335419245179
0.0108283288305608
0.00954983517640109
0.00843883496694245
0.00747908708217166
0.00668899975724791
0.00604417216135259
0.00544258066745625
0.00465318215969132
0.00372531858568668
0.00292043986116338
0.002059532356016
0.00131556988288162
0.000611472834922482
-8.66462674035881e-05
-0.000760263389445432
-0.00137608898716617
-0.00190636938114781
-0.00234847203882569
-0.00272967933088532
-0.00306608762330844
-0.00333168895417186
-0.00356031881904554
-0.00375950021514306
-0.00389187834801306
-0.00396170559569884
0.0245881627888064
0.0231620154922175
0.0216944541870612
0.0200984672308877
0.0186422565666869
0.0170351119609852
0.015597952137209
0.0143656176506785
0.0130755940100973
0.0119006288102275
0.0110799858882569
0.00989044991787695
0.00912508364217444
0.00820530018445303
0.00727815220995784
0.00659458385695964
0.00616356678701938
0.00573195436735151
0.00536927023181746
0.00510423740668529
0.00492220990160952
0.00483502605089665
0.0248392928817275
0.0235851657005474
0.0221930541911981
0.020721817064687
0.0192879689938295
0.0179289813330455
0.0166481824140479
0.0153671724950176
0.0143011782517601
0.0132400571609362
0.0121940963284153
0.0112070127963935
0.00986166223564202
0.00856210382811228
0.00741512969888057
0.00639131350223399
0.00550900963554917
0.00472953283881947
0.00409718250239883
0.00346371008382745
0.00290742981181111
0.00245623254473758
0.00210264114286135
0.00183336839819099
0.00165876195318905
0.00156598094770243
0.0285614097361928
0.0275106498063214
0.0260884753256577
0.0277632200535482
0.0261699464853043
0.024516240732445
0.0254958951611312
0.0247429972330942
0.0237366529177705
0.0245991313850198
0.022158995751041
0.0190366707502323
0.0164827326855144
0.0146324461308564
0.013073077441028
0.0117657012928077
0.0107940726865314
0.010187022747681
0.00986951242373217
0.00985928386814108
0.0101520472974831
0.0108025338242938
0.0120808664359013
0.0141322520400768
0.0163342461727607
0.0195213041231697
0.022569701651498
0.0260400345356165
0.0293350572652595
0.0328397888273825
0.0360179959308325
0.038634757964522
0.0407455901796214
0.0421608460677701
0.0426919310997291
0.0421676361452106
0.0405653790491128
0.0379387095166401
0.0339982445434043
0.0301051544053556
0.0269273332060085
0.0246966309892743
0.0235085021014754
0.0224807439514808
0.0209230615009293
0.0192779701455982
0.017694300685245
0.0162756394413231
0.0149833197242859
0.0138323004185629
0.0128097656779079
0.011973940339449
0.0113025437396176
0.0108001851825929
0.0104695341280271
0.0102971350487765
0.0202546179453096
0.017362137679764
0.0141842838372527
0.0128732153607049
0.0115579853035952
0.0102099775383443
0.0129821658937645
0.0117314554455411
0.0103791979415685
0.0092541456254198
0.00829744040696033
0.00747888812705686
0.00681984730475424
0.00631299087612224
0.00594228597565631
0.00571388799124877
0.00561651150626763
0.00564928332813829
0.00581124755477115
0.00610931776982012
0.0065405487046734
0.00710486950088396
0.00778778068470279
0.00859969991763336
0.00949435568941643
0.0104576558509436
0.0114945987326023
0.012690119291692
0.0139184199147344
0.0150399582605936
0.0159602439401159
0.0165550566624166
0.0169142909035301
0.00931762574996192
0.0083869378774249
0.00744008162613659
0.00656972959512746
0.00588916869994322
0.00530986332830733
0.00479842372434372
0.00442099036325093
0.00416024019372059
0.00394482020268022
0.00380448350536663
0.00375650082252603
0.00379491174865326
0.003891046816325
0.00406768198555318
0.00431049092909671
0.00461849529030055
0.0049669903826208
0.00533060540566874
0.00563455253679645
0.00590905578094699
0.0061909232455321
0.00642154757980349
0.00653489752212445
0.00893986135006103
0.00772980382931717
0.00671931895687571
0.00575348859126039
0.00496891328939024
0.00419913369628174
0.00352271009661123
0.00302843415191903
0.00261823697399672
0.00226159943885537
0.00201521895406946
0.00187019497095389
0.0227686388479055
0.0207181969487716
0.0184142016359903
0.0158935446444116
0.0137693703562182
0.0122002696316561
0.0108705208233656
0.00978377222194805
0.00896206474372091
0.00831443032699867
0.00782859577842607
0.00751988045613456
0.00736536238467894
0.00732412309488098
0.00739571928012164
0.00755886769181249
0.00777514919740742
0.00802434883593297
0.00828571239213297
0.00853053590354104
0.0087293823803839
0.00887019328576357
0.00895628919669621
0.0243936284513334
0.0245359965944006
0.0249864058049932
0.0258246132044872
0.0270014763108106
0.0283502874682191
0.0297885626870401
0.0313102611490228
0.0328852563592295
0.0344848922650586
0.0360789344113806
0.0375674278486442
0.0389951427542318
0.0402758239196822
0.0412326250814183
0.0417869543516358
0.0418781211031911
0.0414130149128406
0.0402838230763735
0.0384479863265309
0.0359258274635397
0.0328904791988286
0.0297022773182405
0.026478012329672
0.0229437308445756
0.0195259843116811
0.0165765856226322
0.0140951072869149
0.01211048469948
0.0105273019737052
0.00926007899012076
0.00832376098798515
0.00761395687512192
0.00718848106984523
0.00695817156396176
0.0158287224183328
0.0156356142935478
0.015642432208718
0.0151175834281541
0.0142995874036631
0.0138817702719258
0.0135657633795089
0.0116789466500003
0.0101209828175054
0.00887993102778457
0.00801582414101821
0.00734271700146944
0.00686493874630913
0.00656488984210632
0.00641907056677058
0.0181258497908801
0.0208276348550132
0.0237949081938493
0.0269971563361378
0.0299178744157434
0.0324791918053209
0.0349869779539738
0.0371990195004164
0.0389086793698212
0.0400881965726111
0.0405586131286775
0.0401614017230792
0.0387238071258769
0.0361457246246641
0.0325250021079536
0.0283170940734651
0.0241185197604115
0.0203953542199503
0.0172564897941708
0.0143867830151498
0.011729590354032
0.0095084573147573
0.00764093424530788
0.00610051401947416
0.00487838334026091
0.00392177264986492
0.00317427550651999
0.002634042018321
0.00228700018850484
0.00211002193711003
0.0270595251064106
0.0271441430918264
0.027245766327249
0.0273960802354224
0.027481125186372
0.0275509065510993
0.0374953536125834
0.0391298788786901
0.0408674517710089
0.0424458915590476
0.043550207391715
0.0439403889093219
0.0433773776487556
0.0415576482058684
0.0380731690498769
0.0329371295216555
0.0273087307003432
0.0222690027021338
0.0178593073223907
0.0141314871718868
0.0112018677442903
0.00887227632529258
0.00700924369199629
0.00551809734349994
0.00432252288486908
0.0033617664916883
0.00258677317474469
0.00195766958618743
0.00144808628994807
0.00104038128389527
0.00071963277276264
0.00047458836750353
0.000297782203379802
0.000183953081583208
0.00012650448430963
0.0380254232967317
0.0397623643003271
0.0414274177424605
0.0428539281266161
0.0438992781843278
0.0444102449347147
0.044384044759211
0.0436199757755905
0.0417602193343788
0.038835298064158
0.0351536964271239
0.0307683607115611
0.0259781479046474
0.0209929440999737
0.0167304843014507
0.0134022615186424
0.0107638750403456
0.00867532914196197
0.00699771787806546
0.005604949332008
0.00452741913194489
0.0035493003509018
0.00297270085533891
0.00244660754370534
0.00189975272588055
0.00147140871048486
0.0011117639310029
0.000808007324004571
0.000583084955012804
0.000415557296612617
0.000305759335912378
0.000248702161171233
0.024886663575415
0.0229387181866721
0.0208566242024358
0.0188862074445047
0.0168937297048437
0.0262296272296439
0.0262618510807298
0.0264898969452061
0.0267721865027751
0.0271374495606378
0.0275943639285305
0.0280594617206689
0.0286091096244646
0.0293180396363857
0.0302321181793901
0.0311623567476366
0.0321920765860636
0.033302015184693
0.0344732162897761
0.0356678327627186
0.0368496361850636
0.0380160211201737
0.039061362235179
0.0403635151756874
0.0415745304313697
0.0425412855430378
0.0433760895497125
0.0440674294649822
0.0445676999406497
0.0448789384395927
0.0450536393340231
0.0152823645765857
0.0127268329799613
0.00955205018061939
0.0158340279541
0.0143711929304506
0.0126898823949334
0.0109245281181133
0.00799335104112791
0.00692444450063786
0.00616202265949544
0.00835746038855091
0.00737600333560869
0.00646244553381109
0.00581243912516202
0.00505815498377597
0.00602915140073809
0.00593455264229761
0.00599332886528318
0.0062758787354913
0.00530685237356197
0.0045929804221686
0.00394013666301926
0.00687969342335727
0.00789045623163771
0.00936152307731113
0.0110655229655623
0.0132969912809993
0.0161029240035414
0.019272411347236
0.0230952179725824
0.027308015309766
0.0315961619817939
0.0357208055363064
0.0400454902224625
0.00624246443193759
0.00640188993818629
0.00679849122161236
0.00726279700617709
0.00809554296683083
0.00894385585792213
0.0102318559226161
0.0118402196651536
0.0135228846882128
0.0154492550759337
0.0176751151151553
0.0201645864449961
0.0226263220791872
0.0251358803187231
0.028095095075512
0.0308236008494093
0.0336832349290819
0.0361438012142542
0.0384568051505193
0.0405078250321647
0.0421323547194902
0.0434605412391651
0.044463740414923
0.0450617031462946
0.0453572336897847
0.0418014557609499
0.0433312893011004
0.0445945636449924
0.0454771018791927
0.0462354055806494
0.0466797397815584
0.0469186873276808
0.0420580277329061
0.0436612824013593
0.0447626988515248
0.0451710918956037
0.0447907465066252
0.0433069591706401
0.040320389182577
0.0356304370797017
0.0299562424275754
0.0244356730210839
0.0194784542110322
0.0153693893997794
0.0121795812287714
0.0098492024841203
0.00820207375004354
0.00700762945475039
0.00622678903319812
0.00584519461928334
0.00404408503057897
0.00424044669128143
0.00455753360473867
0.00501026773801066
0.00556798958883864
0.00620044178995126
0.00691159496356462
0.00770723118008202
0.00859456459110761
0.009581507926042
0.0106753341381636
0.0118814933477264
0.0132004292362581
0.0146977149689984
0.0032692941754102
0.00259251318031233
0.0019248798469159
0.00127884498330858
0.00072459679257518
0.00019936364669323
-0.000291251937479091
-0.000732274171032082
-0.00113493453715103
-0.00153538583524363
-0.00193807183338666
-0.00230517088476874
-0.00260739326563633
-0.0028530280033335
-0.00303815460456477
-0.00318346198225679
-0.00327632897964613
-0.00332816172574383
0.0161341698274429
0.0176629248423566
0.0192571183029596
0.0211907478850801
0.0231294542764679
0.0249804045174208
0.0273609314928543
0.0303266861657487
0.033241238170564
0.0357905842767416
0.0379729390896183
0.0398816246559175
0.041601550000602
0.0430699128451161
0.0442079348120118
0.0449843662317222
0.0454854758525724
0.045759555009137
0.0151940613912168
0.0157558324609054
0.0163685589022003
0.0170246347814919
0.0177234976478487
0.0184585354303491
0.0191807701211792
0.0198155015429366
0.020317817609251
0.020664528172719
0.0208470971825798
0.00540755824610504
0.00593583574950429
0.0066765073784493
0.00755091382083464
0.00855462650641411
0.00974922090936176
0.0111027996314451
0.0127780641479387
0.0146856492076502
0.0168411982495238
0.0193608370819035
0.00394729691235041
0.00275346457454711
0.00175450279573548
0.000735950710115935
-4.80499773393372e-05
-0.000881820528980563
-0.00154642835524905
-0.0020915153515103
-0.00258535211112567
-0.00286190260467563
-0.00312508183033906
-0.00328924631810475
-0.00337122768584847
0.0199402167849225
0.0206820060932671
0.0215107743747444
0.0224984832936017
0.0234141335539484
0.0242774969155376
0.0249349408859678
0.0254523339932444
0.0257670312260895
0.021616101178591
0.024037536260909
0.026577756387505
0.0291914480643449
0.0318312613037929
0.0344175305645516
0.0368882765784884
0.0392267620502856
0.0413188580360379
0.0430990179804837
0.0445946986796409
0.0456876370957224
0.0463702789011596
0.0466378305453594
0.0464458602459895
0.0457023669073565
0.0442817911349325
0.0421768380332223
0.039763483520757
0.0372926755234811
0.0352476437589539
0.0341137739665571
0.0101651620715021
0.00932193657245993
0.00847037245965094
0.00767744920499055
0.00694304503669639
0.00624197667601809
0.0055174179503411
0.00485333156808103
0.00439405892425544
0.00383280391203785
0.00321519231660259
0.00270120747643373
0.00219401131144301
0.00168147708093861
0.00121555810354598
0.000749708924650781
0.0101298719538541
0.00932911535473293
0.00857295801275422
0.00787689675225652
0.00722102991242103
0.00658985333169853
0.00596787955056933
0.005354452948327
0.00478344777794759
0.00428526032546433
0.00387529996702227
0.00354807488222935
0.00326680328042125
0.00296219795908044
0.000651266859669337
0.000555047719718515
0.000480143001260265
0.0004267659591188
0.000386983656991693
0.000365258240562838
0.000358201138018337
0.000367424765885993
0.000389666552932637
0.000423764777941732
0.000464678427135021
0.000510706199360399
0.000555512593507199
0.000594088736078576
0.000622996921844054
0.000639078710499282
0.000322974035230183
-9.25267827294836e-05
-0.000518126673381685
-0.000896544121048648
-0.00122235037404703
-0.00155476921586614
-0.00184651715595585
-0.00208617679675063
-0.00228309272391059
-0.00245233436863748
-0.00260080804563335
-0.00272579926386881
-0.00281923678741491
-0.00287093206773014
0.00278104589935656
0.00265211814515874
0.00256031035238554
0.00250087032721577
0.00247959368150892
0.0024986460424795
0.00255778152469348
0.0026606726389576
0.0028219965217679
0.00304755108007685
0.00333032146649214
0.00367108501780496
0.00409314092539956
0.00463726070586783
0.00285922842638409
0.00278439679514142
0.00275213011218516
0.00275947239600479
0.00282127991588725
0.00293983833234876
0.0031013729490282
0.00334446419553783
0.00366841759300695
0.00407195173118375
0.0045710696518998
0.0051196803778946
0.00581445492750524
0.00665102114493592
0.007650150930247
0.00877022720125292
0.0100651193067374
0.0116382206261347
0.0134313695585353
0.0154491722207707
0.0177214322393278
0.0202431649842127
0.0229649401857288
0.0257701311470119
0.0285442443364312
0.0312291491319433
0.0335702822588604
0.0352540194972264
0.0360266473909053
0.0353841762594202
0.0327492184080641
0.0055933278751357
0.00675076261108866
0.0081521261500606
0.00984243270430406
0.0118466522602554
0.0139811287134706
0.0160290945980031
0.0182776041112155
0.0208125464965576
0.023361331366922
0.0259810084739725
0.0285221056627933
0.0310849290657882
0.0337601932115789
0.0361752400655488
0.0382617951281344
0.0402830351585844
0.0420154581886178
0.0432572400096846
0.0439344875829065
0.0440326454999522
0.0433883977446555
0.0417340464749089
0.0389184386214576
0.0348910913366136
0.0297764849068601
0.00422694725029069
0.00392997641380785
0.00373401563325401
0.0255177556162307
0.0206864042909234
0.0158943569026875
0.0117220471019442
0.00827900630794771
0.00526411193362272
0.0263367164704124
0.0223355191647517
0.0199023182165829
0.0183989617493581
0.0036066119847912
0.00250609746115273
0.00184769728062028
0.00152320277085471
0.00401939784519285
0.00327424742644355
0.00293579552214075
0.0299780039315763
0.026053613752739
0.0220116520490669
0.0180139752062283
0.014051338858534
0.0103401589184384
0.0309730599012114
0.0280904657228788
0.0246209042532748
0.0210788802194844
0.0177349648798669
0.014937678125591
0.0122680290190485
0.0100522926624031
0.00809866353977896
0.00639889456291745
0.00496061608988212
0.00369220533606042
0.00261135233031781
0.00165125323189527
0.000821881501809497
0.000123437889827472
-0.000526126629669842
0.00834582242312671
0.00683332422112808
0.005447439076651
0.0042847593460416
0.00321201331270707
0.00228488995996033
0.00148024471912883
0.000784545173096247
0.000181403656733524
-0.000330039949086618
-0.000776177603112425
-0.00116479178461894
-0.00149459620105144
-0.00176434814530613
-0.00197803561078157
-0.00214212502475914
-0.00226132766420859
-0.00233867547466913
-0.00237791566392516
0.00885503139951276
0.0077641342489307
0.00686716523255611
0.00623709712747164
0.00583913255536226
0.00563685464552853
-0.000963469983877342
-0.00136888009504623
-0.00170181700922721
-0.0019482033371644
-0.00213528854094007
-0.00225492614665435
-0.00231606879996368
-0.000892465028470023
-0.00119287286969273
-0.00139400479370133
-0.0014916354850043
