0.05
0.0374174479825012
0.0345827193773156
0.029870870379641
0.0357341567041733
0.0333978152707094
0.0309451748164503
0.0374035472595101
0.0351994334021695
0.0317475799255092
0.0295947337799512
0.0279489580706799
0.0266642728891409
0.0247961538331951
0.0222132364135778
0.0375872736580972
0.0349702976333439
0.0332973828149822
0.0332964180613527
0.0343877945639204
0.0357421895743356
0.0361071178438205
0.0363272364832878
0.0365769560661999
0.0369883526551645
0.0377306256882137
0.0385569755600814
0.0390987779583841
0.0392470316417421
0.0389090203915966
0.0379902977074171
0.0363528341697358
0.0373148971775118
0.035724417782995
0.0336761985775254
0.0320637977779524
0.0307651217444742
0.0297705310209439
0.0289707052888248
0.0281431467726942
0.0276877678811873
0.0255739196082795
0.0231031651784579
0.0206584439162875
0.0176955648027881
0.0269150421287078
0.0242827431747912
0.021641801684717
0.0162875489128231
0.0147954187985377
0.0133619185203495
0.0121448039256279
0.0109806145156173
0.0098851245785014
0.00896450923745013
0.00811573606811434
0.00731698742323881
0.00663645345471412
0.00602770221316508
0.00549844228318992
0.00503115454919816
0.00464549519375515
0.00433642323812207
0.00408122476581476
0.00389017407548226
0.00375393867244549
0.00367115319660458
0.00364899150030444
0.00369105318372988
0.00379658996996669
0.00396113190896055
0.00417058900647923
0.00448546926404763
0.00492004041055672
0.00540514408624668
0.00593097499077378
0.00644499861550038
0.00694236483821436
0.00738847075906285
0.00774889457267542
0.00800273665748474
0.0081383833748148
0.0165551586573219
0.015724807100205
0.0148982463105701
0.0140937151566376
0.0134097257438413
0.0128366608766636
0.0123190864545345
0.0119532395341129
0.0116751814768007
0.0114736280667779
0.0113688033150018
0.0202268994034993
0.0184942873382427
0.0162714526228933
0.0185678587644081
0.0149558187539772
0.0114525317187376
0.0156789989957318
0.0150314199068597
0.0143190123834322
0.014756936413044
0.0125211535039889
0.01002294485166
0.00831104640829925
0.00686548916568183
0.00536585478544333
0.0039246666417992
0.00281570195771702
0.00189150462323449
0.00101837860604911
0.000288221219889717
-0.000334532050057882
-0.000820717754162421
-0.00116155187992037
-0.00137474355479289
-0.00149266221468125
0.0133026268821961
0.0120032810577137
0.0106065018707233
0.00947324443995284
0.00872579959142254
0.00827370005838883
0.013396353708353
0.0125391437259661
0.011658351066979
0.00806139924241643
0.0081847651380782
0.00867819201429643
0.00955132183231442
0.0108855711130456
0.012664793743204
0.0147908340585588
0.0173410217998228
0.0204284347129445
0.0239755282310163
0.0277185785497219
0.0313428395463154
0.0346425490768722
0.0375073895731476
0.0397427662094245
0.0410640303890806
0.0411308199721937
0.0395720198521599
0.0360027222451178
0.0309102475365277
0.024993356468052
0.0196069188551063
0.015076527330874
0.0111693691709336
0.00870006227661428
0.00610800501683327
0.00418624964268021
0.00261826195468291
0.00140047370916296
0.000507817888061861
-0.000184993148771264
-0.000696345767759413
-0.000974813483093253
-0.00116517429032678
0.00835568945826382
0.00879428289235232
0.00960493767287333
0.0110229570212474
0.0130024745113752
0.0155230155311354
0.0184087573715048
0.0219298532979768
0.0256885540096771
0.0295608601841234
0.0332759186004076
0.0367126360669227
0.0397129638614515
0.0420269722493042
0.0434827036045546
0.0439697409336736
0.0431838020433027
0.0409734053254271
0.0373300057631712
0.0326692158905995
0.0280474791967246
0.0245396961603496
0.0226478881427717
0.0101891803862017
0.00883857398712405
0.00763365623341494
0.00658186930064862
0.00566194880579047
0.00484498384987659
0.00411340301972973
0.0034868034421671
0.00297245395762098
0.00256079147544319
0.0022495200013075
0.00204112852798243
0.00193349421878389
0.0105520581331102
0.0095062852550768
0.00855574195500575
0.00775346849562116
0.00705977970761778
0.00647741074921651
0.00602262938381482
0.00566163977108393
0.00534559485338844
0.00510117064571616
0.00496148335893988
0.00494856725346417
0.00506616008503445
0.00532582450987632
0.00572247349705304
0.00626328382045152
0.00693814053279869
0.00773887172759141
0.00876364316453208
0.0105066864544157
0.013022599806003
0.0156417424854371
0.0189721406463649
0.0222899283801157
0.0257556244964924
0.0294241456937834
0.0330979924307643
0.036505832756151
0.0394234238114068
0.0417905445094741
0.0437327436012449
0.0453224239493956
0.0464596846685974
0.0473314669541513
0.0479993645573305
0.0483951001165155
0.048587062295218
0.0099225804528208
0.00859906476676557
0.00742567369434795
0.00627943892585439
0.0053087602420559
0.00429525705384375
0.00342408421384063
0.00269721492042522
0.00195314012857866
0.00128756744909273
0.000828400434323194
0.000171365436330276
-0.000245971273227437
-0.000741108810300834
-0.00123243981931244
-0.00158913091180335
-0.0018113578261862
-0.00203144630578603
-0.00221435850783691
-0.00234678735987653
-0.00243708444771625
-0.00248014184411135
0.0102552063557437
0.00915491751283773
0.0081377440987731
0.00720424102053002
0.0063894864941728
0.00568193996242651
0.00506238865507672
0.00448430169898983
0.00403470049408041
0.00361921257435282
0.0032440917863745
0.00291956337625599
0.00251350384355918
0.00215542317016856
0.00187122181554176
0.00164840063981701
0.0014839175096449
0.00136362962738427
0.00128668175730434
0.00123301801926871
0.0012094362749485
0.00120866751687065
0.00121987751640487
0.00123584552756236
0.00124980889695585
0.00125850260249462
0.0302405791372721
0.029400309583444
0.0282975827351891
0.0298116217102907
0.0287812284101802
0.0277006236552011
0.0277955313763032
0.0271652561792143
0.0263325607846246
0.0274940538804167
0.0263812776477662
0.0249433336199076
0.0235649338621732
0.0223054667086941
0.020935988737604
0.0194336357275095
0.0179357284599815
0.01658414012358
0.0152794543357677
0.014112709526
0.0130788790830921
0.0120871019330767
0.0109068961696444
0.00957892718188962
0.00852711968525681
0.00737381420274507
0.00649743279370223
0.00565431970122698
0.00494144471702408
0.00423849803782497
0.00362406009422475
0.00311312968439472
0.00266701428073504
0.00229019997662046
0.0019872747698203
0.00175060281018739
0.00158840186745802
0.00147856904867495
0.00140315824923657
0.0013675995684988
0.00135474978357341
0.00135261904593733
0.00135371633438477
0.0276370931040656
0.0298207970866178
0.0323614236418715
0.0347983241540878
0.036840855800369
0.0385114815930415
0.0398031265543848
0.040766717342119
0.0414086741055112
0.041817731286345
0.04205530204407
0.0421769207241649
0.0422282760664727
0.021877293818853
0.0182842824789375
0.0145061534208204
0.0129307759675617
0.0114067006374706
0.00989876944964045
0.0132905016091257
0.0122510003076788
0.0113892291444981
0.010948468534063
0.0108898484125841
0.0112223915217734
0.0119393025150742
0.0130257377055178
0.0145045616107417
0.0163125651305235
0.0184439474541557
0.0208751465296162
0.0234878829331513
0.0262730978707781
0.0290822903663471
0.0318441512254825
0.0344575554751821
0.0369437786049331
0.0391588161919518
0.0410917533489795
0.0427795304468195
0.0443639193977084
0.0457031209564635
0.0467152282382588
0.0474153007121971
0.0478136540247475
0.0480331025892419
0.0093513394138806
0.00898541319960596
0.00886482256283758
0.00904943254323758
0.00949211101490185
0.0102123575487749
0.0113101694916718
0.0126374636449669
0.0140624358979683
0.0159528108088764
0.0182926450801461
0.0209404529776465
0.0235521554420546
0.025885229939423
0.0285298020494416
0.03110092119273
0.0335917913451974
0.0358494218311128
0.0378086524487395
0.0392273604484247
0.0403668511470986
0.0414175337378148
0.0422061987568862
0.0425742047529308
0.00816401235429551
0.00657758237072471
0.00529933553553276
0.00411603151809464
0.00318082101368216
0.00228558647096957
0.00151650915481225
0.000964880791134908
0.000514433606350446
0.000128054532475601
-0.000136494562597451
-0.000291258220960264
0.0271055753039474
0.0262810115800219
0.0251366810102791
0.0235724624516832
0.0219231498045912
0.0204290732698085
0.0188918581846748
0.0173668289033804
0.0159694954095826
0.0146155964541697
0.0133051368687118
0.0121240979857809
0.011102544175651
0.0100624963321192
0.00900567559490916
0.00806148766495757
0.00726840207044308
0.00658885776376472
0.00601409135559171
0.00555499981501527
0.00522197244076307
0.00500329951133178
0.00487624284696349
0.026989878658031
0.0260760422939199
0.0248746556623721
0.0232566402809738
0.0213581859294271
0.0194384728892404
0.0175985456702377
0.0158409249685691
0.0141924767074442
0.0126607629063984
0.0112389281760046
0.00996478052724359
0.00874254706734124
0.00756965257367395
0.00651249611650882
0.00556566774537848
0.00470060413159806
0.00389903996428179
0.00315726307833081
0.00248330843136298
0.00186509516412591
0.0012993962315217
0.000796460531627381
0.000328392997475335
-0.000176473774553078
-0.000679447681762586
-0.00113799130915689
-0.0015497127579675
-0.00190082191014633
-0.00219759557573847
-0.00244744438322865
-0.00263977892392643
-0.00279045751050603
-0.00288283603703763
-0.0029335729801507
0.020622857017691
0.0186462738390853
0.016146031669204
0.0222042264233633
0.0221909468663093
0.0221816948953354
0.0147406460147179
0.0133670409329657
0.012140486116563
0.0110828079873415
0.0102920297995794
0.0096353919455526
0.00914265710331327
0.00881968334135897
0.00865837914759162
0.0138495198605837
0.011890295832453
0.0101078972368885
0.00842512814487225
0.00779057403742153
0.00731247946385224
0.00690538327225774
0.0065920394110773
0.0063799774016213
0.00625435385699733
0.00621992020841028
0.00627885304951474
0.00643668515036023
0.00670056865919169
0.00708294169214141
0.00759259076882755
0.00823277101587018
0.00899160878251138
0.00986235264336634
0.0109393919325633
0.0122643871430884
0.0137028407924183
0.0152362145182414
0.0167988540380514
0.0182814065076485
0.0196226634009699
0.0207985869686947
0.0217251854618201
0.0223567050372022
0.0226905161833517
0.00759229851156767
0.00695047676471708
0.00647391075173842
0.00599796620329967
0.005777773643033
0.00562051989508835
0.0351977401255527
0.033250087210949
0.0305071626654674
0.0272864884605781
0.024057116421658
0.0210960931301017
0.0185166598593359
0.0163061017472475
0.014376034663612
0.0126893981489612
0.0112657410529858
0.0100696882726869
0.0089773422969776
0.00795604608095009
0.00704428756890107
0.00621334251854689
0.00545018934068826
0.00475064219925921
0.00411241728478913
0.00353414938071454
0.00301390202912917
0.00254828642552014
0.00213735877511145
0.00178351963636545
0.00148759208815582
0.00125011059891033
0.00107219283892036
0.000954574160215292
0.000894242140021744
0.035043252742108
0.0333457910463576
0.0311607991746758
0.0286770891262317
0.0261006168773256
0.0237877664552036
0.0216991038495037
0.0196102140661524
0.0176665721594344
0.0160547495183203
0.0147205182216003
0.0134912664039648
0.0122850190972363
0.0110133393713375
0.00982957761143232
0.00878865308888798
0.00784360153152986
0.00698247499478664
0.00618878190976976
0.00543561016427136
0.00477591273758784
0.00410045080416385
0.00366302370842512
0.00323101219208372
0.00273825931006786
0.00231700905816323
0.00193987677632387
0.0016044270260175
0.00134578202374185
0.00114714337048733
0.00101409775365591
0.000944015014373015
0.0271100169933905
0.0256196084618267
0.0239042913346219
0.0221463865995493
0.0202333363425132
0.0277589685919902
0.0267740330781423
0.0251948698893072
0.0237404363681543
0.0220989534395972
0.0202831968682719
0.0187154026432924
0.0171739819438107
0.0155090725341762
0.0137301688705086
0.012237166056722
0.0108465337898511
0.00956065548591033
0.00837560017332645
0.00730231848737579
0.00634367188387202
0.00547727029266608
0.00475413099251846
0.00390431582806611
0.00314549068523155
0.00255352069615294
0.00204825137370236
0.00163124822126264
0.0013288451970177
0.00113993330025874
0.00103349205199334
0.0185461682116123
0.0157352214485507
0.0121346127069249
0.0192097074727995
0.0176242163761373
0.015677093809687
0.0135470765372257
0.0102893267356469
0.00898660165770778
0.00802529388241743
0.0108203348044184
0.00964570295335701
0.00845152082395097
0.00751826680893361
0.00630352039569849
0.00772645787646323
0.00714464223203483
0.00639633616376688
0.00565686236222105
0.00696899687046158
0.00601470605448188
0.00506187088665761
0.00554106136646477
0.00546440731714139
0.00542878014711462
0.00542919274863484
0.00545621094154634
0.00550846817376316
0.00558438037754705
0.00570440763110791
0.00589206964555697
0.00617699192917196
0.00658834474662956
0.00723298320098188
0.00507189265364675
0.00449283646123447
0.00390809275259294
0.00349660475827252
0.00299924275032051
0.00263911246466758
0.0022338186562474
0.00186063244663726
0.00156166082186874
0.00128990591671502
0.00103601000149382
0.000802892963397412
0.000609542377528199
0.000439914232012224
0.000264333086818608
0.000119134067255878
-1.73740672399117e-05
-0.000121652833293369
-0.000207284773123569
-0.000271839027003991
-0.000314369541340503
-0.00034252338187396
-0.000359188766583052
-0.000367060161496942
-0.000370292888220294
0.00629836961554276
0.00556046735740897
0.00501336537476958
0.00466182171597774
0.00438008985579143
0.00422231089011465
0.00413983719395331
0.00894628617170906
0.010878845001628
0.0131237384430662
0.0155187285774572
0.0181705909111937
0.0211028373425758
0.0241787536776417
0.0273176653348438
0.0303758064944255
0.0332533030399661
0.0360282010168697
0.0386074425079457
0.0408493710318407
0.0426360220229247
0.0439709584250963
0.0449701397890844
0.0456328686412485
0.0459581286801248
0.00469693750769533
0.00427538559406727
0.00378480495916834
0.00323538207273011
0.00268026472216013
0.00215497910545773
0.00165699230008711
0.00118455383755347
0.000736458720860495
0.000311847357966633
-8.9930521626681e-05
-0.000469663856739631
-0.000828021139578463
-0.00118274954129251
0.00456334148534367
0.00404722391527621
0.00352624845827771
0.00301102933049829
0.00255947007311904
0.00212198819011811
0.00170338913966924
0.00131760696247845
0.000956888815626712
0.000590288718164964
0.000214359393832734
-0.00013438583517024
-0.000425939977136274
-0.000666108094900665
-0.000849173806736633
-0.000994199702792667
-0.00108749202755038
-0.00113979003004141
-0.00121635962473698
-0.00122841492606865
-0.00122583517911706
-0.00120855874240799
-0.00117986762200589
-0.00114474388704096
-0.00109230098252132
-0.0010200186873416
-0.000943074966407598
-0.000870272927213907
-0.000802458995999492
-0.000737345237635604
-0.000672142911098724
-0.00060963024443873
-0.000555267129876152
-0.000514357711928232
-0.000485894988338722
-0.000469469512601944
-0.00150260115672929
-0.00179133013686632
-0.00205216314705665
-0.00229044541736676
-0.00251251623127725
-0.0027217809856371
-0.00291043401817679
-0.00306571053624274
-0.00318279521899308
-0.00326096859356007
-0.00330131527501594
0.0057251769339686
0.005118995636434
0.00449560535016362
0.00394143582355084
0.00344848658911377
0.00298937950207598
0.00258236264045612
0.00219269545132936
0.0018556177478029
0.00156909414007002
0.00132116562866748
0.00549021672688555
0.00458768677428666
0.0038107385010902
0.00299598550250745
0.00235229064875006
0.00164977802352496
0.00107572795420944
0.000594709448127806
0.000150082326533471
-0.000102454632906184
-0.000345639449331867
-0.000498705506935641
-0.000575565046478792
0.00062798883174309
3.67944535007712e-05
-0.000469206888115964
-0.000958707644142359
-0.00134637935809838
-0.00167157977234266
-0.0019000788561524
-0.00206995017280318
-0.00216931171614644
0.00170641836300763
0.00214248550993006
0.00263112863739435
0.00317822252389275
0.003792435940476
0.00447653150795421
0.00523701175288419
0.00609813088265531
0.00705145892404456
0.00809399496234551
0.00928210370760587
0.0105592958091383
0.0119149398462799
0.0133703812359883
0.0149059016104915
0.0165456385270029
0.018215206645201
0.0197575254477468
0.0210075177617316
0.0220139341801593
0.0227262133994278
0.023089164362907
0.0125743125333612
0.011463879357852
0.0103193457582332
0.00923672672382052
0.00822192800372525
0.00724435387824875
0.00622692571674089
0.00528997282826592
0.00464041911715761
0.00384544130088209
0.00296975252915189
0.00224035329735403
0.00151960036737177
0.000789337553959797
0.000122538124358692
-0.000548351773057842
0.0126078759857524
0.0116386267497159
0.0107065762553856
0.00983571317102031
0.0090042158305326
0.00819368377781337
0.00738393544011119
0.00657239507180845
0.00580197035500094
0.00511344571194126
0.00453058370466691
0.00405035071930849
0.00362257903753619
0.00313748890746571
-0.000958206244555545
-0.00143106325571348
-0.00187590078160444
-0.00227211463565058
-0.00267114387204198
-0.00302123929241857
-0.00334096026213466
-0.00368678250928626
-0.00395865575338033
-0.0042044822745836
-0.00441149643539688
-0.00459103382803824
-0.00473492192685549
-0.00484264404734809
-0.00491594469875383
-0.00495437466838431
-0.000950720527760613
-0.00133932054284283
-0.00173554828716315
-0.00208733352249242
-0.00239053536310016
-0.00270089843118455
-0.00297480108055406
-0.00320137985784549
-0.00338899225428
-0.0035515553157477
-0.00369536626249147
-0.00381741450113474
-0.00390928633679673
-0.00396035726805592
0.00280048123719659
0.00252374786937104
0.00228135731552698
0.00205716487789168
0.00186178244427829
0.00169304412376796
0.00155820163225809
0.00144940797346319
0.00136341221481039
0.00130752810994107
0.00128467471966534
0.00129231928783796
0.00133096403825665
0.00140737114131079
0.00299544973182356
0.00286979103084376
0.00278058384302529
0.00271202910952952
0.00266016440457501
0.0026434701273933
0.00266379277163661
0.00272761567218724
0.00283876304951299
0.00299860155887987
0.00321478734342707
0.00346657896696462
0.00379868152193465
0.00421117249752305
0.0047156671705736
0.00529193597912807
0.00596901930521694
0.00680558221612841
0.00777939082070976
0.0089069484926286
0.0102300808883016
0.0117895059595007
0.0136227411926625
0.0157429415347302
0.018172750969064
0.0210083223970088
0.0241785663025246
0.0274900881256944
0.0309728818914195
0.0344433016458363
0.0380072340941082
0.00163385523471955
0.00191863672538963
0.00227272971898991
0.00270843606707141
0.00323451540571642
0.0038072978356002
0.00437395985689104
0.00502337337791424
0.00580407222618987
0.00666251460860617
0.00764936115222666
0.00874415588798967
0.01003341429662
0.0116410635594105
0.0133934691022042
0.0152343673747063
0.0174641704938247
0.0200015887552546
0.0226538777998564
0.0252655016172576
0.027877664668031
0.0306090888868625
0.0333043756135534
0.0358024784915791
0.038126587800693
0.0403575908756007
0.00125726294863577
0.00114836658131558
0.00107631711849738
0.0418385101909436
0.0431761988948109
0.0440154451756879
0.0438876837311997
0.0422908499168396
0.0384973098335119
0.0417772602299504
0.0432165754239676
0.0440588674461682
0.0445733690262972
0.0337533385312029
0.0288828056740237
0.025345084677051
0.0234562754520167
0.037076518999166
0.0353749950098337
0.0343516562119877
0.0397251671864243
0.0410911579979891
0.0418738436421695
0.0419260418267687
0.0407704139987033
0.0378318626224308
0.0398728243058278
0.0414942633106016
0.0429211961676527
0.0440630514634553
0.0448124419827222
0.0450211927188328
0.0445467000800838
0.0431613935611094
0.0405065652957417
0.0363867561322525
0.0313242578970298
0.0259203621541766
0.0210158308778507
0.0166777246622764
0.0130524270508742
0.0101189245789753
0.00749171990693271
0.0342079160905079
0.0302322644112953
0.0258113631420461
0.021802066266412
0.0180516700826914
0.0148744343293615
0.0122055240133285
0.0099783237920878
0.00811235215044574
0.00657859143311923
0.00527769333149681
0.00417290913035429
0.00325616171401969
0.00252063644515561
0.00194717275678564
0.00151238094743674
0.00119959059200718
0.000998026346716543
0.000896203857131853
0.0369882540754437
0.0352819452957589
0.0330317466275406
0.0309716105246817
0.0294666531308703
0.0286411992142309
0.0058342737556317
0.0043650713181314
0.00320506477196398
0.00237411549885639
0.0017595923518688
0.00137411538100663
0.00117948903726682
0.00598769680443883
0.00479718215666004
0.00402109979443094
0.00365057121130687
