0.05
0.0374749891086314
0.0359419180883975
0.0338716142655945
0.0354366914233756
0.0327888792935048
0.029858845320584
0.0372955178743212
0.0345818756200923
0.0299719787397309
0.0270525148602979
0.0251080001120758
0.0239496621946012
0.0228725479237717
0.0223163800470147
0.0374536562320791
0.031616231548791
0.0263131555283043
0.0254811991264016
0.0218093683344006
0.018067224328109
0.0171494823195356
0.0166358776438878
0.0160843106349891
0.0151954821933357
0.0135450297091982
0.0115000317273659
0.00967481928281772
0.00810989426691636
0.00678545079528829
0.00568043287552053
0.00473325155027157
0.0372462397791091
0.0356735436873954
0.0336860615159816
0.0321857510581279
0.0310708734390817
0.0303276245475659
0.0298623785842321
0.0295424452005633
0.0319782291061555
0.0307566051641498
0.0299202015008
0.0295936491589417
0.0296998972518181
0.03333785914123
0.0331336934007407
0.0331122915544571
0.0311671864906819
0.0329513363814421
0.034819088220757
0.0364611751616585
0.0380037488924166
0.0393113362646309
0.0401551987125519
0.0405478202307564
0.0403290812258785
0.039386711048733
0.0376098632333123
0.0350258245038329
0.0317097461785248
0.0281543323081382
0.0247339084528946
0.0214386644288278
0.0185138486650684
0.0158586361329677
0.0133840886419431
0.0111404542354075
0.00922570329404181
0.00762812585848319
0.00633691808425794
0.00532110538235131
0.00428593493226295
0.00325292563692897
0.00236945875426944
0.00161158613974997
0.00100693953740513
0.000514647397790159
0.000132011254616429
-0.000144616755689585
-0.000324566855583923
-0.000416090247437329
0.0283677761895317
0.0275057117885889
0.0267508313806861
0.026124732853649
0.0256816212046194
0.0253766441037967
0.0251561900636109
0.0250314736327986
0.0249547617589766
0.0249094466411896
0.0248893700719146
0.0335877447354494
0.0342299332090301
0.0350562946252521
0.0321759824792761
0.0307615977938364
0.0286736459181606
0.0352304935627404
0.0354101240225748
0.0355940880976721
0.035779069628263
0.0365292323652467
0.0367242619649664
0.0361481136273793
0.0349858322299062
0.0329874584435872
0.0302614605798666
0.0276843493261801
0.0252832307335015
0.0228738349665654
0.0208156130029735
0.0190634242598688
0.0177134633245399
0.0167821779161899
0.0162078054863006
0.0158933547597822
0.0350715013385906
0.033355797243937
0.0301163001418394
0.0258606554023322
0.0216017654270988
0.017196467575543
0.0359262654719734
0.0361929125643716
0.0364179051081947
0.0152023072635894
0.0133125338847711
0.0117320275906251
0.0104220221266019
0.00929542844680866
0.00837792857523067
0.00766355427661382
0.0070799510137533
0.00659005694960872
0.00619706026822825
0.00590846957704847
0.00572320273647897
0.0056328826283434
0.0056328265681015
0.00572833054904604
0.00593019391029801
0.00625091100328506
0.00670793063479062
0.0073387103947284
0.00814451754080391
0.00923046887708869
0.0105957708113638
0.0122898893975612
0.0144901741966353
0.0164632251739686
0.0193278829620358
0.0221944073042399
0.0251840015982169
0.028016844306544
0.0304309125835537
0.0325348484004634
0.0342313789872186
0.0352043911921103
0.035896792596427
0.0149970800762753
0.013076653077798
0.0114453608955036
0.00980187803329336
0.00830073488100998
0.00697114308748571
0.00584569365610432
0.00476994424574673
0.00380836916324418
0.00291748961938897
0.00209872102172161
0.00133101868245147
0.000605978797490462
-6.20535904618154e-05
-0.000667061668842797
-0.00124492491041425
-0.0017619219317838
-0.00220121205502307
-0.00257516230820946
-0.00289218433232625
-0.00314518723882549
-0.00332143001023899
-0.00341436152071959
0.0372408863674689
0.0375965730148699
0.0375053709654507
0.0370312127105222
0.0362479306537246
0.0352116933626043
0.0339745228006749
0.0326632332582501
0.0314070804625622
0.0302845977464693
0.0293682415162479
0.0287232197210636
0.0283802506150103
0.0359233155823162
0.0349245967966275
0.03341929657446
0.0315521463688602
0.0293796915428658
0.0270668020851528
0.0248558721595564
0.0227251741277345
0.0204035482000525
0.0180042790201971
0.0157354482846771
0.0137635800399736
0.0120755462593546
0.0105644823996572
0.00927121458239151
0.00817016927195929
0.00727696807214476
0.00655858121963326
0.00589763293473859
0.00504125142284996
0.00404481656994496
0.00318786382611546
0.00227883342800853
0.00149918763917156
0.000766122506965113
4.37232998165213e-05
-0.000649276119984913
-0.00127947766087299
-0.00181969359708043
-0.0022684393381891
-0.00265423265376409
-0.00299383552909771
-0.00326140787387389
-0.00349134827313826
-0.003691401504822
-0.00382423677697223
-0.00389426538085182
0.0274854415583015
0.0260732482613745
0.0245348402382609
0.0227941680354173
0.0211646561420705
0.0193371342768468
0.0176912310548666
0.0162791349589531
0.0148062822535693
0.0134736373845472
0.0125487977023547
0.011218279694531
0.0103687930931162
0.0093553554428442
0.0083419175344995
0.00759972974320413
0.00713386702261413
0.00666911724559874
0.00627991307782604
0.00599624670894606
0.00580179503757361
0.00570876528654694
0.0277458361980531
0.0265345004497637
0.0250976589493481
0.0235065748332489
0.0219059221581388
0.0203588786877952
0.0188855504409031
0.0174064021412716
0.0161777448493163
0.0149616734013426
0.0137740276016768
0.0126644672415624
0.0111669633864758
0.0097341713577491
0.00848102990291871
0.00737176507622931
0.0064226255416507
0.00558912526289593
0.00491629612157969
0.00424539539375626
0.00365879248393515
0.00318465246186737
0.0028140065231795
0.00253226858696554
0.00234981311266152
0.00225293923068899
0.0290795944312362
0.0281535654087605
0.0269415310064717
0.0283318383420996
0.0269435058458838
0.0256011919819907
0.0264184239059747
0.0257616114781213
0.0248909175911292
0.0258954883185144
0.0245005550318056
0.0230358843859624
0.0221257480485421
0.0217594078521336
0.0218106644562814
0.0223108754975747
0.0232211412071209
0.0243990876529452
0.025882495474242
0.0275227138587628
0.0292580385913831
0.0311760513866124
0.0336535933978653
0.0364325638139842
0.0383701804396769
0.039843316708023
0.0400304289185068
0.03888737941427
0.0363379165471771
0.0319860187064375
0.0268558556382261
0.022069794617324
0.0177632149193674
0.014104673894288
0.0111103173442164
0.00864595070382297
0.00678007015095804
0.00530242432700787
0.00398569615640867
0.00304693472862386
0.00240222487872642
0.00198756966626948
0.00177563858340443
0.0223872742270625
0.0192265098961923
0.0160445490131971
0.0131957489876944
0.0108110449916578
0.00875458169189124
0.00699983990862526
0.00549242141294438
0.00429128026179459
0.00334480661785766
0.00264662163035461
0.00219155723756296
0.00195572049193565
0.0229526949830613
0.0212742322970758
0.019258420781498
0.0184532773299134
0.017588801609102
0.0166502877590255
0.018258635702813
0.0170107851513891
0.0154550039635221
0.0139804554171729
0.0125497350984904
0.011135163700454
0.00979075986914295
0.00852486763382351
0.00731046011698622
0.00618536029360448
0.00512610072575854
0.00412154103736109
0.00318982173346968
0.00230409974446749
0.00148477138675837
0.000729050894970292
4.61706415609591e-05
-0.000582991639454342
-0.00113298775029828
-0.00161054618962647
-0.00203278356829454
-0.00244283466595846
-0.00280944543883627
-0.00310809718263287
-0.00333247727415206
-0.00346940438462903
-0.00354899874962616
0.0155696144231836
0.0142799198868726
0.0128024040198291
0.011283252480162
0.0099572687982373
0.00868777796032486
0.00739546935289291
0.00626446678440315
0.00531688455787695
0.00430478647516268
0.00328729361101499
0.00232882996505613
0.00151027722500505
0.000850670620568089
0.000162931383137202
-0.000460420712280439
-0.00103071025954883
-0.00152439600077723
-0.0019383596074581
-0.00223180569020972
-0.00246441357855966
-0.00267723050135572
-0.00283676473785213
-0.00291135288247628
0.016098275677457
0.0155103222016428
0.0149723250069151
0.0144176131648315
0.0139390727561136
0.0134455641341447
0.0129932443383013
0.0126519669222323
0.0123612686056695
0.0121032963698408
0.0119227586622375
0.0118155743014996
0.024347342643898
0.0230273953509056
0.0216953765990648
0.0204132272767724
0.0195249602581317
0.0190582870831653
0.0188850810852907
0.0190035189624781
0.0193617689469349
0.0199454685974821
0.0207515309321522
0.0217067106240336
0.022732453874334
0.02397754386391
0.0254287464479448
0.026874877578351
0.0281978866864635
0.0294103692506724
0.0304922752561227
0.0313927952787578
0.0320655979137116
0.0325161517930926
0.0327814524121686
0.0254662822842827
0.0256397294442796
0.02617013385109
0.0271484355954242
0.0285136949418196
0.0300660827454381
0.0316980167190285
0.0333821165598921
0.0350582416276651
0.036667201557997
0.0381486447654391
0.0393852046529131
0.0403790325156181
0.0409970118740526
0.041072803097463
0.0405300858290905
0.0392922902042369
0.0372876603546819
0.0345527771743392
0.0313433782340705
0.0279371792559359
0.0246253551408149
0.021679818077733
0.0190453399921271
0.0163784510762547
0.0138945908177327
0.0117808617037545
0.0100044923316872
0.00857662400883049
0.0074292481756665
0.00650370437718969
0.00581501363022603
0.00528976845102813
0.0049735605508297
0.00480190710205374
0.0231910950237807
0.0245264518727713
0.0264608886395886
0.0209509916245367
0.0198572535977257
0.0192884183478904
0.0258299964302754
0.0253936030021012
0.0252139355448112
0.0252588252969458
0.0254305393688298
0.0256755221216336
0.0259249183294978
0.0261206491149617
0.0262284546349662
0.0302695547622887
0.0337843965705564
0.0370347426823543
0.0399534166773911
0.0406108560559572
0.0406507790277975
0.0399301407140686
0.0382041761893472
0.0354908594070975
0.0318364818125914
0.0277161477707116
0.0236111354014088
0.0198110607190774
0.0164556641127421
0.0135262763547487
0.0110119476740759
0.00889556265249423
0.00716424309251826
0.005746936858174
0.0044561636746173
0.00325004206142529
0.00222656985439484
0.00135096681105312
0.000615601912486273
2.20569848720805e-05
-0.000449800974738767
-0.000823568005004979
-0.00109673667738288
-0.00127367172365994
-0.00136437897928883
0.0415862070998505
0.0427584573144548
0.0435932178706284
0.044399661661681
0.0447657438111686
0.0450236828788964
0.00447406426988993
0.00439464242831418
0.00454046756366258
0.00494242094565374
0.00560381641549571
0.00652837913894424
0.007722070991668
0.00920640214369141
0.0110529770970677
0.0133063209220785
0.0158682046897096
0.0186222703360312
0.0216932234508986
0.0250543717371038
0.0284104816263307
0.0317000352972683
0.0348528789257479
0.0377898288232804
0.0404336794744122
0.042709867669061
0.0445620237892447
0.0459656109429653
0.0469178112992385
0.0474461766598765
0.0476092495348935
0.0474848330142029
0.0471793207382602
0.0468384194937555
0.0466073054020101
0.00416203774684613
0.00381884397914511
0.00364134150994392
0.00365124369495293
0.00385384443021758
0.00421372070665492
0.00472133985658568
0.00546866531779685
0.00647903065329302
0.00765884960519964
0.00898148024356044
0.0106081141176427
0.0127002601492449
0.0154753677904339
0.0186004876469631
0.0218098676756691
0.0250982086866113
0.0283626762687194
0.0315431615398088
0.0346632996735159
0.0374325548840931
0.0402460044297372
0.0420069078297021
0.0436582800701383
0.0453614077541922
0.0465906011478381
0.0474790267462438
0.0480680616632217
0.0483696789174494
0.0484949033976787
0.0485190485325404
0.0485092112637286
0.0296425949418331
0.0300437093335997
0.0306381875071312
0.0312517983094615
0.0318032245530537
0.0290799189073862
0.0282869380824326
0.0274158359109101
0.0269295210262764
0.0267051496395866
0.0267884099790416
0.0271264905598524
0.0277008173380941
0.0285551188557718
0.0297267866778174
0.0309377979207706
0.0322693141782383
0.0336802538887922
0.0351369087402593
0.0365874771836482
0.0379875285277866
0.0393346749279546
0.0405117940137476
0.0419396018521838
0.043230198943686
0.0442322789033261
0.0450745050099855
0.0457537371154735
0.0462339484089263
0.0465275970834845
0.0466904374323621
0.0306310168476029
0.028190802277159
0.0244456036362895
0.033599955701093
0.0358547996152665
0.0381069419593943
0.0399969090285503
0.0220812737613247
0.0202806667991436
0.0188773823748409
0.0233747869313994
0.021985531582213
0.0202496275363136
0.0187314618941096
0.0166078926263251
0.0182033703273095
0.0166267639422121
0.0144111007726313
0.0120898245223423
0.0173946324500682
0.0159863196784461
0.0145407779862859
0.0109070125600387
0.00962238378644379
0.00830873219956175
0.00720051200127826
0.00611514909877304
0.00508494668651048
0.00417849494800361
0.00329287906523301
0.00246316850411759
0.00170010090550129
0.00099874744703073
0.000260669198516562
0.0108981647962267
0.00970811397750201
0.00849459711573062
0.00763123645916605
0.00657379614158466
0.00579587737760324
0.00490461127393758
0.00406573764052156
0.00337852005682818
0.00274001858034812
0.00212967318436324
0.00155516038126725
0.00106532625834493
0.000622228629802058
0.0001470042007577
-0.000262732918468456
-0.00067019034673963
-0.00100699281601263
-0.00131455965143118
-0.00158275559651176
-0.00179475469802485
-0.00196988733773248
-0.0021048239268471
-0.00218700731177163
-0.0022282856099875
8.20393903695909e-05
-7.06981218829943e-05
-0.000194825327205886
-0.00028166913143453
-0.000357341976144602
-0.000402623471631953
-0.000427420036867202
-0.000226918385766774
-0.000683893834953727
-0.00112498561451871
-0.00152227322058006
-0.00190225570848635
-0.0022733693425785
-0.00262662725409853
-0.00296288344312329
-0.00327567127582665
-0.00356152802586971
-0.00383241922583747
-0.00408261326967482
-0.00430172398519127
-0.00448034819983558
-0.00461845047180239
-0.00472607274730536
-0.00480037298654954
-0.004837938312299
0.0138407319888017
0.0130129594119588
0.012034993646086
0.0109307976610229
0.00981174649501631
0.00875306765331703
0.0077516520920225
0.00680467013729258
0.00590942462641387
0.00506318866162367
0.00426315750806878
0.00350599451828441
0.00278858487161567
0.00207354577030366
0.0139263815635798
0.0132918414197201
0.0126554128215403
0.0120318011131463
0.011491441626346
0.0109748855225201
0.0104883425170399
0.0100475211557458
0.00964214891034897
0.0092364190206861
0.00882607282231405
0.00845003267938168
0.00813897502788093
0.0078850597147127
0.00769296037771733
0.0075416907554827
0.00744478673565433
0.00739061397604812
0.00160368594672895
0.00117882927673543
0.000788838954842716
0.000370056214446607
-2.01391963608567e-06
-0.000322357736121161
-0.00070039670835931
-0.0011401885894353
-0.00155157383701153
-0.00189919964312588
-0.00219007312067985
-0.00244127586629923
-0.00266708911781451
-0.00286166778620733
-0.00301549893676591
-0.00312305766009051
-0.00319408130133649
-0.00323363263610641
0.00174663263666468
0.00146219166514987
0.00121370499643371
0.000993535858248234
0.000793929618740293
0.00061031965132579
0.000448070464505125
0.000316643275532304
0.00021875440269248
0.000153968972320192
0.000120713640399145
0.0151422124772594
0.0135403580352406
0.011849976247414
0.0103241398807903
0.00895286069315534
0.00766157097959194
0.00649668339005297
0.00534660306454399
0.00429632766282376
0.00332310748555482
0.00236202078755773
0.0155679604894305
0.0144039084491358
0.0134077955573608
0.0123779271565752
0.0115793052870289
0.0107260542175743
0.0100440467010251
0.00948364510956601
0.0089750639790735
0.00868987941536456
0.00841814358819728
0.00824846159037938
0.00816366568456431
0.00199262909519092
0.00168993943047606
0.00143861868785019
0.00120176560745018
0.00101807288512011
0.000866483613193417
0.000761215161400829
0.000683625537566016
0.000638513432562044
0.00175310201698837
0.00118612776395894
0.000657760399857378
0.000162997557625716
-0.000302207724281748
-0.00073585126989022
-0.00113884531792687
-0.00151919014445627
-0.00186937313545773
-0.00218854463112464
-0.00249201712352231
-0.00276501790452043
-0.00300926483884795
-0.0032315729793234
-0.00343259888591064
-0.00362022344791512
-0.00379103890654087
-0.00393504139648779
-0.00404414178163377
-0.00412785589153323
-0.00418518858887135
-0.00421386195514695
0.0404603767894054
0.0404790054457074
0.0398835336690809
0.0385893065725902
0.0365745924645997
0.0338293877499658
0.0302192113046766
0.0264797329368267
0.0238308689249446
0.0206467503415584
0.0173448994997064
0.014809737527002
0.0125044362565937
0.0103595587777799
0.00854861637570318
0.00684461699488147
0.0407609085972932
0.04111254724789
0.0409776034605775
0.0403139342821429
0.0390460273297721
0.0370592869375562
0.034225575270571
0.0305678262911851
0.0265633243805306
0.0228132696444271
0.0196708810591402
0.0171613119480493
0.0150002611182916
0.0126277636963109
0.00582203201941026
0.00473396196434848
0.0037851075816134
0.00299624447827792
0.00225208286541359
0.00163741606515437
0.00110530717828409
0.00055965412461039
0.000150303080284188
-0.000205656499714649
-0.000495659079669842
-0.000740260858244295
-0.000931895822954563
-0.00107289339218919
-0.00116764026547866
-0.00121692114455274
0.00590315628259067
0.00506851125173551
0.0042807240965312
0.00362810087748465
0.00309812449616198
0.00258519768387651
0.0021552857538612
0.00181480425725522
0.00154289507443888
0.00131443230010985
0.00111765621044932
0.000954404664033993
0.000833671424568924
0.00076731904398993
0.0112349936637132
0.0101332018532803
0.00919155598208997
0.00832976160585617
0.00757250751318571
0.0068967376822535
0.00632059262938405
0.00580287463312585
0.00531111388890049
0.00486267569842587
0.0044735531617185
0.00413278298363171
0.00381704995237635
0.00350768184527228
0.0117145718348895
0.0108808915278756
0.0102361097721385
0.00964258644552873
0.00900496322436414
0.00845108756627623
0.00803024989371849
0.00764208568806854
0.00730483153703609
0.00702100446811317
0.00677768549646596
0.00658492218145111
0.0064037327012048
0.00623861523717564
0.00608429806678157
0.00594293242499242
0.00580364623126383
0.00565480130632429
0.00550100623447913
0.00533954270869712
0.0051656277813174
0.00497657413458596
0.00477164460069451
0.00455371936590568
0.00432468378941021
0.00407985560401219
0.00382814457624791
0.00358328726551594
0.00334002239860726
0.00310896805234034
0.00288333841658808
0.00329868317728824
0.00308965006254436
0.00287894177575907
0.00266632909653088
0.00245483824040023
0.00226388614171179
0.00210458339000816
0.00194909660738551
0.00179049184841285
0.0016419785120614
0.00149522751437734
0.00135409736230772
0.00120890962599822
0.0010496250388857
0.000894081929139941
0.00074482753587722
0.000577573839805387
0.000398912394294429
0.000219381787804013
4.49893590251194e-05
-0.000130860572583161
-0.000319810299523045
-0.000515110249205896
-0.000708153725475943
-0.000903468002997488
-0.0011126458083903
0.00340876271722413
0.00333854262673941
0.00329281365378241
-0.00138513553751867
-0.00173019157443632
-0.00213474205934533
-0.00255286321094943
-0.00295449593711857
-0.003349814310558
-0.00112118584320315
-0.00113294900177115
-0.00114118037443729
-0.00114685422166368
-0.00361405122730959
-0.00380988787240345
-0.00393627860604217
-0.00400151646219107
-0.00349554565049238
-0.0035883637574171
-0.0036319816601262
0.00265026197149146
0.00246347564460216
0.00233602072272189
0.00226032105480276
0.00224590840953335
0.00230842171444005
0.00290492632097712
0.00295794650300688
0.00304502518614051
0.00316796936754
0.0033310206023714
0.00352125308602782
0.00377333426224214
0.00406298693918485
0.0044117783885788
0.00482458197939783
0.00529545000684057
0.00585131168667908
0.00648073614700628
0.00721724358565932
0.00804599820189923
0.00893356383224463
0.00995560486942634
0.00302303134563347
0.00371382562476787
0.00451315655740973
0.00535848562219976
0.00634232816735707
0.00741980667924398
0.00860145574245634
0.00988672569202018
0.0112790103316806
0.0127368264968699
0.0142859875314535
0.0159077377429783
0.0175315133848154
0.0190604645872725
0.0204172845861789
0.0215543616392122
0.022434951424553
0.023031671883509
0.0233423309694761
0.00170628626788032
0.00124346714380956
0.000848461781253866
0.000562962362183193
0.000379065380565378
0.000284462637175267
0.0113117654766235
0.0128727388118377
0.0144228104513263
0.0157638590443261
0.0169163459835592
0.0177211060740044
0.0181552177853946
0.0100630065044404
0.0102158703080578
0.0103575552108114
0.0104395539727074
