0.05
0.0372046795902182
0.0351383189902366
0.0320072037002935
0.035368308437334
0.0329136209680496
0.0302083724390167
0.0370832684233966
0.0343714868289438
0.0296031189199719
0.0261861988161326
0.0234209074765765
0.0213514868514345
0.0186414130570227
0.0154732098946609
0.0372365724724733
0.0313191118134163
0.0259240979167734
0.0250924744070978
0.0215053778702971
0.0178906841213747
0.0170224331105812
0.0165545624520733
0.016079640906961
0.015367205345748
0.0141399600220468
0.0127294003673282
0.0116013065057433
0.0107901802001199
0.0102903146993862
0.0100979734447339
0.0102198301325938
0.0369823958187258
0.0351956483662995
0.0328198322687973
0.0308775515564395
0.0292513176015698
0.0279654046634275
0.0269097128325871
0.0258162214167856
0.0284348791343136
0.0250477711005239
0.0213318695147201
0.0180116245010981
0.014441502403511
0.0311801613307373
0.0307394621458603
0.0305593993908158
0.0137900930349562
0.0133735961331679
0.0132612824459208
0.013437815266096
0.013911787614189
0.0147157809675173
0.015741627967448
0.0170552347373713
0.0187083776608919
0.0205255565744639
0.0225577340966542
0.0247199830938581
0.027024537286878
0.0293002584187551
0.0314765144883119
0.033662948808681
0.0357407549966907
0.0377614712350079
0.0397354163567029
0.0415327984590251
0.0429712241006145
0.0439679113234125
0.0444592690233597
0.0444424327173702
0.0437840754825665
0.0421183861779382
0.0394300867411185
0.0357160932858305
0.0316358246483708
0.027628461431458
0.0242002316974
0.0216177075824344
0.0199134361502466
0.0190435346661053
0.012134312496457
0.0105484049713551
0.00903865064161067
0.00762555784305458
0.00646090944556833
0.00550771467460333
0.0046628840642269
0.0040736770684078
0.00363007465289577
0.00331076475056126
0.00314542010478793
0.0301143167085492
0.0297376673695253
0.029431203154844
0.0317666179476755
0.0338717763490441
0.0363740953711118
0.0294035897951767
0.0293901918312874
0.0293924469383892
0.029157120806752
0.0291687449835943
0.0297068950812441
0.0304808373633863
0.0314503820856937
0.032782706042493
0.0343816356693568
0.0358257580528731
0.0371767105327036
0.0385785849041925
0.039838197834578
0.0409689317500044
0.0418820955898073
0.0425355839966481
0.0429492289391707
0.0431795535884936
0.0300895020646137
0.031724331575299
0.0341643976967579
0.0366873666490307
0.0385807794161247
0.0396085764030079
0.0293207219452958
0.0292899075390275
0.0292943751731996
0.0395179135510177
0.0379688408699188
0.03495356689756
0.0308454665417708
0.0261594325037261
0.021824215642244
0.0183110927802364
0.0154167757698674
0.0129666475510698
0.0109317158796376
0.00928841062882209
0.0079810496745743
0.00692653449512709
0.00604177698994444
0.005278480006837
0.0046075989415285
0.0040100663316981
0.00346606998240193
0.0029499934066787
0.00247255885514124
0.0019904184088032
0.00152591630940813
0.00107347566633269
0.000605663127575573
0.000257927901749203
-0.000169817317194195
-0.000538374612708377
-0.000879855751215712
-0.0011742407186009
-0.00140750400119052
-0.00159927875384118
-0.00174687020387449
-0.00182921156920665
-0.00188645506645003
0.0394097255168767
0.0378008238841392
0.0347834592394996
0.0299677496792962
0.0245892222170684
0.0196581661696832
0.0157037277042367
0.0122595410200503
0.00950386455757247
0.00722946834628905
0.0053664202858574
0.00380353551935452
0.00247574101241246
0.00136547626996047
0.000442110991232465
-0.000375832921967161
-0.00106207561105551
-0.00161619276523634
-0.00206968275131793
-0.00244264151373361
-0.00273359512212545
-0.00293309578728646
-0.00303729027819154
0.0288868359337662
0.0287340480829681
0.0287989746894302
0.0290272595261411
0.029369085570778
0.0297910228365754
0.0302680537854204
0.0307534734161825
0.0312060326587524
0.031604030829032
0.0319263901029114
0.0321526593123586
0.0322729231055099
0.0299271773834701
0.0308275452040513
0.0319429798164228
0.0331624703604647
0.0344800960955879
0.035834626840353
0.0371177942003677
0.0383519862345651
0.0396701953771346
0.040927828910196
0.0418790169573642
0.0422859148121888
0.0420025836112007
0.0408602959636385
0.0388003153883825
0.035889519631627
0.0325661494816804
0.0293368505121595
0.0261512842867541
0.0220791727209823
0.0176721487960357
0.0142533657292421
0.0110489119455409
0.00862928363121793
0.00661019320887018
0.00484272855958877
0.00333502116954309
0.00210750366389454
0.00115285713190056
0.000421549751461983
-0.000166172753876754
-0.000654020714495885
-0.00101983461299151
-0.00132143463724616
-0.00157506326443044
-0.00173958556845084
-0.00182507428972061
0.0375457713936225
0.0386923664864304
0.0397951032386918
0.0409258349779692
0.0418910295072334
0.0428580251567552
0.0435880482905851
0.0440515747018074
0.044284234990603
0.0441600976300176
0.043811392876052
0.0427649811143411
0.0415807544970283
0.0394108490428239
0.0361541588558107
0.0329904569000235
0.0306858229128142
0.0281510444414367
0.025887204164287
0.0241800261811158
0.0229902875271074
0.0224174177844955
0.037339548718058
0.0383656406900888
0.0394325584949776
0.0405066958499784
0.0415052668204802
0.0423959000902349
0.0431607538998266
0.0438112867078743
0.0442092549818513
0.0443922973601647
0.0442466313708742
0.0437149994880098
0.0423209592261048
0.0400516023317884
0.0369759440987543
0.0332160252765415
0.0293137626775909
0.025549308291957
0.0224255833777189
0.0193411564001988
0.0167447845476931
0.0147439602757035
0.0132454678627809
0.0121472143611425
0.0114552877244375
0.0110945489893245
0.0296750902477832
0.0290611668945311
0.0282736480184857
0.0283417729600856
0.026438833059132
0.0243126952177043
0.0279713791675675
0.0275930122799303
0.0270904786841785
0.0273842362726944
0.0259283779147423
0.0238950480655194
0.0219831797693622
0.0203659236250594
0.0187670498913333
0.0171729553321231
0.0157149828596396
0.0144961486797983
0.0134031447850424
0.012498701294937
0.0117678708320223
0.0111448084448092
0.0105016376403501
0.00988996739944228
0.00950990102600166
0.00924362545851204
0.00919576009461784
0.00933701931286243
0.00966930173256149
0.0102838232367449
0.0111775761440343
0.0123124465260963
0.0137563655526987
0.0154981304546896
0.0174689039377446
0.0196270389102922
0.0216915454181757
0.0236600641613106
0.0257206776052039
0.0273832781001101
0.0286266705227554
0.0294731526070389
0.0299209403043918
0.0280083352820253
0.0292546176457119
0.0304013221823286
0.0311655228958924
0.0314605478126504
0.0313364017982063
0.0308587025672577
0.0301084527195399
0.0292519365975776
0.0283990122178923
0.0276641222070551
0.0271356605377359
0.0268457235307378
0.0242196644869002
0.0216423615670067
0.0185978357107113
0.0173464617334745
0.0160511063544974
0.0146913486847973
0.0172864424370474
0.0157722199682205
0.0139922774785162
0.0123850049687296
0.0108875134337536
0.00945684697061396
0.00813524235598107
0.00691985813978232
0.00577694223948103
0.00473543047317598
0.0037678911663975
0.00286003136833416
0.00202473698216958
0.00123519920375958
0.000507465688528657
-0.000162590912562806
-0.000767906898282558
-0.00132609122276
-0.00181487249294564
-0.00224023926977977
-0.00261727930260588
-0.00298433979974004
-0.00331320712465774
-0.00358158132250316
-0.00378348820912761
-0.0039068137820883
-0.00397854508061227
0.0134647260567908
0.0120840739211206
0.0105702875561175
0.00906426934120062
0.00778132042734299
0.0065764492964609
0.00537012262301948
0.00432817100943193
0.00346338181158452
0.00254664426996018
0.00163066275953718
0.000771512372778065
3.95035019592864e-05
-0.000549837618158137
-0.00116428629393481
-0.00172160387769732
-0.00223210427470693
-0.00267469679085293
-0.00304639241854301
-0.00331022721228003
-0.00351960114204295
-0.00371136585935742
-0.00385524396091045
-0.00392254819407013
0.0136616278841078
0.0126601808853791
0.0118123094015675
0.0109941448807729
0.010325362458312
0.0096663102458855
0.00908538426584658
0.00866003434805338
0.00830651836861593
0.00799883378434663
0.00778614017789572
0.00766089572392873
0.0229467459626128
0.0212573341854671
0.019239310912959
0.0168752893802133
0.01471583361617
0.0129674246678474
0.0113161779013424
0.00977677549493965
0.00842181733555515
0.00714254360371846
0.00592551421708415
0.00484108164369785
0.00391020671198503
0.00296774991945157
0.00201403106990657
0.00116484191003676
0.000453697271312194
-0.000153930461769641
-0.00066650607639095
-0.00107493869727957
-0.00137063148995747
-0.00156450500145507
-0.00167703261363278
0.0231404623201241
0.0218084010751657
0.0203100227663152
0.0186086409589443
0.0169468799511407
0.0155622088683446
0.0144957950942754
0.0137287617756813
0.0132635661088652
0.0130938064629495
0.0132124435358488
0.0135963662455357
0.0142680117158359
0.015254883948205
0.0164925092138352
0.0179334543183614
0.0195666670851661
0.0213819629619437
0.0233427061451964
0.0253702435887076
0.0274402082999502
0.0295098360805815
0.0314926814423484
0.0334620254865791
0.0356969979080437
0.03798939927257
0.0401057530529152
0.0419988049082256
0.0435800678226584
0.0448694713569672
0.0459033947993939
0.0466564324367885
0.0472138900981808
0.0475400237761667
0.0477132292414286
0.0140730394499131
0.0124447241708292
0.0104776450693574
0.014886190120927
0.0144297943467041
0.0141961461304791
0.0089886444830973
0.0075654315212933
0.00631096341404354
0.00523639675523657
0.00443505071938749
0.0037700820442913
0.00327095723505965
0.00294360351028501
0.00278003078555462
0.00915908164497715
0.00817933073578074
0.00745062052008657
0.00695646570025127
0.00799179446699023
0.00913793416896484
0.0105771372321395
0.0122898018002547
0.0142076325113635
0.0164282751625975
0.0189033293441247
0.0215853462037421
0.0244198369780524
0.0273122531953827
0.0302051723532194
0.0330021775824669
0.0356050006734922
0.0379080568128396
0.0398872157666056
0.0417048726004261
0.0433172889783788
0.0444989670140662
0.0452363817664521
0.0455096199343344
0.0453429531789711
0.0448093328420206
0.0439927695523793
0.043076321398536
0.0422909344083491
0.0418153460032874
0.00564574249404192
0.00464397666849402
0.00390596351333444
0.00317514897299712
0.00283885875493008
0.00259970731393937
0.0104128794020506
0.0110232293503703
0.0121564991000503
0.0138295493369897
0.0159760175827217
0.0185358551320451
0.02141967018405
0.0245339454596238
0.0278417628599416
0.0312190107425196
0.0343953930951857
0.0372210437496073
0.0398100817389269
0.0420593682891629
0.0437006348132789
0.044635497142419
0.0447062063050583
0.0436654165213437
0.041147820064278
0.0368972492442823
0.0313747205686175
0.0256650002737194
0.020625701767173
0.0165671332612757
0.0134521061703821
0.0111500565340312
0.00954072177868111
0.0085302866309232
0.00802866211939329
0.0105088192894285
0.0110895799685848
0.0120303621799662
0.0133366631036591
0.0149960740242548
0.0168207522561368
0.0188188387235045
0.0212421654941072
0.0239682510858977
0.0266255247729462
0.0291226063026313
0.0316748794326497
0.034376184568905
0.0373200523498961
0.0400031179221939
0.0421549076141537
0.0437459729662446
0.0446757132609773
0.0448373344241204
0.0440034611784577
0.0419492526885313
0.0378349582956261
0.0339655817228555
0.0293804213968908
0.0237637374941616
0.0192153972362182
0.0154930741489952
0.012486852392789
0.0103630308699649
0.00884568400077538
0.00788312729980385
0.00739367866052367
0.0247352126371027
0.0232586827060624
0.0216413971852092
0.0200499059806977
0.0183666088896451
0.0249961004453692
0.0229668963875877
0.0199917909057874
0.0176023195279333
0.0152964102056532
0.0131103866383912
0.0114591628173107
0.0100095450611063
0.00858343941823096
0.00719132264314971
0.00612571139559284
0.00522037239482567
0.00445956418496559
0.00382653054424046
0.00331375527457477
0.00290850187019188
0.00258957635835461
0.00236099718722038
0.00213605987379222
0.00197180474288582
0.00186788130404179
0.00179708481717516
0.00175168366601991
0.00172630598935817
0.00171371264924612
0.00170786135525927
0.0168732389764488
0.0144061026153973
0.0112500746674988
0.017515068513743
0.0162252972293469
0.0146471649043629
0.0129104256572501
0.00962281766867468
0.00847133852171281
0.00761936375024754
0.0101110676225632
0.00908593029163895
0.00803580758365166
0.00720898845330779
0.00612425918740177
0.00737514703272119
0.00689707229274819
0.00628078576057305
0.00567228022849422
0.00666470279377855
0.00579665412659262
0.00492458571118229
0.00565125796105691
0.00568066270048768
0.00575926996632566
0.0058635160832294
0.00600233784562549
0.00617447528223104
0.00637226121350144
0.00663310173979358
0.00698131330615008
0.00744866569504065
0.00806638871197038
0.00897433713768704
0.00512766649181473
0.00458677384710624
0.00404024382419964
0.00365664650604595
0.0031955422243096
0.00286493327899478
0.00249806606423604
0.00216776354052097
0.00191086378559184
0.00168578247716317
0.00148545532895918
0.00131335934176732
0.00118303197733494
0.00108170319517013
0.000992890044976085
0.000934611697455635
0.000897878583519005
0.000888149514672878
0.000900443706641901
0.000931962171949403
0.000973470553019785
0.00102094620156133
0.00106682633435488
0.00109894951946509
0.00111640029850966
0.00807172099460824
0.00739006223580991
0.0069116133236514
0.0066211638041682
0.006402710614373
0.00628714924614327
0.00622936395533163
0.0109309903230422
0.0131335366085646
0.0156728638762994
0.0183422900424958
0.0212361938780503
0.0243532084245958
0.0275337740583329
0.0306992718611921
0.0337196775350286
0.0365099353439101
0.0391469845969267
0.0415342663058496
0.043539324640137
0.0450748011473446
0.0461764043158721
0.046969540520705
0.0474781416404527
0.0477220439521415
0.00459497826581177
0.00421131505355399
0.00376157544674481
0.00325451935741854
0.00273906176673576
0.00224846388298821
0.00178088406221603
0.00133524261365841
0.000911006970945967
0.000507996552174022
0.000126236055030985
-0.000234400093140432
-0.000573965762827956
-0.000908688972168758
0.00445987307220519
0.00397507361135539
0.00348249115811961
0.00299243194313214
0.00256051239135985
0.00213974461566461
0.00173484668881307
0.00135962088494612
0.00100702216203356
0.000647138225157256
0.000276746956128998
-6.79200342738357e-05
-0.000356803435548323
-0.000595278670721066
-0.000777365750668027
-0.000921811413399478
-0.00101481635075265
-0.00106698490752256
-0.000896579114792731
-0.000862097208031856
-0.000812045695665069
-0.000737579624737654
-0.000650822893281645
-0.000558635723521865
-0.000429810877291109
-0.000257134084522466
-7.46377491372453e-05
9.78049259816791e-05
0.0002579361475705
0.000410632745426595
0.00056191804555016
0.00070507419484872
0.000827970886592238
0.000919516866791409
0.000982752820895646
0.00101906568787225
-0.00124383633511629
-0.00154638836820467
-0.00181960632197813
-0.00206903506972293
-0.00230129393239241
-0.00251995294570138
-0.00271689477398234
-0.00287886063962335
-0.00300090534699397
-0.00308234792309486
-0.00312436778293862
0.0056214807837437
0.00508908789424991
0.0045356027153385
0.00403810398607663
0.00359123601991562
0.00317183168424731
0.00279840331453846
0.00244109575292642
0.00213466287946596
0.00187949813738732
0.00166754175157602
0.00537501665004605
0.0045344912284293
0.00380414527463374
0.003031498212618
0.00241636754150384
0.00174021369248984
0.00118417797281597
0.000715862945706418
0.000281031009827597
3.33211939359214e-05
-0.000205785389049849
-0.000356548754834934
-0.000432330896540533
0.000939723159358352
0.000321145391141623
-0.000206618762203909
-0.000715572697933505
-0.00111749497543625
-0.00145380919801855
-0.00168965536376598
-0.00186472054988759
-0.0019670041632991
0.00212286025367715
0.00263533212597916
0.00320858972371175
0.00385091568152376
0.00457370547057127
0.0053811838982405
0.00628162427154507
0.00730393972224486
0.00843762724368832
0.00967762298057728
0.0110881952103622
0.0125976646842757
0.0141875471340571
0.0158752717630779
0.0176298184896512
0.0194719442371754
0.0213139326873757
0.0229843751824719
0.0243162132638491
0.0253741975622143
0.0261153116350796
0.0264905606497236
0.0120911536131899
0.0111399801584011
0.0101431243487672
0.0091843361707914
0.00827111004923394
0.00737791548815903
0.00643428862531044
0.00555306065113713
0.00493564601896472
0.00417294960822574
0.00332454666670915
0.00261208482444264
0.00190352819096716
0.00118177273390088
0.000520120262026323
-0.000147351387131283
0.0121563006112231
0.0113646449604205
0.0105900277157988
0.00985350916994477
0.00913796410271917
0.00842824186664678
0.00770662863751765
0.00697037392877098
0.00625909184832332
0.00561319181633691
0.00505891898688669
0.0045971771385973
0.00418212387552761
0.0037074339219476
-0.00057597120250584
-0.00107213652989585
-0.00153945723435842
-0.00195539943537328
-0.0023733617634401
-0.00273879162407332
-0.00307114176319675
-0.00342884497668268
-0.00370864214907965
-0.00396048141068854
-0.004171695840718
-0.00435422838323605
-0.00450008642678112
-0.00460903331390214
-0.00468304303192124
-0.00472180313844873
-0.00053169038502122
-0.000902567077756357
-0.00128023848005176
-0.00161500324740273
-0.00190303012750446
-0.00219729525078424
-0.00245647155052972
-0.00267047184406933
-0.00284737910981247
-0.00300044346682649
-0.00313567462201711
-0.00325031077884113
-0.00333652478387968
-0.00338442189968545
0.00336836175977152
0.00308621230135438
0.00283545142063951
0.00259945745047443
0.00238923123286949
0.0022023675981835
0.00204706576473402
0.00191447588725033
0.00179933000167967
0.0017091389036044
0.00164822825557715
0.00161388802721117
0.00160391681335409
0.00162090671829136
0.00357463451077634
0.0034558648110426
0.00337080069403595
0.00330509773168811
0.00325573777296469
0.00324147131338687
0.00326463972740033
0.00333294430964536
0.00345054069965027
0.00361872989558389
0.00384494628522281
0.00410650275282441
0.00444825266674688
0.00486736353501452
0.00537187823082068
0.00593757760563334
0.00658879367625644
0.00737517267672569
0.00826778373256444
0.00927477702237632
0.0104258297270556
0.0117478958484529
0.0132651565737009
0.0149848091421665
0.0169288734628353
0.0191882852708771
0.021736714584231
0.0244586657304069
0.0274178232839941
0.0304989861412438
0.0338585475884347
0.0017539766882341
0.00192739999072779
0.0021483295077785
0.00242469659579832
0.00276195492971528
0.00313123465418435
0.00349723843572295
0.00391652470470351
0.004419605253413
0.00497130915584465
0.00560401492565
0.00630505800720125
0.00713134275085413
0.00816623286573162
0.00930539219036595
0.0105218292472237
0.0120334516109457
0.0138241268540659
0.0158006849611751
0.0178733878229687
0.0200871933557742
0.0225618032727599
0.0251677936077344
0.027733986396866
0.0302688289311127
0.0328714466913746
0.00150491015829583
0.00142089814211682
0.00136537612844968
0.0353428967669244
0.0382113549488036
0.0412215070951925
0.0438821922968491
0.0458989364044177
0.0472941910555898
0.0339155265344028
0.0350867262033693
0.0358244482824491
0.0363008128045186
0.0473874000058779
0.0470036115249796
0.0464554435393431
0.0460410692581087
0.0481119416734223
0.0485191548534915
0.04868166799513
0.0360787127088972
0.0383311419886921
0.0403736303242141
0.0422094810350828
0.0436991590572317
0.0444964441729052
0.0353110638790407
0.0368449235588564
0.0384950889576487
0.0401718233076915
0.0417732614661966
0.0430607616331709
0.0441015834142304
0.0446021557953767
0.0444568856619175
0.0434243010417382
0.0412599911322599
0.0376249202976271
0.0328039026223695
0.0273054044879057
0.0220441124655052
0.0175315231044519
0.0133957092640701
0.043112412691331
0.0409645894019002
0.0375978948297305
0.0334494617971024
0.028607737453752
0.023946240244041
0.0198046040092227
0.016295619003221
0.0133681781460679
0.0109905688846103
0.00900261993047736
0.00733868301264066
0.00597638351201312
0.00489596607027607
0.00406151108543848
0.00343348620257566
0.00298416095956563
0.00269571212342231
0.00255033412004992
0.0459154543642402
0.04665638065296
0.0470476809393337
0.0471944908627237
0.0472263281893577
0.0472220033487846
0.0107708084371072
0.00843376394870598
0.00658594033658206
0.00526232082369999
0.00428408678861365
0.00367096152102116
0.00336159891110745
0.0110046023055367
0.00909800981052832
0.00785034592200188
0.00725355100301103
