0.05
0.0370826044469997
0.0346086430936606
0.0306811196554207
0.0351949122106479
0.0326092767054925
0.0296817010714201
0.0369902569231129
0.0341133025503601
0.0289523176918103
0.0252338241648349
0.0222734275558918
0.0201143734853518
0.0173782737735641
0.0143146597947094
0.0372150411122458
0.0344780940000674
0.0326309556976368
0.0325396971668916
0.0329130352643389
0.0333558269454263
0.0333820918784477
0.0332881256425677
0.0330041075373372
0.0321746349139553
0.0299509420987974
0.0265122479175661
0.0229187195168242
0.0194897705684696
0.0163392358614754
0.0134835032117551
0.0107662148906959
0.0369100518403479
0.0351667445275827
0.0328769274853698
0.0310489167205123
0.0295796981238922
0.0284891705940822
0.0276795476487454
0.0269486826948131
0.0271764437677169
0.0238788504174631
0.0202978698668921
0.0171305427130098
0.0137521377871684
0.0291115574590375
0.0279605490283789
0.0270375205805
0.013171368485903
0.0128251108620048
0.0127750322536879
0.0129995033793251
0.0135142417771977
0.0143515185317093
0.0154016090099552
0.0167350848064532
0.0184058853363674
0.0202388455927956
0.0222872548625146
0.0244665489980466
0.0267893877994261
0.0290830921463012
0.0312761673341789
0.0334789030972057
0.0355715947738946
0.0376063027334128
0.0395935350881808
0.0414025751325034
0.0428494811918325
0.0438502152033951
0.0443398293753313
0.044314933995106
0.0436381017046585
0.0419408463865724
0.0392185355367966
0.0354834993687031
0.0314071558343292
0.0274231115464891
0.0240250307097792
0.0214691849654425
0.0197837103381651
0.0189236499652872
0.0115391708796796
0.0100196723107643
0.00857391261483962
0.00722105751633923
0.0061060948866894
0.00519348001442016
0.00438447831516756
0.003820151555428
0.00339520635970964
0.00308927848498386
0.00293084588614737
0.0261782892439265
0.0252876867677003
0.0243208656971788
0.0273821600559206
0.0285200224941253
0.0302137979815719
0.024123868997727
0.0239261921112225
0.0237268285192161
0.0235643236067889
0.0228773046790925
0.0226571923148217
0.0229349566939753
0.0235107555452008
0.0244705586268052
0.0257604631340485
0.0270118000962416
0.0282422340248046
0.0295742236040261
0.0308166862286801
0.0319697305445281
0.032928852316521
0.0336325222024216
0.0340865827885931
0.0343428156970211
0.0245662052393929
0.0266025460406803
0.0297903051239259
0.033417317322111
0.0367514549834527
0.0398956501038078
0.02331408863033
0.0229681009510369
0.0226507344650328
0.041182719000593
0.0418378596186497
0.0415082268095816
0.039940046015921
0.036776094694233
0.0322855243300858
0.0275094932878242
0.0229606339901632
0.0188521785837451
0.0153827499870996
0.0126066036094574
0.0104449623610242
0.00874795091170186
0.00736610682898275
0.00621110102719509
0.00522824240798607
0.00438023468053726
0.00363108269113389
0.00293983044468721
0.00231563107228912
0.00169814552901314
0.00111297353923677
0.000549631761853515
-2.87427717078314e-05
-0.000458057734624463
-0.000987525998938229
-0.00144760468375409
-0.0018796121575742
-0.00225884024204943
-0.00256561408602116
-0.0028234002721915
-0.00302612322649474
-0.00314097219578329
-0.00322189928700879
0.041142579710394
0.0416143574323563
0.0410567474027611
0.038844757927359
0.0347153720549685
0.0292175807965495
0.0238237100796228
0.0187098742682257
0.014543188809854
0.0111403387511352
0.00841562463465566
0.00619355863694189
0.00436324098766387
0.00288004144498325
0.00168287545001555
0.000652205513956093
-0.000190121031798824
-0.000855121044455964
-0.00138917241149034
-0.00182147385126032
-0.00215439291121426
-0.00238047493900103
-0.00249782820194391
0.0216151712439067
0.0208873620801332
0.0204387010549182
0.0202176279248142
0.0201663360106719
0.0202404882810474
0.0204089078555666
0.0206338313070153
0.0208765157784956
0.0211099746784576
0.0213104239917534
0.021456479645754
0.0215358100564885
0.022983286477032
0.0236389960704107
0.024587371954047
0.0257381267819508
0.0270889073325475
0.0285891841628381
0.030131759111273
0.0317625446669875
0.0337239750025069
0.0359342623453937
0.038147132508679
0.0400936907405394
0.0416608357588624
0.042825325025112
0.0434502119846205
0.0434672256473929
0.0428133644909954
0.0415020852893305
0.0393867807811823
0.0353841453813553
0.0296604177858018
0.0244818233098734
0.0192512035146399
0.015226547741702
0.0118824473511889
0.00899877572758671
0.00659146965502931
0.00468028909425205
0.00323189620449941
0.00214895945823781
0.00129782242422635
0.000606072277793495
9.71893714412134e-05
-0.00031526826890869
-0.000657044196568199
-0.000876422155424265
-0.000989654495718675
0.0311902630057815
0.0322867276534
0.0334641443479927
0.0348110211916599
0.0361091972762787
0.0376238673593395
0.0390483629638527
0.0403138533479188
0.0416637635313956
0.0428814595185734
0.0437017683211377
0.0448111609203027
0.0454390708566433
0.0460637592255087
0.0464914755786374
0.0466235058011902
0.0465992965265114
0.0464625951435768
0.0462376504442719
0.0459945509730697
0.0457799875258778
0.0456619747469879
0.0308670590482459
0.0316921927924879
0.0326694705220453
0.0337743347855706
0.0349276309620738
0.0360933171224789
0.037255323764385
0.0384719066218916
0.0395114569220244
0.0405485148542439
0.0415298380890418
0.042368004566879
0.0433198488341496
0.0439274672642473
0.0440277622578191
0.0435310666344614
0.042395696878024
0.0405641117784754
0.0382708684337876
0.0350258297187227
0.031343652877897
0.0278917431851943
0.0250046358977751
0.0227491173533164
0.0212777272292089
0.0204965555566123
0.0291294159770812
0.0284988942872627
0.0277040834228008
0.027587240942211
0.0254389841152454
0.0230471760024696
0.0275365146624803
0.0273417618550671
0.0270993034221811
0.0260948732491553
0.0234353373897078
0.0200020972920865
0.0171716194057453
0.0151006251017761
0.0133274680216645
0.0117991155754608
0.0106047869410639
0.00978166317164488
0.0092287852831375
0.00897075979075144
0.00899483584330528
0.0093206764897772
0.0101151998761129
0.011500064614482
0.0130670873947088
0.0154483345073946
0.0178722025880489
0.0208349334110413
0.0238856341723559
0.0274174425073867
0.0309272967907082
0.0341491783341006
0.0372018491899489
0.0399619434647305
0.0422907377577465
0.0441456135522695
0.0453836179192218
0.0461406411110941
0.0465069293047208
0.046469199432422
0.0462132376300967
0.0459030268530373
0.0456849835982947
0.0257844950548064
0.0240633234358872
0.0221453027701465
0.0202284997047406
0.0184794847411683
0.0168765633675381
0.0154501096983458
0.0141882650157231
0.0131623946766551
0.0123426383884359
0.0117319815985204
0.0113313651293624
0.0111229243931816
0.0271381826539518
0.0271813796776644
0.0270907709818525
0.0274532787593695
0.0277481340932413
0.0279736303365929
0.026029699967034
0.0245246420369417
0.0224922880250024
0.0204777076997603
0.0184930371611433
0.0165463021443342
0.0147389441053732
0.0130893641665515
0.011559936529289
0.0101896816187769
0.00893900222985016
0.00778593468115645
0.00674299759493483
0.00577338783842579
0.00489391149089741
0.00409652951796572
0.00338664330905063
0.00274102668911491
0.00218306880921888
0.00170356672470936
0.00128349875474379
0.00087877032259408
0.000519170651033509
0.000227682477599913
9.51026539028121e-06
-0.000123300559530228
-0.000200375829215623
0.026363263687071
0.0242764185500397
0.0217929129288608
0.0192432698917679
0.0170820365063937
0.0151003834020033
0.0131864860186075
0.0115976513868053
0.0103247463043813
0.00902014960187387
0.00776031736307845
0.0066157910500661
0.00566694083337767
0.00491944495338977
0.00415522457264464
0.00347453739576433
0.00286095340758175
0.00233626724628098
0.00190060686426483
0.00159396449403497
0.00135221232659067
0.00113206241618173
0.000967605874459354
0.000890868242911174
0.0296505171509333
0.0311683567915636
0.0323338648061198
0.0333249483726214
0.0340179429298317
0.0345790004058981
0.0349588990917416
0.0351584071682912
0.0352616986051312
0.0353027060681865
0.0353073346818942
0.0353000537961991
0.021455969709883
0.019545926805088
0.0173337865960008
0.0148144847791111
0.0125700588619766
0.0107916092982601
0.00914566279155883
0.00764135122239381
0.00634156100463005
0.00513581286290746
0.00400901778423257
0.00302293112117864
0.00219129945386746
0.00136376048341869
0.000539554995681412
-0.000183598481001671
-0.000781250001524264
-0.00128592111002465
-0.00170719138648338
-0.00203986306795678
-0.00227901323894265
-0.00243502457291471
-0.0025252544493188
0.0218157723353272
0.0204700707139718
0.0190117332471797
0.0174133147768963
0.0159058685937388
0.0146956323736768
0.0138066172309421
0.0132157733574269
0.0129211782702191
0.0129150771390633
0.0131912366963021
0.0137223410769916
0.0145419759584441
0.015678159043834
0.0170562215254248
0.0186256972578306
0.0203750029950304
0.0222918182898428
0.0243358522059376
0.0264252855491066
0.0285368744551252
0.0306295367462453
0.0326187835317676
0.0345796328341232
0.03678801547931
0.0390353016712344
0.0410896643561054
0.0429046357617232
0.0443987046193336
0.0455976068239559
0.0465427903988203
0.0472199989913002
0.0477137678439113
0.0479992844707869
0.0481496947500966
0.013097242776148
0.0117293928288251
0.0101311646285511
0.0136106666698479
0.0130682397521381
0.0127921488722835
0.00844812478571933
0.00685025997685437
0.00545057651417363
0.00425815458418366
0.00337278649297975
0.00264071813742262
0.00209282041659589
0.00173424044664107
0.00155529887811343
0.00962074298451057
0.00945261572898973
0.00960197633480024
0.01009869292048
0.0122933832172657
0.0145614282109692
0.0172385785098925
0.0202023368875417
0.0232369268425763
0.0263902900917627
0.0294940225112304
0.0324465574335504
0.0351855102139455
0.0376305843144003
0.0397279440214288
0.0413715781443657
0.0424454147181745
0.0428461042736048
0.0425226963226587
0.0413006007708405
0.0388781695613665
0.0354108775286916
0.03120617538675
0.0268774805139293
0.0230300902900117
0.0198645982208982
0.0173460202010613
0.015519686654406
0.0143487234303245
0.0137531512771321
0.00862145764486249
0.00752215790481754
0.00673235042324606
0.00597137036088796
0.00562734452840975
0.00538609832216106
0.00957405409538337
0.00842171361200111
0.00731263314483804
0.00631030075808565
0.00546995327614166
0.00478880257120666
0.00425017090023537
0.0038323118337243
0.0035130586161581
0.00328709730614151
0.00315501611549779
0.0031047122573275
0.00312668420755572
0.00322748362537858
0.00340607506746063
0.00366664537853284
0.00401589218648303
0.00445969356989036
0.00500245573570952
0.00564540520313928
0.0063861039429569
0.0072193983513305
0.00812707966004002
0.00907208194909073
0.01000525056004
0.0108661545237946
0.0115861480286475
0.0121012652609889
0.0123787520977082
0.00921058988252426
0.00797710002702326
0.00685915232343098
0.00588887153735971
0.00506571126911745
0.00442498950075307
0.00390456491906535
0.00343162757203666
0.00303438235214119
0.00274180230798333
0.00253278966591826
0.00237693147016194
0.00226671943181851
0.00219872397602483
0.00218373675057821
0.00221956991929465
0.00230616204600547
0.00244487661988799
0.00263904170912318
0.00290122529771043
0.00321475537849551
0.00364563404259069
0.00400275264983785
0.00443751202998193
0.00507449191289397
0.00577199982838398
0.00652450503969745
0.00730985023334231
0.00800271442664185
0.00859559977964216
0.00902589420807033
0.00926461119491253
0.0267250780913266
0.026693525037966
0.026909770434133
0.0273357153145783
0.0279756372973849
0.0259983282535617
0.0238248903476045
0.0207502305510674
0.0183255045476275
0.016008175774515
0.013815495078407
0.0121509207576601
0.0106757010441133
0.00920675022410626
0.00774969364468066
0.00661129194918591
0.00562095125130638
0.00476564998698154
0.0040310220979461
0.00341330631572812
0.00290318052004998
0.00247967291967241
0.00215621008463118
0.00181116097223434
0.00153266988685993
0.00133515313362403
0.0011812467790581
0.00106495741599605
0.000986861148212802
0.000940771969998249
0.000915834349330774
0.030090351827894
0.0336603773096759
0.0380864407106208
0.0267873572806171
0.0253308770501425
0.0239686637690978
0.0229861660193258
0.0402859148345118
0.0417435700918101
0.0427386710311358
0.0395600069188135
0.0407859611705012
0.0419981954669483
0.0429118195657789
0.044003011708256
0.0428837158574236
0.0426873699461584
0.041687198535243
0.0393793640913062
0.0437783837868581
0.0445207499205723
0.0450301613068918
0.0374034727529148
0.0336146640906187
0.0284868261055175
0.0237855479382843
0.0193123649716987
0.0154462892071531
0.0124165482214412
0.00978898957402688
0.00759437327536743
0.00577062712225559
0.00422970847875934
0.00271606467612741
0.0374514704588466
0.0342824098746773
0.0299579282567962
0.0265115956503961
0.0221725280046619
0.0191232008910226
0.0158934852854907
0.0131605759757236
0.011145011169006
0.00944577541926201
0.00796607786266503
0.00669296310674296
0.00569440836572652
0.00485635232561567
0.00401645749580939
0.003331245923997
0.0026823130170218
0.0021678414033141
0.00171433006193503
0.00133068911530114
0.00103466695121437
0.000794783913184958
0.000612741609439114
0.00050298317584979
0.000448181188029708
0.00223357626565498
0.00184893943346521
0.00155483998157603
0.00135832188111377
0.00119357713586419
0.00109762004017118
0.00104597571569421
0.00188917557505404
0.00116868348315869
0.000520432692135541
-2.67463833857958e-05
-0.000519558910996964
-0.000973809133330058
-0.0013829425163978
-0.00175263941852063
-0.002080382249619
-0.00236719107133337
-0.00262846002962649
-0.00286126691564466
-0.00305889953527628
-0.00321598103636525
-0.0033350794466376
-0.0034265033271299
-0.00348892116473294
-0.00352026392020925
0.0448900248582101
0.0444542935051754
0.043545456823017
0.0419539088228265
0.0396132473817093
0.0365830635715729
0.0329817318273251
0.0290837325490951
0.0251960404243807
0.0215430019846368
0.0182323359122723
0.0152801572012885
0.0126548673646996
0.0101866998400458
0.0454355606755316
0.0456785079084328
0.0457514895174595
0.045637287937931
0.0453431377408937
0.0448198383187835
0.0440086733592699
0.0428887871130278
0.041432309594294
0.0395028938319256
0.0370539624984472
0.0343778920459046
0.0318681491923047
0.0296403205786177
0.0278663699645758
0.0264274537399276
0.0254922460048396
0.0249658410377336
0.00879689873960567
0.00764988906215991
0.00667302603234336
0.00569985454534377
0.00490035278248245
0.00426016422307756
0.00355379913172354
0.00278072524771653
0.00209390948841599
0.00153745545968557
0.00108725388110678
0.000708969274890868
0.000376761635006737
9.61060210411342e-05
-0.000122320783421721
-0.000273337009647241
-0.000372297264368384
-0.000427129742462492
0.00897988378261637
0.00799741963437392
0.00719165783137315
0.00651895293983833
0.00594185349769893
0.00543665789528729
0.00500851155821561
0.00467322985366769
0.00442997466901615
0.00427198054306257
0.00419182171645801
0.0441607074915572
0.0439506831943626
0.0430277400408949
0.0411048011072337
0.0379949427084957
0.0335953642608274
0.0286318985753515
0.0233393925582443
0.0186149061354876
0.0145126289097837
0.010743811745642
0.0448628308479031
0.0456378262790044
0.046135839655433
0.046429224411172
0.0464218825764622
0.0460503967709503
0.0452984944845112
0.0441692740561837
0.0424901954380553
0.041176856168916
0.0395655770617599
0.0383584692544249
0.0376887580394685
0.00900336595359934
0.00769618629105
0.00668925839865723
0.00580581575480092
0.00516235476683035
0.00465876935366166
0.00432292541263897
0.00408293861630888
0.00394650563875904
0.00880139666609743
0.00716500029521441
0.00578021087646646
0.00459711370998827
0.00357685438896497
0.00269933975064711
0.00194192628608828
0.00127409011614992
0.000696143647492552
0.000197700764442801
-0.000253065878914567
-0.000640767564071329
-0.000974062757553491
-0.00126655138791853
-0.00152246682355328
-0.00175461088180515
-0.00196097736309296
-0.00213149964809863
-0.00225869631063559
-0.00235514113270713
-0.0024206173043934
-0.00245318975514694
0.0228577890704972
0.0231253350461263
0.0238178078094116
0.02487136949244
0.0262213145204991
0.0278515852629201
0.0298752487477078
0.0319949688245372
0.0335746270318949
0.0355961653360498
0.0378545696194277
0.039658906181496
0.0412642297771335
0.0425627735469972
0.0432872589854564
0.0433889983114892
0.022643051425944
0.0226781052730057
0.0230942465684003
0.0238541970419828
0.0249478567654596
0.0263885853234842
0.0282199602888319
0.0304607744499283
0.0329566407660997
0.0354623299521552
0.0377407580517197
0.0396747544107407
0.0413888472895926
0.0432537491344338
0.0428156401544719
0.0409461794633495
0.0377548811226572
0.0336642858643881
0.0286789727144673
0.0241047638944024
0.0200915140784714
0.016123262559778
0.0133184158817257
0.0110241738335715
0.0092601324872627
0.00784795370933697
0.00678985461607352
0.00603835080382809
0.00554635320207149
0.00529469270204099
0.0431015383614632
0.0419072263772108
0.0395640823483559
0.0363601528808681
0.0327654440137012
0.0284815259784883
0.0244960975795978
0.0212417023880583
0.018659477804696
0.016539285823613
0.0147677040393433
0.0133439905924531
0.0123202127595086
0.0117684013003887
0.0440999530050674
0.0445719642124521
0.044702456050043
0.0444234147144711
0.0436233606999246
0.0421579110626447
0.0400115737602129
0.0370885278130943
0.0332883939266603
0.029041874841179
0.0249774428457017
0.0213202238782449
0.0179739002942596
0.0148029734881556
0.0441175780151756
0.0448263679415129
0.0452584973405773
0.0454618340651864
0.0453412102463063
0.0447326743254743
0.043598929478978
0.0415319309441665
0.0384194163400642
0.0344364165948254
0.0299439748856795
0.0258858991021469
0.0219372979000759
0.0184929581797685
0.0155957547947235
0.0133122581107602
0.011436486952748
0.0098161650391935
0.0084910023603173
0.00739418296553514
0.0064592207504479
0.00564703116283842
0.00493173378906986
0.00429872554080986
0.0037286572712531
0.00319049536342851
0.00268495391440315
0.00221768173141189
0.00175889696457388
0.0013095639400048
0.000835376222071424
0.0130149078307875
0.0113571182542425
0.0098171285667769
0.00839243718338809
0.00710008551113866
0.0060382214133152
0.00522852497349132
0.00450598460822609
0.00383715893709468
0.00327081070791491
0.00276511444021212
0.00232602919117971
0.00191898935134826
0.00151765893256648
0.00116268087349406
0.000851109493636176
0.000531130856695278
0.000218169847563002
-7.12379291702268e-05
-0.000332272366977996
-0.000578640294911793
-0.000827456152238898
-0.00107005554753178
-0.00129752994259576
-0.00151699091138847
-0.0017419438649331
0.0134708218656993
0.0125431436539701
0.0119489377747002
-0.00200312886864036
-0.0023201678179142
-0.00267864619757016
-0.00303853991856739
-0.00337696768093636
-0.00370553729110649
-0.00177637311543919
-0.00180931610436144
-0.00182790253149659
-0.00183897815493151
-0.00391977071707342
-0.00407753616454517
-0.00417914048091086
-0.00423156050335339
-0.00382930999386429
-0.00390809153923966
-0.00394516596507232
0.00054361348185249
0.000255711625655772
-1.40570585094618e-05
-0.000287594803241723
-0.000581317245515902
-0.00088439047810751
0.000621595700108656
0.000414603759504293
0.000200679653689529
-2.25904777732037e-05
-0.000259558547788435
-0.000492140418381709
-0.00075788067148735
-0.00102405873943801
-0.00130589839034096
-0.0015990652532736
-0.00189256163098817
-0.00219566066092839
-0.0024946302168173
-0.00279847716902877
-0.00309500586080956
-0.00337233376565613
-0.00365414997539516
-0.00117568329338629
-0.00142961724613918
-0.00169640592717432
-0.00195268652102441
-0.00222310211058169
-0.00249007650368521
-0.00275322312995747
-0.00300985909520402
-0.00325893494573601
-0.00349319005952631
-0.00371785115267149
-0.00393136157908056
-0.00412731822664912
-0.004298808839831
-0.0044425047740271
-0.00455793667921457
-0.00464474769693373
-0.00470248245483264
-0.00473222241581505
-0.000896916924298369
-0.000908744249752988
-0.000920553077587194
-0.000930117051166665
-0.000936758427496156
-0.000940332390242556
-0.00390766301185216
-0.00416813311766134
-0.00440150952205024
-0.00458676879520594
-0.00473548434084782
-0.00483447267383158
-0.00488634470431508
-0.00376943102197015
-0.00386926822443752
-0.00393881320559393
-0.00397339447684817
