0.05
0.0373809012976173
0.0349412062658735
0.0310098898979511
0.0356574015332809
0.0333282547815908
0.0309541895606229
0.0373648831514243
0.035757863114441
0.0339035957917523
0.0335075085233863
0.0337942052135898
0.0342576496857279
0.0350273546931916
0.0357308588999067
0.0374538695590719
0.031805297811088
0.0267491577425799
0.0260293882475285
0.02321181583215
0.0204854089091652
0.0198922685166363
0.0196399291262741
0.0194930951619028
0.0194958980610521
0.0199254017819044
0.020907650654565
0.0222439895767053
0.0238425685482603
0.0256351699950422
0.0275787180232371
0.0297720727543128
0.0372120018824622
0.0355014909635553
0.0332525451555405
0.0314364186155716
0.0299335377554522
0.0287562406693637
0.027796231602151
0.0268047032068634
0.0295491876874482
0.0283173695075003
0.0269176810711115
0.0254146020734192
0.0233298839537786
0.0284714013650743
0.0262139924941747
0.0239222582780164
0.0217953185237398
0.0200221760384203
0.018211733553286
0.0166105537209964
0.0150316000889996
0.0135065057613587
0.0121936192641004
0.0109522820763079
0.00974793635067287
0.00868277079674605
0.0076855905095663
0.00676795295996622
0.00589740124388371
0.00511062649757483
0.0044043501542321
0.00372526535664725
0.00309436092971133
0.00247830199596407
0.00185299478777809
0.00123318910462378
0.00065471808558022
0.000126254163633452
-0.000342396619323066
-0.00074570508158157
-0.00119420519336371
-0.00167950173149722
-0.00212415434404946
-0.0025293720340046
-0.00286969972783497
-0.00315884631553418
-0.00339146871660177
-0.00356411204684357
-0.00367851348214848
-0.00373736480462759
0.0229601525273278
0.0225918474717618
0.0221372424595118
0.0216085800366798
0.0210934553906583
0.0206164454404458
0.0201504606278278
0.0198025363595558
0.0195279204480213
0.019323339750264
0.0192151356738151
0.0227145250983175
0.0211899680205106
0.0191824052752922
0.0210833357678992
0.017564525352357
0.0140149209313032
0.0186253762820531
0.0180120664987116
0.0173330985588334
0.0178791367848351
0.0158671170219595
0.0135411965353763
0.0119094954940517
0.0105094916118246
0.00903806867338928
0.00760748308749093
0.00649603957807116
0.00556230505965853
0.0046734416345909
0.00392493916599083
0.0032826626439244
0.00277869155018689
0.00242398821541657
0.00220148201192848
0.00207817480001034
0.0161753660791339
0.014519828812509
0.0125569976445175
0.010733288375126
0.00923965089588608
0.00786502459211501
0.016476556456016
0.0156735376825358
0.0148420403789673
0.00716580276014363
0.00659610141680718
0.00623568919811439
0.00608252730597549
0.00614281739222622
0.00643168080587217
0.00693008745122996
0.00766624243239891
0.00872320349492435
0.0101769485049644
0.0120694079017032
0.0144000801448881
0.0171608131327393
0.02036586430301
0.0239402792386457
0.0276974831224559
0.0313874501166907
0.0348090497662939
0.0378406531605309
0.0401585442826983
0.0416806651792097
0.0419697585273584
0.040662997204894
0.0370689093685382
0.0328722312113608
0.026512606486162
0.0209844822218811
0.0162545802177386
0.0125644577419482
0.00988124857217349
0.0078204029691334
0.00631451521564462
0.00550004677261787
0.0049463627711215
0.00735119572810664
0.00702922232247671
0.00690531881976644
0.00698786275482031
0.00730589147188129
0.00787661838079826
0.00868039669824204
0.00985193631439121
0.0113731195054811
0.0133268096155563
0.0157144032669136
0.0185612270844545
0.0218204342562589
0.0252747333015526
0.0287060041612625
0.0321876338488247
0.0354251910310674
0.038234964544825
0.0406379457522121
0.0426487534557879
0.044205620175857
0.0452474310366083
0.0457774804581009
0.0135447643394025
0.0123313596114859
0.0112356701918154
0.010270991450462
0.00942197052189098
0.00866438065590989
0.0079834066701876
0.0073983943285145
0.00691704589742236
0.00653108496701482
0.00623883615735929
0.00604298339031749
0.00594176214091902
0.0136760479243391
0.012529719243659
0.011446079307314
0.0104912294944259
0.00962384732450917
0.00885000179317984
0.00819530652666272
0.00761479180122867
0.00701769213199751
0.00642563032662549
0.00588805892909027
0.0054484092510712
0.00510849974796745
0.00485165190855055
0.00468786465967753
0.00461465768145603
0.0046317664664119
0.00472745994605048
0.0049047583731387
0.00525982964515614
0.00581676217637644
0.00643320986088968
0.00727279307776654
0.00819497624559364
0.00928736063547536
0.0106487902655956
0.0123110913689644
0.0142206950734585
0.0162339678201552
0.0182132849564699
0.0201587720773194
0.0220693082013504
0.0237083914318401
0.0252111106577942
0.0265812373808404
0.027516200300646
0.0280164381205843
0.0124535394608169
0.0110624371961838
0.00979739580569895
0.00853097515715582
0.00743263115178595
0.00625714025870556
0.00522046434765013
0.00433383989677498
0.00340214319742411
0.00254661835458903
0.00194433569661073
0.00106328580271052
0.000491227251225371
-0.000201978178694039
-0.000906782160221501
-0.00142997562251132
-0.00176130476924553
-0.00209423715460441
-0.00237482753555077
-0.00258031683130348
-0.00272166524861963
-0.00278942462637935
0.0127571061027021
0.011558469278745
0.0104099463634101
0.00931507775032089
0.00831910829416702
0.00741453841630747
0.00658241091321374
0.00575989578371901
0.00507661421704845
0.00439313853500252
0.00371224226137892
0.00306147818539232
0.00216300470346122
0.00128373192486693
0.000497815661138061
-0.000212008532589091
-0.000829879017181915
-0.00138030561608029
-0.00182984908275162
-0.00228292626909143
-0.00268292135433893
-0.0030086593796359
-0.00326462641786159
-0.00345993085930352
-0.0035867367662258
-0.00365417073252406
0.030066032442431
0.0289904004033435
0.0275640512458998
0.0303900222497591
0.0301197522096269
0.030101596724416
0.0267080302363142
0.0256215776852614
0.0241742738461654
0.0276923571395786
0.0286876502965389
0.0305964167603151
0.0325201223499933
0.0341030681563197
0.0355381869347981
0.0367475911814547
0.0375296258797136
0.0377657177242683
0.0374091287176814
0.0364100807955281
0.0347644564682814
0.0323556799725405
0.0286352762223693
0.0239273548475574
0.020140543582076
0.0161304969445325
0.0132553308761266
0.0106441316627263
0.0085444125984362
0.00655587073621897
0.00486132325161745
0.0034600743710314
0.00221718725237265
0.00112239683177837
0.000174821647199403
-0.000654608882783138
-0.00132049412658799
-0.00187629218028449
-0.00239747363170405
-0.00278569836739495
-0.00306135098941126
-0.00324294780495863
-0.00333719380748333
0.0213578059809924
0.0180855056354071
0.0150465819634454
0.0125543621540359
0.0106608807852489
0.00919228678300538
0.00807533080521095
0.00722714934973992
0.00663077425239653
0.00621428192091223
0.00593896324509813
0.0057747722669019
0.00569475486420977
0.0199977415564011
0.0167292176790657
0.0133620332821636
0.0119254157580465
0.0105434585789604
0.00918262298546028
0.0123839284672547
0.0116213422192187
0.011091471970015
0.010961186467094
0.0112068194061181
0.0118490165792301
0.0128722504500839
0.0142584628086931
0.0160306474264341
0.0181038335361973
0.0204610826177179
0.0230639533631736
0.0257811999467964
0.0286073135687617
0.0314022345600891
0.0341080804115779
0.0366344926980825
0.0390040042120158
0.0410782554493003
0.0428484055242007
0.0443528617357244
0.0457223051950354
0.0468426935058473
0.0476611329603649
0.0482091370292531
0.0485131584259279
0.0486775361068163
0.00875150537775381
0.00851231835770116
0.00852869422657947
0.00885010946784209
0.00941165889753881
0.0102468830432991
0.0114638009481034
0.0128963437822127
0.01440818823396
0.0163863893088587
0.0188026899669046
0.0215035593797218
0.0241407268332289
0.0264796838003339
0.0291167085553224
0.0316707183754161
0.0341387788390223
0.0363715827822391
0.0383058691158595
0.0397039819803443
0.040824795553511
0.0418560411229329
0.0426285281640465
0.0429884801954979
0.00757013215551224
0.00609778692773442
0.0049119181013652
0.00381375749232111
0.00294510975744856
0.00211263672541084
0.00139647302738448
0.000882078948696202
0.000461460856821303
0.000100217346121395
-0.00014734153391779
-0.00029225830490053
0.0307235358481863
0.0317334633087684
0.0330614428180458
0.0346127149039339
0.035883285296044
0.0366803544963482
0.0371045867671022
0.0370709809161823
0.0365767739982257
0.0356012184508774
0.0341140585538958
0.0322621678802686
0.0302567078880377
0.027878174367233
0.0252367835698171
0.0227798070232352
0.0207005112498973
0.0189381687742588
0.017477480281943
0.0163375709401055
0.0155279366854295
0.0150048923538985
0.0147045829415049
0.0297296785652033
0.0293653887000455
0.0289142254184795
0.0282223122173446
0.0271958782399617
0.0258698252367305
0.0243056267431992
0.0225487505265655
0.0206951861172796
0.0188292333739411
0.0170046051465981
0.0153162107564243
0.0136636097123541
0.0120568727135736
0.0105964271634216
0.00928090781576189
0.00807393334210656
0.00695191132374161
0.00591099165388272
0.00496362310035604
0.00409380948241337
0.00329776682183624
0.00259042664915125
0.00193284138313472
0.0012245463738993
0.000519801986094993
-0.000122150280569238
-0.000698525308212341
-0.00119049460265622
-0.00160705208018932
-0.00195856092567572
-0.00222982979785321
-0.00244285846777838
-0.00257370145609428
-0.00264565667525465
0.0350102263319417
0.0336880780085784
0.0314296947953851
0.0369223040244913
0.0378100286171741
0.038248087167998
0.030856930925936
0.0296064765426988
0.0279159353547881
0.0260442935150618
0.0244308877065926
0.0229720639632531
0.0218213432843127
0.0210465971162276
0.0206546639644426
0.0277583939929334
0.0238691351311023
0.0199202309682985
0.0160086541899426
0.0139361116268596
0.0122366486774524
0.0106235337268049
0.00916642503793528
0.00790480218538017
0.00675069909571933
0.0057095511081121
0.00476573038257766
0.00390009936705946
0.00310442886914194
0.00236271117129961
0.00167465860026586
0.00104500027342261
0.000483552279287675
-1.6747327046108e-05
-0.000511207588909843
-0.00100973989088844
-0.00146275294715132
-0.00187470212692128
-0.00223970588959989
-0.00254784877822917
-0.00280190016733134
-0.00300911444278065
-0.00316398833806226
-0.00326588852289247
-0.00331863673504428
0.0146168093715215
0.0135655783018515
0.0128004524609273
0.0120529123230937
0.0117119570503255
0.0114711533951929
0.0307465848850071
0.0321419368898037
0.0339971926403161
0.0361290526687245
0.0382251162433252
0.0400130651308193
0.0412300068215646
0.0416183023560223
0.0408463157461009
0.0384700974220637
0.034459036927843
0.0295563005073471
0.0243246116109196
0.0193679023093723
0.0152230876438973
0.0117951035690745
0.00897057114139361
0.00665335496323836
0.00475673857223689
0.00320675078895074
0.00193979091659457
0.000901042914059127
5.36907816027277e-05
-0.000627365227053784
-0.00116457663940265
-0.00157550371813697
-0.00187210675118125
-0.00206304765609454
-0.00215939552725362
0.0314057153354375
0.0330832200393957
0.0349871805884977
0.0369850255340513
0.0389313828034239
0.0405502950911706
0.0418360670531424
0.0428102612718974
0.0431734302805626
0.0427181871061754
0.0414074981803419
0.0389436032358436
0.0349849013687206
0.0294555191939114
0.0237989008678409
0.0189457116032976
0.0148961444290922
0.0115890332912887
0.00887557955701946
0.00658760907239918
0.00479861084953083
0.00316314082394986
0.00219648926834856
0.00131420555394809
0.000399071749788795
-0.000314199486213558
-0.000909769691641641
-0.00140983183318674
-0.00177802111640131
-0.00205089890782123
-0.0022290457807491
-0.00232137859996549
0.0254260644471351
0.0235170076030907
0.0214467337301992
0.0194639592468968
0.0174397616153643
0.0265669073293036
0.0260902208228498
0.0253932279823455
0.024737198970939
0.0239298303411576
0.0229248416998305
0.0219492325173811
0.0208916701296732
0.0196618994610198
0.0182661753349546
0.0170396156076256
0.0158600405658108
0.014745416821634
0.0137034108085447
0.012751052930656
0.0118956757767468
0.0111200177841704
0.0104714152944994
0.0097083844076224
0.00902675899988722
0.00849494842997895
0.0080410116913724
0.00766636559954401
0.0073946709505856
0.00722493697523485
0.00712929827156344
0.0157990654755316
0.0131790280098632
0.00990538551373873
0.0163472040208492
0.01482117859237
0.0130595425611538
0.0112091407571691
0.00827185216497811
0.00714152557205122
0.0063260028520324
0.00869902535579587
0.00768477095048851
0.00671366355660638
0.00599843614796944
0.00512805162521076
0.00615056860423085
0.00592423983444474
0.00575991857098175
0.0057550289007461
0.00541356427186654
0.00462811528103285
0.00388218750030355
0.00624030014056809
0.00703884493036798
0.00818337003571215
0.00949086698505047
0.0111859828208376
0.0133111241878232
0.0157367912848031
0.0187460263322611
0.0222280075150428
0.025988233157496
0.0298197268588133
0.0340800434630249
0.00548720478712224
0.00534791411938326
0.00536039140464629
0.00548894192328144
0.00581958138185399
0.00621768036246629
0.00688285525542614
0.00777591982929324
0.00876312941672122
0.00994918129494589
0.0113928618133971
0.0131109945992504
0.0149377021397282
0.0169453591713124
0.0194950793988189
0.0220052708835431
0.0247906926576833
0.0273013567614335
0.0297534299281262
0.0320082296066734
0.0338608941421057
0.035434914533707
0.0366714697207938
0.0374327231692938
0.0378171736076835
0.0354355385108483
0.0367805380252879
0.038035271950586
0.0390023865097872
0.0399093234397401
0.0404769113636208
0.0407959886357919
0.0366616451506113
0.0390936395847412
0.0413325522336443
0.0431045051999793
0.044420955155356
0.045167188677656
0.0451547483856918
0.0441520918106244
0.0418376497471463
0.037998761315799
0.0326913427943014
0.0268856183936113
0.0217228744288861
0.0177439518287193
0.0148790547907194
0.0127890402971562
0.0114209186198161
0.0107523970374362
0.00385020332983281
0.00386218153512238
0.00393095946581257
0.00406577297585842
0.00425825010136916
0.00449602788500594
0.00477813670071381
0.0051053834962484
0.00548028335961408
0.00590683982654605
0.00639004870073876
0.00693547577391781
0.00754796926193044
0.00826541036409783
0.00325111728890904
0.0026061360609123
0.00196237667512065
0.00133241823777737
0.000785943874695591
0.000262077790470995
-0.000233461896627241
-0.000684781973546535
-0.0011020540473396
-0.00152182305909273
-0.00194833605375436
-0.00234077738939876
-0.00266650750267891
-0.00293314362215375
-0.0031353097994562
-0.00329477475528827
-0.00339704369318745
-0.00345425695351638
0.00930732573982243
0.0104379567669549
0.0116478140111445
0.0131688177028626
0.0147715640388325
0.0163863012370567
0.0185766244810122
0.0214541490271752
0.0244209373540721
0.0271181502081529
0.0294989910421004
0.031639752957379
0.0336269697846349
0.035382950370636
0.0367959320075382
0.0377942256204265
0.0384571866151412
0.0388275514206556
0.00824813281563209
0.00829904456862607
0.00840753367401049
0.00856484779525598
0.00876537714258516
0.0090027104163983
0.00925557250332278
0.00949100902758934
0.00968526772718162
0.00982326325356047
0.00989721452247811
0.00522837129716804
0.00543800912496665
0.00577438318496436
0.00619834016942309
0.00670054933448982
0.00730878747595892
0.00800733368518259
0.00888605984798048
0.00991158170222647
0.011112006428961
0.0125837028963959
0.00409434719050212
0.00296618416712858
0.00200901999614896
0.00101953803102201
0.000248106598174882
-0.000582779043505163
-0.00125315744865797
-0.00180873806342432
-0.00231700125641871
-0.00260358018338104
-0.00287786331389243
-0.00304969922120123
-0.00313573879559054
0.0123561970493231
0.0123523649231916
0.0124987303969397
0.0127868290085358
0.0131242399233659
0.0134890549062608
0.0137914880444769
0.0140435794437667
0.0142029898178894
0.0144701402236296
0.0165743313517186
0.0188898255510423
0.021399480395926
0.0240688158779438
0.0268160383606278
0.029570697121937
0.0323220861746584
0.034956843393113
0.0374122820716395
0.0397567142298534
0.0418276114381162
0.043600776209771
0.0450987388121398
0.0463118831749835
0.0472887862843023
0.0480270705217342
0.048522482745888
0.0488147335086431
0.0489876174391232
0.0490794139720419
0.0491170946613238
0.0104117637090066
0.00952859367689288
0.00863901507438102
0.00781278459956755
0.00704923535106582
0.00632169496837539
0.00557090107746117
0.00488344281212973
0.00440817785626276
0.00382739134189755
0.003187977731971
0.0026552703967344
0.00212878041826258
0.00159556282166719
0.00110942872936984
0.000621663469741151
0.0103798213908947
0.00954696491447038
0.00876338283230462
0.00804477372989699
0.00737014299432734
0.006723210428028
0.00608788713296539
0.0054633268611708
0.00488364336353323
0.00437907643046476
0.00396458108680703
0.00363410319808026
0.0033502094293015
0.0030428136519199
0.000494621740954365
0.000361724581993206
0.000248316169887927
0.00015669389680348
7.38845579369273e-05
1.00026676100771e-05
-3.97796873094572e-05
-8.21307029760574e-05
-0.000104919125034549
-0.000115496506805119
-0.000115494711022301
-0.00010769037170012
-9.55264168566486e-05
-8.26476280378312e-05
-7.18868936434837e-05
-6.55490903989264e-05
0.000192197593488345
-0.000227203212521239
-0.00065815141458477
-0.00104259587442931
-0.0013746797487983
-0.00171469218236962
-0.0020142128882722
-0.00226113902606459
-0.00246470631671698
-0.00264021966009204
-0.00279466161036878
-0.00292503984209996
-0.00302273085975088
-0.00307686428742332
0.00285774729175833
0.00272535115261314
0.00263019605792378
0.00256726679789104
0.00254247892250558
0.00255794534520503
0.00261360709106918
0.00271298454663135
0.0028705699353809
0.0030923301386901
0.0033714795173425
0.0037087995269372
0.00412742067692434
0.00466794146395728
0.00294107916928498
0.00286766596932213
0.00283666830570534
0.00284526189009464
0.00290837390374777
0.00302786741107698
0.00318979903702739
0.00343279225966781
0.00375609467580323
0.00415846474888042
0.00465595412929896
0.00520276381259563
0.00589539449738853
0.00672968361443402
0.00772654699825305
0.00884460428689143
0.0101377027119179
0.0117091694945666
0.0135008730365544
0.0155172323522008
0.0177877621164942
0.0203071750363368
0.0230258211593573
0.0258270476094515
0.0285964044549898
0.0312755681374543
0.0336098842760662
0.0352856819670799
0.0360482546525812
0.035391396125107
0.0327321082775679
0.00562095474624576
0.00677515331970075
0.00817313538089344
0.00986003185844971
0.0118610782210673
0.0139931860853794
0.0160398398830207
0.0182879310449755
0.0208235642222678
0.0233741031970339
0.0259964727683203
0.0285408225307191
0.0311073253632908
0.033786497300576
0.0362046524051379
0.0382930183612488
0.0403143732547831
0.0420440503069006
0.0432795003545254
0.0439465682923943
0.0440295085939336
0.0433614686295174
0.0416713135701352
0.0388088414658114
0.0347328771162839
0.0295817289200252
0.00425705194742804
0.00395965487065002
0.00376340736000429
0.0253133105613143
0.0204890157465922
0.0157108882953554
0.0115511050878009
0.00811704339488192
0.00510865004180508
0.0261257157467273
0.0221280616114918
0.019702994854215
0.018206533795611
0.00345376995999124
0.00235446342009452
0.00169655526386242
0.00137223189059885
0.00386669662248005
0.00312295165799634
0.00278507192331992
0.0299434692220141
0.0260037600641276
0.0219528595365132
0.0179505900052829
0.0139856160321428
0.0102729771719515
0.0309422000639363
0.0280466019971338
0.0245680674639515
0.0210217535724105
0.0176767356661999
0.0148797953147851
0.0122110401535274
0.00999619195736078
0.00804335845704533
0.00634426724326433
0.00490656214357515
0.00363868052984874
0.00255832295312042
0.00159872522260388
0.000769856657818595
7.19046654355719e-05
-0.00057713535882176
0.00827907770521467
0.00676705827166583
0.00538174150629979
0.00421966159925445
0.00314760478284094
0.00222121920592302
0.00141735667607921
0.000722472285877742
0.000120169001752686
-0.000390445809377602
-0.000835753293748071
-0.00122354764699114
-0.00155257400432506
-0.00182162541624749
-0.00203471205878826
-0.00219830982087367
-0.00231713748595037
-0.00239423344472922
-0.00243334311565655
0.00878613078772322
0.00769387192639598
0.00679569056314901
0.00616471106222248
0.00576614208795348
0.00556354746555272
-0.00101385727526634
-0.00141859307837413
-0.00175089714734186
-0.00199676195575559
-0.00218341596109571
-0.00230276041834531
-0.00236374742493703
-0.000943388193132462
-0.00124371825423623
-0.00144479329677737
-0.00154239472615773
