0.05
0.0373155536955124
0.0341961883185299
0.0289522210465829
0.0358912520650005
0.0339025924555519
0.0321564174424543
0.0373277541064706
0.0351004329584728
0.0316043732028152
0.0294176078736589
0.0277444489103719
0.0264415731282534
0.0245562175635895
0.021968408493509
0.0374507078027946
0.031517248522962
0.0261547842808078
0.0253595359129747
0.0220709324187135
0.0187933164569561
0.0180183859584393
0.0176126019214991
0.0172177048952525
0.0166538378658789
0.015715554605369
0.014629598106004
0.0136919328186079
0.0128778684927565
0.0121423053072466
0.0114496097824122
0.0107405573488514
0.0372592449953346
0.0357498191031184
0.0338516067237028
0.0324202217882894
0.0313487696108389
0.0306173978666971
0.0301304146605174
0.0297445396803669
0.0264372908932199
0.0240519276968047
0.0213576635399536
0.0188044934811573
0.0158316451183265
0.0257061577575769
0.0228590980836714
0.0200638120949432
0.0145132493767858
0.0131530368970058
0.0118763191936086
0.0108157511942881
0.00982512312695979
0.00891992116435058
0.00818600300873774
0.00753891393870272
0.00696630093216515
0.0065185455871888
0.00616418422491234
0.00590958116856819
0.00574963009912924
0.0056925152780097
0.00573160326190792
0.00587353664621507
0.00612255776239218
0.00649685504505723
0.00702503163532571
0.00771271843733082
0.00853065939621981
0.00946989430806975
0.0105085188244961
0.0116004441280539
0.0130540655905554
0.0148972254485731
0.0168241450774638
0.0187888419311446
0.0205956207368356
0.0222415032113133
0.0236349616553559
0.024705438293092
0.0254302901170026
0.0258077257881425
0.0146338718945182
0.0137831399750784
0.0129507541352535
0.0121512918921497
0.0114777584148028
0.0109166921622006
0.010411873304892
0.0100557963239762
0.00978547959484038
0.00958966834807597
0.00948786308883374
0.018506973343966
0.0166578659836614
0.014346470561509
0.0171307496610761
0.0139406165157516
0.0110844320345356
0.0137597523692402
0.0131239978023845
0.0124301236381499
0.0126753798436548
0.0103170901822931
0.00779491774848976
0.00613849933530995
0.00479062670298022
0.00344208266816462
0.00219324141791336
0.0012638836086229
0.000511664775628605
-0.000179079143237198
-0.000741586574556124
-0.00121019119971386
-0.00156879991950203
-0.00181625247096879
-0.00196924566031641
-0.00205320883742085
0.011902801994899
0.0115613610008899
0.0115868055815194
0.0121413841374578
0.0131847245018401
0.0148872227248365
0.0114599700988891
0.0105684133705227
0.00966168667289168
0.0159001961882001
0.0175822886163155
0.0197668520512849
0.0223609554938561
0.0253807359622593
0.0285432858355293
0.0315475994128487
0.0344222098712215
0.0371529893913315
0.0394987860474498
0.0411109544776884
0.0416541631055712
0.0408296929526825
0.0382735700891376
0.0338226872735541
0.0281841516350783
0.0225957644501169
0.0177443050527248
0.0136778620688058
0.010463700995135
0.00773823487547001
0.0055504641154734
0.00376836782074858
0.00222261673129003
0.00122662068103667
0.000153207557909158
-0.000669025707293044
-0.00136352482050792
-0.00192228331781097
-0.00234538075566035
-0.00268349715732141
-0.00293950534120819
-0.0030812970293864
-0.0031795581317316
0.0161702765738043
0.0180118607703283
0.0203434167374572
0.0235711748033747
0.0272437598433472
0.0309876989701693
0.0343632933772916
0.0375402003376467
0.0400117973511717
0.0415749534926576
0.0418855125827323
0.040563454926829
0.0371567529333421
0.0319118122377441
0.0261147585382216
0.0205417665866914
0.0159718329408747
0.0124897043693662
0.0098146665277852
0.00774285632142263
0.00620967732441915
0.00520124564082576
0.00468883565296245
0.00798165446393875
0.00647479384895439
0.00515893003898771
0.00403157502335913
0.00306161842333539
0.00221273452172692
0.00146258413285855
0.000827595485526294
0.000311549859651259
-9.80717172299426e-05
-0.000405775143863743
-0.000610790774618254
-0.000716360968158656
0.00874162686518297
0.00795673295588176
0.00733412431786635
0.00690520430117817
0.00664154695426774
0.00654299200981477
0.00660568947504935
0.00682682305042248
0.00727219444153655
0.00798500892877542
0.00895110113861058
0.0101238740408407
0.0114948265069037
0.0131242481944193
0.0149239181985924
0.016865549329184
0.0188407164751607
0.0207879548528682
0.0229019309518031
0.0259928248154521
0.0298191016764978
0.0331422908589996
0.0365474358110753
0.0392027328067041
0.0413035419717949
0.0427669171475116
0.0432656841530465
0.042455617870097
0.0401680050408421
0.0366229930418294
0.032248784771386
0.0276086107852174
0.0237188369810665
0.0203859155262374
0.0175787640344659
0.0157795395027468
0.0148554935134359
0.0100018315805011
0.0091913328646443
0.00858388257302149
0.00810887127677787
0.00781682992938328
0.00764554335642425
0.00763439023426132
0.00774981923061697
0.00802106766896371
0.00842088106168968
0.00879221445249807
0.00948825444741978
0.0100502636907344
0.01086814514801
0.0118727149405171
0.0127449603699091
0.0133588149422674
0.0140316995797842
0.0146452716692282
0.0151228778925321
0.0154663816286988
0.0156354067508929
0.0100913126148195
0.00927986684291204
0.00863344186918997
0.00815211890186434
0.00784951320072854
0.00770872711060126
0.00771574196677415
0.00788105363560798
0.008169706265712
0.00863909110658948
0.00932710188475442
0.0101938050151825
0.0116699590396435
0.0134042206593531
0.0152391337481995
0.0171725518399895
0.0190899401996871
0.0209923902557238
0.0226874038437553
0.0245355691888824
0.0262859736243529
0.027788761139337
0.0290111778374137
0.029965933925899
0.0305950493789301
0.0309325475555267
0.0319885015785388
0.0319057669451082
0.0319408700582567
0.0308341487435242
0.0296001903600644
0.0282749656309618
0.0321039815093239
0.0323468670928437
0.0327080197365604
0.0315258273643399
0.0312091437922574
0.0308426370602516
0.030237224424465
0.0293279936513147
0.0279566605233982
0.0260966827660503
0.0239895462214554
0.0219547819934232
0.0199297166263195
0.0181102682013951
0.0165180365219692
0.0150271510549535
0.0133039225636587
0.0114175837896043
0.00995908335963445
0.00839376070486562
0.0072223280187771
0.00610567527356647
0.00516430925613854
0.00423288980559975
0.00340907065080326
0.00270959140204301
0.00207929545502702
0.00152169298728281
0.00104302622858169
0.00063283737960261
0.000314177720082418
5.90354045664453e-05
-0.000167820683667886
-0.000327197762778915
-0.000434473088417955
-0.000502106699639957
-0.000536144984371598
0.0319922098448595
0.0312954968172848
0.0307453303460216
0.0304234650976493
0.0303418477773572
0.0304605500046988
0.0307353667765617
0.0311223080503496
0.0315421814890358
0.0319493671584004
0.0322956335019288
0.0325432848567519
0.0326789310062159
0.0351302673212651
0.0372662952308427
0.0395376689860147
0.0405855285417886
0.0415445202209733
0.0424185214012432
0.039924118849402
0.0398822158789501
0.0391457512825055
0.0376070693999654
0.0351404677610004
0.031744760740136
0.0278828016593808
0.0240300421856739
0.0204260979277251
0.0173250725603472
0.014670490049731
0.0123971196856686
0.0104886648249118
0.0088368519617785
0.00743449337976568
0.00623633229119484
0.00522359968823898
0.00434318490850788
0.00361161705711569
0.0030044308401053
0.0024885961138354
0.00200445626658841
0.00158306103996126
0.00124701831547917
0.000998599795569101
0.000848591290008265
0.000762000911228965
0.042221228830284
0.041411440258661
0.0396261322281563
0.0366660287319361
0.0331065865082894
0.0290298289783462
0.0246040794189808
0.0208496583148139
0.0179272601833697
0.0150872304931662
0.0125359419328268
0.0103952613698277
0.00874775957123859
0.00752786770264347
0.0063504201763149
0.00535678019199312
0.00450301182525191
0.00380237522655394
0.00324000139714078
0.00285395096710259
0.00255545708625965
0.00228821452481442
0.002091107175025
0.00199979718269824
0.0437033412068945
0.0447535660931713
0.0455192196958258
0.0461651855786299
0.0466345012762657
0.0470485060354989
0.0473759091731012
0.0475936049876594
0.0477589268055451
0.0478914300017363
0.0479776239640736
0.0480261534366123
0.0275845616181421
0.0266258571898085
0.0253067570129271
0.0235315379051759
0.0216983475370221
0.0200721450014476
0.0184307089501459
0.0168290566528301
0.0153802342265767
0.0139903208918591
0.0126558358771328
0.011461036681001
0.010433078993249
0.00939118552099026
0.00833627840627919
0.00739656221988126
0.00660912081621548
0.00593575216655275
0.00536716158617476
0.00491362337903194
0.00458496492188787
0.0043693165450223
0.00424407992852353
0.0273517072406847
0.0261701205996203
0.0246533309147847
0.0226819056913605
0.0204662207114731
0.0183204485215355
0.0163426607153731
0.0145181591054616
0.0128604711423554
0.0113658067398369
0.0100195181283629
0.00884989997429315
0.00776499745302078
0.00676322536945192
0.00589872329905859
0.00516059321698864
0.00452109311295717
0.00396330076147478
0.00348209001966246
0.00307919877402161
0.00274338358755033
0.0024692328151343
0.00225753395022496
0.00209381889157716
0.00195500574961287
0.00185140250969706
0.00178952828578148
0.00176459148229674
0.00176975461143413
0.0017959560452416
0.0018356847164954
0.00187840747335056
0.00192012647491192
0.00194937610992432
0.00196680446386752
0.0203962650098936
0.0184459560192924
0.0159811911794658
0.0219360966002584
0.0219043764324853
0.0218855887302153
0.0145939373920307
0.0132379643733921
0.0120267291844694
0.0109817769123188
0.0102001691734872
0.00955089535665937
0.00906353000367149
0.00874400072123282
0.00858439386051827
0.0137200124134766
0.0117907586162247
0.0100350996179516
0.00837708471575338
0.00775401785753464
0.00728476912025063
0.00688543882753192
0.00657838480431386
0.00637100817070816
0.00624885059337152
0.00621668939141307
0.00627682818236969
0.00643492861478965
0.00669825925663831
0.00707936273216607
0.00758713676882966
0.00822496517378832
0.00898114043082252
0.00984901819038944
0.010922746023496
0.012243932739214
0.0136785162868625
0.0152080268597543
0.0167669862801077
0.0182462815185318
0.0195847933873952
0.0207584778086193
0.0216834298768146
0.0223138910620548
0.0226471653106449
0.00755406817955333
0.0069194416096327
0.0064480079476291
0.00597699030622298
0.00575902395680961
0.00560333199080089
0.0103949152181552
0.00998131170924878
0.00948376497943536
0.00892141808855864
0.00832721704011638
0.00771435499173997
0.00709093517260886
0.00645781150261563
0.00580139711960031
0.00512429747772415
0.00446038127115626
0.00382648277210492
0.00317955177109305
0.00251148724595824
0.00186128038524674
0.00122326495227615
0.000598605865892094
-6.65933375468101e-06
-0.000586014358664979
-0.00113303352812651
-0.00164272406151856
-0.00211253716412968
-0.00253739504833396
-0.00291047118982837
-0.00322730163050281
-0.00348452704703339
-0.00367887676852562
-0.00380810476175992
-0.00387462347386566
0.0103030306719366
0.00989286500385631
0.00944875245630961
0.00898158047556397
0.00849754522410156
0.00803885658186422
0.00758769597627923
0.00708341591585812
0.00654683377074021
0.00603617630935969
0.00555528454333097
0.00505228080555783
0.00449493460282275
0.00384253101982158
0.00317900462086096
0.0025483495743164
0.00193392985021533
0.00133758872446114
0.000756423891241875
0.000176288997999469
-0.000355418013821275
-0.000923775561997681
-0.00130470346163477
-0.00169199396989418
-0.002149143892762
-0.0025529271539427
-0.00292313173737627
-0.00325876341712038
-0.00352140311393405
-0.00372535938729777
-0.0038630421982748
-0.00393592417446816
0.0297842431066539
0.0300327529620615
0.0304255879317762
0.0308536130788223
0.031276679897168
0.0291245006261051
0.027696104188896
0.0255510092489879
0.0236817642144722
0.0216769211694058
0.019553473719507
0.0177783232646218
0.0160721949960318
0.0142563357186953
0.0123361437788074
0.0107360092158464
0.0092531636774603
0.00788763781624474
0.00663387878207673
0.00550259589172796
0.00449600692911386
0.00358995122680575
0.00283679345327917
0.00195541800196696
0.00117163962521491
0.000562393316139086
4.40219538193309e-05
-0.000382587310004796
-0.000691253632958455
-0.000883773803745249
-0.000992131912537355
0.0315208647621796
0.0315967729308759
0.0310853175341231
0.0314862791720756
0.0316987517769217
0.0319895563467345
0.0324922071290527
0.029787957240761
0.0285544507578248
0.027409410876942
0.0319505872415371
0.0318196010637533
0.030783625754748
0.0293437521341557
0.0267140681382581
0.026804802993057
0.024739199748448
0.0214459789940871
0.0178340854797321
0.025920729813706
0.024223255131105
0.0222820547573136
0.0159471566577938
0.0139374079953467
0.0119440190553002
0.0103187212056907
0.00878002132972961
0.00736723829068492
0.00616029313767331
0.00501156016174285
0.00396004593595673
0.00301180961159416
0.00215431316938385
0.00126436504122373
0.0160208541374081
0.0142433229019491
0.01248203988812
0.0112662145880089
0.00982364781737014
0.00879452048115716
0.00764957097452424
0.00660360147495167
0.00576826730619314
0.00500878208012825
0.00429689185480576
0.00363881617573754
0.00308677757228806
0.00259443129539527
0.00207293252480261
0.00162776855397141
0.00118891894884806
0.000828837189396487
0.000502045028935105
0.00021859181338916
-4.52736241063463e-06
-0.000188230808079577
-0.000329398648699283
-0.000415226477988609
-0.000458290840088737
0.00104237450434688
0.000857826672688842
0.000711606193253412
0.000611302071167458
0.00052536693616714
0.000474558953334995
0.000446952458391012
0.000691230613516789
0.000163310016919551
-0.000336174994852039
-0.000776386971854903
-0.00118789529386083
-0.00158007047886089
-0.00194396044526236
-0.00228153875166228
-0.00258778173107634
-0.00286115417561988
-0.00311457448790879
-0.00334390502109593
-0.00354116731131461
-0.00369962355859257
-0.00382074016003323
-0.00391429252065126
-0.00397845586741325
-0.00401076510860145
0.0212785431967367
0.0200393656057876
0.0185478315829153
0.0168641513525672
0.0151797279636735
0.0136191040736144
0.012179045210935
0.0108522269956723
0.00962945351587189
0.00850086777875987
0.00745666863007599
0.00648690678996434
0.00558259753019405
0.00469274991077072
0.0214384119133122
0.0205106005636932
0.0195443799389837
0.018576604918891
0.0177289884324932
0.016916250014335
0.0161534921678635
0.0154687334108239
0.0148469084574254
0.0142331912549447
0.0136214231479507
0.013068714016789
0.0126175258812366
0.0122535886177643
0.011981042377011
0.0117682158160993
0.0116326818052783
0.0115572130854384
0.00412350684177552
0.00361656456373932
0.00315655884055118
0.00266788092485557
0.00223824197399721
0.00187168026474289
0.00144251289842463
0.000946621464021756
0.000485276905770575
9.70823693017896e-05
-0.000226684480867334
-0.00050558428148834
-0.000755772641566454
-0.000970987421466042
-0.00114091009192793
-0.00125961126871663
-0.00133794470354834
-0.00138154943965756
0.00428141686968775
0.00392847420906436
0.00362394648348874
0.00335708957761629
0.00311750922388258
0.00289897091523627
0.00270717151945426
0.00255263928150628
0.00243800915284656
0.00236236130890291
0.00232359855377497
0.02445765934388
0.0217790122319104
0.0188771890594742
0.016294879095218
0.0140514843683458
0.0120247321372012
0.0102716584533641
0.00860896010326465
0.00714393440683296
0.0058257738653553
0.00455372893032144
0.0254135849141703
0.0236673718726307
0.0220246822684304
0.0202346346235056
0.0188200849671471
0.0173077260683593
0.0161148879639544
0.0151529099297648
0.0142986085238883
0.0138277147388189
0.0133857325575108
0.0131129966439942
0.0129776972244529
0.00405001365321277
0.00364877896810183
0.00332302365819828
0.00302209897413452
0.00279255127454882
0.00260563610981511
0.00247710778123886
0.00238306779404797
0.00232867641995232
0.00377883502350604
0.00307230601790134
0.00242614725971115
0.00183132471954328
0.00128078549750083
0.000775092568727122
0.00031159896751356
-0.000120080450262172
-0.000512488829200085
-0.000865838624531164
-0.00119789091467253
-0.00149325437788963
-0.00175469360672477
-0.00199018613048193
-0.00220103235541356
-0.002396064130663
-0.00257224154952637
-0.0027197584098366
-0.00283091550185847
-0.00291584616938971
-0.00297382749223626
-0.00300276860027412
0.032999564433104
0.0338327177631873
0.0349420682396027
0.0362072983155303
0.0375508353417922
0.0389341547873428
0.0403769198467578
0.0415822464828104
0.0422566708154798
0.0428002038097909
0.0428359196562428
0.0421567688384709
0.0405509940870316
0.037594980887478
0.0335289984792304
0.0284005614282735
0.0326692804574862
0.033095931444008
0.0337552686069521
0.034607114019194
0.0356367996802231
0.036831429267955
0.0381783772960998
0.0396117107538089
0.0409307986482102
0.0419148297173132
0.0424268683159357
0.0424600719007278
0.0420324267636166
0.0408173012750279
0.0250199106945847
0.0210414291487444
0.0175052144067756
0.0146294504378196
0.0120275944702596
0.00998531219975023
0.00830780249027408
0.00668513521852765
0.00553383639481075
0.00458142758214935
0.00383946871006029
0.00323795207187838
0.00278223490142932
0.00245568837526991
0.00224049612072495
0.00212995890059572
0.025093455995619
0.021818282492085
0.0185964395852559
0.0159260070459526
0.0137980135464829
0.0117986015994217
0.0101820701710824
0.00894722811284636
0.00799385900971931
0.00721763737788337
0.0065684469362837
0.0060439467155126
0.00566436776343363
0.00545875813040295
0.0390288944683801
0.0366358106684497
0.0337061491480583
0.0302744877533784
0.0267678647923073
0.0233961365987077
0.0204627747953161
0.0178586129953303
0.0154637344998983
0.0133760365467459
0.0116517205329992
0.0102126858734612
0.00893900754520195
0.00774249657023758
0.040523616406302
0.0394482039886424
0.0377935371682625
0.0353307252303177
0.031672619112644
0.0277770961920858
0.0244492522129727
0.0211851673128549
0.018295187076254
0.0158839611427932
0.0138730406665584
0.012344769682309
0.0109867645991566
0.00984079533306172
0.00887126665387035
0.0080833329913566
0.00740524325896796
0.00678275424947817
0.00623533782230604
0.00574467579495469
0.00528958788663207
0.00485837795217173
0.00444441603487233
0.00404689336557256
0.00366139274406848
0.00327282125607308
0.00288693275551122
0.00251429898120543
0.00213610546848233
0.00175678742564593
0.0013501882918476
0.00702828592399445
0.00634994651450553
0.00569995286174668
0.00507601633664957
0.00448551527754483
0.00397757695379238
0.00357233271682533
0.00319364059327097
0.00282491796264728
0.00249585873910078
0.00218612617787685
0.00190263740709512
0.00162549609858561
0.00133714526891411
0.00106934206223942
0.000823957170481441
0.000561339041184508
0.00029381175178442
3.69802641871889e-05
-0.000202366570593983
-0.000434821175570121
-0.000675851869527256
-0.000916658179778266
-0.00114738941991704
-0.00137429418120772
-0.00161092805502044
0.00728385235864841
0.00696675761976296
0.00676443782605438
-0.00190582804836844
-0.00226931038163566
-0.00268508451787947
-0.00310611758660588
-0.00350457639813531
-0.00389312896057103
-0.00162737618216887
-0.00164189376438494
-0.00164957436197668
-0.00165391615513355
-0.00414917559143456
-0.00433845695129689
-0.00446065664126238
-0.00452379158207628
-0.00403794829263712
-0.00413023947217612
-0.00417369474174858
0.00106700056890038
0.000786823158011068
0.000525760213168398
0.000263938852086661
-1.28767531182219e-05
-0.000293286529307674
0.00119587961162403
0.00104259804480992
0.000879840609749843
0.000705034527336556
0.000513855731882194
0.000320559384147202
9.30830330892042e-05
-0.000141509168605454
-0.000396699640717111
-0.000668842425206341
-0.00094728192089391
-0.00124014467262008
-0.00153323272506634
-0.00183424400691912
-0.00212987324509981
-0.00240699124046607
-0.00268831144477702
-0.000476131600481127
-0.000633908423548738
-0.000799892649985471
-0.00096105616320653
-0.00113401038553776
-0.00130835911526494
-0.00148393158045851
-0.00165859911512678
-0.00183099815368151
-0.0019952095455113
-0.00215400492805075
-0.00230550066370769
-0.00244447740857497
-0.00256561686359318
-0.00266649750395827
-0.00274697846194532
-0.00280711732438498
-0.00284691020710451
-0.00286733914151591
-0.000390626809110712
-0.000471438629548012
-0.000544899748036355
-0.000600600278464288
-0.000637666990009725
-0.000657118323687264
-0.00292109753589924
-0.00315731169163493
-0.0033663347923517
-0.00353033285033023
-0.00366061677838313
-0.00374663753954026
-0.00379147571421868
-0.00282419086324842
-0.0029434715684927
-0.00302729720140856
-0.00306919330913092
