8.78929480105957e-05
8.78929480105957e-05
8.78929480105957e-05
8.78929480105958e-05
8.78929480105958e-05
8.78929480105959e-05
8.7892948010596e-05
8.78929480105957e-05
8.78929480105958e-05
8.78929480105959e-05
8.7892948010596e-05
8.78929480105961e-05
8.78929480105962e-05
8.78929480105962e-05
8.78929480105963e-05
8.78929480105957e-05
8.78929480105956e-05
8.78929480105954e-05
8.78929480105954e-05
8.78929480105955e-05
8.78929480105955e-05
8.78929480105955e-05
8.78929480105955e-05
8.78929480105956e-05
8.78929480105956e-05
8.78929480105957e-05
8.78929480105958e-05
8.78929480105959e-05
8.7892948010596e-05
8.78929480105961e-05
8.78929480105961e-05
8.78929480105962e-05
8.78929480105957e-05
8.78929480105957e-05
8.78929480105957e-05
8.78929480105956e-05
8.78929480105956e-05
8.78929480105956e-05
8.78929480105956e-05
8.78929480105956e-05
8.78929480105959e-05
8.78929480105961e-05
8.78929480105962e-05
8.78929480105964e-05
8.78929480105966e-05
8.78929480105958e-05
8.78929480105959e-05
8.7892948010596e-05
8.78929480105966e-05
8.78929480105967e-05
8.78929480105968e-05
8.78929480105968e-05
8.78929480105969e-05
8.7892948010597e-05
8.78929480105971e-05
8.78929480105971e-05
8.78929480105972e-05
8.78929480105971e-05
8.78929480105972e-05
8.78929480105972e-05
8.78929480105972e-05
8.78929480105972e-05
8.78929480105972e-05
8.78929480105973e-05
8.78929480105973e-05
8.78929480105974e-05
8.78929480105974e-05
8.78929480105974e-05
8.78929480105974e-05
8.78929480105974e-05
8.78929480105974e-05
8.78929480105973e-05
8.78929480105973e-05
8.78929480105972e-05
8.78929480105972e-05
8.78929480105973e-05
8.78929480105973e-05
8.78929480105974e-05
8.78929480105974e-05
8.78929480105974e-05
8.78929480105973e-05
8.78929480105973e-05
8.78929480105967e-05
8.78929480105968e-05
8.78929480105969e-05
8.7892948010597e-05
8.78929480105971e-05
8.78929480105971e-05
8.78929480105972e-05
8.78929480105971e-05
8.78929480105971e-05
8.78929480105971e-05
8.78929480105971e-05
8.78929480105961e-05
8.78929480105962e-05
8.78929480105964e-05
8.78929480105961e-05
8.78929480105962e-05
8.78929480105963e-05
8.78929480105965e-05
8.78929480105966e-05
8.78929480105967e-05
8.78929480105964e-05
8.78929480105965e-05
8.78929480105967e-05
8.78929480105967e-05
8.78929480105967e-05
8.78929480105967e-05
8.78929480105967e-05
8.78929480105967e-05
8.78929480105967e-05
8.78929480105968e-05
8.78929480105968e-05
8.78929480105969e-05
8.7892948010597e-05
8.7892948010597e-05
8.7892948010597e-05
8.78929480105971e-05
8.78929480105967e-05
8.78929480105969e-05
8.78929480105971e-05
8.78929480105973e-05
8.78929480105975e-05
8.78929480105978e-05
8.78929480105967e-05
8.78929480105968e-05
8.78929480105969e-05
8.78929480105979e-05
8.78929480105981e-05
8.78929480105983e-05
8.78929480105984e-05
8.78929480105986e-05
8.78929480105987e-05
8.78929480105988e-05
8.78929480105988e-05
8.78929480105988e-05
8.78929480105988e-05
8.78929480105988e-05
8.78929480105988e-05
8.78929480105987e-05
8.78929480105987e-05
8.78929480105987e-05
8.78929480105986e-05
8.78929480105986e-05
8.78929480105986e-05
8.78929480105986e-05
8.78929480105986e-05
8.78929480105986e-05
8.78929480105986e-05
8.78929480105986e-05
8.78929480105987e-05
8.78929480105988e-05
8.78929480105989e-05
8.7892948010599e-05
8.7892948010599e-05
8.78929480105991e-05
8.78929480105991e-05
8.78929480105992e-05
8.78929480105992e-05
8.78929480105992e-05
8.78929480105992e-05
8.78929480105979e-05
8.78929480105979e-05
8.78929480105979e-05
8.7892948010598e-05
8.78929480105981e-05
8.78929480105982e-05
8.78929480105983e-05
8.78929480105984e-05
8.78929480105985e-05
8.78929480105985e-05
8.78929480105986e-05
8.78929480105987e-05
8.78929480105988e-05
8.78929480105988e-05
8.78929480105989e-05
8.78929480105989e-05
8.78929480105989e-05
8.7892948010599e-05
8.7892948010599e-05
8.7892948010599e-05
8.7892948010599e-05
8.7892948010599e-05
8.7892948010599e-05
8.7892948010597e-05
8.7892948010597e-05
8.7892948010597e-05
8.78929480105971e-05
8.78929480105971e-05
8.78929480105972e-05
8.78929480105972e-05
8.78929480105972e-05
8.78929480105973e-05
8.78929480105974e-05
8.78929480105974e-05
8.78929480105974e-05
8.78929480105974e-05
8.78929480105971e-05
8.78929480105972e-05
8.78929480105973e-05
8.78929480105974e-05
8.78929480105975e-05
8.78929480105976e-05
8.78929480105977e-05
8.78929480105977e-05
8.78929480105978e-05
8.78929480105978e-05
8.78929480105978e-05
8.78929480105977e-05
8.78929480105977e-05
8.78929480105977e-05
8.78929480105977e-05
8.78929480105977e-05
8.78929480105978e-05
8.78929480105978e-05
8.78929480105978e-05
8.78929480105978e-05
8.78929480105979e-05
8.78929480105979e-05
8.78929480105979e-05
8.7892948010598e-05
8.78929480105981e-05
8.78929480105981e-05
8.78929480105982e-05
8.78929480105983e-05
8.78929480105983e-05
8.78929480105984e-05
8.78929480105984e-05
8.78929480105984e-05
8.78929480105984e-05
8.78929480105984e-05
8.78929480105984e-05
8.78929480105985e-05
8.78929480105984e-05
8.78929480105963e-05
8.78929480105963e-05
8.78929480105962e-05
8.78929480105962e-05
8.78929480105962e-05
8.78929480105962e-05
8.78929480105962e-05
8.78929480105962e-05
8.78929480105963e-05
8.78929480105964e-05
8.78929480105964e-05
8.78929480105965e-05
8.78929480105965e-05
8.78929480105966e-05
8.78929480105966e-05
8.78929480105966e-05
8.78929480105966e-05
8.78929480105966e-05
8.78929480105966e-05
8.78929480105966e-05
8.78929480105966e-05
8.78929480105965e-05
8.78929480105964e-05
8.78929480105965e-05
8.78929480105966e-05
8.78929480105967e-05
8.78929480105966e-05
8.78929480105966e-05
8.78929480105966e-05
8.78929480105966e-05
8.78929480105966e-05
8.78929480105966e-05
8.78929480105966e-05
8.78929480105966e-05
8.78929480105966e-05
8.78929480105966e-05
8.78929480105967e-05
8.78929480105967e-05
8.78929480105968e-05
8.78929480105968e-05
8.78929480105968e-05
8.78929480105968e-05
8.78929480105968e-05
8.78929480105968e-05
8.78929480105967e-05
8.78929480105967e-05
8.78929480105967e-05
8.78929480105967e-05
8.7892948010596e-05
8.78929480105961e-05
8.78929480105961e-05
8.78929480105962e-05
8.78929480105963e-05
8.78929480105964e-05
8.78929480105961e-05
8.78929480105962e-05
8.78929480105963e-05
8.78929480105962e-05
8.78929480105962e-05
8.78929480105964e-05
8.78929480105964e-05
8.78929480105965e-05
8.78929480105966e-05
8.78929480105968e-05
8.78929480105969e-05
8.78929480105969e-05
8.7892948010597e-05
8.78929480105971e-05
8.78929480105972e-05
8.78929480105974e-05
8.78929480105975e-05
8.78929480105976e-05
8.78929480105978e-05
8.7892948010598e-05
8.78929480105981e-05
8.78929480105983e-05
8.78929480105984e-05
8.78929480105984e-05
8.78929480105985e-05
8.78929480105985e-05
8.78929480105986e-05
8.78929480105986e-05
8.78929480105987e-05
8.78929480105986e-05
8.78929480105986e-05
8.78929480105986e-05
8.78929480105986e-05
8.78929480105987e-05
8.78929480105987e-05
8.78929480105987e-05
8.78929480105987e-05
8.78929480105963e-05
8.78929480105963e-05
8.78929480105964e-05
8.78929480105964e-05
8.78929480105965e-05
8.78929480105966e-05
8.78929480105966e-05
8.78929480105966e-05
8.78929480105967e-05
8.78929480105967e-05
8.78929480105967e-05
8.78929480105967e-05
8.78929480105967e-05
8.78929480105964e-05
8.78929480105965e-05
8.78929480105966e-05
8.78929480105967e-05
8.78929480105968e-05
8.78929480105969e-05
8.78929480105965e-05
8.78929480105964e-05
8.78929480105963e-05
8.78929480105962e-05
8.78929480105961e-05
8.7892948010596e-05
8.78929480105959e-05
8.78929480105959e-05
8.78929480105958e-05
8.78929480105958e-05
8.78929480105958e-05
8.78929480105958e-05
8.78929480105958e-05
8.78929480105958e-05
8.78929480105958e-05
8.78929480105958e-05
8.78929480105958e-05
8.78929480105957e-05
8.78929480105958e-05
8.78929480105958e-05
8.78929480105959e-05
8.78929480105959e-05
8.7892948010596e-05
8.7892948010596e-05
8.7892948010596e-05
8.7892948010596e-05
8.7892948010596e-05
8.7892948010597e-05
8.7892948010597e-05
8.78929480105971e-05
8.78929480105973e-05
8.78929480105975e-05
8.78929480105977e-05
8.78929480105978e-05
8.7892948010598e-05
8.7892948010598e-05
8.78929480105981e-05
8.78929480105982e-05
8.78929480105983e-05
8.78929480105983e-05
8.78929480105984e-05
8.78929480105985e-05
8.78929480105986e-05
8.78929480105988e-05
8.78929480105989e-05
8.7892948010599e-05
8.7892948010599e-05
8.78929480105991e-05
8.78929480105991e-05
8.78929480105991e-05
8.78929480105991e-05
8.7892948010597e-05
8.78929480105971e-05
8.78929480105972e-05
8.78929480105972e-05
8.78929480105972e-05
8.78929480105973e-05
8.78929480105973e-05
8.78929480105974e-05
8.78929480105974e-05
8.78929480105974e-05
8.78929480105975e-05
8.78929480105975e-05
8.78929480105965e-05
8.78929480105965e-05
8.78929480105966e-05
8.78929480105967e-05
8.78929480105967e-05
8.78929480105967e-05
8.78929480105968e-05
8.78929480105968e-05
8.78929480105969e-05
8.78929480105969e-05
8.78929480105969e-05
8.78929480105969e-05
8.78929480105969e-05
8.7892948010597e-05
8.78929480105971e-05
8.78929480105972e-05
8.78929480105972e-05
8.78929480105973e-05
8.78929480105973e-05
8.78929480105973e-05
8.78929480105973e-05
8.78929480105973e-05
8.78929480105973e-05
8.78929480105964e-05
8.78929480105965e-05
8.78929480105965e-05
8.78929480105966e-05
8.78929480105967e-05
8.78929480105968e-05
8.78929480105969e-05
8.78929480105969e-05
8.78929480105969e-05
8.7892948010597e-05
8.7892948010597e-05
8.7892948010597e-05
8.7892948010597e-05
8.78929480105971e-05
8.78929480105971e-05
8.78929480105971e-05
8.78929480105972e-05
8.78929480105972e-05
8.78929480105973e-05
8.78929480105973e-05
8.78929480105973e-05
8.78929480105974e-05
8.78929480105975e-05
8.78929480105975e-05
8.78929480105976e-05
8.78929480105976e-05
8.78929480105977e-05
8.78929480105977e-05
8.78929480105977e-05
8.78929480105977e-05
8.78929480105978e-05
8.78929480105978e-05
8.78929480105977e-05
8.78929480105977e-05
8.78929480105977e-05
8.78929480105963e-05
8.78929480105962e-05
8.78929480105962e-05
8.78929480105963e-05
8.78929480105962e-05
8.78929480105963e-05
8.78929480105962e-05
8.78929480105962e-05
8.78929480105962e-05
8.78929480105961e-05
8.78929480105961e-05
8.78929480105961e-05
8.7892948010596e-05
8.7892948010596e-05
8.78929480105959e-05
8.78929480105962e-05
8.78929480105962e-05
8.78929480105962e-05
8.78929480105961e-05
8.78929480105961e-05
8.78929480105961e-05
8.78929480105961e-05
8.78929480105961e-05
8.78929480105961e-05
8.78929480105961e-05
8.7892948010596e-05
8.7892948010596e-05
8.78929480105959e-05
8.78929480105959e-05
8.78929480105959e-05
8.78929480105959e-05
8.7892948010596e-05
8.7892948010596e-05
8.78929480105961e-05
8.78929480105962e-05
8.78929480105962e-05
8.78929480105962e-05
8.78929480105963e-05
8.78929480105962e-05
8.78929480105962e-05
8.78929480105961e-05
8.78929480105961e-05
8.78929480105961e-05
8.7892948010596e-05
8.7892948010596e-05
8.7892948010596e-05
8.78929480105959e-05
8.78929480105959e-05
8.78929480105959e-05
8.78929480105958e-05
8.78929480105958e-05
8.78929480105961e-05
8.78929480105962e-05
8.78929480105962e-05
8.78929480105962e-05
8.78929480105962e-05
8.78929480105962e-05
8.78929480105962e-05
8.78929480105963e-05
8.78929480105962e-05
8.78929480105963e-05
8.78929480105963e-05
8.78929480105962e-05
8.78929480105962e-05
8.78929480105962e-05
8.78929480105962e-05
8.78929480105963e-05
8.78929480105964e-05
8.78929480105965e-05
8.78929480105965e-05
8.78929480105965e-05
8.78929480105965e-05
8.78929480105965e-05
8.78929480105965e-05
8.78929480105965e-05
8.78929480105965e-05
8.78929480105965e-05
8.78929480105965e-05
8.78929480105965e-05
8.78929480105965e-05
8.78929480105962e-05
8.78929480105962e-05
8.78929480105962e-05
8.78929480105961e-05
8.78929480105961e-05
8.78929480105962e-05
8.78929480105962e-05
8.78929480105962e-05
8.78929480105963e-05
8.78929480105963e-05
8.78929480105963e-05
8.78929480105963e-05
8.78929480105963e-05
8.78929480105963e-05
8.78929480105963e-05
8.78929480105962e-05
8.78929480105962e-05
8.78929480105962e-05
8.78929480105962e-05
8.78929480105961e-05
8.78929480105962e-05
8.78929480105961e-05
8.78929480105961e-05
8.78929480105961e-05
8.78929480105962e-05
8.78929480105962e-05
8.78929480105962e-05
8.78929480105962e-05
8.78929480105962e-05
8.78929480105963e-05
8.78929480105963e-05
8.78929480105964e-05
8.78929480105955e-05
8.78929480105955e-05
8.78929480105955e-05
8.78929480105954e-05
8.78929480105954e-05
8.78929480105955e-05
8.78929480105955e-05
8.78929480105954e-05
8.78929480105954e-05
8.78929480105953e-05
8.78929480105952e-05
8.78929480105952e-05
8.78929480105952e-05
8.78929480105951e-05
8.78929480105951e-05
8.7892948010595e-05
8.7892948010595e-05
8.7892948010595e-05
8.7892948010595e-05
8.78929480105951e-05
8.78929480105951e-05
8.78929480105951e-05
8.78929480105952e-05
8.78929480105952e-05
8.78929480105953e-05
8.78929480105953e-05
8.78929480105954e-05
8.78929480105954e-05
8.78929480105954e-05
8.78929480105954e-05
8.78929480105954e-05
8.78929480105954e-05
8.78929480105954e-05
8.78929480105953e-05
8.78929480105955e-05
8.78929480105957e-05
8.78929480105959e-05
8.78929480105962e-05
8.78929480105951e-05
8.7892948010595e-05
8.78929480105948e-05
8.78929480105956e-05
8.78929480105959e-05
8.78929480105962e-05
8.78929480105964e-05
8.78929480105967e-05
8.78929480105948e-05
8.7892948010595e-05
8.78929480105952e-05
8.78929480105954e-05
8.78929480105946e-05
8.78929480105944e-05
8.78929480105942e-05
8.78929480105955e-05
8.78929480105957e-05
8.78929480105959e-05
8.78929480105961e-05
8.78929480105963e-05
8.78929480105964e-05
8.78929480105966e-05
8.78929480105967e-05
8.78929480105968e-05
8.78929480105969e-05
8.78929480105971e-05
8.78929480105973e-05
8.78929480105954e-05
8.78929480105956e-05
8.78929480105957e-05
8.78929480105958e-05
8.78929480105958e-05
8.78929480105959e-05
8.7892948010596e-05
8.78929480105961e-05
8.78929480105961e-05
8.78929480105962e-05
8.78929480105963e-05
8.78929480105964e-05
8.78929480105964e-05
8.78929480105966e-05
8.78929480105967e-05
8.78929480105967e-05
8.78929480105969e-05
8.78929480105969e-05
8.7892948010597e-05
8.7892948010597e-05
8.7892948010597e-05
8.7892948010597e-05
8.78929480105971e-05
8.78929480105971e-05
8.78929480105971e-05
8.78929480105973e-05
8.78929480105973e-05
8.78929480105974e-05
8.78929480105974e-05
8.78929480105974e-05
8.78929480105974e-05
8.78929480105974e-05
8.78929480105974e-05
8.78929480105975e-05
8.78929480105976e-05
8.78929480105976e-05
8.78929480105975e-05
8.78929480105976e-05
8.78929480105976e-05
8.78929480105976e-05
8.78929480105977e-05
8.78929480105977e-05
8.78929480105977e-05
8.78929480105977e-05
8.78929480105977e-05
8.78929480105977e-05
8.78929480105978e-05
8.78929480105978e-05
8.78929480105978e-05
8.78929480105978e-05
8.78929480105942e-05
8.78929480105942e-05
8.78929480105942e-05
8.78929480105942e-05
8.78929480105942e-05
8.78929480105942e-05
8.78929480105943e-05
8.78929480105943e-05
8.78929480105943e-05
8.78929480105944e-05
8.78929480105944e-05
8.78929480105944e-05
8.78929480105944e-05
8.78929480105944e-05
8.78929480105942e-05
8.78929480105941e-05
8.7892948010594e-05
8.78929480105939e-05
8.78929480105938e-05
8.78929480105938e-05
8.78929480105937e-05
8.78929480105936e-05
8.78929480105936e-05
8.78929480105935e-05
8.78929480105934e-05
8.78929480105934e-05
8.78929480105934e-05
8.78929480105934e-05
8.78929480105935e-05
8.78929480105935e-05
8.78929480105934e-05
8.78929480105934e-05
8.78929480105944e-05
8.78929480105944e-05
8.78929480105945e-05
8.78929480105945e-05
8.78929480105946e-05
8.78929480105946e-05
8.78929480105947e-05
8.78929480105948e-05
8.78929480105948e-05
8.7892948010595e-05
8.7892948010595e-05
8.7892948010595e-05
8.7892948010595e-05
8.7892948010595e-05
8.7892948010595e-05
8.7892948010595e-05
8.7892948010595e-05
8.7892948010595e-05
8.78929480105944e-05
8.78929480105945e-05
8.78929480105945e-05
8.78929480105946e-05
8.78929480105946e-05
8.78929480105947e-05
8.78929480105947e-05
8.78929480105947e-05
8.78929480105948e-05
8.78929480105948e-05
8.78929480105948e-05
8.7892948010597e-05
8.78929480105973e-05
8.78929480105976e-05
8.78929480105978e-05
8.7892948010598e-05
8.78929480105983e-05
8.78929480105985e-05
8.78929480105986e-05
8.78929480105988e-05
8.78929480105989e-05
8.78929480105991e-05
8.78929480105968e-05
8.7892948010597e-05
8.7892948010597e-05
8.78929480105971e-05
8.78929480105972e-05
8.78929480105972e-05
8.78929480105973e-05
8.78929480105974e-05
8.78929480105975e-05
8.78929480105975e-05
8.78929480105976e-05
8.78929480105977e-05
8.78929480105977e-05
8.78929480105992e-05
8.78929480105993e-05
8.78929480105994e-05
8.78929480105995e-05
8.78929480105996e-05
8.78929480105996e-05
8.78929480105996e-05
8.78929480105996e-05
8.78929480105996e-05
8.78929480105992e-05
8.78929480105992e-05
8.78929480105992e-05
8.78929480105993e-05
8.78929480105994e-05
8.78929480105994e-05
8.78929480105994e-05
8.78929480105995e-05
8.78929480105995e-05
8.78929480105995e-05
8.78929480105995e-05
8.78929480105995e-05
8.78929480105996e-05
8.78929480105996e-05
8.78929480105997e-05
8.78929480105999e-05
8.78929480106e-05
8.78929480106002e-05
8.78929480106003e-05
8.78929480106003e-05
8.78929480106003e-05
8.78929480106003e-05
8.78929480105963e-05
8.78929480105964e-05
8.78929480105966e-05
8.78929480105967e-05
8.78929480105968e-05
8.7892948010597e-05
8.78929480105971e-05
8.78929480105972e-05
8.78929480105973e-05
8.78929480105974e-05
8.78929480105975e-05
8.78929480105976e-05
8.78929480105977e-05
8.78929480105978e-05
8.78929480105979e-05
8.7892948010598e-05
8.78929480105963e-05
8.78929480105964e-05
8.78929480105966e-05
8.78929480105968e-05
8.7892948010597e-05
8.78929480105971e-05
8.78929480105973e-05
8.78929480105974e-05
8.78929480105975e-05
8.78929480105976e-05
8.78929480105977e-05
8.78929480105978e-05
8.78929480105978e-05
8.7892948010598e-05
8.78929480105981e-05
8.78929480105982e-05
8.78929480105983e-05
8.78929480105983e-05
8.78929480105984e-05
8.78929480105984e-05
8.78929480105984e-05
8.78929480105984e-05
8.78929480105984e-05
8.78929480105985e-05
8.78929480105985e-05
8.78929480105986e-05
8.78929480105986e-05
8.78929480105986e-05
8.78929480105986e-05
8.78929480105987e-05
8.7892948010598e-05
8.78929480105981e-05
8.7892948010598e-05
8.7892948010598e-05
8.7892948010598e-05
8.7892948010598e-05
8.7892948010598e-05
8.7892948010598e-05
8.78929480105981e-05
8.78929480105981e-05
8.78929480105981e-05
8.7892948010598e-05
8.7892948010598e-05
8.7892948010598e-05
8.7892948010598e-05
8.78929480105981e-05
8.78929480105981e-05
8.78929480105982e-05
8.78929480105983e-05
8.78929480105985e-05
8.78929480105985e-05
8.78929480105986e-05
8.78929480105986e-05
8.78929480105987e-05
8.78929480105987e-05
8.78929480105987e-05
8.78929480105987e-05
8.78929480105987e-05
8.7892948010598e-05
8.7892948010598e-05
8.78929480105981e-05
8.78929480105981e-05
8.78929480105982e-05
8.78929480105983e-05
8.78929480105984e-05
8.78929480105985e-05
8.78929480105986e-05
8.78929480105988e-05
8.78929480105988e-05
8.78929480105988e-05
8.78929480105988e-05
8.78929480105989e-05
8.7892948010599e-05
8.78929480105991e-05
8.78929480105992e-05
8.78929480105994e-05
8.78929480105995e-05
8.78929480105996e-05
8.78929480105997e-05
8.78929480105998e-05
8.78929480105999e-05
8.78929480106e-05
8.78929480106001e-05
8.78929480106001e-05
8.78929480106002e-05
8.78929480106003e-05
8.78929480106004e-05
8.78929480106004e-05
8.78929480106005e-05
8.78929480105986e-05
8.78929480105986e-05
8.78929480105986e-05
8.78929480105986e-05
8.78929480105986e-05
8.78929480105986e-05
8.78929480105986e-05
8.78929480105986e-05
8.78929480105986e-05
8.78929480105986e-05
8.78929480105986e-05
8.78929480105985e-05
8.78929480105985e-05
8.78929480105984e-05
8.78929480105984e-05
8.78929480105983e-05
8.78929480105982e-05
8.78929480105982e-05
8.78929480105982e-05
8.78929480105982e-05
8.78929480105982e-05
8.78929480105982e-05
8.78929480105981e-05
8.7892948010598e-05
8.78929480105979e-05
8.78929480105978e-05
8.78929480105986e-05
8.78929480105986e-05
8.78929480105986e-05
8.78929480105978e-05
8.78929480105977e-05
8.78929480105977e-05
8.78929480105977e-05
8.78929480105977e-05
8.78929480105976e-05
8.78929480105977e-05
8.78929480105976e-05
8.78929480105975e-05
8.78929480105975e-05
8.78929480105975e-05
8.78929480105975e-05
8.78929480105975e-05
8.78929480105975e-05
8.78929480105976e-05
8.78929480105975e-05
8.78929480105975e-05
8.78929480106006e-05
8.78929480106008e-05
8.78929480106009e-05
8.78929480106011e-05
8.78929480106012e-05
8.78929480106014e-05
8.78929480106005e-05
8.78929480106004e-05
8.78929480106004e-05
8.78929480106004e-05
8.78929480106004e-05
8.78929480106004e-05
8.78929480106003e-05
8.78929480106002e-05
8.78929480106002e-05
8.78929480106001e-05
8.78929480106001e-05
8.78929480106001e-05
8.78929480106e-05
8.78929480105999e-05
8.78929480105999e-05
8.78929480105999e-05
8.78929480105999e-05
8.78929480106017e-05
8.7892948010602e-05
8.78929480106022e-05
8.78929480106024e-05
8.78929480106025e-05
8.78929480106027e-05
8.78929480106027e-05
8.78929480106029e-05
8.7892948010603e-05
8.7892948010603e-05
8.78929480106031e-05
8.78929480106032e-05
8.78929480106032e-05
8.78929480106032e-05
8.78929480106033e-05
8.78929480106033e-05
8.78929480106033e-05
8.78929480106033e-05
8.78929480106033e-05
8.78929480106013e-05
8.78929480106012e-05
8.78929480106011e-05
8.7892948010601e-05
8.7892948010601e-05
8.7892948010601e-05
8.78929480105999e-05
8.78929480105998e-05
8.78929480105998e-05
8.78929480105998e-05
8.78929480105998e-05
8.78929480105998e-05
8.78929480105998e-05
8.78929480105999e-05
8.78929480105999e-05
8.78929480105999e-05
8.78929480105999e-05
