3.65671518136892e-05
3.65671518136892e-05
3.65671518136892e-05
3.65671518136892e-05
3.65671518136892e-05
3.65671518136892e-05
3.65671518136893e-05
3.65671518136892e-05
3.65671518136892e-05
3.65671518136892e-05
3.65671518136893e-05
3.65671518136893e-05
3.65671518136894e-05
3.65671518136894e-05
3.65671518136894e-05
3.65671518136892e-05
3.65671518136891e-05
3.65671518136891e-05
3.65671518136891e-05
3.65671518136891e-05
3.65671518136891e-05
3.65671518136891e-05
3.65671518136891e-05
3.65671518136891e-05
3.65671518136892e-05
3.65671518136892e-05
3.65671518136892e-05
3.65671518136893e-05
3.65671518136893e-05
3.65671518136893e-05
3.65671518136893e-05
3.65671518136894e-05
3.65671518136891e-05
3.65671518136891e-05
3.65671518136891e-05
3.65671518136891e-05
3.65671518136891e-05
3.65671518136891e-05
3.65671518136891e-05
3.65671518136891e-05
3.65671518136892e-05
3.65671518136893e-05
3.65671518136894e-05
3.65671518136894e-05
3.65671518136895e-05
3.65671518136892e-05
3.65671518136892e-05
3.65671518136893e-05
3.65671518136895e-05
3.65671518136895e-05
3.65671518136895e-05
3.65671518136895e-05
3.65671518136895e-05
3.65671518136896e-05
3.65671518136896e-05
3.65671518136896e-05
3.65671518136896e-05
3.65671518136896e-05
3.65671518136896e-05
3.65671518136896e-05
3.65671518136896e-05
3.65671518136896e-05
3.65671518136896e-05
3.65671518136896e-05
3.65671518136896e-05
3.65671518136896e-05
3.65671518136896e-05
3.65671518136896e-05
3.65671518136896e-05
3.65671518136896e-05
3.65671518136896e-05
3.65671518136896e-05
3.65671518136896e-05
3.65671518136896e-05
3.65671518136896e-05
3.65671518136896e-05
3.65671518136896e-05
3.65671518136896e-05
3.65671518136896e-05
3.65671518136896e-05
3.65671518136896e-05
3.65671518136896e-05
3.65671518136895e-05
3.65671518136896e-05
3.65671518136896e-05
3.65671518136896e-05
3.65671518136896e-05
3.65671518136897e-05
3.65671518136897e-05
3.65671518136897e-05
3.65671518136897e-05
3.65671518136897e-05
3.65671518136897e-05
3.65671518136893e-05
3.65671518136893e-05
3.65671518136894e-05
3.65671518136893e-05
3.65671518136893e-05
3.65671518136894e-05
3.65671518136894e-05
3.65671518136895e-05
3.65671518136895e-05
3.65671518136894e-05
3.65671518136895e-05
3.65671518136895e-05
3.65671518136895e-05
3.65671518136895e-05
3.65671518136895e-05
3.65671518136895e-05
3.65671518136895e-05
3.65671518136895e-05
3.65671518136895e-05
3.65671518136895e-05
3.65671518136896e-05
3.65671518136896e-05
3.65671518136896e-05
3.65671518136896e-05
3.65671518136896e-05
3.65671518136895e-05
3.65671518136895e-05
3.65671518136896e-05
3.65671518136896e-05
3.65671518136897e-05
3.65671518136897e-05
3.65671518136895e-05
3.65671518136895e-05
3.65671518136896e-05
3.65671518136898e-05
3.65671518136898e-05
3.65671518136899e-05
3.65671518136899e-05
3.65671518136899e-05
3.656715181369e-05
3.656715181369e-05
3.656715181369e-05
3.656715181369e-05
3.65671518136899e-05
3.65671518136899e-05
3.65671518136899e-05
3.65671518136899e-05
3.65671518136899e-05
3.65671518136898e-05
3.65671518136898e-05
3.65671518136898e-05
3.65671518136898e-05
3.65671518136898e-05
3.65671518136898e-05
3.65671518136898e-05
3.65671518136898e-05
3.65671518136898e-05
3.65671518136898e-05
3.65671518136898e-05
3.65671518136899e-05
3.65671518136899e-05
3.65671518136899e-05
3.65671518136899e-05
3.656715181369e-05
3.656715181369e-05
3.656715181369e-05
3.656715181369e-05
3.656715181369e-05
3.65671518136897e-05
3.65671518136897e-05
3.65671518136897e-05
3.65671518136897e-05
3.65671518136897e-05
3.65671518136898e-05
3.65671518136898e-05
3.65671518136898e-05
3.65671518136898e-05
3.65671518136899e-05
3.65671518136899e-05
3.65671518136899e-05
3.65671518136899e-05
3.65671518136899e-05
3.65671518136899e-05
3.65671518136899e-05
3.65671518136899e-05
3.65671518136899e-05
3.65671518136899e-05
3.65671518136899e-05
3.65671518136899e-05
3.65671518136899e-05
3.65671518136899e-05
3.65671518136896e-05
3.65671518136896e-05
3.65671518136896e-05
3.65671518136896e-05
3.65671518136896e-05
3.65671518136896e-05
3.65671518136896e-05
3.65671518136897e-05
3.65671518136897e-05
3.65671518136897e-05
3.65671518136897e-05
3.65671518136897e-05
3.65671518136897e-05
3.65671518136896e-05
3.65671518136896e-05
3.65671518136897e-05
3.65671518136897e-05
3.65671518136898e-05
3.65671518136898e-05
3.65671518136898e-05
3.65671518136898e-05
3.65671518136898e-05
3.65671518136898e-05
3.65671518136898e-05
3.65671518136898e-05
3.65671518136897e-05
3.65671518136897e-05
3.65671518136897e-05
3.65671518136897e-05
3.65671518136897e-05
3.65671518136897e-05
3.65671518136897e-05
3.65671518136897e-05
3.65671518136897e-05
3.65671518136897e-05
3.65671518136897e-05
3.65671518136897e-05
3.65671518136897e-05
3.65671518136898e-05
3.65671518136898e-05
3.65671518136898e-05
3.65671518136898e-05
3.65671518136898e-05
3.65671518136898e-05
3.65671518136898e-05
3.65671518136898e-05
3.65671518136898e-05
3.65671518136898e-05
3.65671518136898e-05
3.65671518136898e-05
3.65671518136894e-05
3.65671518136894e-05
3.65671518136894e-05
3.65671518136893e-05
3.65671518136893e-05
3.65671518136893e-05
3.65671518136893e-05
3.65671518136894e-05
3.65671518136894e-05
3.65671518136894e-05
3.65671518136894e-05
3.65671518136895e-05
3.65671518136895e-05
3.65671518136895e-05
3.65671518136895e-05
3.65671518136895e-05
3.65671518136895e-05
3.65671518136895e-05
3.65671518136895e-05
3.65671518136895e-05
3.65671518136895e-05
3.65671518136895e-05
3.65671518136894e-05
3.65671518136895e-05
3.65671518136895e-05
3.65671518136895e-05
3.65671518136895e-05
3.65671518136895e-05
3.65671518136895e-05
3.65671518136895e-05
3.65671518136895e-05
3.65671518136895e-05
3.65671518136895e-05
3.65671518136895e-05
3.65671518136895e-05
3.65671518136895e-05
3.65671518136895e-05
3.65671518136895e-05
3.65671518136895e-05
3.65671518136896e-05
3.65671518136896e-05
3.65671518136896e-05
3.65671518136896e-05
3.65671518136895e-05
3.65671518136895e-05
3.65671518136895e-05
3.65671518136895e-05
3.65671518136895e-05
3.65671518136893e-05
3.65671518136893e-05
3.65671518136893e-05
3.65671518136893e-05
3.65671518136894e-05
3.65671518136894e-05
3.65671518136893e-05
3.65671518136893e-05
3.65671518136893e-05
3.65671518136893e-05
3.65671518136893e-05
3.65671518136894e-05
3.65671518136894e-05
3.65671518136894e-05
3.65671518136895e-05
3.65671518136895e-05
3.65671518136895e-05
3.65671518136895e-05
3.65671518136896e-05
3.65671518136896e-05
3.65671518136896e-05
3.65671518136896e-05
3.65671518136897e-05
3.65671518136897e-05
3.65671518136897e-05
3.65671518136898e-05
3.65671518136898e-05
3.65671518136899e-05
3.65671518136899e-05
3.65671518136899e-05
3.65671518136899e-05
3.65671518136899e-05
3.65671518136899e-05
3.65671518136899e-05
3.65671518136899e-05
3.65671518136899e-05
3.65671518136899e-05
3.65671518136899e-05
3.65671518136899e-05
3.65671518136899e-05
3.65671518136899e-05
3.65671518136899e-05
3.65671518136899e-05
3.65671518136894e-05
3.65671518136894e-05
3.65671518136894e-05
3.65671518136894e-05
3.65671518136895e-05
3.65671518136895e-05
3.65671518136895e-05
3.65671518136895e-05
3.65671518136895e-05
3.65671518136895e-05
3.65671518136895e-05
3.65671518136895e-05
3.65671518136895e-05
3.65671518136894e-05
3.65671518136894e-05
3.65671518136895e-05
3.65671518136895e-05
3.65671518136895e-05
3.65671518136895e-05
3.65671518136894e-05
3.65671518136894e-05
3.65671518136894e-05
3.65671518136893e-05
3.65671518136893e-05
3.65671518136893e-05
3.65671518136892e-05
3.65671518136892e-05
3.65671518136892e-05
3.65671518136892e-05
3.65671518136892e-05
3.65671518136892e-05
3.65671518136892e-05
3.65671518136892e-05
3.65671518136892e-05
3.65671518136892e-05
3.65671518136892e-05
3.65671518136892e-05
3.65671518136892e-05
3.65671518136892e-05
3.65671518136893e-05
3.65671518136893e-05
3.65671518136893e-05
3.65671518136894e-05
3.65671518136894e-05
3.65671518136893e-05
3.65671518136894e-05
3.65671518136895e-05
3.65671518136895e-05
3.65671518136895e-05
3.65671518136896e-05
3.65671518136896e-05
3.65671518136897e-05
3.65671518136897e-05
3.65671518136898e-05
3.65671518136898e-05
3.65671518136898e-05
3.65671518136898e-05
3.65671518136898e-05
3.65671518136899e-05
3.65671518136899e-05
3.65671518136899e-05
3.65671518136899e-05
3.656715181369e-05
3.656715181369e-05
3.656715181369e-05
3.656715181369e-05
3.65671518136901e-05
3.65671518136901e-05
3.65671518136901e-05
3.656715181369e-05
3.65671518136896e-05
3.65671518136896e-05
3.65671518136896e-05
3.65671518136896e-05
3.65671518136896e-05
3.65671518136896e-05
3.65671518136897e-05
3.65671518136897e-05
3.65671518136897e-05
3.65671518136897e-05
3.65671518136897e-05
3.65671518136897e-05
3.65671518136895e-05
3.65671518136895e-05
3.65671518136895e-05
3.65671518136895e-05
3.65671518136895e-05
3.65671518136896e-05
3.65671518136896e-05
3.65671518136896e-05
3.65671518136896e-05
3.65671518136896e-05
3.65671518136896e-05
3.65671518136896e-05
3.65671518136896e-05
3.65671518136896e-05
3.65671518136896e-05
3.65671518136897e-05
3.65671518136897e-05
3.65671518136897e-05
3.65671518136897e-05
3.65671518136897e-05
3.65671518136897e-05
3.65671518136897e-05
3.65671518136897e-05
3.65671518136894e-05
3.65671518136894e-05
3.65671518136895e-05
3.65671518136895e-05
3.65671518136895e-05
3.65671518136895e-05
3.65671518136895e-05
3.65671518136896e-05
3.65671518136896e-05
3.65671518136896e-05
3.65671518136896e-05
3.65671518136896e-05
3.65671518136896e-05
3.65671518136896e-05
3.65671518136896e-05
3.65671518136896e-05
3.65671518136896e-05
3.65671518136896e-05
3.65671518136896e-05
3.65671518136896e-05
3.65671518136896e-05
3.65671518136896e-05
3.65671518136896e-05
3.65671518136897e-05
3.65671518136897e-05
3.65671518136897e-05
3.65671518136897e-05
3.65671518136897e-05
3.65671518136897e-05
3.65671518136897e-05
3.65671518136897e-05
3.65671518136897e-05
3.65671518136897e-05
3.65671518136897e-05
3.65671518136897e-05
3.65671518136894e-05
3.65671518136894e-05
3.65671518136894e-05
3.65671518136894e-05
3.65671518136894e-05
3.65671518136894e-05
3.65671518136894e-05
3.65671518136894e-05
3.65671518136894e-05
3.65671518136894e-05
3.65671518136894e-05
3.65671518136893e-05
3.65671518136893e-05
3.65671518136893e-05
3.65671518136893e-05
3.65671518136894e-05
3.65671518136894e-05
3.65671518136894e-05
3.65671518136894e-05
3.65671518136894e-05
3.65671518136894e-05
3.65671518136894e-05
3.65671518136894e-05
3.65671518136894e-05
3.65671518136894e-05
3.65671518136893e-05
3.65671518136893e-05
3.65671518136893e-05
3.65671518136893e-05
3.65671518136893e-05
3.65671518136893e-05
3.65671518136893e-05
3.65671518136893e-05
3.65671518136894e-05
3.65671518136894e-05
3.65671518136894e-05
3.65671518136894e-05
3.65671518136894e-05
3.65671518136894e-05
3.65671518136894e-05
3.65671518136894e-05
3.65671518136894e-05
3.65671518136894e-05
3.65671518136893e-05
3.65671518136893e-05
3.65671518136893e-05
3.65671518136893e-05
3.65671518136893e-05
3.65671518136893e-05
3.65671518136893e-05
3.65671518136893e-05
3.65671518136893e-05
3.65671518136894e-05
3.65671518136894e-05
3.65671518136894e-05
3.65671518136894e-05
3.65671518136894e-05
3.65671518136894e-05
3.65671518136894e-05
3.65671518136894e-05
3.65671518136894e-05
3.65671518136894e-05
3.65671518136894e-05
3.65671518136894e-05
3.65671518136894e-05
3.65671518136894e-05
3.65671518136894e-05
3.65671518136894e-05
3.65671518136894e-05
3.65671518136895e-05
3.65671518136895e-05
3.65671518136895e-05
3.65671518136894e-05
3.65671518136894e-05
3.65671518136894e-05
3.65671518136894e-05
3.65671518136894e-05
3.65671518136894e-05
3.65671518136894e-05
3.65671518136895e-05
3.65671518136894e-05
3.65671518136894e-05
3.65671518136894e-05
3.65671518136894e-05
3.65671518136894e-05
3.65671518136894e-05
3.65671518136894e-05
3.65671518136894e-05
3.65671518136894e-05
3.65671518136894e-05
3.65671518136894e-05
3.65671518136894e-05
3.65671518136894e-05
3.65671518136894e-05
3.65671518136894e-05
3.65671518136894e-05
3.65671518136894e-05
3.65671518136894e-05
3.65671518136894e-05
3.65671518136893e-05
3.65671518136893e-05
3.65671518136893e-05
3.65671518136893e-05
3.65671518136893e-05
3.65671518136893e-05
3.65671518136894e-05
3.65671518136894e-05
3.65671518136894e-05
3.65671518136894e-05
3.65671518136894e-05
3.65671518136894e-05
3.65671518136894e-05
3.65671518136891e-05
3.65671518136891e-05
3.65671518136891e-05
3.65671518136891e-05
3.65671518136891e-05
3.65671518136891e-05
3.65671518136891e-05
3.65671518136891e-05
3.65671518136891e-05
3.65671518136891e-05
3.65671518136891e-05
3.6567151813689e-05
3.6567151813689e-05
3.6567151813689e-05
3.6567151813689e-05
3.6567151813689e-05
3.6567151813689e-05
3.6567151813689e-05
3.6567151813689e-05
3.6567151813689e-05
3.65671518136891e-05
3.65671518136891e-05
3.65671518136891e-05
3.65671518136891e-05
3.65671518136891e-05
3.65671518136892e-05
3.65671518136892e-05
3.65671518136892e-05
3.65671518136892e-05
3.65671518136892e-05
3.65671518136892e-05
3.65671518136891e-05
3.65671518136891e-05
3.65671518136891e-05
3.65671518136891e-05
3.65671518136892e-05
3.65671518136892e-05
3.65671518136893e-05
3.6567151813689e-05
3.6567151813689e-05
3.6567151813689e-05
3.65671518136892e-05
3.65671518136893e-05
3.65671518136893e-05
3.65671518136894e-05
3.65671518136895e-05
3.6567151813689e-05
3.6567151813689e-05
3.65671518136891e-05
3.65671518136891e-05
3.65671518136889e-05
3.65671518136888e-05
3.65671518136888e-05
3.65671518136892e-05
3.65671518136892e-05
3.65671518136893e-05
3.65671518136893e-05
3.65671518136894e-05
3.65671518136894e-05
3.65671518136895e-05
3.65671518136895e-05
3.65671518136895e-05
3.65671518136896e-05
3.65671518136896e-05
3.65671518136897e-05
3.65671518136891e-05
3.65671518136892e-05
3.65671518136892e-05
3.65671518136893e-05
3.65671518136893e-05
3.65671518136893e-05
3.65671518136893e-05
3.65671518136893e-05
3.65671518136894e-05
3.65671518136894e-05
3.65671518136894e-05
3.65671518136894e-05
3.65671518136894e-05
3.65671518136895e-05
3.65671518136895e-05
3.65671518136895e-05
3.65671518136896e-05
3.65671518136896e-05
3.65671518136896e-05
3.65671518136896e-05
3.65671518136896e-05
3.65671518136896e-05
3.65671518136896e-05
3.65671518136896e-05
3.65671518136896e-05
3.65671518136897e-05
3.65671518136897e-05
3.65671518136897e-05
3.65671518136897e-05
3.65671518136897e-05
3.65671518136897e-05
3.65671518136897e-05
3.65671518136897e-05
3.65671518136897e-05
3.65671518136897e-05
3.65671518136897e-05
3.65671518136897e-05
3.65671518136897e-05
3.65671518136897e-05
3.65671518136897e-05
3.65671518136897e-05
3.65671518136897e-05
3.65671518136897e-05
3.65671518136897e-05
3.65671518136897e-05
3.65671518136897e-05
3.65671518136897e-05
3.65671518136897e-05
3.65671518136897e-05
3.65671518136897e-05
3.65671518136888e-05
3.65671518136887e-05
3.65671518136888e-05
3.65671518136888e-05
3.65671518136888e-05
3.65671518136888e-05
3.65671518136888e-05
3.65671518136889e-05
3.65671518136889e-05
3.65671518136889e-05
3.65671518136889e-05
3.65671518136889e-05
3.6567151813689e-05
3.6567151813689e-05
3.65671518136888e-05
3.65671518136888e-05
3.65671518136887e-05
3.65671518136887e-05
3.65671518136887e-05
3.65671518136886e-05
3.65671518136886e-05
3.65671518136886e-05
3.65671518136886e-05
3.65671518136886e-05
3.65671518136886e-05
3.65671518136886e-05
3.65671518136886e-05
3.65671518136886e-05
3.65671518136886e-05
3.65671518136886e-05
3.65671518136886e-05
3.65671518136886e-05
3.6567151813689e-05
3.6567151813689e-05
3.6567151813689e-05
3.6567151813689e-05
3.65671518136891e-05
3.65671518136891e-05
3.65671518136891e-05
3.65671518136891e-05
3.65671518136892e-05
3.65671518136892e-05
3.65671518136893e-05
3.65671518136893e-05
3.65671518136893e-05
3.65671518136892e-05
3.65671518136892e-05
3.65671518136892e-05
3.65671518136892e-05
3.65671518136892e-05
3.6567151813689e-05
3.6567151813689e-05
3.6567151813689e-05
3.6567151813689e-05
3.65671518136891e-05
3.65671518136891e-05
3.65671518136891e-05
3.65671518136891e-05
3.65671518136891e-05
3.65671518136891e-05
3.65671518136891e-05
3.65671518136896e-05
3.65671518136896e-05
3.65671518136897e-05
3.65671518136898e-05
3.65671518136898e-05
3.65671518136899e-05
3.65671518136899e-05
3.65671518136899e-05
3.656715181369e-05
3.656715181369e-05
3.656715181369e-05
3.65671518136895e-05
3.65671518136896e-05
3.65671518136896e-05
3.65671518136896e-05
3.65671518136896e-05
3.65671518136897e-05
3.65671518136897e-05
3.65671518136897e-05
3.65671518136897e-05
3.65671518136898e-05
3.65671518136898e-05
3.65671518136898e-05
3.65671518136898e-05
3.65671518136901e-05
3.65671518136901e-05
3.65671518136901e-05
3.65671518136902e-05
3.65671518136902e-05
3.65671518136902e-05
3.65671518136902e-05
3.65671518136902e-05
3.65671518136902e-05
3.656715181369e-05
3.656715181369e-05
3.656715181369e-05
3.656715181369e-05
3.656715181369e-05
3.656715181369e-05
3.656715181369e-05
3.656715181369e-05
3.65671518136901e-05
3.656715181369e-05
3.656715181369e-05
3.656715181369e-05
3.656715181369e-05
3.656715181369e-05
3.65671518136901e-05
3.65671518136901e-05
3.65671518136902e-05
3.65671518136902e-05
3.65671518136902e-05
3.65671518136903e-05
3.65671518136903e-05
3.65671518136903e-05
3.65671518136893e-05
3.65671518136894e-05
3.65671518136894e-05
3.65671518136894e-05
3.65671518136895e-05
3.65671518136895e-05
3.65671518136895e-05
3.65671518136896e-05
3.65671518136896e-05
3.65671518136896e-05
3.65671518136896e-05
3.65671518136897e-05
3.65671518136897e-05
3.65671518136897e-05
3.65671518136897e-05
3.65671518136898e-05
3.65671518136893e-05
3.65671518136894e-05
3.65671518136894e-05
3.65671518136895e-05
3.65671518136895e-05
3.65671518136895e-05
3.65671518136896e-05
3.65671518136896e-05
3.65671518136896e-05
3.65671518136896e-05
3.65671518136896e-05
3.65671518136897e-05
3.65671518136897e-05
3.65671518136897e-05
3.65671518136898e-05
3.65671518136898e-05
3.65671518136899e-05
3.65671518136899e-05
3.65671518136899e-05
3.65671518136899e-05
3.65671518136899e-05
3.65671518136899e-05
3.65671518136899e-05
3.65671518136899e-05
3.65671518136899e-05
3.65671518136899e-05
3.65671518136899e-05
3.65671518136899e-05
3.65671518136899e-05
3.65671518136899e-05
3.65671518136898e-05
3.65671518136898e-05
3.65671518136898e-05
3.65671518136898e-05
3.65671518136897e-05
3.65671518136897e-05
3.65671518136897e-05
3.65671518136897e-05
3.65671518136897e-05
3.65671518136897e-05
3.65671518136897e-05
3.65671518136897e-05
3.65671518136897e-05
3.65671518136897e-05
3.65671518136897e-05
3.65671518136897e-05
3.65671518136897e-05
3.65671518136898e-05
3.65671518136898e-05
3.65671518136898e-05
3.65671518136899e-05
3.65671518136899e-05
3.65671518136899e-05
3.65671518136899e-05
3.65671518136899e-05
3.65671518136899e-05
3.65671518136899e-05
3.65671518136899e-05
3.65671518136897e-05
3.65671518136897e-05
3.65671518136897e-05
3.65671518136897e-05
3.65671518136897e-05
3.65671518136897e-05
3.65671518136898e-05
3.65671518136898e-05
3.65671518136898e-05
3.65671518136898e-05
3.65671518136898e-05
3.65671518136898e-05
3.65671518136898e-05
3.65671518136898e-05
3.65671518136899e-05
3.65671518136899e-05
3.65671518136899e-05
3.65671518136899e-05
3.656715181369e-05
3.656715181369e-05
3.656715181369e-05
3.656715181369e-05
3.656715181369e-05
3.656715181369e-05
3.656715181369e-05
3.65671518136901e-05
3.65671518136901e-05
3.65671518136901e-05
3.65671518136901e-05
3.65671518136901e-05
3.65671518136901e-05
3.65671518136899e-05
3.65671518136899e-05
3.65671518136899e-05
3.65671518136899e-05
3.65671518136899e-05
3.65671518136899e-05
3.65671518136899e-05
3.65671518136899e-05
3.65671518136899e-05
3.65671518136899e-05
3.65671518136899e-05
3.65671518136898e-05
3.65671518136898e-05
3.65671518136898e-05
3.65671518136898e-05
3.65671518136898e-05
3.65671518136897e-05
3.65671518136897e-05
3.65671518136897e-05
3.65671518136897e-05
3.65671518136897e-05
3.65671518136897e-05
3.65671518136897e-05
3.65671518136897e-05
3.65671518136896e-05
3.65671518136896e-05
3.65671518136899e-05
3.65671518136899e-05
3.65671518136899e-05
3.65671518136896e-05
3.65671518136896e-05
3.65671518136896e-05
3.65671518136896e-05
3.65671518136896e-05
3.65671518136896e-05
3.65671518136896e-05
3.65671518136895e-05
3.65671518136895e-05
3.65671518136895e-05
3.65671518136895e-05
3.65671518136895e-05
3.65671518136895e-05
3.65671518136895e-05
3.65671518136896e-05
3.65671518136896e-05
3.65671518136896e-05
3.65671518136901e-05
3.65671518136902e-05
3.65671518136902e-05
3.65671518136902e-05
3.65671518136903e-05
3.65671518136903e-05
3.65671518136901e-05
3.65671518136901e-05
3.65671518136901e-05
3.65671518136901e-05
3.65671518136901e-05
3.65671518136901e-05
3.65671518136901e-05
3.65671518136901e-05
3.656715181369e-05
3.656715181369e-05
3.656715181369e-05
3.656715181369e-05
3.656715181369e-05
3.656715181369e-05
3.656715181369e-05
3.656715181369e-05
3.656715181369e-05
3.65671518136904e-05
3.65671518136905e-05
3.65671518136905e-05
3.65671518136906e-05
3.65671518136907e-05
3.65671518136907e-05
3.65671518136907e-05
3.65671518136907e-05
3.65671518136907e-05
3.65671518136908e-05
3.65671518136908e-05
3.65671518136908e-05
3.65671518136908e-05
3.65671518136908e-05
3.65671518136908e-05
3.65671518136908e-05
3.65671518136908e-05
3.65671518136908e-05
3.65671518136908e-05
3.65671518136903e-05
3.65671518136902e-05
3.65671518136902e-05
3.65671518136902e-05
3.65671518136901e-05
3.65671518136901e-05
3.65671518136899e-05
3.65671518136899e-05
3.65671518136899e-05
3.65671518136899e-05
3.65671518136899e-05
3.65671518136899e-05
3.65671518136899e-05
3.656715181369e-05
3.656715181369e-05
3.656715181369e-05
3.656715181369e-05
